     7     1
    GDAS    19    10    29     0     0
    GDAS    19    11     1     0     0
    GDAS    19    11     8     0     0
    GDAS    19    11    15     0     0
    GDAS    19    11    22     0     0
    GDAS    19    11    29     0     0
    GDAS    19    12     1     0     0
     5 BACKWARD OMEGA   
    19    11    12     3  -34.572  -58.513    10.0
    19    11    12     3  -34.572  -58.513   200.0
    19    11    12     3  -34.572  -58.513   500.0
    19    11    12     3  -34.572  -58.513  1000.0
    19    11    12     3  -34.572  -58.513  2000.0
     1 PRESSURE
     1     1    19    11    12     3     0     3     0.0  -34.572  -58.513     10.0   1011.6
     2     1    19    11    12     3     0     3     0.0  -34.572  -58.513    200.0    990.9
     3     1    19    11    12     3     0     3     0.0  -34.572  -58.513    500.0    956.8
     4     1    19    11    12     3     0     3     0.0  -34.572  -58.513   1000.0    902.2
     5     1    19    11    12     3     0     3     0.0  -34.572  -58.513   2000.0    801.3
     1     1    19    11    12     2     0     2    -1.0  -34.473  -58.346     11.9   1011.2
     2     1    19    11    12     2     0     2    -1.0  -34.315  -58.159    214.2    987.6
     3     1    19    11    12     2     0     2    -1.0  -34.202  -58.116    535.5    950.9
     4     1    19    11    12     2     0     2    -1.0  -34.205  -58.289   1042.5    895.0
     5     1    19    11    12     2     0     2    -1.0  -34.456  -58.563   2039.9    797.1
     1     1    19    11    12     1     0     1    -2.0  -34.377  -58.163     16.3   1009.6
     2     1    19    11    12     1     0     1    -2.0  -34.039  -57.742    253.7    977.1
     3     1    19    11    12     1     0     1    -2.0  -33.849  -57.693    593.0    938.1
     4     1    19    11    12     1     0     1    -2.0  -33.879  -58.058   1094.2    887.2
     5     1    19    11    12     1     0     1    -2.0  -34.339  -58.606   2078.6    793.4
     1     1    19    11    12     0     0     0    -3.0  -34.282  -57.959     24.2   1006.7
     2     1    19    11    12     0     0     0    -3.0  -33.756  -57.270    281.9    968.9
     3     1    19    11    12     0     0     0    -3.0  -33.542  -57.241    639.2    932.3
     4     1    19    11    12     0     0     0    -3.0  -33.581  -57.801   1156.9    882.3
     5     1    19    11    12     0     0     0    -3.0  -34.224  -58.644   2119.4    789.8
     1     1    19    11    11    23     0     1    -4.0  -34.183  -57.732     37.5   1003.8
     2     1    19    11    11    23     0     1    -4.0  -33.531  -56.791    296.3    971.1
     3     1    19    11    11    23     0     1    -4.0  -33.306  -56.772    692.2    929.2
     4     1    19    11    11    23     0     1    -4.0  -33.329  -57.530   1237.0    874.1
     5     1    19    11    11    23     0     1    -4.0  -34.119  -58.677   2170.5    785.4
     1     1    19    11    11    22     0     2    -5.0  -34.085  -57.490     57.2    999.6
     2     1    19    11    11    22     0     2    -5.0  -33.385  -56.352    320.3    970.2
     3     1    19    11    11    22     0     2    -5.0  -33.144  -56.348    748.9    921.4
     4     1    19    11    11    22     0     2    -5.0  -33.136  -57.274   1322.9    863.0
     5     1    19    11    11    22     0     2    -5.0  -34.024  -58.710   2234.8    779.1
     1     1    19    11    11    21     0     3    -6.0  -34.007  -57.252     77.1    993.9
     2     1    19    11    11    21     0     3    -6.0  -33.312  -55.972    328.7    967.7
     3     1    19    11    11    21     0     3    -6.0  -33.050  -55.983    767.2    918.4
     4     1    19    11    11    21     0     3    -6.0  -32.990  -57.020   1376.3    853.6
     5     1    19    11    11    21     0     3    -6.0  -33.931  -58.746   2305.1    772.3
     1     1    19    11    11    20     0     2    -7.0  -33.937  -57.033     91.1    991.2
     2     1    19    11    11    20     0     2    -7.0  -33.268  -55.636    310.1    966.8
     3     1    19    11    11    20     0     2    -7.0  -32.989  -55.651    750.8    918.9
     4     1    19    11    11    20     0     2    -7.0  -32.868  -56.769   1404.0    853.3
     5     1    19    11    11    20     0     2    -7.0  -33.841  -58.779   2389.7    766.3
     1     1    19    11    11    19     0     1    -8.0  -33.852  -56.832     99.1    992.0
     2     1    19    11    11    19     0     1    -8.0  -33.217  -55.317    279.7    967.1
     3     1    19    11    11    19     0     1    -8.0  -32.928  -55.323    739.2    917.1
     4     1    19    11    11    19     0     1    -8.0  -32.754  -56.544   1429.8    851.0
     5     1    19    11    11    19     0     1    -8.0  -33.761  -58.802   2498.2    756.7
     1     1    19    11    11    18     0     0    -9.0  -33.753  -56.647    100.5    993.5
     2     1    19    11    11    18     0     0    -9.0  -33.170  -55.014    244.5    967.7
     3     1    19    11    11    18     0     0    -9.0  -32.874  -55.010    738.5    914.2
     4     1    19    11    11    18     0     0    -9.0  -32.648  -56.319   1459.7    847.9
     5     1    19    11    11    18     0     0    -9.0  -33.689  -58.821   2627.2    745.5
     1     1    19    11    11    17     0     1   -10.0  -33.650  -56.460     98.3    996.0
     2     1    19    11    11    17     0     1   -10.0  -33.130  -54.719    209.9    978.1
     3     1    19    11    11    17     0     1   -10.0  -32.825  -54.697    742.5    919.1
     4     1    19    11    11    17     0     1   -10.0  -32.548  -56.080   1499.6    843.9
     5     1    19    11    11    17     0     1   -10.0  -33.633  -58.852   2730.6    732.6
     1     1    19    11    11    16     0     2   -11.0  -33.548  -56.255     96.8    997.7
     2     1    19    11    11    16     0     2   -11.0  -33.097  -54.426    175.7    989.1
     3     1    19    11    11    16     0     2   -11.0  -32.777  -54.370    730.9    925.6
     4     1    19    11    11    16     0     2   -11.0  -32.452  -55.831   1542.6    836.7
     5     1    19    11    11    16     0     2   -11.0  -33.599  -58.882   2766.5    730.0
     1     1    19    11    11    15     0     3   -12.0  -33.448  -56.035     95.4    999.0
     2     1    19    11    11    15     0     3   -12.0  -33.072  -54.146    139.8   1000.7
     3     1    19    11    11    15     0     3   -12.0  -32.733  -54.040    684.5    935.3
     4     1    19    11    11    15     0     3   -12.0  -32.363  -55.579   1570.6    831.7
     5     1    19    11    11    15     0     3   -12.0  -33.585  -58.893   2740.7    732.7
     1     1    19    11    11    14     0     2   -13.0  -33.354  -55.799     92.9    996.9
     2     1    19    11    11    14     0     2   -13.0  -33.054  -53.883    107.2   1008.6
     3     1    19    11    11    14     0     2   -13.0  -32.691  -53.706    604.4    946.9
     4     1    19    11    11    14     0     2   -13.0  -32.288  -55.326   1589.7    830.2
     5     1    19    11    11    14     0     2   -13.0  -33.586  -58.891   2690.2    740.6
     1     1    19    11    11    13     0     1   -14.0  -33.273  -55.546     89.0    994.2
     2     1    19    11    11    13     0     1   -14.0  -33.036  -53.634     81.7   1012.4
     3     1    19    11    11    13     0     1   -14.0  -32.652  -53.361    512.4    958.9
     4     1    19    11    11    13     0     1   -14.0  -32.233  -55.083   1605.5    827.8
     5     1    19    11    11    13     0     1   -14.0  -33.601  -58.900   2653.1    744.2
     1     1    19    11    11    12     0     0   -15.0  -33.205  -55.283     84.6    991.5
     2     1    19    11    11    12     0     0   -15.0  -33.020  -53.396     63.3   1015.9
     3     1    19    11    11    12     0     0   -15.0  -32.630  -53.012    428.4    971.2
     4     1    19    11    11    12     0     0   -15.0  -32.194  -54.851   1619.6    827.9
     5     1    19    11    11    12     0     0   -15.0  -33.628  -58.920   2629.6    746.4
     1     1    19    11    11    11     0     1   -16.0  -33.168  -55.022     82.5    987.7
     2     1    19    11    11    11     0     1   -16.0  -33.016  -53.174     51.5   1017.2
     3     1    19    11    11    11     0     1   -16.0  -32.629  -52.649    378.5    979.2
     4     1    19    11    11    11     0     1   -16.0  -32.168  -54.624   1643.5    826.5
     5     1    19    11    11    11     0     1   -16.0  -33.660  -58.946   2628.1    747.2
     1     1    19    11    11    10     0     2   -17.0  -33.170  -54.770     83.7    991.9
     2     1    19    11    11    10     0     2   -17.0  -33.025  -52.965     45.3   1017.7
     3     1    19    11    11    10     0     2   -17.0  -32.644  -52.263    372.3    979.6
     4     1    19    11    11    10     0     2   -17.0  -32.160  -54.399   1680.1    822.7
     5     1    19    11    11    10     0     2   -17.0  -33.690  -58.970   2660.0    744.3
     1     1    19    11    11     9     0     3   -18.0  -33.203  -54.533     85.2    996.3
     2     1    19    11    11     9     0     3   -18.0  -33.044  -52.752     43.5   1017.3
     3     1    19    11    11     9     0     3   -18.0  -32.675  -51.869    386.8    977.0
     4     1    19    11    11     9     0     3   -18.0  -32.174  -54.177   1722.3    818.5
     5     1    19    11    11     9     0     3   -18.0  -33.726  -58.996   2728.7    738.2
     1     1    19    11    11     8     0     2   -19.0  -33.249  -54.309     80.3   1000.9
     2     1    19    11    11     8     0     2   -19.0  -33.075  -52.511     43.0   1016.9
     3     1    19    11    11     8     0     2   -19.0  -32.723  -51.471    407.4    974.6
     4     1    19    11    11     8     0     2   -19.0  -32.208  -53.957   1767.6    815.5
     5     1    19    11    11     8     0     2   -19.0  -33.776  -59.028   2794.5    728.6
     1     1    19    11    11     7     0     1   -20.0  -33.295  -54.108     67.6   1006.4
     2     1    19    11    11     7     0     1   -20.0  -33.120  -52.228     42.0   1017.3
     3     1    19    11    11     7     0     1   -20.0  -32.795  -51.069    443.1    971.7
     4     1    19    11    11     7     0     1   -20.0  -32.257  -53.738   1814.2    812.5
     5     1    19    11    11     7     0     1   -20.0  -33.840  -59.053   2819.1    726.6
     1     1    19    11    11     6     0     0   -21.0  -33.340  -53.933     53.6   1010.4
     2     1    19    11    11     6     0     0   -21.0  -33.184  -51.898     41.6   1018.1
     3     1    19    11    11     6     0     0   -21.0  -32.890  -50.677    499.1    964.1
     4     1    19    11    11     6     0     0   -21.0  -32.322  -53.523   1856.3    809.8
     5     1    19    11    11     6     0     0   -21.0  -33.913  -59.063   2803.5    727.9
     1     1    19    11    11     5     0     1   -22.0  -33.384  -53.768     43.4   1012.3
     2     1    19    11    11     5     0     1   -22.0  -33.264  -51.549     43.0   1017.9
     3     1    19    11    11     5     0     1   -22.0  -32.999  -50.301    563.0    956.2
     4     1    19    11    11     5     0     1   -22.0  -32.404  -53.324   1892.7    808.2
     5     1    19    11    11     5     0     1   -22.0  -33.998  -59.083   2776.0    733.2
     1     1    19    11    11     4     0     2   -23.0  -33.429  -53.591     38.6   1013.8
     2     1    19    11    11     4     0     2   -23.0  -33.355  -51.203     45.9   1017.6
     3     1    19    11    11     4     0     2   -23.0  -33.113  -49.943    626.0    949.6
     4     1    19    11    11     4     0     2   -23.0  -32.502  -53.155   1927.3    806.6
     5     1    19    11    11     4     0     2   -23.0  -34.109  -59.150   2766.7    734.0
     1     1    19    11    11     3     0     3   -24.0  -33.474  -53.397     37.8   1015.5
     2     1    19    11    11     3     0     3   -24.0  -33.452  -50.861     49.0   1017.2
     3     1    19    11    11     3     0     3   -24.0  -33.227  -49.601    689.5    942.6
     4     1    19    11    11     3     0     3   -24.0  -32.614  -53.019   1971.4    804.7
     5     1    19    11    11     3     0     3   -24.0  -34.244  -59.265   2770.6    733.6
     1     1    19    11    11     2     0     2   -25.0  -33.521  -53.179     38.5   1016.8
     2     1    19    11    11     2     0     2   -25.0  -33.555  -50.524     51.8   1017.4
     3     1    19    11    11     2     0     2   -25.0  -33.339  -49.265    735.9    935.1
     4     1    19    11    11     2     0     2   -25.0  -32.736  -52.927   2013.5    800.1
     5     1    19    11    11     2     0     2   -25.0  -34.377  -59.402   2790.9    732.3
     1     1    19    11    11     1     0     1   -26.0  -33.574  -52.937     38.7   1018.2
     2     1    19    11    11     1     0     1   -26.0  -33.663  -50.193     53.7   1017.6
     3     1    19    11    11     1     0     1   -26.0  -33.458  -48.927    744.1    934.5
     4     1    19    11    11     1     0     1   -26.0  -32.865  -52.874   2023.8    799.5
     5     1    19    11    11     1     0     1   -26.0  -34.492  -59.545   2827.1    728.9
     1     1    19    11    11     0     0     0   -27.0  -33.644  -52.674     39.0   1018.7
     2     1    19    11    11     0     0     0   -27.0  -33.777  -49.867     54.5   1018.0
     3     1    19    11    11     0     0     0   -27.0  -33.589  -48.589    731.5    938.1
     4     1    19    11    11     0     0     0   -27.0  -33.001  -52.848   1981.3    804.0
     5     1    19    11    11     0     0     0   -27.0  -34.594  -59.707   2863.4    724.7
     1     1    19    11    10    23     0     1   -28.0  -33.738  -52.393     40.3   1018.1
     2     1    19    11    10    23     0     1   -28.0  -33.906  -49.550     57.0   1017.0
     3     1    19    11    10    23     0     1   -28.0  -33.734  -48.259    734.0    939.4
     4     1    19    11    10    23     0     1   -28.0  -33.137  -52.818   1930.1    814.3
     5     1    19    11    10    23     0     1   -28.0  -34.696  -59.883   2887.8    722.1
     1     1    19    11    10    22     0     2   -29.0  -33.864  -52.097     42.0   1017.0
     2     1    19    11    10    22     0     2   -29.0  -34.058  -49.244     65.4   1015.1
     3     1    19    11    10    22     0     2   -29.0  -33.893  -47.950    762.7    934.6
     4     1    19    11    10    22     0     2   -29.0  -33.268  -52.794   1928.6    813.8
     5     1    19    11    10    22     0     2   -29.0  -34.807  -60.064   2898.3    720.0
     1     1    19    11    10    21     0     3   -30.0  -34.023  -51.796     42.7   1016.0
     2     1    19    11    10    21     0     3   -30.0  -34.233  -48.949     79.7   1012.5
     3     1    19    11    10    21     0     3   -30.0  -34.055  -47.682    806.4    928.9
     4     1    19    11    10    21     0     3   -30.0  -33.390  -52.794   1972.7    808.7
     5     1    19    11    10    21     0     3   -30.0  -34.920  -60.237   2899.3    718.7
     1     1    19    11    10    20     0     2   -31.0  -34.178  -51.501     42.5   1016.6
     2     1    19    11    10    20     0     2   -31.0  -34.417  -48.657     90.9   1010.4
     3     1    19    11    10    20     0     2   -31.0  -34.213  -47.444    838.1    922.7
     4     1    19    11    10    20     0     2   -31.0  -33.495  -52.821   2041.0    800.0
     5     1    19    11    10    20     0     2   -31.0  -35.030  -60.399   2917.9    717.7
     1     1    19    11    10    19     0     1   -32.0  -34.310  -51.214     41.8   1016.8
     2     1    19    11    10    19     0     1   -32.0  -34.596  -48.365     92.5   1010.3
     3     1    19    11    10    19     0     1   -32.0  -34.374  -47.210    842.1    923.0
     4     1    19    11    10    19     0     1   -32.0  -33.578  -52.855   2112.9    793.0
     5     1    19    11    10    19     0     1   -32.0  -35.141  -60.563   2971.8    711.5
     1     1    19    11    10    18     0     0   -33.0  -34.427  -50.933     40.7   1016.8
     2     1    19    11    10    18     0     0   -33.0  -34.772  -48.079     89.8   1010.7
     3     1    19    11    10    18     0     0   -33.0  -34.538  -46.977    834.4    924.4
     4     1    19    11    10    18     0     0   -33.0  -33.639  -52.890   2187.7    785.9
     5     1    19    11    10    18     0     0   -33.0  -35.263  -60.745   3062.9    702.2
     1     1    19    11    10    17     0     1   -34.0  -34.542  -50.647     39.6   1017.0
     2     1    19    11    10    17     0     1   -34.0  -34.950  -47.806     89.7   1011.2
     3     1    19    11    10    17     0     1   -34.0  -34.703  -46.758    836.7    925.5
     4     1    19    11    10    17     0     1   -34.0  -33.690  -52.922   2250.0    778.5
     5     1    19    11    10    17     0     1   -34.0  -35.393  -60.969   3179.6    689.8
     1     1    19    11    10    16     0     2   -35.0  -34.662  -50.349     39.2   1017.2
     2     1    19    11    10    16     0     2   -35.0  -35.141  -47.552     95.2   1010.5
     3     1    19    11    10    16     0     2   -35.0  -34.864  -46.571    854.7    922.4
     4     1    19    11    10    16     0     2   -35.0  -33.750  -52.946   2282.7    774.9
     5     1    19    11    10    16     0     2   -35.0  -35.516  -61.230   3300.3    678.4
     1     1    19    11    10    15     0     3   -36.0  -34.789  -50.044     39.7   1017.3
     2     1    19    11    10    15     0     3   -36.0  -35.351  -47.322    105.0   1009.3
     3     1    19    11    10    15     0     3   -36.0  -35.010  -46.420    867.2    919.7
     4     1    19    11    10    15     0     3   -36.0  -33.825  -52.961   2281.4    774.6
     5     1    19    11    10    15     0     3   -36.0  -35.633  -61.497   3422.5    668.9
     1     1    19    11    10    14     0     2   -37.0  -34.925  -49.742     40.1   1016.5
     2     1    19    11    10    14     0     2   -37.0  -35.580  -47.117    114.7   1007.9
     3     1    19    11    10    14     0     2   -37.0  -35.160  -46.303    876.4    920.2
     4     1    19    11    10    14     0     2   -37.0  -33.909  -52.973   2277.9    778.4
     5     1    19    11    10    14     0     2   -37.0  -35.752  -61.760   3550.7    657.5
     1     1    19    11    10    13     0     1   -38.0  -35.077  -49.452     38.9   1016.0
     2     1    19    11    10    13     0     1   -38.0  -35.824  -46.938    123.0   1007.3
     3     1    19    11    10    13     0     1   -38.0  -35.335  -46.222    899.5    918.1
     4     1    19    11    10    13     0     1   -38.0  -33.991  -52.998   2312.3    775.4
     5     1    19    11    10    13     0     1   -38.0  -35.871  -62.024   3661.3    647.1
     1     1    19    11    10    12     0     0   -39.0  -35.248  -49.179     34.9   1016.3
     2     1    19    11    10    12     0     0   -39.0  -36.077  -46.789    133.5   1006.7
     3     1    19    11    10    12     0     0   -39.0  -35.528  -46.178    934.6    913.5
     4     1    19    11    10    12     0     0   -39.0  -34.072  -53.041   2386.7    767.9
     5     1    19    11    10    12     0     0   -39.0  -35.998  -62.283   3736.3    640.6
     1     1    19    11    10    11     0     1   -40.0  -35.437  -48.927     31.5   1017.2
     2     1    19    11    10    11     0     1   -40.0  -36.335  -46.677    143.5   1004.1
     3     1    19    11    10    11     0     1   -40.0  -35.729  -46.166    961.1    908.2
     4     1    19    11    10    11     0     1   -40.0  -34.170  -53.115   2463.6    756.3
     5     1    19    11    10    11     0     1   -40.0  -36.144  -62.529   3774.0    636.8
     1     1    19    11    10    10     0     2   -41.0  -35.637  -48.705     31.4   1016.9
     2     1    19    11    10    10     0     2   -41.0  -36.593  -46.605    148.5   1002.8
     3     1    19    11    10    10     0     2   -41.0  -35.926  -46.184    959.6    907.2
     4     1    19    11    10    10     0     2   -41.0  -34.293  -53.218   2512.5    751.2
     5     1    19    11    10    10     0     2   -41.0  -36.318  -62.763   3779.7    635.1
     1     1    19    11    10     9     0     3   -42.0  -35.846  -48.511     33.1   1015.9
     2     1    19    11    10     9     0     3   -42.0  -36.850  -46.566    149.7   1002.0
     3     1    19    11    10     9     0     3   -42.0  -36.122  -46.222    927.3    910.5
     4     1    19    11    10     9     0     3   -42.0  -34.437  -53.342   2544.2    748.0
     5     1    19    11    10     9     0     3   -42.0  -36.525  -62.973   3763.2    635.5
     1     1    19    11    10     8     0     2   -43.0  -36.065  -48.332     34.8   1015.9
     2     1    19    11    10     8     0     2   -43.0  -37.107  -46.565    152.2   1002.3
     3     1    19    11    10     8     0     2   -43.0  -36.317  -46.270    886.9    917.7
     4     1    19    11    10     8     0     2   -43.0  -34.583  -53.480   2588.1    746.0
     5     1    19    11    10     8     0     2   -43.0  -36.776  -63.186   3749.7    636.3
     1     1    19    11    10     7     0     1   -44.0  -36.293  -48.164     36.0   1016.1
     2     1    19    11    10     7     0     1   -44.0  -37.365  -46.610    160.2   1001.2
     3     1    19    11    10     7     0     1   -44.0  -36.510  -46.338    861.9    920.5
     4     1    19    11    10     7     0     1   -44.0  -34.724  -53.637   2659.8    739.0
     5     1    19    11    10     7     0     1   -44.0  -37.082  -63.450   3769.0    634.5
     1     1    19    11    10     6     0     0   -45.0  -36.529  -48.021     37.5   1016.2
     2     1    19    11    10     6     0     0   -45.0  -37.614  -46.691    172.7    999.5
     3     1    19    11    10     6     0     0   -45.0  -36.702  -46.432    854.5    921.3
     4     1    19    11    10     6     0     0   -45.0  -34.869  -53.819   2736.2    731.4
     5     1    19    11    10     6     0     0   -45.0  -37.432  -63.788   3797.9    629.1
     1     1    19    11    10     5     0     1   -46.0  -36.767  -47.927     39.9   1015.7
     2     1    19    11    10     5     0     1   -46.0  -37.857  -46.792    186.1    997.3
     3     1    19    11    10     5     0     1   -46.0  -36.898  -46.548    861.2    920.0
     4     1    19    11    10     5     0     1   -46.0  -35.025  -54.017   2786.5    726.3
     5     1    19    11    10     5     0     1   -46.0  -37.782  -64.179   3807.3    627.5
     1     1    19    11    10     4     0     2   -47.0  -37.017  -47.868     42.0   1015.2
     2     1    19    11    10     4     0     2   -47.0  -38.104  -46.906    196.1    995.6
     3     1    19    11    10     4     0     2   -47.0  -37.101  -46.676    887.8    918.0
     4     1    19    11    10     4     0     2   -47.0  -35.188  -54.214   2811.2    725.4
     5     1    19    11    10     4     0     2   -47.0  -38.082  -64.607   3811.3    623.7
     1     1    19    11    10     3     0     3   -48.0  -37.278  -47.824     42.7   1014.9
     2     1    19    11    10     3     0     3   -48.0  -38.365  -47.032    201.8    994.7
     3     1    19    11    10     3     0     3   -48.0  -37.310  -46.811    939.2    911.4
     4     1    19    11    10     3     0     3   -48.0  -35.353  -54.424   2826.8    723.7
     5     1    19    11    10     3     0     3   -48.0  -38.320  -65.085   3800.0    622.1
     1     1    19    11    10     2     0     2   -49.0  -37.531  -47.817     43.1   1014.8
     2     1    19    11    10     2     0     2   -49.0  -38.638  -47.174    206.0    994.4
     3     1    19    11    10     2     0     2   -49.0  -37.514  -46.967    991.3    903.5
     4     1    19    11    10     2     0     2   -49.0  -35.518  -54.657   2842.6    723.3
     5     1    19    11    10     2     0     2   -49.0  -38.513  -65.588   3787.8    627.2
     1     1    19    11    10     1     0     1   -50.0  -37.777  -47.852     45.5   1014.9
     2     1    19    11    10     1     0     1   -50.0  -38.920  -47.332    210.2    993.9
     3     1    19    11    10     1     0     1   -50.0  -37.717  -47.152   1023.9    899.8
     4     1    19    11    10     1     0     1   -50.0  -35.677  -54.914   2863.1    720.9
     5     1    19    11    10     1     0     1   -50.0  -38.687  -66.071   3790.1    626.2
     1     1    19    11    10     0     0     0   -51.0  -38.043  -47.900     52.7   1015.1
     2     1    19    11    10     0     0     0   -51.0  -39.210  -47.504    214.5    993.5
     3     1    19    11    10     0     0     0   -51.0  -37.924  -47.353   1039.3    898.9
     4     1    19    11    10     0     0     0   -51.0  -35.820  -55.183   2869.3    719.3
     5     1    19    11    10     0     0     0   -51.0  -38.868  -66.502   3775.7    622.5
     1     1    19    11     9    23     0     1   -52.0  -38.325  -47.977     61.3   1012.2
     2     1    19    11     9    23     0     1   -52.0  -39.504  -47.703    222.0    992.3
     3     1    19    11     9    23     0     1   -52.0  -38.128  -47.581   1049.2    897.8
     4     1    19    11     9    23     0     1   -52.0  -35.943  -55.459   2868.2    720.9
     5     1    19    11     9    23     0     1   -52.0  -39.061  -66.889   3726.4    624.9
     1     1    19    11     9    22     0     2   -53.0  -38.616  -48.099     65.8   1010.2
     2     1    19    11     9    22     0     2   -53.0  -39.801  -47.940    233.7    990.0
     3     1    19    11     9    22     0     2   -53.0  -38.326  -47.841   1050.0    896.0
     4     1    19    11     9    22     0     2   -53.0  -36.056  -55.755   2880.9    719.3
     5     1    19    11     9    22     0     2   -53.0  -39.251  -67.284   3707.7    628.0
     1     1    19    11     9    21     0     3   -54.0  -38.923  -48.250     66.8   1009.0
     2     1    19    11     9    21     0     3   -54.0  -40.104  -48.212    240.1    987.8
     3     1    19    11     9    21     0     3   -54.0  -38.540  -48.113   1032.4    897.4
     4     1    19    11     9    21     0     3   -54.0  -36.166  -56.073   2900.7    716.5
     5     1    19    11     9    21     0     3   -54.0  -39.451  -67.731   3789.1    613.7
     1     1    19    11     9    20     0     2   -55.0  -39.220  -48.445     65.8   1009.1
     2     1    19    11     9    20     0     2   -55.0  -40.403  -48.520    239.8    988.2
     3     1    19    11     9    20     0     2   -55.0  -38.760  -48.397    993.4    900.9
     4     1    19    11     9    20     0     2   -55.0  -36.277  -56.407   2927.9    714.5
     5     1    19    11     9    20     0     2   -55.0  -39.667  -68.230   3943.4    583.9
     1     1    19    11     9    19     0     1   -56.0  -39.493  -48.687     65.3   1009.5
     2     1    19    11     9    19     0     1   -56.0  -40.694  -48.865    243.7    988.1
     3     1    19    11     9    19     0     1   -56.0  -38.979  -48.693    956.1    908.0
     4     1    19    11     9    19     0     1   -56.0  -36.387  -56.747   2955.5    711.1
     5     1    19    11     9    19     0     1   -56.0  -39.890  -68.729   4088.6    561.2
     1     1    19    11     9    18     0     0   -57.0  -39.772  -48.954     67.5   1009.2
     2     1    19    11     9    18     0     0   -57.0  -40.978  -49.249    256.2    986.6
     3     1    19    11     9    18     0     0   -57.0  -39.212  -48.985    980.2    909.2
     4     1    19    11     9    18     0     0   -57.0  -36.486  -57.091   2970.9    709.6
     5     1    19    11     9    18     0     0   -57.0  -40.122  -69.206   4232.2    547.4
     1     1    19    11     9    17     0     1   -58.0  -40.043  -49.248     71.4   1008.5
     2     1    19    11     9    17     0     1   -58.0  -41.251  -49.652    270.8    984.4
     3     1    19    11     9    17     0     1   -58.0  -39.401  -49.311   1015.5    896.8
     4     1    19    11     9    17     0     1   -58.0  -36.578  -57.431   2989.6    709.7
     5     1    19    11     9    17     0     1   -58.0  -40.379  -69.699   4326.1    532.6
     1     1    19    11     9    16     0     2   -59.0  -40.282  -49.566     76.9   1007.9
     2     1    19    11     9    16     0     2   -59.0  -41.500  -50.062    286.5    983.1
     3     1    19    11     9    16     0     2   -59.0  -39.544  -49.664   1018.6    899.4
     4     1    19    11     9    16     0     2   -59.0  -36.668  -57.766   3025.4    706.1
     5     1    19    11     9    16     0     2   -59.0  -40.650  -70.215   4333.0    525.2
     1     1    19    11     9    15     0     3   -60.0  -40.498  -49.905     87.5   1006.8
     2     1    19    11     9    15     0     3   -60.0  -41.719  -50.491    300.8    980.3
     3     1    19    11     9    15     0     3   -60.0  -39.674  -50.026   1030.7    899.9
     4     1    19    11     9    15     0     3   -60.0  -36.756  -58.096   3066.0    701.7
     5     1    19    11     9    15     0     3   -60.0  -40.925  -70.744   4356.8    517.2
     1     1    19    11     9    14     0     2   -61.0  -40.694  -50.260     97.9   1004.8
     2     1    19    11     9    14     0     2   -61.0  -41.930  -50.933    297.4    979.7
     3     1    19    11     9    14     0     2   -61.0  -39.787  -50.391   1058.5    895.9
     4     1    19    11     9    14     0     2   -61.0  -36.838  -58.413   3093.5    696.3
     5     1    19    11     9    14     0     2   -61.0  -41.211  -71.300   4471.2    513.5
     1     1    19    11     9    13     0     1   -62.0  -40.876  -50.616    100.4   1004.7
     2     1    19    11     9    13     0     1   -62.0  -42.157  -51.379    288.7    983.3
     3     1    19    11     9    13     0     1   -62.0  -39.871  -50.760   1107.0    892.8
     4     1    19    11     9    13     0     1   -62.0  -36.910  -58.710   3094.0    693.6
     5     1    19    11     9    13     0     1   -62.0  -41.516  -71.888   4609.3    503.2
     1     1    19    11     9    12     0     0   -63.0  -41.066  -50.957     99.1   1005.2
     2     1    19    11     9    12     0     0   -63.0  -42.400  -51.832    300.9    982.5
     3     1    19    11     9    12     0     0   -63.0  -39.920  -51.156   1205.1    883.6
     4     1    19    11     9    12     0     0   -63.0  -36.978  -58.992   3067.4    693.8
     5     1    19    11     9    12     0     0   -63.0  -41.813  -72.447   4832.1    519.7
     1     1    19    11     9    11     0     1   -64.0  -41.254  -51.299     99.3   1005.1
     2     1    19    11     9    11     0     1   -64.0  -42.643  -52.290    325.3    976.9
     3     1    19    11     9    11     0     1   -64.0  -39.956  -51.586   1306.4    866.6
     4     1    19    11     9    11     0     1   -64.0  -37.061  -59.270   3031.3    694.3
     5     1    19    11     9    11     0     1   -64.0  -42.088  -72.984   5117.4    538.0
     1     1    19    11     9    10     0     2   -65.0  -41.427  -51.653    104.2   1004.0
     2     1    19    11     9    10     0     2   -65.0  -42.872  -52.741    340.5    974.1
     3     1    19    11     9    10     0     2   -65.0  -39.993  -52.030   1386.0    859.0
     4     1    19    11     9    10     0     2   -65.0  -37.171  -59.567   3014.1    692.8
     5     1    19    11     9    10     0     2   -65.0  -42.353  -73.566   5262.4    522.4
     1     1    19    11     9     9     0     3   -66.0  -41.594  -52.012    111.4   1002.4
     2     1    19    11     9     9     0     3   -66.0  -43.088  -53.177    344.0    973.3
     3     1    19    11     9     9     0     3   -66.0  -40.005  -52.501   1449.9    851.4
     4     1    19    11     9     9     0     3   -66.0  -37.294  -59.900   3041.5    687.7
     5     1    19    11     9     9     0     3   -66.0  -42.592  -74.187   5329.7    513.5
     1     1    19    11     9     8     0     2   -67.0  -41.755  -52.383    110.9   1001.5
     2     1    19    11     9     8     0     2   -67.0  -43.295  -53.611    338.9    974.0
     3     1    19    11     9     8     0     2   -67.0  -39.993  -52.986   1466.4    846.8
     4     1    19    11     9     8     0     2   -67.0  -37.428  -60.283   3081.5    679.9
     5     1    19    11     9     8     0     2   -67.0  -42.797  -74.828   5369.3    516.1
     1     1    19    11     9     7     0     1   -68.0  -41.915  -52.762     99.7   1003.2
     2     1    19    11     9     7     0     1   -68.0  -43.493  -54.055    331.3    975.1
     3     1    19    11     9     7     0     1   -68.0  -39.981  -53.467   1416.6    852.5
     4     1    19    11     9     7     0     1   -68.0  -37.582  -60.696   3084.9    681.0
     5     1    19    11     9     7     0     1   -68.0  -42.984  -75.487   5393.4    519.4
     1     1    19    11     9     6     0     0   -69.0  -42.085  -53.127     87.7   1005.6
     2     1    19    11     9     6     0     0   -69.0  -43.679  -54.503    322.3    975.8
     3     1    19    11     9     6     0     0   -69.0  -39.958  -53.942   1309.2    864.0
     4     1    19    11     9     6     0     0   -69.0  -37.738  -61.148   3091.0    681.0
     5     1    19    11     9     6     0     0   -69.0  -43.130  -76.144   5476.6    515.9
     1     1    19    11     9     5     0     1   -70.0  -42.241  -53.486     83.1   1006.6
     2     1    19    11     9     5     0     1   -70.0  -43.859  -54.952    312.1    977.4
     3     1    19    11     9     5     0     1   -70.0  -39.934  -54.389   1201.7    882.3
     4     1    19    11     9     5     0     1   -70.0  -37.875  -61.646   3134.2    667.2
     5     1    19    11     9     5     0     1   -70.0  -43.247  -76.825   5559.4    503.0
     1     1    19    11     9     4     0     2   -71.0  -42.364  -53.852     85.2   1005.8
     2     1    19    11     9     4     0     2   -71.0  -44.043  -55.395    305.6    978.7
     3     1    19    11     9     4     0     2   -71.0  -39.906  -54.802   1103.8    888.2
     4     1    19    11     9     4     0     2   -71.0  -38.013  -62.174   3214.7    652.7
     5     1    19    11     9     4     0     2   -71.0  -43.358  -77.526   5564.4    505.7
     1     1    19    11     9     3     0     3   -72.0  -42.464  -54.219     86.2   1005.3
     2     1    19    11     9     3     0     3   -72.0  -44.227  -55.834    304.2    978.5
     3     1    19    11     9     3     0     3   -72.0  -39.826  -55.187    963.2    902.4
     4     1    19    11     9     3     0     3   -72.0  -38.177  -62.699   3278.9    658.0
     5     1    19    11     9     3     0     3   -72.0  -43.431  -78.185   5542.1    507.3
