     7     1
    GDAS    19    10    29     0     0
    GDAS    19    11     1     0     0
    GDAS    19    11     8     0     0
    GDAS    19    11    15     0     0
    GDAS    19    11    22     0     0
    GDAS    19    11    29     0     0
    GDAS    19    12     1     0     0
     5 BACKWARD OMEGA   
    19    11    30    21  -34.572  -58.513    10.0
    19    11    30    21  -34.572  -58.513   200.0
    19    11    30    21  -34.572  -58.513   500.0
    19    11    30    21  -34.572  -58.513  1000.0
    19    11    30    21  -34.572  -58.513  2000.0
     1 PRESSURE
     1     1    19    11    30    21     0     3     0.0  -34.572  -58.513     10.0   1004.4
     2     1    19    11    30    21     0     3     0.0  -34.572  -58.513    200.0    983.8
     3     1    19    11    30    21     0     3     0.0  -34.572  -58.513    500.0    950.5
     4     1    19    11    30    21     0     3     0.0  -34.572  -58.513   1000.0    896.8
     5     1    19    11    30    21     0     3     0.0  -34.572  -58.513   2000.0    796.1
     1     1    19    11    30    20     0     2    -1.0  -34.650  -58.679      9.5   1005.0
     2     1    19    11    30    20     0     2    -1.0  -34.698  -58.771    183.9    987.4
     3     1    19    11    30    20     0     2    -1.0  -34.724  -58.819    469.7    955.9
     4     1    19    11    30    20     0     2    -1.0  -34.737  -58.850    981.8    899.3
     5     1    19    11    30    20     0     2    -1.0  -34.778  -58.979   1985.5    796.8
     1     1    19    11    30    19     0     1    -2.0  -34.743  -58.870      8.7   1005.4
     2     1    19    11    30    19     0     1    -2.0  -34.838  -59.044    168.3    989.5
     3     1    19    11    30    19     0     1    -2.0  -34.891  -59.137    439.3    959.5
     4     1    19    11    30    19     0     1    -2.0  -34.925  -59.202    942.9    903.7
     5     1    19    11    30    19     0     1    -2.0  -35.028  -59.471   1924.5    803.1
     1     1    19    11    30    18     0     0    -3.0  -34.857  -59.089      7.4   1005.3
     2     1    19    11    30    18     0     0    -3.0  -35.000  -59.326    152.4    992.0
     3     1    19    11    30    18     0     0    -3.0  -35.075  -59.452    412.5    963.0
     4     1    19    11    30    18     0     0    -3.0  -35.132  -59.545    904.7    909.7
     5     1    19    11    30    18     0     0    -3.0  -35.312  -59.944   1893.9    809.7
     1     1    19    11    30    17     0     1    -4.0  -34.983  -59.326      6.3   1004.8
     2     1    19    11    30    17     0     1    -4.0  -35.164  -59.606    146.5    993.3
     3     1    19    11    30    17     0     1    -4.0  -35.256  -59.759    411.4    963.5
     4     1    19    11    30    17     0     1    -4.0  -35.336  -59.877    917.3    909.7
     5     1    19    11    30    17     0     1    -4.0  -35.598  -60.436   1975.0    799.2
     1     1    19    11    30    16     0     2    -5.0  -35.103  -59.568      6.3   1004.6
     2     1    19    11    30    16     0     2    -5.0  -35.315  -59.885    155.9    990.9
     3     1    19    11    30    16     0     2    -5.0  -35.423  -60.069    440.9    957.3
     4     1    19    11    30    16     0     2    -5.0  -35.522  -60.210    987.9    896.5
     5     1    19    11    30    16     0     2    -5.0  -35.895  -61.033   2168.0    777.2
     1     1    19    11    30    15     0     3    -6.0  -35.219  -59.812      7.2   1004.5
     2     1    19    11    30    15     0     3    -6.0  -35.457  -60.168    175.3    986.1
     3     1    19    11    30    15     0     3    -6.0  -35.581  -60.378    485.8    949.2
     4     1    19    11    30    15     0     3    -6.0  -35.695  -60.540   1091.2    883.7
     5     1    19    11    30    15     0     3    -6.0  -36.222  -61.792   2380.6    748.7
     1     1    19    11    30    14     0     2    -7.0  -35.337  -60.041      8.7   1004.6
     2     1    19    11    30    14     0     2    -7.0  -35.606  -60.434    199.5    980.7
     3     1    19    11    30    14     0     2    -7.0  -35.748  -60.658    542.7    940.8
     4     1    19    11    30    14     0     2    -7.0  -35.863  -60.861   1224.1    867.1
     5     1    19    11    30    14     0     2    -7.0  -36.532  -62.654   2518.9    736.0
     1     1    19    11    30    13     0     1    -8.0  -35.463  -60.236     11.2   1004.0
     2     1    19    11    30    13     0     1    -8.0  -35.777  -60.660    227.0    975.9
     3     1    19    11    30    13     0     1    -8.0  -35.941  -60.884    612.2    932.1
     4     1    19    11    30    13     0     1    -8.0  -36.026  -61.197   1356.0    851.4
     5     1    19    11    30    13     0     1    -8.0  -36.827  -63.640   2628.1    724.2
     1     1    19    11    30    12     0     0    -9.0  -35.604  -60.401     16.9   1002.5
     2     1    19    11    30    12     0     0    -9.0  -35.976  -60.843    253.3    972.0
     3     1    19    11    30    12     0     0    -9.0  -36.162  -61.060    672.6    923.3
     4     1    19    11    30    12     0     0    -9.0  -36.189  -61.556   1441.1    841.9
     5     1    19    11    30    12     0     0    -9.0  -37.079  -64.704   2732.0    702.7
     1     1    19    11    30    11     0     1   -10.0  -35.749  -60.553     25.8    999.7
     2     1    19    11    30    11     0     1   -10.0  -36.214  -61.022    280.2    967.1
     3     1    19    11    30    11     0     1   -10.0  -36.428  -61.224    729.0    915.2
     4     1    19    11    30    11     0     1   -10.0  -36.374  -61.927   1507.3    833.6
     5     1    19    11    30    11     0     1   -10.0  -37.256  -65.722   2760.0    699.8
     1     1    19    11    30    10     0     2   -11.0  -35.885  -60.716     36.1    997.2
     2     1    19    11    30    10     0     2   -11.0  -36.496  -61.224    314.6    960.4
     3     1    19    11    30    10     0     2   -11.0  -36.742  -61.404    794.7    905.3
     4     1    19    11    30    10     0     2   -11.0  -36.598  -62.304   1536.5    828.7
     5     1    19    11    30    10     0     2   -11.0  -37.377  -66.649   2680.3    707.7
     1     1    19    11    30     9     0     3   -12.0  -36.019  -60.899     46.7    995.2
     2     1    19    11    30     9     0     3   -12.0  -36.820  -61.428    351.8    953.3
     3     1    19    11    30     9     0     3   -12.0  -37.098  -61.605    872.9    893.0
     4     1    19    11    30     9     0     3   -12.0  -36.850  -62.668   1529.9    827.6
     5     1    19    11    30     9     0     3   -12.0  -37.437  -67.480   2534.8    709.7
     1     1    19    11    30     8     0     2   -13.0  -36.153  -61.094     57.4    991.8
     2     1    19    11    30     8     0     2   -13.0  -37.191  -61.660    396.6    941.4
     3     1    19    11    30     8     0     2   -13.0  -37.496  -61.902    998.6    866.2
     4     1    19    11    30     8     0     2   -13.0  -37.129  -63.001   1488.6    829.4
     5     1    19    11    30     8     0     2   -13.0  -37.470  -68.228   2320.3    714.6
     1     1    19    11    30     7     0     1   -14.0  -36.294  -61.300     67.7    988.5
     2     1    19    11    30     7     0     1   -14.0  -37.617  -61.954    466.7    917.7
     3     1    19    11    30     7     0     1   -14.0  -37.886  -62.320   1242.9    833.4
     4     1    19    11    30     7     0     1   -14.0  -37.460  -63.344   1440.0    833.8
     5     1    19    11    30     7     0     1   -14.0  -37.468  -68.925   2068.1    717.2
     1     1    19    11    30     6     0     0   -15.0  -36.461  -61.527     78.9    985.2
     2     1    19    11    30     6     0     0   -15.0  -38.036  -62.252    597.4    899.2
     3     1    19    11    30     6     0     0   -15.0  -38.229  -62.793   1464.5    817.7
     4     1    19    11    30     6     0     0   -15.0  -37.823  -63.729   1480.6    835.7
     5     1    19    11    30     6     0     0   -15.0  -37.424  -69.607   1896.7    703.6
     1     1    19    11    30     5     0     1   -16.0  -36.652  -61.789     92.8    983.0
     2     1    19    11    30     5     0     1   -16.0  -38.451  -62.629    695.7    901.8
     3     1    19    11    30     5     0     1   -16.0  -38.572  -63.285   1505.7    822.8
     4     1    19    11    30     5     0     1   -16.0  -38.184  -64.159   1595.3    818.4
     5     1    19    11    30     5     0     1   -16.0  -37.390  -70.398   2083.1    655.9
     1     1    19    11    30     4     0     2   -17.0  -36.856  -62.104    114.6    979.7
     2     1    19    11    30     4     0     2   -17.0  -38.898  -63.136    643.0    930.7
     3     1    19    11    30     4     0     2   -17.0  -38.973  -63.825   1331.2    851.1
     4     1    19    11    30     4     0     2   -17.0  -38.552  -64.681   1633.0    811.7
     5     1    19    11    30     4     0     2   -17.0  -37.395  -71.318   2388.0    638.3
     1     1    19    11    30     3     0     3   -18.0  -37.060  -62.511    150.6    974.3
     2     1    19    11    30     3     0     3   -18.0  -39.377  -63.715    551.8    938.5
     3     1    19    11    30     3     0     3   -18.0  -39.419  -64.432   1138.1    872.1
     4     1    19    11    30     3     0     3   -18.0  -38.926  -65.304   1615.0    817.4
     5     1    19    11    30     3     0     3   -18.0  -37.396  -72.027   2533.3    708.9
     1     1    19    11    30     2     0     2   -19.0  -37.302  -62.989    189.9    967.2
     2     1    19    11    30     2     0     2   -19.0  -39.875  -64.331    498.4    939.9
     3     1    19    11    30     2     0     2   -19.0  -39.834  -65.080    979.6    884.7
     4     1    19    11    30     2     0     2   -19.0  -39.303  -65.965   1669.2    805.9
     5     1    19    11    30     2     0     2   -19.0  -37.377  -72.539   2512.1    721.1
     1     1    19    11    30     1     0     1   -20.0  -37.585  -63.498    210.2    962.5
     2     1    19    11    30     1     0     1   -20.0  -40.307  -65.014    493.7    945.6
     3     1    19    11    30     1     0     1   -20.0  -40.214  -65.765    806.6    896.3
     4     1    19    11    30     1     0     1   -20.0  -39.690  -66.705   1762.9    796.9
     5     1    19    11    30     1     0     1   -20.0  -37.378  -72.947   2475.8    727.2
     1     1    19    11    30     0     0     0   -21.0  -37.850  -63.992    156.8    965.0
     2     1    19    11    30     0     0     0   -21.0  -40.705  -65.693    548.4    922.5
     3     1    19    11    30     0     0     0   -21.0  -40.583  -66.500    862.3    886.2
     4     1    19    11    30     0     0     0   -21.0  -40.087  -67.566   1919.9    751.9
     5     1    19    11    30     0     0     0   -21.0  -37.394  -73.286   2397.2    743.7
     1     1    19    11    29    23     0     1   -22.0  -38.061  -64.452    101.0    972.6
     2     1    19    11    29    23     0     1   -22.0  -41.047  -66.371    729.0    872.0
     3     1    19    11    29    23     0     1   -22.0  -40.992  -67.445   1335.5    771.7
     4     1    19    11    29    23     0     1   -22.0  -40.521  -68.622   2083.4    703.0
     5     1    19    11    29    23     0     1   -22.0  -37.417  -73.610   2351.5    757.7
     1     1    19    11    29    22     0     2   -23.0  -38.296  -64.969    102.2    967.7
     2     1    19    11    29    22     0     2   -23.0  -41.426  -67.338   1190.6    785.8
     3     1    19    11    29    22     0     2   -23.0  -41.410  -68.588   1715.7    709.5
     4     1    19    11    29    22     0     2   -23.0  -40.925  -69.702   2337.5    658.6
     5     1    19    11    29    22     0     2   -23.0  -37.449  -73.959   2386.0    762.6
     1     1    19    11    29    21     0     3   -24.0  -38.553  -65.551    131.5    966.5
     2     1    19    11    29    21     0     3   -24.0  -41.799  -68.542   1698.9    696.7
     3     1    19    11    29    21     0     3   -24.0  -41.748  -69.697   1950.4    683.2
     4     1    19    11    29    21     0     3   -24.0  -41.340  -70.877   2330.9    655.2
     5     1    19    11    29    21     0     3   -24.0  -37.491  -74.340   2429.8    758.4
     1     1    19    11    29    20     0     2   -25.0  -38.813  -66.215    172.1    958.6
     2     1    19    11    29    20     0     2   -25.0  -42.117  -69.700   1959.5    680.7
     3     1    19    11    29    20     0     2   -25.0  -41.912  -70.687   1535.6    744.4
     4     1    19    11    29    20     0     2   -25.0  -41.573  -72.011   2522.0    668.4
     5     1    19    11    29    20     0     2   -25.0  -37.534  -74.743   2448.7    756.7
     1     1    19    11    29    19     0     1   -26.0  -39.048  -66.937    171.5    953.8
     2     1    19    11    29    19     0     1   -26.0  -42.259  -70.730   1627.3    743.5
     3     1    19    11    29    19     0     1   -26.0  -41.941  -71.650   1485.7    748.7
     4     1    19    11    29    19     0     1   -26.0  -41.758  -72.938   3103.8    661.4
     5     1    19    11    29    19     0     1   -26.0  -37.568  -75.155   2455.5    756.0
     1     1    19    11    29    18     0     0   -27.0  -39.290  -67.679    266.5    935.3
     2     1    19    11    29    18     0     0   -27.0  -42.307  -71.853   1926.5    707.1
     3     1    19    11    29    18     0     0   -27.0  -41.920  -72.496   1971.7    741.6
     4     1    19    11    29    18     0     0   -27.0  -41.894  -73.620   2933.1    706.7
     5     1    19    11    29    18     0     0   -27.0  -37.594  -75.569   2459.2    755.7
     1     1    19    11    29    17     0     1   -28.0  -39.531  -68.524    504.6    881.2
     2     1    19    11    29    17     0     1   -28.0  -42.359  -72.796   2506.7    706.7
     3     1    19    11    29    17     0     1   -28.0  -41.917  -73.128   2132.0    773.8
     4     1    19    11    29    17     0     1   -28.0  -42.035  -74.330   2828.4    713.2
     5     1    19    11    29    17     0     1   -28.0  -37.637  -75.985   2460.0    755.2
     1     1    19    11    29    16     0     2   -29.0  -39.709  -69.404    663.7    855.8
     2     1    19    11    29    16     0     2   -29.0  -42.414  -73.473   2318.8    758.1
     3     1    19    11    29    16     0     2   -29.0  -41.921  -73.692   1993.8    793.0
     4     1    19    11    29    16     0     2   -29.0  -42.188  -75.043   2717.7    724.8
     5     1    19    11    29    16     0     2   -29.0  -37.708  -76.406   2449.3    755.9
     1     1    19    11    29    15     0     3   -30.0  -39.829  -70.316    814.2    836.6
     2     1    19    11    29    15     0     3   -30.0  -42.481  -74.131   2137.2    770.7
     3     1    19    11    29    15     0     3   -30.0  -41.946  -74.267   1826.8    811.4
     4     1    19    11    29    15     0     3   -30.0  -42.352  -75.768   2649.2    730.1
     5     1    19    11    29    15     0     3   -30.0  -37.797  -76.833   2417.2    758.6
     1     1    19    11    29    14     0     2   -31.0  -39.778  -71.237   1060.4    782.9
     2     1    19    11    29    14     0     2   -31.0  -42.581  -74.786   2065.2    782.2
     3     1    19    11    29    14     0     2   -31.0  -42.012  -74.832   1745.2    819.1
     4     1    19    11    29    14     0     2   -31.0  -42.533  -76.494   2601.3    734.0
     5     1    19    11    29    14     0     2   -31.0  -37.905  -77.269   2387.3    761.8
     1     1    19    11    29    13     0     1   -32.0  -39.646  -71.942    901.1    807.1
     2     1    19    11    29    13     0     1   -32.0  -42.725  -75.434   2022.7    787.4
     3     1    19    11    29    13     0     1   -32.0  -42.133  -75.402   1731.9    817.8
     4     1    19    11    29    13     0     1   -32.0  -42.747  -77.208   2588.3    734.5
     5     1    19    11    29    13     0     1   -32.0  -38.041  -77.711   2385.2    761.2
     1     1    19    11    29    12     0     0   -33.0  -39.546  -72.353    513.8    888.7
     2     1    19    11    29    12     0     0   -33.0  -42.903  -76.107   1970.7    792.0
     3     1    19    11    29    12     0     0   -33.0  -42.285  -76.002   1721.5    818.7
     4     1    19    11    29    12     0     0   -33.0  -42.975  -77.932   2604.0    732.3
     5     1    19    11    29    12     0     0   -33.0  -38.209  -78.161   2396.6    759.7
     1     1    19    11    29    11     0     1   -34.0  -39.471  -72.631    299.1    945.1
     2     1    19    11    29    11     0     1   -34.0  -43.105  -76.791   1943.7    796.8
     3     1    19    11    29    11     0     1   -34.0  -42.461  -76.632   1731.2    817.2
     4     1    19    11    29    11     0     1   -34.0  -43.218  -78.656   2620.5    729.2
     5     1    19    11    29    11     0     1   -34.0  -38.410  -78.642   2413.7    756.6
     1     1    19    11    29    10     0     2   -35.0  -39.396  -72.874    195.3    971.2
     2     1    19    11    29    10     0     2   -35.0  -43.323  -77.474   1944.9    793.8
     3     1    19    11    29    10     0     2   -35.0  -42.658  -77.285   1743.9    814.6
     4     1    19    11    29    10     0     2   -35.0  -43.486  -79.365   2624.9    728.8
     5     1    19    11    29    10     0     2   -35.0  -38.632  -79.171   2421.2    755.3
     1     1    19    11    29     9     0     3   -36.0  -39.330  -73.119    149.2    983.1
     2     1    19    11    29     9     0     3   -36.0  -43.538  -78.146   1950.3    792.5
     3     1    19    11    29     9     0     3   -36.0  -42.860  -77.963   1751.7    813.3
     4     1    19    11    29     9     0     3   -36.0  -43.763  -80.069   2625.7    728.5
     5     1    19    11    29     9     0     3   -36.0  -38.864  -79.751   2442.4    754.9
     1     1    19    11    29     8     0     2   -37.0  -39.286  -73.407    126.5    987.8
     2     1    19    11    29     8     0     2   -37.0  -43.747  -78.807   1954.0    791.2
     3     1    19    11    29     8     0     2   -37.0  -43.060  -78.648   1757.4    812.4
     4     1    19    11    29     8     0     2   -37.0  -44.038  -80.761   2623.9    728.0
     5     1    19    11    29     8     0     2   -37.0  -39.103  -80.368   2497.2    748.8
     1     1    19    11    29     7     0     1   -38.0  -39.274  -73.792    113.8    995.1
     2     1    19    11    29     7     0     1   -38.0  -43.952  -79.464   1954.6    790.9
     3     1    19    11    29     7     0     1   -38.0  -43.259  -79.321   1764.8    811.3
     4     1    19    11    29     7     0     1   -38.0  -44.324  -81.433   2622.7    727.9
     5     1    19    11    29     7     0     1   -38.0  -39.342  -81.004   2570.5    741.0
     1     1    19    11    29     6     0     0   -39.0  -39.290  -74.304    112.5    998.0
     2     1    19    11    29     6     0     0   -39.0  -44.144  -80.103   1949.0    790.4
     3     1    19    11    29     6     0     0   -39.0  -43.440  -79.979   1774.8    809.9
     4     1    19    11    29     6     0     0   -39.0  -44.621  -82.095   2623.9    727.0
     5     1    19    11    29     6     0     0   -39.0  -39.572  -81.660   2645.8    733.1
     1     1    19    11    29     5     0     1   -40.0  -39.322  -74.900    119.4    997.2
     2     1    19    11    29     5     0     1   -40.0  -44.342  -80.704   1942.1    792.0
     3     1    19    11    29     5     0     1   -40.0  -43.622  -80.619   1773.4    808.4
     4     1    19    11    29     5     0     1   -40.0  -44.931  -82.728   2622.2    726.7
     5     1    19    11    29     5     0     1   -40.0  -39.810  -82.319   2712.7    726.7
     1     1    19    11    29     4     0     2   -41.0  -39.366  -75.536    131.5    995.9
     2     1    19    11    29     4     0     2   -41.0  -44.566  -81.273   1932.8    791.5
     3     1    19    11    29     4     0     2   -41.0  -43.830  -81.234   1749.2    810.8
     4     1    19    11    29     4     0     2   -41.0  -45.270  -83.333   2616.0    727.0
     5     1    19    11    29     4     0     2   -41.0  -40.079  -82.976   2760.8    721.3
     1     1    19    11    29     3     0     3   -42.0  -39.425  -76.194    146.3    994.1
     2     1    19    11    29     3     0     3   -42.0  -44.805  -81.822   1892.2    793.6
     3     1    19    11    29     3     0     3   -42.0  -44.046  -81.830   1703.4    815.4
     4     1    19    11    29     3     0     3   -42.0  -45.639  -83.934   2602.2    727.8
     5     1    19    11    29     3     0     3   -42.0  -40.369  -83.631   2775.3    719.4
     1     1    19    11    29     2     0     2   -43.0  -39.485  -76.855    159.1    991.5
     2     1    19    11    29     2     0     2   -43.0  -45.053  -82.367   1840.1    802.2
     3     1    19    11    29     2     0     2   -43.0  -44.273  -82.422   1672.3    821.5
     4     1    19    11    29     2     0     2   -43.0  -46.017  -84.539   2596.5    729.3
     5     1    19    11    29     2     0     2   -43.0  -40.680  -84.279   2784.2    720.8
     1     1    19    11    29     1     0     1   -44.0  -39.539  -77.521    163.6    989.9
     2     1    19    11    29     1     0     1   -44.0  -45.315  -82.926   1812.5    803.7
     3     1    19    11    29     1     0     1   -44.0  -44.527  -83.025   1680.5    818.8
     4     1    19    11    29     1     0     1   -44.0  -46.401  -85.161   2633.9    726.5
     5     1    19    11    29     1     0     1   -44.0  -41.020  -84.925   2837.2    716.5
     1     1    19    11    29     0     0     0   -45.0  -39.601  -78.219    157.9    990.4
     2     1    19    11    29     0     0     0   -45.0  -45.596  -83.510   1808.0    803.8
     3     1    19    11    29     0     0     0   -45.0  -44.811  -83.648   1700.0    814.2
     4     1    19    11    29     0     0     0   -45.0  -46.794  -85.789   2730.8    717.1
     5     1    19    11    29     0     0     0   -45.0  -41.390  -85.586   2906.3    705.7
     1     1    19    11    28    23     0     1   -46.0  -39.677  -78.921    151.9    992.5
     2     1    19    11    28    23     0     1   -46.0  -45.895  -84.093   1829.6    801.2
     3     1    19    11    28    23     0     1   -46.0  -45.109  -84.275   1719.0    812.7
     4     1    19    11    28    23     0     1   -46.0  -47.185  -86.416   2837.2    702.6
     5     1    19    11    28    23     0     1   -46.0  -41.781  -86.261   2958.1    701.6
     1     1    19    11    28    22     0     2   -47.0  -39.748  -79.624    147.8    992.6
     2     1    19    11    28    22     0     2   -47.0  -46.193  -84.665   1858.5    796.8
     3     1    19    11    28    22     0     2   -47.0  -45.408  -84.894   1743.5    810.2
     4     1    19    11    28    22     0     2   -47.0  -47.572  -87.044   2893.4    696.8
     5     1    19    11    28    22     0     2   -47.0  -42.195  -86.955   3040.0    697.0
     1     1    19    11    28    21     0     3   -48.0  -39.802  -80.353    143.4    993.7
     2     1    19    11    28    21     0     3   -48.0  -46.470  -85.246   1886.2    794.8
     3     1    19    11    28    21     0     3   -48.0  -45.703  -85.544   1757.4    807.3
     4     1    19    11    28    21     0     3   -48.0  -47.958  -87.682   2894.7    697.2
     5     1    19    11    28    21     0     3   -48.0  -42.626  -87.674   3151.5    683.9
     1     1    19    11    28    20     0     2   -49.0  -39.838  -81.078    141.5    994.2
     2     1    19    11    28    20     0     2   -49.0  -46.737  -85.821   1909.3    790.9
     3     1    19    11    28    20     0     2   -49.0  -45.996  -86.198   1750.3    808.2
     4     1    19    11    28    20     0     2   -49.0  -48.331  -88.281   2876.3    701.4
     5     1    19    11    28    20     0     2   -49.0  -43.058  -88.388   3259.9    674.4
     1     1    19    11    28    19     0     1   -50.0  -39.869  -81.781    140.4    994.4
     2     1    19    11    28    19     0     1   -50.0  -47.003  -86.364   1913.9    789.5
     3     1    19    11    28    19     0     1   -50.0  -46.283  -86.799   1742.1    809.8
     4     1    19    11    28    19     0     1   -50.0  -48.697  -88.800   2865.5    701.3
     5     1    19    11    28    19     0     1   -50.0  -43.497  -89.066   3365.9    663.9
     1     1    19    11    28    18     0     0   -51.0  -39.900  -82.486    138.3    994.9
     2     1    19    11    28    18     0     0   -51.0  -47.268  -86.874   1909.9    791.0
     3     1    19    11    28    18     0     0   -51.0  -46.553  -87.371   1746.1    809.1
     4     1    19    11    28    18     0     0   -51.0  -49.055  -89.260   2871.0    702.0
     5     1    19    11    28    18     0     0   -51.0  -43.950  -89.684   3506.7    655.3
     1     1    19    11    28    17     0     1   -52.0  -39.938  -83.182    132.6    995.6
     2     1    19    11    28    17     0     1   -52.0  -47.535  -87.318   1920.8    790.5
     3     1    19    11    28    17     0     1   -52.0  -46.819  -87.919   1774.1    807.2
     4     1    19    11    28    17     0     1   -52.0  -49.417  -89.657   2891.6    698.6
     5     1    19    11    28    17     0     1   -52.0  -44.425  -90.246   3658.8    636.0
     1     1    19    11    28    16     0     2   -53.0  -39.974  -83.844    122.2    997.3
     2     1    19    11    28    16     0     2   -53.0  -47.809  -87.696   1949.8    787.2
     3     1    19    11    28    16     0     2   -53.0  -47.090  -88.412   1817.4    800.7
     4     1    19    11    28    16     0     2   -53.0  -49.789  -89.982   2900.6    696.5
     5     1    19    11    28    16     0     2   -53.0  -44.933  -90.762   3789.2    627.2
     1     1    19    11    28    15     0     3   -54.0  -39.994  -84.479    112.7    999.1
     2     1    19    11    28    15     0     3   -54.0  -48.105  -88.032   1989.5    782.4
     3     1    19    11    28    15     0     3   -54.0  -47.368  -88.836   1844.1    796.7
     4     1    19    11    28    15     0     3   -54.0  -50.158  -90.251   2891.4    697.6
     5     1    19    11    28    15     0     3   -54.0  -45.518  -91.184   3915.2    614.5
     1     1    19    11    28    14     0     2   -55.0  -40.010  -85.093    107.3    999.8
     2     1    19    11    28    14     0     2   -55.0  -48.402  -88.322   2016.6    777.3
     3     1    19    11    28    14     0     2   -55.0  -47.645  -89.222   1848.4    796.3
     4     1    19    11    28    14     0     2   -55.0  -50.520  -90.479   2890.5    699.1
     5     1    19    11    28    14     0     2   -55.0  -46.120  -91.553   3988.2    605.1
     1     1    19    11    28    13     0     1   -56.0  -40.033  -85.684    107.4   1000.1
     2     1    19    11    28    13     0     1   -56.0  -48.681  -88.581   2026.6    777.1
     3     1    19    11    28    13     0     1   -56.0  -47.921  -89.600   1840.9    797.1
     4     1    19    11    28    13     0     1   -56.0  -50.886  -90.678   2913.7    696.2
     5     1    19    11    28    13     0     1   -56.0  -46.686  -91.915   4009.4    605.1
     1     1    19    11    28    12     0     0   -57.0  -40.055  -86.263    109.3    999.1
     2     1    19    11    28    12     0     0   -57.0  -48.960  -88.843   2045.9    775.9
     3     1    19    11    28    12     0     0   -57.0  -48.211  -89.947   1846.7    797.7
     4     1    19    11    28    12     0     0   -57.0  -51.258  -90.852   2943.6    692.3
     5     1    19    11    28    12     0     0   -57.0  -47.259  -92.220   4029.0    603.9
     1     1    19    11    28    11     0     1   -58.0  -40.075  -86.844    107.8    999.7
     2     1    19    11    28    11     0     1   -58.0  -49.217  -89.087   2070.5    771.7
     3     1    19    11    28    11     0     1   -58.0  -48.484  -90.265   1864.6    794.0
     4     1    19    11    28    11     0     1   -58.0  -51.623  -91.010   2955.4    689.9
     5     1    19    11    28    11     0     1   -58.0  -47.786  -92.477   4055.2    600.6
     1     1    19    11    28    10     0     2   -59.0  -40.103  -87.416    105.2   1000.6
     2     1    19    11    28    10     0     2   -59.0  -49.420  -89.282   2074.2    770.9
     3     1    19    11    28    10     0     2   -59.0  -48.714  -90.588   1861.0    792.6
     4     1    19    11    28    10     0     2   -59.0  -51.960  -91.146   2947.4    691.8
     5     1    19    11    28    10     0     2   -59.0  -48.230  -92.697   4087.6    598.0
     1     1    19    11    28     9     0     3   -60.0  -40.138  -87.968    103.9   1001.2
     2     1    19    11    28     9     0     3   -60.0  -49.579  -89.426   2053.9    772.9
     3     1    19    11    28     9     0     3   -60.0  -48.909  -90.940   1793.0    796.2
     4     1    19    11    28     9     0     3   -60.0  -52.276  -91.263   2931.5    693.4
     5     1    19    11    28     9     0     3   -60.0  -48.643  -92.830   4120.3    594.1
     1     1    19    11    28     8     0     2   -61.0  -40.166  -88.505    103.8   1001.4
     2     1    19    11    28     8     0     2   -61.0  -49.707  -89.531   2032.0    777.0
     3     1    19    11    28     8     0     2   -61.0  -49.093  -91.304   1685.7    812.1
     4     1    19    11    28     8     0     2   -61.0  -52.580  -91.363   2906.0    695.4
     5     1    19    11    28     8     0     2   -61.0  -49.032  -92.867   4133.0    592.1
     1     1    19    11    28     7     0     1   -62.0  -40.186  -89.037    104.0   1001.6
     2     1    19    11    28     7     0     1   -62.0  -49.811  -89.613   2028.3    777.0
     3     1    19    11    28     7     0     1   -62.0  -49.285  -91.632   1596.3    822.0
     4     1    19    11    28     7     0     1   -62.0  -52.867  -91.440   2858.1    698.8
     5     1    19    11    28     7     0     1   -62.0  -49.369  -92.833   4138.1    592.7
     1     1    19    11    28     6     0     0   -63.0  -40.200  -89.561    104.2   1001.9
     2     1    19    11    28     6     0     0   -63.0  -49.893  -89.685   2038.1    775.5
     3     1    19    11    28     6     0     0   -63.0  -49.486  -91.939   1515.6    828.6
     4     1    19    11    28     6     0     0   -63.0  -53.133  -91.487   2784.2    706.1
     5     1    19    11    28     6     0     0   -63.0  -49.647  -92.728   4154.2    591.1
     1     1    19    11    28     5     0     1   -64.0  -40.212  -90.076    105.7   1002.9
     2     1    19    11    28     5     0     1   -64.0  -49.947  -89.747   2038.0    774.3
     3     1    19    11    28     5     0     1   -64.0  -49.675  -92.239   1463.8    838.4
     4     1    19    11    28     5     0     1   -64.0  -53.380  -91.510   2719.3    715.6
     5     1    19    11    28     5     0     1   -64.0  -49.875  -92.567   4173.8    589.1
     1     1    19    11    28     4     0     2   -65.0  -40.222  -90.576    108.8   1003.2
     2     1    19    11    28     4     0     2   -65.0  -49.969  -89.805   2005.6    777.9
     3     1    19    11    28     4     0     2   -65.0  -49.832  -92.514   1460.7    837.6
     4     1    19    11    28     4     0     2   -65.0  -53.615  -91.514   2686.7    718.7
     5     1    19    11    28     4     0     2   -65.0  -50.055  -92.377   4179.8    588.4
     1     1    19    11    28     3     0     3   -66.0  -40.223  -91.053    110.3   1003.7
     2     1    19    11    28     3     0     3   -66.0  -49.955  -89.878   1938.7    785.4
     3     1    19    11    28     3     0     3   -66.0  -49.962  -92.761   1466.4    835.3
     4     1    19    11    28     3     0     3   -66.0  -53.832  -91.491   2668.7    720.3
     5     1    19    11    28     3     0     3   -66.0  -50.188  -92.160   4159.7    590.1
     1     1    19    11    28     2     0     2   -67.0  -40.222  -91.516    110.3   1003.3
     2     1    19    11    28     2     0     2   -67.0  -49.916  -89.996   1899.6    795.4
     3     1    19    11    28     2     0     2   -67.0  -50.078  -92.992   1447.2    835.9
     4     1    19    11    28     2     0     2   -67.0  -54.032  -91.453   2651.5    721.4
     5     1    19    11    28     2     0     2   -67.0  -50.276  -91.935   4089.6    593.9
     1     1    19    11    28     1     0     1   -68.0  -40.221  -91.979    110.3   1002.6
     2     1    19    11    28     1     0     1   -68.0  -49.868  -90.158   1933.3    790.5
     3     1    19    11    28     1     0     1   -68.0  -50.185  -93.209   1394.9    840.9
     4     1    19    11    28     1     0     1   -68.0  -54.217  -91.414   2634.8    723.1
     5     1    19    11    28     1     0     1   -68.0  -50.328  -91.723   3964.5    604.6
     1     1    19    11    28     0     0     0   -69.0  -40.217  -92.449    110.3   1001.9
     2     1    19    11    28     0     0     0   -69.0  -49.816  -90.359   1996.9    781.0
     3     1    19    11    28     0     0     0   -69.0  -50.284  -93.411   1304.1    849.1
     4     1    19    11    28     0     0     0   -69.0  -54.391  -91.369   2621.0    724.1
     5     1    19    11    28     0     0     0   -69.0  -50.346  -91.533   3806.6    617.8
     1     1    19    11    27    23     0     1   -70.0  -40.210  -92.921    109.3   1002.4
     2     1    19    11    27    23     0     1   -70.0  -49.744  -90.576   2025.4    774.9
     3     1    19    11    27    23     0     1   -70.0  -50.358  -93.592   1200.0    864.2
     4     1    19    11    27    23     0     1   -70.0  -54.561  -91.315   2612.6    725.7
     5     1    19    11    27    23     0     1   -70.0  -50.328  -91.350   3574.1    633.1
     1     1    19    11    27    22     0     2   -71.0  -40.197  -93.386    106.1   1003.2
     2     1    19    11    27    22     0     2   -71.0  -49.645  -90.817   2010.0    778.9
     3     1    19    11    27    22     0     2   -71.0  -50.387  -93.769   1121.6    873.0
     4     1    19    11    27    22     0     2   -71.0  -54.735  -91.246   2614.7    726.0
     5     1    19    11    27    22     0     2   -71.0  -50.265  -91.174   3273.5    662.6
     1     1    19    11    27    21     0     3   -72.0  -40.176  -93.839    100.1   1004.4
     2     1    19    11    27    21     0     3   -72.0  -49.530  -91.112   2010.9    783.3
     3     1    19    11    27    21     0     3   -72.0  -50.375  -93.966   1076.5    878.5
     4     1    19    11    27    21     0     3   -72.0  -54.920  -91.153   2628.8    725.3
     5     1    19    11    27    21     0     3   -72.0  -50.150  -91.034   2947.3    692.4
