     7     1
    GDAS    19     7    29     0     0
    GDAS    19     8     1     0     0
    GDAS    19     8     8     0     0
    GDAS    19     8    15     0     0
    GDAS    19     8    22     0     0
    GDAS    19     8    29     0     0
    GDAS    19     9     1     0     0
     5 BACKWARD OMEGA   
    19     9     1     9  -34.572  -58.513    10.0
    19     9     1     9  -34.572  -58.513   200.0
    19     9     1     9  -34.572  -58.513   500.0
    19     9     1     9  -34.572  -58.513  1000.0
    19     9     1     9  -34.572  -58.513  2000.0
     1 PRESSURE
     1     1    19     9     1     9     0     3     0.0  -34.572  -58.513     10.0   1015.3
     2     1    19     9     1     9     0     3     0.0  -34.572  -58.513    200.0    993.1
     3     1    19     9     1     9     0     3     0.0  -34.572  -58.513    500.0    957.9
     4     1    19     9     1     9     0     3     0.0  -34.572  -58.513   1000.0    901.4
     5     1    19     9     1     9     0     3     0.0  -34.572  -58.513   2000.0    796.1
     1     1    19     9     1     8     0     2    -1.0  -34.584  -58.656      9.0   1015.7
     2     1    19     9     1     8     0     2    -1.0  -34.658  -58.824    183.3    996.3
     3     1    19     9     1     8     0     2    -1.0  -34.725  -58.875    450.9    965.1
     4     1    19     9     1     8     0     2    -1.0  -34.715  -58.899    940.3    908.0
     5     1    19     9     1     8     0     2    -1.0  -34.800  -58.971   1966.3    796.9
     1     1    19     9     1     7     0     1    -2.0  -34.590  -58.792      7.9   1016.1
     2     1    19     9     1     7     0     1    -2.0  -34.731  -59.108    158.1    999.5
     3     1    19     9     1     7     0     1    -2.0  -34.856  -59.205    374.6    972.3
     4     1    19     9     1     7     0     1    -2.0  -34.848  -59.262    821.8    919.4
     5     1    19     9     1     7     0     1    -2.0  -35.039  -59.411   1858.2    810.3
     1     1    19     9     1     6     0     0    -3.0  -34.590  -58.928      6.4   1016.8
     2     1    19     9     1     6     0     0    -3.0  -34.759  -59.384    129.4   1003.8
     3     1    19     9     1     6     0     0    -3.0  -34.914  -59.552    289.3    985.9
     4     1    19     9     1     6     0     0    -3.0  -34.954  -59.630    673.9    941.5
     5     1    19     9     1     6     0     0    -3.0  -35.271  -59.818   1779.3    824.6
     1     1    19     9     1     5     0     1    -4.0  -34.589  -59.055      4.8   1016.8
     2     1    19     9     1     5     0     1    -4.0  -34.752  -59.615    111.1   1005.8
     3     1    19     9     1     5     0     1    -4.0  -34.914  -59.858    241.8    993.8
     4     1    19     9     1     5     0     1    -4.0  -35.029  -59.969    595.3    955.7
     5     1    19     9     1     5     0     1    -4.0  -35.499  -60.235   1787.5    818.2
     1     1    19     9     1     4     0     2    -5.0  -34.590  -59.158      4.0   1016.4
     2     1    19     9     1     4     0     2    -5.0  -34.736  -59.781    104.0   1005.6
     3     1    19     9     1     4     0     2    -5.0  -34.902  -60.079    226.2    992.4
     4     1    19     9     1     4     0     2    -5.0  -35.104  -60.246    566.2    949.3
     5     1    19     9     1     4     0     2    -5.0  -35.720  -60.680   1833.3    807.6
     1     1    19     9     1     3     0     3    -6.0  -34.591  -59.234      4.0   1015.9
     2     1    19     9     1     3     0     3    -6.0  -34.711  -59.890    102.6   1005.1
     3     1    19     9     1     3     0     3    -6.0  -34.880  -60.237    221.0    990.7
     4     1    19     9     1     3     0     3    -6.0  -35.173  -60.494    526.4    950.8
     5     1    19     9     1     3     0     3    -6.0  -35.927  -61.100   1841.4    802.7
     1     1    19     9     1     2     0     2    -7.0  -34.599  -59.297      4.4   1015.9
     2     1    19     9     1     2     0     2    -7.0  -34.699  -59.965    104.6   1004.9
     3     1    19     9     1     2     0     2    -7.0  -34.875  -60.359    221.0    989.5
     4     1    19     9     1     2     0     2    -7.0  -35.239  -60.719    485.3    955.2
     5     1    19     9     1     2     0     2    -7.0  -36.121  -61.493   1781.0    808.2
     1     1    19     9     1     1     0     1    -8.0  -34.621  -59.359      4.9   1015.8
     2     1    19     9     1     1     0     1    -8.0  -34.720  -60.027    109.7   1004.3
     3     1    19     9     1     1     0     1    -8.0  -34.896  -60.457    226.8    987.9
     4     1    19     9     1     1     0     1    -8.0  -35.299  -60.902    456.8    957.0
     5     1    19     9     1     1     0     1    -8.0  -36.299  -61.887   1683.8    820.3
     1     1    19     9     1     0     0     0    -9.0  -34.659  -59.418      5.6   1015.7
     2     1    19     9     1     0     0     0    -9.0  -34.774  -60.075    118.6   1003.2
     3     1    19     9     1     0     0     0    -9.0  -34.933  -60.519    240.9    985.9
     4     1    19     9     1     0     0     0    -9.0  -35.329  -61.044    442.9    958.1
     5     1    19     9     1     0     0     0    -9.0  -36.465  -62.281   1596.4    829.4
     1     1    19     8    31    23     0     1   -10.0  -34.704  -59.480      6.3   1014.5
     2     1    19     8    31    23     0     1   -10.0  -34.850  -60.129    130.3   1001.5
     3     1    19     8    31    23     0     1   -10.0  -34.987  -60.570    260.1    982.7
     4     1    19     8    31    23     0     1   -10.0  -35.356  -61.168    440.9    957.8
     5     1    19     8    31    23     0     1   -10.0  -36.623  -62.663   1510.8    835.0
     1     1    19     8    31    22     0     2   -11.0  -34.750  -59.550      7.2   1013.5
     2     1    19     8    31    22     0     2   -11.0  -34.935  -60.209    143.2    999.5
     3     1    19     8    31    22     0     2   -11.0  -35.061  -60.640    276.6    979.3
     4     1    19     8    31    22     0     2   -11.0  -35.410  -61.304    452.6    956.8
     5     1    19     8    31    22     0     2   -11.0  -36.774  -63.006   1422.1    844.3
     1     1    19     8    31    21     0     3   -12.0  -34.795  -59.630      8.1   1012.7
     2     1    19     8    31    21     0     3   -12.0  -35.034  -60.314    156.2    996.3
     3     1    19     8    31    21     0     3   -12.0  -35.156  -60.728    288.7    976.4
     4     1    19     8    31    21     0     3   -12.0  -35.482  -61.453    486.5    952.9
     5     1    19     8    31    21     0     3   -12.0  -36.913  -63.319   1332.7    850.7
     1     1    19     8    31    20     0     2   -13.0  -34.842  -59.725      9.0   1012.7
     2     1    19     8    31    20     0     2   -13.0  -35.136  -60.438    170.7    993.1
     3     1    19     8    31    20     0     2   -13.0  -35.260  -60.841    305.0    974.4
     4     1    19     8    31    20     0     2   -13.0  -35.562  -61.617    529.1    946.0
     5     1    19     8    31    20     0     2   -13.0  -37.047  -63.615   1271.6    861.2
     1     1    19     8    31    19     0     1   -14.0  -34.892  -59.841      9.8   1012.8
     2     1    19     8    31    19     0     1   -14.0  -35.233  -60.582    190.6    989.3
     3     1    19     8    31    19     0     1   -14.0  -35.365  -60.982    335.4    970.1
     4     1    19     8    31    19     0     1   -14.0  -35.650  -61.794    547.5    942.6
     5     1    19     8    31    19     0     1   -14.0  -37.192  -63.911   1280.6    860.9
     1     1    19     8    31    18     0     0   -15.0  -34.946  -59.981     10.8   1012.8
     2     1    19     8    31    18     0     0   -15.0  -35.333  -60.749    218.9    984.9
     3     1    19     8    31    18     0     0   -15.0  -35.479  -61.148    380.6    964.7
     4     1    19     8    31    18     0     0   -15.0  -35.754  -61.974    519.9    945.0
     5     1    19     8    31    18     0     0   -15.0  -37.353  -64.220   1335.8    848.7
     1     1    19     8    31    17     0     1   -16.0  -35.008  -60.125     11.9   1012.2
     2     1    19     8    31    17     0     1   -16.0  -35.446  -60.916    249.3    980.1
     3     1    19     8    31    17     0     1   -16.0  -35.601  -61.316    419.7    959.1
     4     1    19     8    31    17     0     1   -16.0  -35.866  -62.146    474.1    954.9
     5     1    19     8    31    17     0     1   -16.0  -37.517  -64.558   1365.8    835.8
     1     1    19     8    31    16     0     2   -17.0  -35.079  -60.248     12.6   1011.9
     2     1    19     8    31    16     0     2   -17.0  -35.571  -61.065    271.0    977.5
     3     1    19     8    31    16     0     2   -17.0  -35.731  -61.465    440.6    957.6
     4     1    19     8    31    16     0     2   -17.0  -35.978  -62.298    447.0    959.3
     5     1    19     8    31    16     0     2   -17.0  -37.678  -64.917   1365.7    834.8
     1     1    19     8    31    15     0     3   -18.0  -35.159  -60.349     12.5   1011.9
     2     1    19     8    31    15     0     3   -18.0  -35.702  -61.195    283.2    976.5
     3     1    19     8    31    15     0     3   -18.0  -35.868  -61.595    454.2    957.2
     4     1    19     8    31    15     0     3   -18.0  -36.086  -62.427    444.8    959.7
     5     1    19     8    31    15     0     3   -18.0  -37.836  -65.284   1386.5    835.4
     1     1    19     8    31    14     0     2   -19.0  -35.244  -60.435     12.2   1011.8
     2     1    19     8    31    14     0     2   -19.0  -35.849  -61.321    293.1    975.8
     3     1    19     8    31    14     0     2   -19.0  -36.025  -61.720    467.3    955.2
     4     1    19     8    31    14     0     2   -19.0  -36.204  -62.547    457.7    955.4
     5     1    19     8    31    14     0     2   -19.0  -37.976  -65.646   1423.6    833.8
     1     1    19     8    31    13     0     1   -20.0  -35.333  -60.514     12.3   1011.4
     2     1    19     8    31    13     0     1   -20.0  -36.026  -61.456    306.7    973.5
     3     1    19     8    31    13     0     1   -20.0  -36.213  -61.850    481.9    952.0
     4     1    19     8    31    13     0     1   -20.0  -36.351  -62.674    471.5    952.3
     5     1    19     8    31    13     0     1   -20.0  -38.101  -65.993   1469.1    832.2
     1     1    19     8    31    12     0     0   -21.0  -35.423  -60.588     13.3   1010.9
     2     1    19     8    31    12     0     0   -21.0  -36.230  -61.596    322.2    969.8
     3     1    19     8    31    12     0     0   -21.0  -36.435  -61.985    501.3    948.0
     4     1    19     8    31    12     0     0   -21.0  -36.530  -62.809    484.3    949.2
     5     1    19     8    31    12     0     0   -21.0  -38.237  -66.333   1521.1    822.5
     1     1    19     8    31    11     0     1   -22.0  -35.508  -60.667     14.6   1009.9
     2     1    19     8    31    11     0     1   -22.0  -36.437  -61.746    336.2    965.9
     3     1    19     8    31    11     0     1   -22.0  -36.668  -62.133    521.1    942.9
     4     1    19     8    31    11     0     1   -22.0  -36.727  -62.962    495.9    946.1
     5     1    19     8    31    11     0     1   -22.0  -38.395  -66.675   1564.8    813.1
     1     1    19     8    31    10     0     2   -23.0  -35.583  -60.758     15.4   1009.0
     2     1    19     8    31    10     0     2   -23.0  -36.629  -61.909    348.4    963.1
     3     1    19     8    31    10     0     2   -23.0  -36.893  -62.306    537.7    939.3
     4     1    19     8    31    10     0     2   -23.0  -36.926  -63.137    504.3    943.0
     5     1    19     8    31    10     0     2   -23.0  -38.556  -67.016   1586.2    808.5
     1     1    19     8    31     9     0     3   -24.0  -35.645  -60.861     15.6   1008.3
     2     1    19     8    31     9     0     3   -24.0  -36.819  -62.089    364.6    959.7
     3     1    19     8    31     9     0     3   -24.0  -37.119  -62.504    554.9    933.9
     4     1    19     8    31     9     0     3   -24.0  -37.131  -63.328    513.8    941.3
     5     1    19     8    31     9     0     3   -24.0  -38.707  -67.352   1559.2    807.9
     1     1    19     8    31     8     0     2   -25.0  -35.705  -60.960     15.5   1008.0
     2     1    19     8    31     8     0     2   -25.0  -37.012  -62.278    376.9    955.7
     3     1    19     8    31     8     0     2   -25.0  -37.346  -62.711    565.0    929.0
     4     1    19     8    31     8     0     2   -25.0  -37.337  -63.530    523.0    938.9
     5     1    19     8    31     8     0     2   -25.0  -38.838  -67.642   1472.3    818.4
     1     1    19     8    31     7     0     1   -26.0  -35.774  -61.036     15.5   1007.6
     2     1    19     8    31     7     0     1   -26.0  -37.203  -62.463    375.2    951.7
     3     1    19     8    31     7     0     1   -26.0  -37.569  -62.919    547.3    929.8
     4     1    19     8    31     7     0     1   -26.0  -37.545  -63.741    521.4    939.1
     5     1    19     8    31     7     0     1   -26.0  -38.946  -67.865   1367.1    829.5
     1     1    19     8    31     6     0     0   -27.0  -35.854  -61.084     15.4   1007.3
     2     1    19     8    31     6     0     0   -27.0  -37.385  -62.639    356.4    951.2
     3     1    19     8    31     6     0     0   -27.0  -37.787  -63.135    493.9    936.7
     4     1    19     8    31     6     0     0   -27.0  -37.754  -63.956    508.8    941.6
     5     1    19     8    31     6     0     0   -27.0  -39.029  -68.037   1266.2    838.8
     1     1    19     8    31     5     0     1   -28.0  -35.947  -61.119     15.6   1006.8
     2     1    19     8    31     5     0     1   -28.0  -37.565  -62.805    329.5    955.1
     3     1    19     8    31     5     0     1   -28.0  -38.001  -63.343    430.5    947.1
     4     1    19     8    31     5     0     1   -28.0  -37.956  -64.163    472.7    942.1
     5     1    19     8    31     5     0     1   -28.0  -39.124  -68.185   1195.3    842.6
     1     1    19     8    31     4     0     2   -29.0  -36.051  -61.157     16.9   1005.9
     2     1    19     8    31     4     0     2   -29.0  -37.764  -62.958    309.4    958.5
     3     1    19     8    31     4     0     2   -29.0  -38.214  -63.534    381.7    957.2
     4     1    19     8    31     4     0     2   -29.0  -38.146  -64.354    425.1    949.5
     5     1    19     8    31     4     0     2   -29.0  -39.274  -68.339   1182.4    836.8
     1     1    19     8    31     3     0     3   -30.0  -36.168  -61.195     20.2   1004.5
     2     1    19     8    31     3     0     3   -30.0  -37.994  -63.109    302.4    959.7
     3     1    19     8    31     3     0     3   -30.0  -38.417  -63.711    346.5    964.1
     4     1    19     8    31     3     0     3   -30.0  -38.325  -64.516    406.7    952.7
     5     1    19     8    31     3     0     3   -30.0  -39.471  -68.510   1219.1    823.1
     1     1    19     8    31     2     0     2   -31.0  -36.294  -61.245     25.8   1002.7
     2     1    19     8    31     2     0     2   -31.0  -38.224  -63.275    305.6    964.2
     3     1    19     8    31     2     0     2   -31.0  -38.613  -63.876    343.0    968.8
     4     1    19     8    31     2     0     2   -31.0  -38.503  -64.665    438.1    950.5
     5     1    19     8    31     2     0     2   -31.0  -39.701  -68.708   1270.4    805.4
     1     1    19     8    31     1     0     1   -32.0  -36.422  -61.323     31.9   1001.0
     2     1    19     8    31     1     0     1   -32.0  -38.431  -63.447    313.6    967.9
     3     1    19     8    31     1     0     1   -32.0  -38.820  -64.050    409.5    963.5
     4     1    19     8    31     1     0     1   -32.0  -38.690  -64.846    531.6    939.5
     5     1    19     8    31     1     0     1   -32.0  -39.951  -68.929   1314.5    791.0
     1     1    19     8    31     0     0     0   -33.0  -36.557  -61.428     37.6    999.6
     2     1    19     8    31     0     0     0   -33.0  -38.643  -63.610    341.8    968.8
     3     1    19     8    31     0     0     0   -33.0  -39.039  -64.264    583.4    944.7
     4     1    19     8    31     0     0     0   -33.0  -38.880  -65.083    678.6    923.6
     5     1    19     8    31     0     0     0   -33.0  -40.210  -69.180   1349.0    780.8
     1     1    19     8    30    23     0     1   -34.0  -36.688  -61.548     43.9    997.2
     2     1    19     8    30    23     0     1   -34.0  -38.853  -63.782    391.3    962.8
     3     1    19     8    30    23     0     1   -34.0  -39.226  -64.510    801.5    909.6
     4     1    19     8    30    23     0     1   -34.0  -39.064  -65.337    841.9    901.5
     5     1    19     8    30    23     0     1   -34.0  -40.492  -69.481   1343.3    770.6
     1     1    19     8    30    22     0     2   -35.0  -36.805  -61.679     52.3    994.6
     2     1    19     8    30    22     0     2   -35.0  -39.034  -63.979    439.0    955.1
     3     1    19     8    30    22     0     2   -35.0  -39.375  -64.752    948.3    890.3
     4     1    19     8    30    22     0     2   -35.0  -39.237  -65.572    978.4    882.7
     5     1    19     8    30    22     0     2   -35.0  -40.795  -69.813   1276.5    763.6
     1     1    19     8    30    21     0     3   -36.0  -36.912  -61.831     64.7    991.3
     2     1    19     8    30    21     0     3   -36.0  -39.175  -64.190    461.8    949.2
     3     1    19     8    30    21     0     3   -36.0  -39.501  -64.979    991.9    882.5
     4     1    19     8    30    21     0     3   -36.0  -39.402  -65.804   1123.2    870.2
     5     1    19     8    30    21     0     3   -36.0  -41.088  -70.155   1205.0    765.6
     1     1    19     8    30    20     0     2   -37.0  -37.013  -62.005     85.2    988.1
     2     1    19     8    30    20     0     2   -37.0  -39.294  -64.405    475.1    949.5
     3     1    19     8    30    20     0     2   -37.0  -39.620  -65.197    987.3    889.0
     4     1    19     8    30    20     0     2   -37.0  -39.564  -66.052   1294.1    845.9
     5     1    19     8    30    20     0     2   -37.0  -41.360  -70.520   1264.7    773.4
     1     1    19     8    30    19     0     1   -38.0  -37.108  -62.201    112.1    981.8
     2     1    19     8    30    19     0     1   -38.0  -39.410  -64.625    495.5    945.1
     3     1    19     8    30    19     0     1   -38.0  -39.746  -65.423   1002.3    885.9
     4     1    19     8    30    19     0     1   -38.0  -39.731  -66.318   1436.9    829.4
     5     1    19     8    30    19     0     1   -38.0  -41.679  -70.932   1516.8    752.4
     1     1    19     8    30    18     0     0   -39.0  -37.191  -62.412    137.1    977.8
     2     1    19     8    30    18     0     0   -39.0  -39.520  -64.847    509.5    942.9
     3     1    19     8    30    18     0     0   -39.0  -39.868  -65.664   1047.9    878.7
     4     1    19     8    30    18     0     0   -39.0  -39.902  -66.591   1566.8    818.7
     5     1    19     8    30    18     0     0   -39.0  -42.051  -71.391   1811.2    715.2
     1     1    19     8    30    17     0     1   -40.0  -37.276  -62.608    157.4    975.1
     2     1    19     8    30    17     0     1   -40.0  -39.632  -65.052    523.8    942.2
     3     1    19     8    30    17     0     1   -40.0  -40.000  -65.899   1108.4    867.5
     4     1    19     8    30    17     0     1   -40.0  -40.075  -66.847   1642.3    801.0
     5     1    19     8    30    17     0     1   -40.0  -42.401  -71.934   2007.7    689.9
     1     1    19     8    30    16     0     2   -41.0  -37.371  -62.759    172.2    973.4
     2     1    19     8    30    16     0     2   -41.0  -39.761  -65.224    540.6    938.7
     3     1    19     8    30    16     0     2   -41.0  -40.162  -66.108   1109.1    857.3
     4     1    19     8    30    16     0     2   -41.0  -40.250  -67.071   1629.7    792.1
     5     1    19     8    30    16     0     2   -41.0  -42.685  -72.500   2167.2    727.8
     1     1    19     8    30    15     0     3   -42.0  -37.475  -62.864    182.0    972.5
     2     1    19     8    30    15     0     3   -42.0  -39.918  -65.376    549.7    936.1
     3     1    19     8    30    15     0     3   -42.0  -40.358  -66.301   1050.3    862.5
     4     1    19     8    30    15     0     3   -42.0  -40.433  -67.272   1573.1    783.3
     5     1    19     8    30    15     0     3   -42.0  -42.895  -72.970   2228.1    763.1
     1     1    19     8    30    14     0     2   -43.0  -37.602  -62.961    185.3    972.1
     2     1    19     8    30    14     0     2   -43.0  -40.119  -65.540    561.9    933.9
     3     1    19     8    30    14     0     2   -43.0  -40.607  -66.507   1056.7    855.9
     4     1    19     8    30    14     0     2   -43.0  -40.656  -67.483   1550.8    776.8
     5     1    19     8    30    14     0     2   -43.0  -43.059  -73.353   2152.5    773.1
     1     1    19     8    30    13     0     1   -44.0  -37.764  -63.090    174.9    972.9
     2     1    19     8    30    13     0     1   -44.0  -40.394  -65.748    595.7    924.7
     3     1    19     8    30    13     0     1   -44.0  -40.930  -66.738   1228.1    819.4
     4     1    19     8    30    13     0     1   -44.0  -40.931  -67.741   1606.1    756.9
     5     1    19     8    30    13     0     1   -44.0  -43.251  -73.723   2084.2    775.8
     1     1    19     8    30    12     0     0   -45.0  -37.949  -63.263    149.5    976.1
     2     1    19     8    30    12     0     0   -45.0  -40.776  -65.988    689.2    906.1
     3     1    19     8    30    12     0     0   -45.0  -41.272  -66.980   1408.6    771.5
     4     1    19     8    30    12     0     0   -45.0  -41.244  -68.036   1679.7    731.0
     5     1    19     8    30    12     0     0   -45.0  -43.469  -74.080   2058.1    782.3
     1     1    19     8    30    11     0     1   -46.0  -38.113  -63.474    123.7    983.4
     2     1    19     8    30    11     0     1   -46.0  -41.215  -66.265    849.7    868.8
     3     1    19     8    30    11     0     1   -46.0  -41.633  -67.258   1468.9    757.7
     4     1    19     8    30    11     0     1   -46.0  -41.565  -68.358   1764.6    707.8
     5     1    19     8    30    11     0     1   -46.0  -43.681  -74.449   2073.6    787.9
     1     1    19     8    30    10     0     2   -47.0  -38.238  -63.710    108.5    987.5
     2     1    19     8    30    10     0     2   -47.0  -41.664  -66.616    965.9    831.6
     3     1    19     8    30    10     0     2   -47.0  -42.017  -67.592   1463.0    745.1
     4     1    19     8    30    10     0     2   -47.0  -41.876  -68.717   1851.6    682.7
     5     1    19     8    30    10     0     2   -47.0  -43.881  -74.858   2091.7    785.2
     1     1    19     8    30     9     0     3   -48.0  -38.337  -63.972    103.1    989.4
     2     1    19     8    30     9     0     3   -48.0  -42.125  -67.038    942.2    830.2
     3     1    19     8    30     9     0     3   -48.0  -42.413  -67.996   1476.5    738.5
     4     1    19     8    30     9     0     3   -48.0  -42.214  -69.124   1891.1    683.4
     5     1    19     8    30     9     0     3   -48.0  -44.091  -75.287   2065.7    787.1
     1     1    19     8    30     8     0     2   -49.0  -38.432  -64.252    101.2    986.6
     2     1    19     8    30     8     0     2   -49.0  -42.569  -67.597    960.5    835.0
     3     1    19     8    30     8     0     2   -49.0  -42.825  -68.509   1466.4    751.1
     4     1    19     8    30     8     0     2   -49.0  -42.592  -69.633   1861.2    708.6
     5     1    19     8    30     8     0     2   -49.0  -44.315  -75.706   2039.8    794.2
     1     1    19     8    30     7     0     1   -50.0  -38.538  -64.537     97.5    984.3
     2     1    19     8    30     7     0     1   -50.0  -43.012  -68.256   1075.8    804.1
     3     1    19     8    30     7     0     1   -50.0  -43.244  -69.180   1391.6    771.2
     4     1    19     8    30     7     0     1   -50.0  -42.959  -70.311   1844.6    721.9
     5     1    19     8    30     7     0     1   -50.0  -44.548  -76.108   2066.2    791.8
     1     1    19     8    30     6     0     0   -51.0  -38.653  -64.832     90.9    983.0
     2     1    19     8    30     6     0     0   -51.0  -43.434  -69.027   1172.9    804.3
     3     1    19     8    30     6     0     0   -51.0  -43.641  -69.945   1645.0    730.3
     4     1    19     8    30     6     0     0   -51.0  -43.260  -71.140   2031.9    703.2
     5     1    19     8    30     6     0     0   -51.0  -44.807  -76.498   2133.5    783.1
     1     1    19     8    30     5     0     1   -52.0  -38.773  -65.136     86.0    983.2
     2     1    19     8    30     5     0     1   -52.0  -43.835  -69.845   1551.6    741.4
     3     1    19     8    30     5     0     1   -52.0  -44.025  -70.555   2127.0    675.7
     4     1    19     8    30     5     0     1   -52.0  -43.492  -72.040   2438.8    660.3
     5     1    19     8    30     5     0     1   -52.0  -45.111  -76.892   2192.4    775.5
     1     1    19     8    30     4     0     2   -53.0  -38.904  -65.459     93.9    982.1
     2     1    19     8    30     4     0     2   -53.0  -44.242  -70.417   2061.6    681.8
     3     1    19     8    30     4     0     2   -53.0  -44.407  -71.207   2237.3    679.0
     4     1    19     8    30     4     0     2   -53.0  -43.673  -72.803   2911.8    660.1
     5     1    19     8    30     4     0     2   -53.0  -45.421  -77.332   2211.3    773.6
     1     1    19     8    30     3     0     3   -54.0  -39.055  -65.836    111.5    978.3
     2     1    19     8    30     3     0     3   -54.0  -44.653  -71.039   2093.6    693.5
     3     1    19     8    30     3     0     3   -54.0  -44.729  -72.023   2507.2    658.5
     4     1    19     8    30     3     0     3   -54.0  -43.807  -73.413   2981.0    678.6
     5     1    19     8    30     3     0     3   -54.0  -45.744  -77.819   2203.4    774.6
     1     1    19     8    30     2     0     2   -55.0  -39.211  -66.276    133.9    972.9
     2     1    19     8    30     2     0     2   -55.0  -44.996  -71.843   2161.2    689.3
     3     1    19     8    30     2     0     2   -55.0  -45.022  -72.869   2939.9    637.8
     4     1    19     8    30     2     0     2   -55.0  -43.952  -73.985   2945.2    701.4
     5     1    19     8    30     2     0     2   -55.0  -46.104  -78.326   2197.4    775.0
     1     1    19     8    30     1     0     1   -56.0  -39.374  -66.752    169.9    966.8
     2     1    19     8    30     1     0     1   -56.0  -45.260  -72.734   2538.8    662.2
     3     1    19     8    30     1     0     1   -56.0  -45.303  -73.621   3268.2    632.2
     4     1    19     8    30     1     0     1   -56.0  -44.115  -74.520   2837.6    712.5
     5     1    19     8    30     1     0     1   -56.0  -46.463  -78.860   2212.9    772.7
     1     1    19     8    30     0     0     0   -57.0  -39.559  -67.266    255.2    950.1
     2     1    19     8    30     0     0     0   -57.0  -45.486  -73.498   2830.5    662.6
     3     1    19     8    30     0     0     0   -57.0  -45.604  -74.294   3478.1    632.2
     4     1    19     8    30     0     0     0   -57.0  -44.300  -75.038   2744.0    722.1
     5     1    19     8    30     0     0     0   -57.0  -46.800  -79.406   2233.7    770.3
     1     1    19     8    29    23     0     1   -58.0  -39.725  -67.828    411.6    908.4
     2     1    19     8    29    23     0     1   -58.0  -45.728  -74.163   3021.9    668.0
     3     1    19     8    29    23     0     1   -58.0  -45.921  -74.948   3523.6    630.9
     4     1    19     8    29    23     0     1   -58.0  -44.514  -75.565   2683.8    727.7
     5     1    19     8    29    23     0     1   -58.0  -47.155  -79.951   2292.2    764.4
     1     1    19     8    29    22     0     2   -59.0  -39.841  -68.361    529.2    874.4
     2     1    19     8    29    22     0     2   -59.0  -45.985  -74.786   2989.6    666.0
     3     1    19     8    29    22     0     2   -59.0  -46.258  -75.589   3499.8    643.3
     4     1    19     8    29    22     0     2   -59.0  -44.764  -76.122   2646.5    730.1
     5     1    19     8    29    22     0     2   -59.0  -47.522  -80.544   2348.5    755.1
     1     1    19     8    29    21     0     3   -60.0  -39.910  -68.878    552.9    861.2
     2     1    19     8    29    21     0     3   -60.0  -46.218  -75.364   2809.3    699.2
     3     1    19     8    29    21     0     3   -60.0  -46.618  -76.215   3456.5    655.5
     4     1    19     8    29    21     0     3   -60.0  -45.031  -76.694   2602.8    733.4
     5     1    19     8    29    21     0     3   -60.0  -47.889  -81.155   2355.4    754.4
     1     1    19     8    29    20     0     2   -61.0  -39.954  -69.415    600.2    872.7
     2     1    19     8    29    20     0     2   -61.0  -46.434  -75.928   2648.9    732.5
     3     1    19     8    29    20     0     2   -61.0  -46.981  -76.859   3427.2    656.7
     4     1    19     8    29    20     0     2   -61.0  -45.310  -77.283   2564.9    738.0
     5     1    19     8    29    20     0     2   -61.0  -48.274  -81.760   2342.3    757.6
     1     1    19     8    29    19     0     1   -62.0  -40.024  -69.990    812.4    863.5
     2     1    19     8    29    19     0     1   -62.0  -46.661  -76.518   2568.5    735.0
     3     1    19     8    29    19     0     1   -62.0  -47.349  -77.526   3412.7    657.6
     4     1    19     8    29    19     0     1   -62.0  -45.602  -77.892   2557.8    739.3
     5     1    19     8    29    19     0     1   -62.0  -48.666  -82.397   2332.1    758.0
     1     1    19     8    29    18     0     0   -63.0  -40.102  -70.651   1056.2    798.7
     2     1    19     8    29    18     0     0   -63.0  -46.907  -77.112   2522.3    739.8
     3     1    19     8    29    18     0     0   -63.0  -47.751  -78.198   3429.2    657.2
     4     1    19     8    29    18     0     0   -63.0  -45.911  -78.509   2580.4    735.7
     5     1    19     8    29    18     0     0   -63.0  -49.038  -83.041   2306.3    758.1
     1     1    19     8    29    17     0     1   -64.0  -40.152  -71.389   1153.9    771.0
     2     1    19     8    29    17     0     1   -64.0  -47.170  -77.717   2489.4    740.0
     3     1    19     8    29    17     0     1   -64.0  -48.172  -78.886   3465.3    651.1
     4     1    19     8    29    17     0     1   -64.0  -46.238  -79.120   2594.6    731.7
     5     1    19     8    29    17     0     1   -64.0  -49.433  -83.683   2278.5    764.1
     1     1    19     8    29    16     0     2   -65.0  -40.147  -71.986   1076.2    775.9
     2     1    19     8    29    16     0     2   -65.0  -47.448  -78.343   2432.1    744.2
     3     1    19     8    29    16     0     2   -65.0  -48.596  -79.587   3487.2    648.5
     4     1    19     8    29    16     0     2   -65.0  -46.589  -79.730   2583.7    733.6
     5     1    19     8    29    16     0     2   -65.0  -49.858  -84.360   2255.7    763.4
     1     1    19     8    29    15     0     3   -66.0  -40.102  -72.423    901.3    837.5
     2     1    19     8    29    15     0     3   -66.0  -47.759  -78.982   2340.3    753.2
     3     1    19     8    29    15     0     3   -66.0  -49.065  -80.293   3531.5    647.8
     4     1    19     8    29    15     0     3   -66.0  -46.974  -80.359   2600.2    735.4
     5     1    19     8    29    15     0     3   -66.0  -50.284  -85.073   2232.4    767.5
     1     1    19     8    29    14     0     2   -67.0  -40.033  -72.805    731.9    888.2
     2     1    19     8    29    14     0     2   -67.0  -48.101  -79.624   2266.2    764.5
     3     1    19     8    29    14     0     2   -67.0  -49.571  -81.027   3580.8    638.1
     4     1    19     8    29    14     0     2   -67.0  -47.396  -81.000   2656.4    726.8
     5     1    19     8    29    14     0     2   -67.0  -50.732  -85.840   2245.1    766.8
     1     1    19     8    29    13     0     1   -68.0  -39.952  -73.167    607.2    924.4
     2     1    19     8    29    13     0     1   -68.0  -48.443  -80.270   2246.6    762.5
     3     1    19     8    29    13     0     1   -68.0  -50.073  -81.795   3584.6    639.3
     4     1    19     8    29    13     0     1   -68.0  -47.851  -81.651   2687.6    721.7
     5     1    19     8    29    13     0     1   -68.0  -51.187  -86.646   2284.3    760.0
     1     1    19     8    29    12     0     0   -69.0  -39.900  -73.527    554.2    941.3
     2     1    19     8    29    12     0     0   -69.0  -48.797  -80.930   2226.5    763.1
     3     1    19     8    29    12     0     0   -69.0  -50.601  -82.576   3601.1    637.5
     4     1    19     8    29    12     0     0   -69.0  -48.332  -82.345   2650.9    724.7
     5     1    19     8    29    12     0     0   -69.0  -51.617  -87.484   2320.6    755.5
     1     1    19     8    29    11     0     1   -70.0  -39.888  -73.889    540.7    953.0
     2     1    19     8    29    11     0     1   -70.0  -49.187  -81.610   2202.1    765.7
     3     1    19     8    29    11     0     1   -70.0  -51.162  -83.384   3638.7    632.8
     4     1    19     8    29    11     0     1   -70.0  -48.823  -83.072   2624.8    728.0
     5     1    19     8    29    11     0     1   -70.0  -52.069  -88.378   2337.8    753.4
     1     1    19     8    29    10     0     2   -71.0  -39.911  -74.263    538.4    956.1
     2     1    19     8    29    10     0     2   -71.0  -49.601  -82.297   2208.3    765.2
     3     1    19     8    29    10     0     2   -71.0  -51.690  -84.229   3639.4    633.3
     4     1    19     8    29    10     0     2   -71.0  -49.321  -83.822   2652.4    724.1
     5     1    19     8    29    10     0     2   -71.0  -52.502  -89.316   2328.9    754.6
     1     1    19     8    29     9     0     3   -72.0  -39.954  -74.659    536.2    956.2
     2     1    19     8    29     9     0     3   -72.0  -50.018  -82.983   2260.6    759.5
     3     1    19     8    29     9     0     3   -72.0  -52.231  -85.112   3665.1    630.5
     4     1    19     8    29     9     0     3   -72.0  -49.812  -84.582   2688.6    720.8
     5     1    19     8    29     9     0     3   -72.0  -52.929  -90.265   2324.7    754.7
