     7     1
    GDAS    19    10    29     0     0
    GDAS    19    11     1     0     0
    GDAS    19    11     8     0     0
    GDAS    19    11    15     0     0
    GDAS    19    11    22     0     0
    GDAS    19    11    29     0     0
    GDAS    19    12     1     0     0
     5 BACKWARD OMEGA   
    19    12     1     9  -34.572  -58.513    10.0
    19    12     1     9  -34.572  -58.513   200.0
    19    12     1     9  -34.572  -58.513   500.0
    19    12     1     9  -34.572  -58.513  1000.0
    19    12     1     9  -34.572  -58.513  2000.0
     1 PRESSURE
     1     1    19    12     1     9     0     3     0.0  -34.572  -58.513     10.0   1014.7
     2     1    19    12     1     9     0     3     0.0  -34.572  -58.513    200.0    992.7
     3     1    19    12     1     9     0     3     0.0  -34.572  -58.513    500.0    958.0
     4     1    19    12     1     9     0     3     0.0  -34.572  -58.513   1000.0    902.4
     5     1    19    12     1     9     0     3     0.0  -34.572  -58.513   2000.0    799.4
     1     1    19    12     1     8     0     2    -1.0  -34.638  -58.462     12.0   1013.7
     2     1    19    12     1     8     0     2    -1.0  -34.736  -58.380    230.8    989.6
     3     1    19    12     1     8     0     2    -1.0  -34.839  -58.374    554.5    952.5
     4     1    19    12     1     8     0     2    -1.0  -34.885  -58.544   1029.5    899.7
     5     1    19    12     1     8     0     2    -1.0  -34.968  -58.855   2043.9    794.9
     1     1    19    12     1     7     0     1    -2.0  -34.717  -58.393     16.1   1012.5
     2     1    19    12     1     7     0     1    -2.0  -34.922  -58.245    271.7    985.5
     3     1    19    12     1     7     0     1    -2.0  -35.147  -58.275    608.3    946.2
     4     1    19    12     1     7     0     1    -2.0  -35.182  -58.595   1057.2    896.9
     5     1    19    12     1     7     0     1    -2.0  -35.345  -59.239   2084.7    792.7
     1     1    19    12     1     6     0     0    -3.0  -34.811  -58.303     23.5   1011.3
     2     1    19    12     1     6     0     0    -3.0  -35.133  -58.122    316.9    979.3
     3     1    19    12     1     6     0     0    -3.0  -35.491  -58.223    655.8    940.1
     4     1    19    12     1     6     0     0    -3.0  -35.468  -58.690   1078.7    893.1
     5     1    19    12     1     6     0     0    -3.0  -35.729  -59.655   2157.0    781.9
     1     1    19    12     1     5     0     1    -4.0  -34.918  -58.192     33.7   1010.1
     2     1    19    12     1     5     0     1    -4.0  -35.368  -57.991    362.4    973.5
     3     1    19    12     1     5     0     1    -4.0  -35.878  -58.207    687.8    935.0
     4     1    19    12     1     5     0     1    -4.0  -35.745  -58.808   1069.4    892.3
     5     1    19    12     1     5     0     1    -4.0  -36.106  -60.099   2245.4    766.9
     1     1    19    12     1     4     0     2    -5.0  -35.031  -58.051     44.5   1009.3
     2     1    19    12     1     4     0     2    -5.0  -35.634  -57.844    411.2    968.4
     3     1    19    12     1     4     0     2    -5.0  -36.307  -58.234    713.6    933.4
     4     1    19    12     1     4     0     2    -5.0  -36.010  -58.902   1004.6    897.8
     5     1    19    12     1     4     0     2    -5.0  -36.457  -60.585   2368.6    755.0
     1     1    19    12     1     3     0     3    -6.0  -35.153  -57.869     55.9   1008.6
     2     1    19    12     1     3     0     3    -6.0  -35.942  -57.723    474.5    961.8
     3     1    19    12     1     3     0     3    -6.0  -36.783  -58.359    765.2    926.6
     4     1    19    12     1     3     0     3    -6.0  -36.284  -58.961    907.5    910.1
     5     1    19    12     1     3     0     3    -6.0  -36.828  -61.146   2544.0    736.4
     1     1    19    12     1     2     0     2    -7.0  -35.318  -57.679     56.2   1006.1
     2     1    19    12     1     2     0     2    -7.0  -36.326  -57.677    458.5    951.1
     3     1    19    12     1     2     0     2    -7.0  -37.253  -58.583    855.6    910.9
     4     1    19    12     1     2     0     2    -7.0  -36.612  -59.018    828.2    915.6
     5     1    19    12     1     2     0     2    -7.0  -37.218  -61.768   2675.3    712.0
     1     1    19    12     1     1     0     1    -8.0  -35.519  -57.512     42.5   1007.6
     2     1    19    12     1     1     0     1    -8.0  -36.775  -57.701    401.5    969.3
     3     1    19    12     1     1     0     1    -8.0  -37.672  -58.870    990.1    890.1
     4     1    19    12     1     1     0     1    -8.0  -36.999  -59.108    832.7    914.4
     5     1    19    12     1     1     0     1    -8.0  -37.587  -62.397   2733.2    702.3
     1     1    19    12     1     0     0     0    -9.0  -35.749  -57.317     26.8   1008.9
     2     1    19    12     1     0     0     0    -9.0  -37.260  -57.825    421.3    965.2
     3     1    19    12     1     0     0     0    -9.0  -38.062  -59.233   1145.2    867.2
     4     1    19    12     1     0     0     0    -9.0  -37.372  -59.278    947.1    894.6
     5     1    19    12     1     0     0     0    -9.0  -37.921  -62.971   2695.5    704.6
     1     1    19    11    30    23     0     1   -10.0  -36.006  -57.052     20.0   1010.3
     2     1    19    11    30    23     0     1   -10.0  -37.707  -58.087    485.0    942.0
     3     1    19    11    30    23     0     1   -10.0  -38.439  -59.646   1267.3    855.1
     4     1    19    11    30    23     0     1   -10.0  -37.705  -59.551   1084.3    868.5
     5     1    19    11    30    23     0     1   -10.0  -38.204  -63.450   2592.0    730.3
     1     1    19    11    30    22     0     2   -11.0  -36.274  -56.795     19.9   1007.7
     2     1    19    11    30    22     0     2   -11.0  -38.098  -58.452    518.5    933.9
     3     1    19    11    30    22     0     2   -11.0  -38.815  -60.085   1374.3    855.6
     4     1    19    11    30    22     0     2   -11.0  -38.022  -59.898   1201.7    855.7
     5     1    19    11    30    22     0     2   -11.0  -38.466  -63.904   2543.5    737.0
     1     1    19    11    30    21     0     3   -12.0  -36.539  -56.636     15.0   1006.7
     2     1    19    11    30    21     0     3   -12.0  -38.465  -58.891    538.2    940.0
     3     1    19    11    30    21     0     3   -12.0  -39.193  -60.569   1482.1    845.3
     4     1    19    11    30    21     0     3   -12.0  -38.340  -60.287   1348.7    848.5
     5     1    19    11    30    21     0     3   -12.0  -38.718  -64.342   2476.4    735.6
     1     1    19    11    30    20     0     2   -13.0  -36.801  -56.605      8.2   1007.6
     2     1    19    11    30    20     0     2   -13.0  -38.807  -59.363    594.8    941.7
     3     1    19    11    30    20     0     2   -13.0  -39.565  -61.104   1565.7    836.4
     4     1    19    11    30    20     0     2   -13.0  -38.651  -60.719   1464.0    835.0
     5     1    19    11    30    20     0     2   -13.0  -38.970  -64.747   2354.8    748.7
     1     1    19    11    30    19     0     1   -14.0  -37.047  -56.700      0.0   1006.6
     2     1    19    11    30    19     0     1   -14.0  -39.127  -59.837    708.2    931.5
     3     1    19    11    30    19     0     1   -14.0  -39.934  -61.681   1640.1    829.1
     4     1    19    11    30    19     0     1   -14.0  -38.955  -61.163   1490.5    841.3
     5     1    19    11    30    19     0     1   -14.0  -39.211  -65.126   2236.5    761.8
     1     1    19    11    30    18     0     0   -15.0  -37.277  -56.892      0.0   1005.9
     2     1    19    11    30    18     0     0   -15.0  -39.431  -60.320    832.8    913.0
     3     1    19    11    30    18     0     0   -15.0  -40.306  -62.259   1718.2    821.3
     4     1    19    11    30    18     0     0   -15.0  -39.258  -61.631   1638.9    845.5
     5     1    19    11    30    18     0     0   -15.0  -39.440  -65.494   2153.7    766.8
     1     1    19    11    30    17     0     1   -16.0  -37.503  -57.165      0.0   1005.5
     2     1    19    11    30    17     0     1   -16.0  -39.733  -60.802    932.0    902.6
     3     1    19    11    30    17     0     1   -16.0  -40.675  -62.831   1845.2    812.3
     4     1    19    11    30    17     0     1   -16.0  -39.566  -62.173   1871.2    799.1
     5     1    19    11    30    17     0     1   -16.0  -39.663  -65.867   2066.4    768.7
     1     1    19    11    30    16     0     2   -17.0  -37.732  -57.489      0.0   1001.7
     2     1    19    11    30    16     0     2   -17.0  -40.040  -61.282   1027.6    893.2
     3     1    19    11    30    16     0     2   -17.0  -41.033  -63.462   2093.0    790.2
     4     1    19    11    30    16     0     2   -17.0  -39.892  -62.741   1961.6    789.3
     5     1    19    11    30    16     0     2   -17.0  -39.884  -66.248   2019.9    778.6
     1     1    19    11    30    15     0     3   -18.0  -37.935  -57.840      0.0    995.2
     2     1    19    11    30    15     0     3   -18.0  -40.338  -61.768   1088.6    881.8
     3     1    19    11    30    15     0     3   -18.0  -41.404  -64.145   2455.3    749.2
     4     1    19    11    30    15     0     3   -18.0  -40.241  -63.328   1994.8    792.3
     5     1    19    11    30    15     0     3   -18.0  -40.108  -66.652   2008.8    768.3
     1     1    19    11    30    14     0     2   -19.0  -38.099  -58.184      0.0    994.1
     2     1    19    11    30    14     0     2   -19.0  -40.645  -62.257   1120.8    883.2
     3     1    19    11    30    14     0     2   -19.0  -41.812  -64.825   2717.1    710.3
     4     1    19    11    30    14     0     2   -19.0  -40.599  -63.981   2150.6    784.2
     5     1    19    11    30    14     0     2   -19.0  -40.361  -67.085   2004.7    754.6
     1     1    19    11    30    13     0     1   -20.0  -38.246  -58.508      0.0    996.6
     2     1    19    11    30    13     0     1   -20.0  -40.970  -62.762   1177.9    877.6
     3     1    19    11    30    13     0     1   -20.0  -42.254  -65.549   2784.4    692.7
     4     1    19    11    30    13     0     1   -20.0  -40.980  -64.703   2514.7    749.6
     5     1    19    11    30    13     0     1   -20.0  -40.695  -67.571   2065.1    724.4
     1     1    19    11    30    12     0     0   -21.0  -38.397  -58.822      0.0    998.9
     2     1    19    11    30    12     0     0   -21.0  -41.298  -63.273   1248.8    867.4
     3     1    19    11    30    12     0     0   -21.0  -42.724  -66.333   2854.1    687.8
     4     1    19    11    30    12     0     0   -21.0  -41.419  -65.492   2898.1    685.0
     5     1    19    11    30    12     0     0   -21.0  -41.199  -68.155   2235.7    686.3
     1     1    19    11    30    11     0     1   -22.0  -38.548  -59.136      0.0   1000.2
     2     1    19    11    30    11     0     1   -22.0  -41.641  -63.772   1320.8    859.6
     3     1    19    11    30    11     0     1   -22.0  -43.190  -67.159   2972.3    679.0
     4     1    19    11    30    11     0     1   -22.0  -41.929  -66.413   3070.2    644.0
     5     1    19    11    30    11     0     1   -22.0  -41.776  -68.921   2303.8    647.2
     1     1    19    11    30    10     0     2   -23.0  -38.696  -59.459      0.0   1000.7
     2     1    19    11    30    10     0     2   -23.0  -42.003  -64.223   1424.8    849.1
     3     1    19    11    30    10     0     2   -23.0  -43.634  -68.071   3055.1    638.5
     4     1    19    11    30    10     0     2   -23.0  -42.434  -67.434   3130.9    625.1
     5     1    19    11    30    10     0     2   -23.0  -42.360  -69.758   2432.4    659.7
     1     1    19    11    30     9     0     3   -24.0  -38.852  -59.795      0.0   1001.7
     2     1    19    11    30     9     0     3   -24.0  -42.386  -64.645   1548.6    830.8
     3     1    19    11    30     9     0     3   -24.0  -44.074  -68.946   2790.2    666.3
     4     1    19    11    30     9     0     3   -24.0  -42.926  -68.548   3212.7    601.5
     5     1    19    11    30     9     0     3   -24.0  -42.936  -70.619   2641.6    653.4
     1     1    19    11    30     8     0     2   -25.0  -38.988  -60.124      0.0   1004.6
     2     1    19    11    30     8     0     2   -25.0  -42.791  -65.082   1574.7    820.7
     3     1    19    11    30     8     0     2   -25.0  -44.527  -69.692   2477.8    677.1
     4     1    19    11    30     8     0     2   -25.0  -43.437  -69.529   3036.6    624.3
     5     1    19    11    30     8     0     2   -25.0  -43.488  -71.610   2879.6    622.7
     1     1    19    11    30     7     0     1   -26.0  -39.071  -60.423      0.0   1005.0
     2     1    19    11    30     7     0     1   -26.0  -43.236  -65.567   1523.6    822.3
     3     1    19    11    30     7     0     1   -26.0  -44.982  -70.459   2133.6    701.4
     4     1    19    11    30     7     0     1   -26.0  -43.940  -70.521   3325.6    572.6
     5     1    19    11    30     7     0     1   -26.0  -43.917  -72.788   3318.4    614.4
     1     1    19    11    30     6     0     0   -27.0  -39.117  -60.699      0.0   1004.5
     2     1    19    11    30     6     0     0   -27.0  -43.697  -66.079   1497.8    812.9
     3     1    19    11    30     6     0     0   -27.0  -45.413  -71.402   1938.6    714.6
     4     1    19    11    30     6     0     0   -27.0  -44.474  -71.531   3260.5    598.7
     5     1    19    11    30     6     0     0   -27.0  -44.232  -73.799   3426.4    647.2
     1     1    19    11    30     5     0     1   -28.0  -39.156  -60.941      0.0   1004.3
     2     1    19    11    30     5     0     1   -28.0  -44.137  -66.608   1425.5    813.8
     3     1    19    11    30     5     0     1   -28.0  -45.796  -72.503   2516.1    641.9
     4     1    19    11    30     5     0     1   -28.0  -44.934  -72.748   3622.9    576.3
     5     1    19    11    30     5     0     1   -28.0  -44.529  -74.689   3472.0    652.0
     1     1    19    11    30     4     0     2   -29.0  -39.192  -61.138      0.0   1004.3
     2     1    19    11    30     4     0     2   -29.0  -44.548  -67.189   1130.4    837.9
     3     1    19    11    30     4     0     2   -29.0  -46.118  -73.569   2781.0    660.1
     4     1    19    11    30     4     0     2   -29.0  -45.317  -73.873   3824.8    594.8
     5     1    19    11    30     4     0     2   -29.0  -44.805  -75.524   3467.1    656.5
     1     1    19    11    30     3     0     3   -30.0  -39.224  -61.301      0.0   1004.5
     2     1    19    11    30     3     0     3   -30.0  -44.933  -67.863    896.5    854.4
     3     1    19    11    30     3     0     3   -30.0  -46.321  -74.348   2647.5    707.6
     4     1    19    11    30     3     0     3   -30.0  -45.639  -74.882   3802.5    613.7
     5     1    19    11    30     3     0     3   -30.0  -45.060  -76.323   3414.1    661.7
     1     1    19    11    30     2     0     2   -31.0  -39.270  -61.480      0.0   1003.5
     2     1    19    11    30     2     0     2   -31.0  -45.281  -68.682    751.6    864.7
     3     1    19    11    30     2     0     2   -31.0  -46.458  -75.007   2498.1    730.7
     4     1    19    11    30     2     0     2   -31.0  -45.946  -75.837   3713.9    631.5
     5     1    19    11    30     2     0     2   -31.0  -45.336  -77.124   3379.8    664.4
     1     1    19    11    30     1     0     1   -32.0  -39.337  -61.715      0.0   1002.3
     2     1    19    11    30     1     0     1   -32.0  -45.538  -69.455    497.2    887.4
     3     1    19    11    30     1     0     1   -32.0  -46.588  -75.638   2384.9    748.2
     4     1    19    11    30     1     0     1   -32.0  -46.255  -76.752   3646.0    639.3
     5     1    19    11    30     1     0     1   -32.0  -45.631  -77.936   3369.2    664.4
     1     1    19    11    30     0     0     0   -33.0  -39.400  -61.989      0.0   1000.8
     2     1    19    11    30     0     0     0   -33.0  -45.679  -70.190    276.8    907.6
     3     1    19    11    30     0     0     0   -33.0  -46.730  -76.273   2290.7    759.9
     4     1    19    11    30     0     0     0   -33.0  -46.563  -77.635   3601.4    642.5
     5     1    19    11    30     0     0     0   -33.0  -45.932  -78.746   3338.1    666.1
     1     1    19    11    29    23     0     1   -34.0  -39.459  -62.279      0.0    999.8
     2     1    19    11    29    23     0     1   -34.0  -45.723  -71.001    474.1    862.1
     3     1    19    11    29    23     0     1   -34.0  -46.885  -76.927   2216.8    766.6
     4     1    19    11    29    23     0     1   -34.0  -46.879  -78.535   3576.0    644.0
     5     1    19    11    29    23     0     1   -34.0  -46.238  -79.591   3295.4    670.4
     1     1    19    11    29    22     0     2   -35.0  -39.536  -62.599      0.0    998.3
     2     1    19    11    29    22     0     2   -35.0  -45.771  -71.816    945.1    783.4
     3     1    19    11    29    22     0     2   -35.0  -47.051  -77.591   2170.0    771.4
     4     1    19    11    29    22     0     2   -35.0  -47.195  -79.468   3548.1    646.4
     5     1    19    11    29    22     0     2   -35.0  -46.520  -80.448   3266.5    671.7
     1     1    19    11    29    21     0     3   -36.0  -39.629  -63.022      0.0    995.8
     2     1    19    11    29    21     0     3   -36.0  -45.838  -72.638   1269.4    751.2
     3     1    19    11    29    21     0     3   -36.0  -47.231  -78.268   2154.8    772.2
     4     1    19    11    29    21     0     3   -36.0  -47.496  -80.389   3509.9    649.6
     5     1    19    11    29    21     0     3   -36.0  -46.765  -81.298   3202.2    678.3
     1     1    19    11    29    20     0     2   -37.0  -39.743  -63.546      0.3    993.0
     2     1    19    11    29    20     0     2   -37.0  -45.865  -73.269    947.5    824.6
     3     1    19    11    29    20     0     2   -37.0  -47.424  -78.955   2136.7    773.5
     4     1    19    11    29    20     0     2   -37.0  -47.777  -81.309   3475.4    652.3
     5     1    19    11    29    20     0     2   -37.0  -47.006  -82.154   3148.4    682.3
     1     1    19    11    29    19     0     1   -38.0  -39.871  -64.097      3.2    990.5
     2     1    19    11    29    19     0     1   -38.0  -45.900  -73.725    730.9    876.5
     3     1    19    11    29    19     0     1   -38.0  -47.626  -79.629   2118.1    774.9
     4     1    19    11    29    19     0     1   -38.0  -48.057  -82.222   3441.4    654.6
     5     1    19    11    29    19     0     1   -38.0  -47.247  -82.988   3111.1    685.4
     1     1    19    11    29    18     0     0   -39.0  -40.012  -64.672      9.5    988.7
     2     1    19    11    29    18     0     0   -39.0  -45.970  -74.136    713.4    893.3
     3     1    19    11    29    18     0     0   -39.0  -47.839  -80.293   2098.3    776.4
     4     1    19    11    29    18     0     0   -39.0  -48.327  -83.117   3392.5    658.4
     5     1    19    11    29    18     0     0   -39.0  -47.468  -83.785   3074.1    687.8
     1     1    19    11    29    17     0     1   -40.0  -40.171  -65.261     25.8    983.8
     2     1    19    11    29    17     0     1   -40.0  -46.069  -74.512    594.2    907.9
     3     1    19    11    29    17     0     1   -40.0  -48.075  -80.952   2092.4    776.9
     4     1    19    11    29    17     0     1   -40.0  -48.579  -83.984   3351.1    662.3
     5     1    19    11    29    17     0     1   -40.0  -47.687  -84.563   3042.7    691.3
     1     1    19    11    29    16     0     2   -41.0  -40.337  -65.886     87.5    966.1
     2     1    19    11    29    16     0     2   -41.0  -46.187  -74.847    255.9    952.5
     3     1    19    11    29    16     0     2   -41.0  -48.327  -81.599   2095.8    775.7
     4     1    19    11    29    16     0     2   -41.0  -48.825  -84.816   3336.3    663.1
     5     1    19    11    29    16     0     2   -41.0  -47.917  -85.324   3050.3    689.8
     1     1    19    11    29    15     0     3   -42.0  -40.504  -66.593    271.0    926.8
     2     1    19    11    29    15     0     3   -42.0  -46.308  -75.129      0.0    990.2
     3     1    19    11    29    15     0     3   -42.0  -48.598  -82.242   2095.5    775.5
     4     1    19    11    29    15     0     3   -42.0  -49.059  -85.608   3329.3    663.7
     5     1    19    11    29    15     0     3   -42.0  -48.160  -86.065   3055.9    688.8
     1     1    19    11    29    14     0     2   -43.0  -40.688  -67.428    576.4    863.1
     2     1    19    11    29    14     0     2   -43.0  -46.445  -75.430      0.0    997.1
     3     1    19    11    29    14     0     2   -43.0  -48.874  -82.882   2092.0    775.2
     4     1    19    11    29    14     0     2   -43.0  -49.285  -86.381   3330.6    662.7
     5     1    19    11    29    14     0     2   -43.0  -48.377  -86.792   3046.6    689.2
     1     1    19    11    29    13     0     1   -44.0  -40.859  -68.417    797.1    806.4
     2     1    19    11    29    13     0     1   -44.0  -46.610  -75.778      0.0   1002.5
     3     1    19    11    29    13     0     1   -44.0  -49.152  -83.520   2088.9    774.9
     4     1    19    11    29    13     0     1   -44.0  -49.493  -87.143   3310.5    664.4
     5     1    19    11    29    13     0     1   -44.0  -48.577  -87.527   3037.4    690.2
     1     1    19    11    29    12     0     0   -45.0  -40.903  -69.347    370.5    843.4
     2     1    19    11    29    12     0     0   -45.0  -46.798  -76.165      0.0   1003.9
     3     1    19    11    29    12     0     0   -45.0  -49.438  -84.169   2091.0    774.3
     4     1    19    11    29    12     0     0   -45.0  -49.700  -87.905   3275.3    666.7
     5     1    19    11    29    12     0     0   -45.0  -48.788  -88.273   3042.1    689.1
     1     1    19    11    29    11     0     1   -46.0  -40.861  -70.079    109.1    878.9
     2     1    19    11    29    11     0     1   -46.0  -47.002  -76.574      0.0   1003.3
     3     1    19    11    29    11     0     1   -46.0  -49.723  -84.815   2104.4    772.6
     4     1    19    11    29    11     0     1   -46.0  -49.908  -88.648   3260.7    669.2
     5     1    19    11    29    11     0     1   -46.0  -48.965  -88.991   3055.3    687.8
     1     1    19    11    29    10     0     2   -47.0  -40.788  -70.691     62.7    881.2
     2     1    19    11    29    10     0     2   -47.0  -47.217  -76.998      0.0   1003.0
     3     1    19    11    29    10     0     2   -47.0  -50.007  -85.453   2123.5    770.4
     4     1    19    11    29    10     0     2   -47.0  -50.116  -89.374   3279.8    665.2
     5     1    19    11    29    10     0     2   -47.0  -49.147  -89.695   3057.5    687.4
     1     1    19    11    29     9     0     3   -48.0  -40.711  -71.189     72.9    880.9
     2     1    19    11    29     9     0     3   -48.0  -47.434  -77.429      0.0   1002.6
     3     1    19    11    29     9     0     3   -48.0  -50.300  -86.092   2132.4    768.3
     4     1    19    11    29     9     0     3   -48.0  -50.305  -90.066   3223.4    668.7
     5     1    19    11    29     9     0     3   -48.0  -49.356  -90.420   3048.3    688.1
     1     1    19    11    29     8     0     2   -49.0  -40.640  -71.556     69.1    879.2
     2     1    19    11    29     8     0     2   -49.0  -47.649  -77.848      0.1   1002.0
     3     1    19    11    29     8     0     2   -49.0  -50.593  -86.713   2123.2    769.0
     4     1    19    11    29     8     0     2   -49.0  -50.485  -90.742   3172.5    679.3
     5     1    19    11    29     8     0     2   -49.0  -49.547  -91.141   3050.8    689.1
     1     1    19    11    29     7     0     1   -50.0  -40.582  -71.780     45.6    883.9
     2     1    19    11    29     7     0     1   -50.0  -47.860  -78.249      0.4   1001.5
     3     1    19    11    29     7     0     1   -50.0  -50.871  -87.303   2097.3    771.0
     4     1    19    11    29     7     0     1   -50.0  -50.661  -91.407   3173.2    676.5
     5     1    19    11    29     7     0     1   -50.0  -49.716  -91.846   3059.4    686.4
     1     1    19    11    29     6     0     0   -51.0  -40.537  -71.913     22.0    887.3
     2     1    19    11    29     6     0     0   -51.0  -48.064  -78.650      0.8   1000.2
     3     1    19    11    29     6     0     0   -51.0  -51.137  -87.880   2053.7    775.0
     4     1    19    11    29     6     0     0   -51.0  -50.825  -92.033   3202.3    674.6
     5     1    19    11    29     6     0     0   -51.0  -49.882  -92.561   3063.0    686.7
     1     1    19    11    29     5     0     1   -52.0  -40.495  -71.995      6.8    889.2
     2     1    19    11    29     5     0     1   -52.0  -48.261  -79.023      1.2    999.7
     3     1    19    11    29     5     0     1   -52.0  -51.401  -88.433   2011.6    781.2
     4     1    19    11    29     5     0     1   -52.0  -50.984  -92.648   3234.7    669.4
     5     1    19    11    29     5     0     1   -52.0  -50.034  -93.283   3067.3    686.5
     1     1    19    11    29     4     0     2   -53.0  -40.449  -72.050      0.0    894.0
     2     1    19    11    29     4     0     2   -53.0  -48.457  -79.340      2.4    999.8
     3     1    19    11    29     4     0     2   -53.0  -51.676  -88.938   1979.4    783.6
     4     1    19    11    29     4     0     2   -53.0  -51.146  -93.272   3228.7    669.2
     5     1    19    11    29     4     0     2   -53.0  -50.181  -93.972   3041.7    686.6
     1     1    19    11    29     3     0     3   -54.0  -40.393  -72.097      0.0    898.3
     2     1    19    11    29     3     0     3   -54.0  -48.652  -79.622      4.7   1000.1
     3     1    19    11    29     3     0     3   -54.0  -51.967  -89.388   1952.2    786.8
     4     1    19    11    29     3     0     3   -54.0  -51.317  -93.874   3199.6    674.6
     5     1    19    11    29     3     0     3   -54.0  -50.330  -94.627   3025.2    694.4
     1     1    19    11    29     2     0     2   -55.0  -40.328  -72.141      0.0    902.7
     2     1    19    11    29     2     0     2   -55.0  -48.850  -79.883      6.8    999.9
     3     1    19    11    29     2     0     2   -55.0  -52.272  -89.801   1937.1    788.4
     4     1    19    11    29     2     0     2   -55.0  -51.481  -94.457   3177.2    676.4
     5     1    19    11    29     2     0     2   -55.0  -50.465  -95.276   3055.7    689.2
     1     1    19    11    29     1     0     1   -56.0  -40.251  -72.186      0.0    907.3
     2     1    19    11    29     1     0     1   -56.0  -49.055  -80.124      7.4    999.3
     3     1    19    11    29     1     0     1   -56.0  -52.581  -90.201   1931.3    787.7
     4     1    19    11    29     1     0     1   -56.0  -51.624  -95.031   3155.4    677.4
     5     1    19    11    29     1     0     1   -56.0  -50.582  -95.931   3066.3    684.3
     1     1    19    11    29     0     0     0   -57.0  -40.158  -72.232      0.0    911.8
     2     1    19    11    29     0     0     0   -57.0  -49.264  -80.344      7.3    998.1
     3     1    19    11    29     0     0     0   -57.0  -52.897  -90.595   1925.0    788.0
     4     1    19    11    29     0     0     0   -57.0  -51.747  -95.609   3139.4    679.9
     5     1    19    11    29     0     0     0   -57.0  -50.688  -96.593   3022.3    688.9
     1     1    19    11    28    23     0     1   -58.0  -40.062  -72.288      0.0    917.3
     2     1    19    11    28    23     0     1   -58.0  -49.462  -80.536      7.0    997.8
     3     1    19    11    28    23     0     1   -58.0  -53.226  -90.978   1919.8    788.8
     4     1    19    11    28    23     0     1   -58.0  -51.850  -96.179   3146.0    679.9
     5     1    19    11    28    23     0     1   -58.0  -50.770  -97.239   2985.1    696.8
     1     1    19    11    28    22     0     2   -59.0  -39.972  -72.365      0.0    925.8
     2     1    19    11    28    22     0     2   -59.0  -49.645  -80.690      6.6    997.8
     3     1    19    11    28    22     0     2   -59.0  -53.551  -91.321   1925.1    789.1
     4     1    19    11    28    22     0     2   -59.0  -51.925  -96.716   3154.4    677.5
     5     1    19    11    28    22     0     2   -59.0  -50.826  -97.863   3000.8    695.3
     1     1    19    11    28    21     0     3   -60.0  -39.890  -72.468      2.2    938.3
     2     1    19    11    28    21     0     3   -60.0  -49.817  -80.819      6.8    997.7
     3     1    19    11    28    21     0     3   -60.0  -53.869  -91.622   1953.0    787.0
     4     1    19    11    28    21     0     3   -60.0  -51.974  -97.223   3141.1    678.8
     5     1    19    11    28    21     0     3   -60.0  -50.852  -98.471   3043.3    689.9
     1     1    19    11    28    20     0     2   -61.0  -39.807  -72.587      7.1    951.2
     2     1    19    11    28    20     0     2   -61.0  -49.982  -80.919      8.1    996.7
     3     1    19    11    28    20     0     2   -61.0  -54.199  -91.902   1990.6    781.2
     4     1    19    11    28    20     0     2   -61.0  -52.008  -97.706   3129.3    681.8
     5     1    19    11    28    20     0     2   -61.0  -50.856  -99.061   3066.6    685.6
     1     1    19    11    28    19     0     1   -62.0  -39.719  -72.714     15.2    963.5
     2     1    19    11    28    19     0     1   -62.0  -50.142  -80.979     10.0    996.1
     3     1    19    11    28    19     0     1   -62.0  -54.536  -92.147   2010.7    778.4
     4     1    19    11    28    19     0     1   -62.0  -52.028  -98.157   3131.1    680.7
     5     1    19    11    28    19     0     1   -62.0  -50.849  -99.631   3079.7    687.5
     1     1    19    11    28    18     0     0   -63.0  -39.621  -72.856     34.8    975.0
     2     1    19    11    28    18     0     0   -63.0  -50.292  -81.003     11.9    995.5
     3     1    19    11    28    18     0     0   -63.0  -54.872  -92.344   2014.9    778.6
     4     1    19    11    28    18     0     0   -63.0  -52.035  -98.568   3131.7    680.3
     5     1    19    11    28    18     0     0   -63.0  -50.828 -100.186   3103.8    684.1
     1     1    19    11    28    17     0     1   -64.0  -39.519  -73.010     69.2    984.2
     2     1    19    11    28    17     0     1   -64.0  -50.431  -81.004     13.3    996.2
     3     1    19    11    28    17     0     1   -64.0  -55.207  -92.495   2019.3    779.3
     4     1    19    11    28    17     0     1   -64.0  -52.037  -98.959   3129.6    680.8
     5     1    19    11    28    17     0     1   -64.0  -50.795 -100.747   3144.5    682.4
     1     1    19    11    28    16     0     2   -65.0  -39.420  -73.150     94.3    985.0
     2     1    19    11    28    16     0     2   -65.0  -50.564  -80.987     13.6    996.9
     3     1    19    11    28    16     0     2   -65.0  -55.547  -92.596   2029.2    778.3
     4     1    19    11    28    16     0     2   -65.0  -52.032  -99.348   3124.7    681.3
     5     1    19    11    28    16     0     2   -65.0  -50.752 -101.335   3199.5    675.8
     1     1    19    11    28    15     0     3   -66.0  -39.329  -73.263     95.4    989.3
     2     1    19    11    28    15     0     3   -66.0  -50.698  -80.950     12.9    997.4
     3     1    19    11    28    15     0     3   -66.0  -55.895  -92.637   2036.3    777.2
     4     1    19    11    28    15     0     3   -66.0  -52.018  -99.731   3119.9    682.1
     5     1    19    11    28    15     0     3   -66.0  -50.682 -101.941   3223.7    672.1
     1     1    19    11    28    14     0     2   -67.0  -39.247  -73.350     87.8    994.6
     2     1    19    11    28    14     0     2   -67.0  -50.822  -80.898     12.4    997.7
     3     1    19    11    28    14     0     2   -67.0  -56.253  -92.632   2041.4    777.2
     4     1    19    11    28    14     0     2   -67.0  -51.997 -100.106   3115.6    682.0
     5     1    19    11    28    14     0     2   -67.0  -50.596 -102.567   3231.5    674.2
     1     1    19    11    28    13     0     1   -68.0  -39.170  -73.417     83.4    997.6
     2     1    19    11    28    13     0     1   -68.0  -50.919  -80.828     12.6    998.0
     3     1    19    11    28    13     0     1   -68.0  -56.627  -92.609   2055.6    776.1
     4     1    19    11    28    13     0     1   -68.0  -51.971 -100.483   3101.8    682.4
     5     1    19    11    28    13     0     1   -68.0  -50.504 -103.210   3267.2    671.6
     1     1    19    11    28    12     0     0   -69.0  -39.104  -73.463     83.1    999.4
     2     1    19    11    28    12     0     0   -69.0  -50.989  -80.733     13.3    998.3
     3     1    19    11    28    12     0     0   -69.0  -57.017  -92.574   2086.4    773.2
     4     1    19    11    28    12     0     0   -69.0  -51.928 -100.861   3065.5    684.9
     5     1    19    11    28    12     0     0   -69.0  -50.378 -103.860   3315.1    665.4
     1     1    19    11    28    11     0     1   -70.0  -39.057  -73.496     84.9    999.8
     2     1    19    11    28    11     0     1   -70.0  -51.044  -80.639     14.2    997.8
     3     1    19    11    28    11     0     1   -70.0  -57.414  -92.511   2112.2    768.5
     4     1    19    11    28    11     0     1   -70.0  -51.875 -101.227   3024.5    690.5
     5     1    19    11    28    11     0     1   -70.0  -50.235 -104.539   3337.7    662.3
     1     1    19    11    28    10     0     2   -71.0  -39.038  -73.532     86.0   1000.3
     2     1    19    11    28    10     0     2   -71.0  -51.094  -80.581     15.0    997.4
     3     1    19    11    28    10     0     2   -71.0  -57.803  -92.401   2109.2    768.9
     4     1    19    11    28    10     0     2   -71.0  -51.821 -101.562   3009.8    692.8
     5     1    19    11    28    10     0     2   -71.0  -50.096 -105.243   3349.9    663.6
     1     1    19    11    28     9     0     3   -72.0  -39.047  -73.571     86.7   1000.5
     2     1    19    11    28     9     0     3   -72.0  -51.139  -80.558     15.6    997.1
     3     1    19    11    28     9     0     3   -72.0  -58.184  -92.241   2080.2    772.1
     4     1    19    11    28     9     0     3   -72.0  -51.760 -101.860   3031.8    691.0
     5     1    19    11    28     9     0     3   -72.0  -49.937 -105.970   3372.1    661.5
