     5     1
    GDAS    19     4     1     0     0
    GDAS    19     4     8     0     0
    GDAS    19     4    15     0     0
    GDAS    19     4    22     0     0
    GDAS    19     4    29     0     0
     5 BACKWARD OMEGA   
    19     4    15    21  -34.572  -58.513    10.0
    19     4    15    21  -34.572  -58.513   200.0
    19     4    15    21  -34.572  -58.513   500.0
    19     4    15    21  -34.572  -58.513  1000.0
    19     4    15    21  -34.572  -58.513  2000.0
     1 PRESSURE
     1     1    19     4    15    21     0     3     0.0  -34.572  -58.513     10.0   1018.1
     2     1    19     4    15    21     0     3     0.0  -34.572  -58.513    200.0    994.9
     3     1    19     4    15    21     0     3     0.0  -34.572  -58.513    500.0    960.4
     4     1    19     4    15    21     0     3     0.0  -34.572  -58.513   1000.0    905.0
     5     1    19     4    15    21     0     3     0.0  -34.572  -58.513   2000.0    802.5
     1     1    19     4    15    20     0     2    -1.0  -34.641  -58.353     11.0   1017.5
     2     1    19     4    15    20     0     2    -1.0  -34.678  -58.198    212.2    993.2
     3     1    19     4    15    20     0     2    -1.0  -34.677  -58.137    518.6    958.2
     4     1    19     4    15    20     0     2    -1.0  -34.693  -58.230   1024.9    902.5
     5     1    19     4    15    20     0     2    -1.0  -34.594  -58.557   1990.6    804.0
     1     1    19     4    15    19     0     1    -2.0  -34.711  -58.175     11.7   1017.4
     2     1    19     4    15    19     0     1    -2.0  -34.788  -57.883    221.8    992.7
     3     1    19     4    15    19     0     1    -2.0  -34.796  -57.771    539.4    956.6
     4     1    19     4    15    19     0     1    -2.0  -34.839  -57.986   1052.0    900.0
     5     1    19     4    15    19     0     1    -2.0  -34.585  -58.605   1986.8    804.2
     1     1    19     4    15    18     0     0    -3.0  -34.775  -57.988     12.3   1017.8
     2     1    19     4    15    18     0     0    -3.0  -34.903  -57.573    230.9    993.2
     3     1    19     4    15    18     0     0    -3.0  -34.924  -57.427    559.5    955.6
     4     1    19     4    15    18     0     0    -3.0  -34.990  -57.781   1074.4    898.1
     5     1    19     4    15    18     0     0    -3.0  -34.542  -58.651   1984.4    804.3
     1     1    19     4    15    17     0     1    -4.0  -34.845  -57.785     12.8   1018.6
     2     1    19     4    15    17     0     1    -4.0  -35.035  -57.253    244.7    994.2
     3     1    19     4    15    17     0     1    -4.0  -35.067  -57.090    588.0    955.8
     4     1    19     4    15    17     0     1    -4.0  -35.151  -57.612   1111.5    897.7
     5     1    19     4    15    17     0     1    -4.0  -34.501  -58.670   2003.9    804.7
     1     1    19     4    15    16     0     2    -5.0  -34.938  -57.556     13.3   1020.1
     2     1    19     4    15    16     0     2    -5.0  -35.189  -56.917    265.5    992.9
     3     1    19     4    15    16     0     2    -5.0  -35.225  -56.766    632.5    950.9
     4     1    19     4    15    16     0     2    -5.0  -35.344  -57.503   1184.6    890.0
     5     1    19     4    15    16     0     2    -5.0  -34.484  -58.664   2064.0    798.8
     1     1    19     4    15    15     0     3    -6.0  -35.054  -57.295     14.3   1021.6
     2     1    19     4    15    15     0     3    -6.0  -35.350  -56.597    287.5    990.1
     3     1    19     4    15    15     0     3    -6.0  -35.388  -56.482    684.8    944.7
     4     1    19     4    15    15     0     3    -6.0  -35.557  -57.470   1272.4    879.3
     5     1    19     4    15    15     0     3    -6.0  -34.479  -58.640   2164.2    789.5
     1     1    19     4    15    14     0     2    -7.0  -35.200  -56.991     15.8   1021.6
     2     1    19     4    15    14     0     2    -7.0  -35.519  -56.291    307.0    987.1
     3     1    19     4    15    14     0     2    -7.0  -35.566  -56.240    736.7    937.5
     4     1    19     4    15    14     0     2    -7.0  -35.782  -57.504   1346.1    869.4
     5     1    19     4    15    14     0     2    -7.0  -34.484  -58.624   2256.9    776.0
     1     1    19     4    15    13     0     1    -8.0  -35.368  -56.663     17.6   1020.8
     2     1    19     4    15    13     0     1    -8.0  -35.706  -55.985    324.6    984.7
     3     1    19     4    15    13     0     1    -8.0  -35.773  -56.024    785.8    932.0
     4     1    19     4    15    13     0     1    -8.0  -36.022  -57.586   1401.3    864.4
     5     1    19     4    15    13     0     1    -8.0  -34.530  -58.633   2296.9    772.1
     1     1    19     4    15    12     0     0    -9.0  -35.548  -56.338     19.4   1020.5
     2     1    19     4    15    12     0     0    -9.0  -35.920  -55.684    346.6    982.1
     3     1    19     4    15    12     0     0    -9.0  -36.025  -55.848    841.0    925.9
     4     1    19     4    15    12     0     0    -9.0  -36.280  -57.708   1466.9    858.5
     5     1    19     4    15    12     0     0    -9.0  -34.641  -58.665   2294.4    772.8
     1     1    19     4    15    11     0     1   -10.0  -35.739  -56.035     21.4   1019.7
     2     1    19     4    15    11     0     1   -10.0  -36.167  -55.417    378.1    977.9
     3     1    19     4    15    11     0     1   -10.0  -36.301  -55.738    898.1    918.3
     4     1    19     4    15    11     0     1   -10.0  -36.530  -57.861   1542.3    848.0
     5     1    19     4    15    11     0     1   -10.0  -34.789  -58.724   2298.2    776.1
     1     1    19     4    15    10     0     2   -11.0  -35.947  -55.773     24.1   1018.5
     2     1    19     4    15    10     0     2   -11.0  -36.441  -55.205    414.5    972.9
     3     1    19     4    15    10     0     2   -11.0  -36.577  -55.709    953.1    911.9
     4     1    19     4    15    10     0     2   -11.0  -36.757  -58.027   1606.8    840.0
     5     1    19     4    15    10     0     2   -11.0  -34.924  -58.806   2323.8    772.1
     1     1    19     4    15     9     0     3   -12.0  -36.179  -55.556     27.7   1016.7
     2     1    19     4    15     9     0     3   -12.0  -36.735  -55.052    448.3    968.0
     3     1    19     4    15     9     0     3   -12.0  -36.864  -55.768   1016.1    905.1
     4     1    19     4    15     9     0     3   -12.0  -36.970  -58.197   1654.1    832.7
     5     1    19     4    15     9     0     3   -12.0  -35.037  -58.907   2340.5    768.4
     1     1    19     4    15     8     0     2   -13.0  -36.431  -55.378     31.7   1016.1
     2     1    19     4    15     8     0     2   -13.0  -37.047  -54.953    478.4    964.1
     3     1    19     4    15     8     0     2   -13.0  -37.152  -55.904   1087.8    896.2
     4     1    19     4    15     8     0     2   -13.0  -37.179  -58.382   1691.3    826.6
     5     1    19     4    15     8     0     2   -13.0  -35.148  -59.027   2336.9    769.1
     1     1    19     4    15     7     0     1   -14.0  -36.696  -55.227     36.0   1015.6
     2     1    19     4    15     7     0     1   -14.0  -37.371  -54.900    510.4    960.2
     3     1    19     4    15     7     0     1   -14.0  -37.424  -56.092   1160.0    888.2
     4     1    19     4    15     7     0     1   -14.0  -37.390  -58.594   1733.4    820.2
     5     1    19     4    15     7     0     1   -14.0  -35.281  -59.177   2328.2    770.0
     1     1    19     4    15     6     0     0   -15.0  -36.971  -55.103     41.1   1015.0
     2     1    19     4    15     6     0     0   -15.0  -37.701  -54.901    544.8    955.3
     3     1    19     4    15     6     0     0   -15.0  -37.689  -56.332   1232.4    879.7
     4     1    19     4    15     6     0     0   -15.0  -37.602  -58.835   1789.2    812.9
     5     1    19     4    15     6     0     0   -15.0  -35.437  -59.366   2329.4    769.7
     1     1    19     4    15     5     0     1   -16.0  -37.260  -55.010     47.5   1013.9
     2     1    19     4    15     5     0     1   -16.0  -38.045  -54.957    580.3    951.2
     3     1    19     4    15     5     0     1   -16.0  -37.961  -56.618   1303.3    871.8
     4     1    19     4    15     5     0     1   -16.0  -37.806  -59.120   1853.4    804.2
     5     1    19     4    15     5     0     1   -16.0  -35.617  -59.611   2352.5    767.1
     1     1    19     4    15     4     0     2   -17.0  -37.566  -54.959     54.9   1012.8
     2     1    19     4    15     4     0     2   -17.0  -38.406  -55.063    626.1    946.5
     3     1    19     4    15     4     0     2   -17.0  -38.239  -56.943   1374.8    864.3
     4     1    19     4    15     4     0     2   -17.0  -37.986  -59.465   1907.9    795.2
     5     1    19     4    15     4     0     2   -17.0  -35.820  -59.942   2386.5    761.1
     1     1    19     4    15     3     0     3   -18.0  -37.886  -54.948     63.6   1011.1
     2     1    19     4    15     3     0     3   -18.0  -38.770  -55.223    683.3    938.7
     3     1    19     4    15     3     0     3   -18.0  -38.512  -57.326   1455.2    854.3
     4     1    19     4    15     3     0     3   -18.0  -38.154  -59.866   1949.2    791.0
     5     1    19     4    15     3     0     3   -18.0  -36.043  -60.368   2424.1    756.1
     1     1    19     4    15     2     0     2   -19.0  -38.215  -54.972     74.0   1009.2
     2     1    19     4    15     2     0     2   -19.0  -39.121  -55.438    743.5    931.2
     3     1    19     4    15     2     0     2   -19.0  -38.763  -57.763   1541.6    843.4
     4     1    19     4    15     2     0     2   -19.0  -38.315  -60.303   1989.7    788.9
     5     1    19     4    15     2     0     2   -19.0  -36.270  -60.881   2479.3    748.0
     1     1    19     4    15     1     0     1   -20.0  -38.546  -55.028     85.6   1007.3
     2     1    19     4    15     1     0     1   -20.0  -39.456  -55.705    802.4    923.9
     3     1    19     4    15     1     0     1   -20.0  -38.984  -58.222   1619.6    836.5
     4     1    19     4    15     1     0     1   -20.0  -38.456  -60.779   2036.8    784.7
     5     1    19     4    15     1     0     1   -20.0  -36.489  -61.472   2559.8    739.0
     1     1    19     4    15     0     0     0   -21.0  -38.879  -55.113     98.3   1005.3
     2     1    19     4    15     0     0     0   -21.0  -39.775  -56.020    857.4    917.6
     3     1    19     4    15     0     0     0   -21.0  -39.180  -58.707   1702.4    829.7
     4     1    19     4    15     0     0     0   -21.0  -38.571  -61.304   2077.4    778.0
     5     1    19     4    15     0     0     0   -21.0  -36.694  -62.125   2651.8    728.4
     1     1    19     4    14    23     0     1   -22.0  -39.203  -55.243    112.9   1002.5
     2     1    19     4    14    23     0     1   -22.0  -40.078  -56.394    910.2    911.1
     3     1    19     4    14    23     0     1   -22.0  -39.351  -59.227   1800.6    818.3
     4     1    19     4    14    23     0     1   -22.0  -38.672  -61.837   2104.3    773.8
     5     1    19     4    14    23     0     1   -22.0  -36.881  -62.803   2767.8    720.2
     1     1    19     4    14    22     0     2   -23.0  -39.517  -55.430    130.3    999.7
     2     1    19     4    14    22     0     2   -23.0  -40.361  -56.836    964.1    904.4
     3     1    19     4    14    22     0     2   -23.0  -39.498  -59.765   1900.8    807.5
     4     1    19     4    14    22     0     2   -23.0  -38.773  -62.309   2121.4    776.1
     5     1    19     4    14    22     0     2   -23.0  -37.037  -63.485   2903.4    704.5
     1     1    19     4    14    21     0     3   -24.0  -39.831  -55.669    151.4    996.5
     2     1    19     4    14    21     0     3   -24.0  -40.626  -57.343   1023.4    897.3
     3     1    19     4    14    21     0     3   -24.0  -39.615  -60.312   2003.6    796.7
     4     1    19     4    14    21     0     3   -24.0  -38.875  -62.680   2077.8    779.2
     5     1    19     4    14    21     0     3   -24.0  -37.154  -64.178   3029.6    688.9
     1     1    19     4    14    20     0     2   -25.0  -40.131  -55.960    172.7    992.7
     2     1    19     4    14    20     0     2   -25.0  -40.858  -57.897   1103.2    889.5
     3     1    19     4    14    20     0     2   -25.0  -39.697  -60.866   2106.3    785.3
     4     1    19     4    14    20     0     2   -25.0  -38.983  -62.950   1967.4    794.9
     5     1    19     4    14    20     0     2   -25.0  -37.230  -64.893   3161.3    671.1
     1     1    19     4    14    19     0     1   -26.0  -40.397  -56.292    192.0    990.0
     2     1    19     4    14    19     0     1   -26.0  -41.039  -58.483   1218.7    877.1
     3     1    19     4    14    19     0     1   -26.0  -39.756  -61.398   2162.8    776.0
     4     1    19     4    14    19     0     1   -26.0  -39.105  -63.189   1872.2    808.2
     5     1    19     4    14    19     0     1   -26.0  -37.257  -65.618   3295.1    655.8
     1     1    19     4    14    18     0     0   -27.0  -40.628  -56.658    216.5    987.1
     2     1    19     4    14    18     0     0   -27.0  -41.176  -59.095   1373.0    859.6
     3     1    19     4    14    18     0     0   -27.0  -39.820  -61.854   2106.5    779.2
     4     1    19     4    14    18     0     0   -27.0  -39.244  -63.453   1828.5    810.0
     5     1    19     4    14    18     0     0   -27.0  -37.240  -66.313   3356.3    651.1
     1     1    19     4    14    17     0     1   -28.0  -40.827  -57.072    245.1    982.8
     2     1    19     4    14    17     0     1   -28.0  -41.297  -59.719   1518.0    839.6
     3     1    19     4    14    17     0     1   -28.0  -39.914  -62.236   1987.4    797.5
     4     1    19     4    14    17     0     1   -28.0  -39.405  -63.751   1809.9    809.4
     5     1    19     4    14    17     0     1   -28.0  -37.198  -66.953   3360.3    653.1
     1     1    19     4    14    16     0     2   -29.0  -41.019  -57.531    267.3    979.6
     2     1    19     4    14    16     0     2   -29.0  -41.429  -60.352   1636.9    830.1
     3     1    19     4    14    16     0     2   -29.0  -40.046  -62.592   1927.2    805.4
     4     1    19     4    14    16     0     2   -29.0  -39.584  -64.075   1803.0    808.7
     5     1    19     4    14    16     0     2   -29.0  -37.146  -67.539   3260.7    642.4
     1     1    19     4    14    15     0     3   -30.0  -41.223  -58.018    288.0    977.4
     2     1    19     4    14    15     0     3   -30.0  -41.572  -61.008   1770.1    817.0
     3     1    19     4    14    15     0     3   -30.0  -40.216  -62.969   1947.1    799.4
     4     1    19     4    14    15     0     3   -30.0  -39.777  -64.412   1814.4    806.6
     5     1    19     4    14    15     0     3   -30.0  -37.106  -68.068   3052.3    643.5
     1     1    19     4    14    14     0     2   -31.0  -41.417  -58.528    307.4    973.3
     2     1    19     4    14    14     0     2   -31.0  -41.732  -61.695   1893.1    800.7
     3     1    19     4    14    14     0     2   -31.0  -40.412  -63.389   1990.4    790.3
     4     1    19     4    14    14     0     2   -31.0  -39.997  -64.775   1853.0    801.5
     5     1    19     4    14    14     0     2   -31.0  -37.099  -68.589   2803.8    644.4
     1     1    19     4    14    13     0     1   -32.0  -41.579  -59.056    319.5    971.2
     2     1    19     4    14    13     0     1   -32.0  -41.928  -62.423   2007.3    791.5
     3     1    19     4    14    13     0     1   -32.0  -40.636  -63.855   2029.9    785.3
     4     1    19     4    14    13     0     1   -32.0  -40.271  -65.222   1931.9    792.8
     5     1    19     4    14    13     0     1   -32.0  -37.135  -69.196   2550.1    638.0
     1     1    19     4    14    12     0     0   -33.0  -41.716  -59.607    326.8    969.7
     2     1    19     4    14    12     0     0   -33.0  -42.185  -63.237   2184.6    772.8
     3     1    19     4    14    12     0     0   -33.0  -40.912  -64.392   2074.7    782.4
     4     1    19     4    14    12     0     0   -33.0  -40.610  -65.802   2019.6    768.0
     5     1    19     4    14    12     0     0   -33.0  -37.198  -69.892   2285.0    626.9
     1     1    19     4    14    11     0     1   -34.0  -41.840  -60.198    329.2    969.1
     2     1    19     4    14    11     0     1   -34.0  -42.467  -64.142   2424.0    747.0
     3     1    19     4    14    11     0     1   -34.0  -41.235  -65.032   2150.4    777.3
     4     1    19     4    14    11     0     1   -34.0  -40.986  -66.527   2067.3    732.6
     5     1    19     4    14    11     0     1   -34.0  -37.244  -70.661   2237.6    621.7
     1     1    19     4    14    10     0     2   -35.0  -41.964  -60.820    336.7    968.2
     2     1    19     4    14    10     0     2   -35.0  -42.770  -65.186   2557.2    725.7
     3     1    19     4    14    10     0     2   -35.0  -41.589  -65.842   2201.8    740.0
     4     1    19     4    14    10     0     2   -35.0  -41.365  -67.525   2049.2    708.0
     5     1    19     4    14    10     0     2   -35.0  -37.252  -71.412   2601.1    632.2
     1     1    19     4    14     9     0     3   -36.0  -42.100  -61.475    372.4    963.1
     2     1    19     4    14     9     0     3   -36.0  -43.105  -66.422   2576.6    717.2
     3     1    19     4    14     9     0     3   -36.0  -41.971  -66.891   2085.4    721.1
     4     1    19     4    14     9     0     3   -36.0  -41.722  -68.776   2351.9    645.2
     5     1    19     4    14     9     0     3   -36.0  -37.233  -71.973   2837.2    683.1
     1     1    19     4    14     8     0     2   -37.0  -42.230  -62.202    401.5    958.8
     2     1    19     4    14     8     0     2   -37.0  -43.421  -67.756   2516.7    696.8
     3     1    19     4    14     8     0     2   -37.0  -42.302  -68.191   2245.3    668.6
     4     1    19     4    14     8     0     2   -37.0  -42.064  -70.127   2620.4    640.8
     5     1    19     4    14     8     0     2   -37.0  -37.207  -72.433   2849.8    694.8
     1     1    19     4    14     7     0     1   -38.0  -42.366  -62.942    423.8    956.1
     2     1    19     4    14     7     0     1   -38.0  -43.695  -69.134   2771.1    653.9
     3     1    19     4    14     7     0     1   -38.0  -42.579  -69.648   2600.8    632.2
     4     1    19     4    14     7     0     1   -38.0  -42.399  -71.538   2946.0    623.5
     5     1    19     4    14     7     0     1   -38.0  -37.203  -72.874   2842.1    701.5
     1     1    19     4    14     6     0     0   -39.0  -42.501  -63.649    462.4    951.1
     2     1    19     4    14     6     0     0   -39.0  -43.953  -70.580   2784.7    628.4
     3     1    19     4    14     6     0     0   -39.0  -42.871  -71.172   2910.5    618.7
     4     1    19     4    14     6     0     0   -39.0  -42.689  -72.879   3680.0    597.5
     5     1    19     4    14     6     0     0   -39.0  -37.224  -73.301   2829.9    709.5
     1     1    19     4    14     5     0     1   -40.0  -42.612  -64.346    517.0    942.9
     2     1    19     4    14     5     0     1   -40.0  -44.167  -72.051   3108.4    588.0
     3     1    19     4    14     5     0     1   -40.0  -43.168  -72.677   3586.5    594.3
     4     1    19     4    14     5     0     1   -40.0  -42.908  -73.867   3359.7    652.8
     5     1    19     4    14     5     0     1   -40.0  -37.276  -73.731   2831.7    716.9
     1     1    19     4    14     4     0     2   -41.0  -42.733  -65.046    617.3    927.3
     2     1    19     4    14     4     0     2   -41.0  -44.342  -73.238   3008.5    653.9
     3     1    19     4    14     4     0     2   -41.0  -43.358  -73.718   3237.2    663.9
     4     1    19     4    14     4     0     2   -41.0  -43.191  -74.897   3248.2    671.7
     5     1    19     4    14     4     0     2   -41.0  -37.365  -74.175   2856.8    719.1
     1     1    19     4    14     3     0     3   -42.0  -42.867  -65.795    708.2    903.2
     2     1    19     4    14     3     0     3   -42.0  -44.494  -74.190   2760.9    708.0
     3     1    19     4    14     3     0     3   -42.0  -43.589  -74.753   3118.4    680.8
     4     1    19     4    14     3     0     3   -42.0  -43.528  -75.922   3180.2    678.8
     5     1    19     4    14     3     0     3   -42.0  -37.476  -74.645   2866.9    717.8
     1     1    19     4    14     2     0     2   -43.0  -42.996  -66.625    751.8    905.8
     2     1    19     4    14     2     0     2   -43.0  -44.696  -75.111   2695.4    718.9
     3     1    19     4    14     2     0     2   -43.0  -43.878  -75.794   3059.7    687.6
     4     1    19     4    14     2     0     2   -43.0  -43.927  -76.958   3170.7    678.7
     5     1    19     4    14     2     0     2   -43.0  -37.608  -75.148   2865.5    717.9
     1     1    19     4    14     1     0     1   -44.0  -43.126  -67.518    862.5    862.2
     2     1    19     4    14     1     0     1   -44.0  -44.936  -76.010   2657.7    720.6
     3     1    19     4    14     1     0     1   -44.0  -44.206  -76.822   3044.1    688.0
     4     1    19     4    14     1     0     1   -44.0  -44.367  -77.983   3192.7    675.6
     5     1    19     4    14     1     0     1   -44.0  -37.756  -75.676   2874.7    716.8
     1     1    19     4    14     0     0     0   -45.0  -43.156  -68.576   1138.7    786.6
     2     1    19     4    14     0     0     0   -45.0  -45.208  -76.911   2638.2    722.4
     3     1    19     4    14     0     0     0   -45.0  -44.579  -77.842   3053.5    686.3
     4     1    19     4    14     0     0     0   -45.0  -44.853  -79.000   3231.3    671.3
     5     1    19     4    14     0     0     0   -45.0  -37.919  -76.233   2906.6    713.5
     1     1    19     4    13    23     0     1   -46.0  -43.078  -69.731   1198.4    755.0
     2     1    19     4    13    23     0     1   -46.0  -45.501  -77.824   2648.8    720.0
     3     1    19     4    13    23     0     1   -46.0  -45.007  -78.847   3082.0    682.8
     4     1    19     4    13    23     0     1   -46.0  -45.403  -80.002   3288.0    665.4
     5     1    19     4    13    23     0     1   -46.0  -38.103  -76.826   2945.5    709.5
     1     1    19     4    13    22     0     2   -47.0  -42.982  -70.888   1304.3    768.1
     2     1    19     4    13    22     0     2   -47.0  -45.827  -78.722   2655.0    718.9
     3     1    19     4    13    22     0     2   -47.0  -45.498  -79.830   3123.1    678.4
     4     1    19     4    13    22     0     2   -47.0  -46.015  -80.996   3359.8    657.9
     5     1    19     4    13    22     0     2   -47.0  -38.318  -77.452   2977.0    706.4
     1     1    19     4    13    21     0     3   -48.0  -42.911  -72.104   1253.3    738.1
     2     1    19     4    13    21     0     3   -48.0  -46.201  -79.610   2668.2    716.9
     3     1    19     4    13    21     0     3   -48.0  -46.059  -80.813   3175.7    672.5
     4     1    19     4    13    21     0     3   -48.0  -46.680  -81.993   3426.7    650.8
     5     1    19     4    13    21     0     3   -48.0  -38.565  -78.114   3000.3    704.0
     1     1    19     4    13    20     0     2   -49.0  -42.871  -73.044    649.8    930.6
     2     1    19     4    13    20     0     2   -49.0  -46.606  -80.494   2692.6    713.9
     3     1    19     4    13    20     0     2   -49.0  -46.672  -81.792   3230.7    666.9
     4     1    19     4    13    20     0     2   -49.0  -47.395  -82.971   3492.2    644.7
     5     1    19     4    13    20     0     2   -49.0  -38.836  -78.808   3022.2    701.8
     1     1    19     4    13    19     0     1   -50.0  -42.816  -73.768    210.0    973.6
     2     1    19     4    13    19     0     1   -50.0  -47.034  -81.398   2721.3    710.7
     3     1    19     4    13    19     0     1   -50.0  -47.337  -82.750   3291.8    660.9
     4     1    19     4    13    19     0     1   -50.0  -48.160  -83.923   3569.4    637.2
     5     1    19     4    13    19     0     1   -50.0  -39.125  -79.544   3042.9    700.0
     1     1    19     4    13    18     0     0   -51.0  -42.782  -74.399     97.5    984.2
     2     1    19     4    13    18     0     0   -51.0  -47.512  -82.290   2753.6    707.0
     3     1    19     4    13    18     0     0   -51.0  -48.068  -83.696   3365.7    653.2
     4     1    19     4    13    18     0     0   -51.0  -48.978  -84.856   3659.1    628.5
     5     1    19     4    13    18     0     0   -51.0  -39.449  -80.317   3079.8    696.4
     1     1    19     4    13    17     0     1   -52.0  -42.773  -75.101     82.0    996.5
     2     1    19     4    13    17     0     1   -52.0  -48.039  -83.175   2786.2    703.0
     3     1    19     4    13    17     0     1   -52.0  -48.853  -84.637   3441.0    645.5
     4     1    19     4    13    17     0     1   -52.0  -49.852  -85.768   3755.1    619.4
     5     1    19     4    13    17     0     1   -52.0  -39.803  -81.109   3131.9    691.4
     1     1    19     4    13    16     0     2   -53.0  -42.789  -75.872     89.1    994.4
     2     1    19     4    13    16     0     2   -53.0  -48.618  -84.047   2821.7    698.8
     3     1    19     4    13    16     0     2   -53.0  -49.697  -85.569   3510.9    638.5
     4     1    19     4    13    16     0     2   -53.0  -50.784  -86.669   3852.4    610.1
     5     1    19     4    13    16     0     2   -53.0  -40.182  -81.943   3194.3    685.8
     1     1    19     4    13    15     0     3   -54.0  -42.838  -76.660     89.4    994.4
     2     1    19     4    13    15     0     3   -54.0  -49.259  -84.913   2853.7    694.7
     3     1    19     4    13    15     0     3   -54.0  -50.609  -86.496   3578.1    631.7
     4     1    19     4    13    15     0     3   -54.0  -51.770  -87.551   3945.5    601.4
     5     1    19     4    13    15     0     3   -54.0  -40.591  -82.816   3261.4    679.3
     1     1    19     4    13    14     0     2   -55.0  -42.924  -77.453     89.3    994.4
     2     1    19     4    13    14     0     2   -55.0  -49.948  -85.785   2881.1    691.6
     3     1    19     4    13    14     0     2   -55.0  -51.554  -87.395   3652.1    624.5
     4     1    19     4    13    14     0     2   -55.0  -52.790  -88.401   4030.8    593.3
     5     1    19     4    13    14     0     2   -55.0  -41.028  -83.721   3326.9    673.2
     1     1    19     4    13    13     0     1   -56.0  -43.030  -78.256     89.3    994.2
     2     1    19     4    13    13     0     1   -56.0  -50.661  -86.652   2915.0    687.9
     3     1    19     4    13    13     0     1   -56.0  -52.531  -88.267   3731.8    616.8
     4     1    19     4    13    13     0     1   -56.0  -53.850  -89.227   4112.4    585.8
     5     1    19     4    13    13     0     1   -56.0  -41.498  -84.665   3385.3    667.3
     1     1    19     4    13    12     0     0   -57.0  -43.141  -79.096     89.4    993.9
     2     1    19     4    13    12     0     0   -57.0  -51.413  -87.507   2959.7    682.9
     3     1    19     4    13    12     0     0   -57.0  -53.564  -89.111   3817.1    608.8
     4     1    19     4    13    12     0     0   -57.0  -54.950  -90.010   4190.9    578.5
     5     1    19     4    13    12     0     0   -57.0  -42.006  -85.639   3413.4    664.4
     1     1    19     4    13    11     0     1   -58.0  -43.268  -79.945     89.4    994.5
     2     1    19     4    13    11     0     1   -58.0  -52.207  -88.339   3010.4    677.3
     3     1    19     4    13    11     0     1   -58.0  -54.628  -89.903   3896.9    600.8
     4     1    19     4    13    11     0     1   -58.0  -56.072  -90.764   4268.1    571.5
     5     1    19     4    13    11     0     1   -58.0  -42.539  -86.639   3452.0    661.6
     1     1    19     4    13    10     0     2   -59.0  -43.404  -80.765     89.4    995.1
     2     1    19     4    13    10     0     2   -59.0  -53.030  -89.131   3063.6    671.7
     3     1    19     4    13    10     0     2   -59.0  -55.714  -90.666   3966.4    594.5
     4     1    19     4    13    10     0     2   -59.0  -57.220  -91.537   4335.0    565.0
     5     1    19     4    13    10     0     2   -59.0  -43.106  -87.647   3520.4    654.8
     1     1    19     4    13     9     0     3   -60.0  -43.526  -81.577     89.4    995.6
     2     1    19     4    13     9     0     3   -60.0  -53.889  -89.884   3115.9    666.0
     3     1    19     4    13     9     0     3   -60.0  -56.849  -91.431   4037.2    587.4
     4     1    19     4    13     9     0     3   -60.0  -58.379  -92.346   4366.3    561.9
     5     1    19     4    13     9     0     3   -60.0  -43.710  -88.672   3587.3    649.3
     1     1    19     4    13     8     0     2   -61.0  -43.652  -82.394     89.4    996.1
     2     1    19     4    13     8     0     2   -61.0  -54.782  -90.617   3164.7    661.1
     3     1    19     4    13     8     0     2   -61.0  -57.988  -92.196   4089.5    582.4
     4     1    19     4    13     8     0     2   -61.0  -59.512  -93.196   4394.8    559.3
     5     1    19     4    13     8     0     2   -61.0  -44.349  -89.715   3662.5    642.0
     1     1    19     4    13     7     0     1   -62.0  -43.798  -83.202     89.3    996.6
     2     1    19     4    13     7     0     1   -62.0  -55.688  -91.316   3220.1    655.2
     3     1    19     4    13     7     0     1   -62.0  -59.124  -92.965   4144.7    577.3
     4     1    19     4    13     7     0     1   -62.0  -60.635  -94.073   4451.3    554.0
     5     1    19     4    13     7     0     1   -62.0  -45.005  -90.792   3705.2    638.5
     1     1    19     4    13     6     0     0   -63.0  -43.940  -83.998     87.4    997.1
     2     1    19     4    13     6     0     0   -63.0  -56.625  -91.994   3282.8    648.5
     3     1    19     4    13     6     0     0   -63.0  -60.278  -93.743   4214.1    571.2
     4     1    19     4    13     6     0     0   -63.0  -61.731  -94.969   4494.9    549.8
     5     1    19     4    13     6     0     0   -63.0  -45.689  -91.878   3756.0    634.4
     1     1    19     4    13     5     0     1   -64.0  -44.085  -84.794     85.1    998.6
     2     1    19     4    13     5     0     1   -64.0  -57.586  -92.677   3347.0    642.1
     3     1    19     4    13     5     0     1   -64.0  -61.395  -94.539   4290.7    564.1
     4     1    19     4    13     5     0     1   -64.0  -62.765  -95.919   4536.4    546.8
     5     1    19     4    13     5     0     1   -64.0  -46.386  -92.942   3802.4    629.9
     1     1    19     4    13     4     0     2   -65.0  -44.258  -85.586     83.1    999.6
     2     1    19     4    13     4     0     2   -65.0  -58.534  -93.361   3417.3    635.2
     3     1    19     4    13     4     0     2   -65.0  -62.455  -95.389   4354.9    558.8
     4     1    19     4    13     4     0     2   -65.0  -63.781  -96.960   4612.2    540.2
     5     1    19     4    13     4     0     2   -65.0  -47.106  -94.025   3851.4    626.0
     1     1    19     4    13     3     0     3   -66.0  -44.452  -86.356     81.8   1000.5
     2     1    19     4    13     3     0     3   -66.0  -59.467  -94.038   3499.5    627.7
     3     1    19     4    13     3     0     3   -66.0  -63.521  -96.321   4440.4    551.6
     4     1    19     4    13     3     0     3   -66.0  -64.799  -98.073   4682.6    534.2
     5     1    19     4    13     3     0     3   -66.0  -47.849  -95.131   3902.6    621.1
     1     1    19     4    13     2     0     2   -67.0  -44.655  -87.120     81.8   1000.7
     2     1    19     4    13     2     0     2   -67.0  -60.396  -94.724   3618.8    616.3
     3     1    19     4    13     2     0     2   -67.0  -64.577  -97.318   4533.5    543.0
     4     1    19     4    13     2     0     2   -67.0  -65.784  -99.266   4743.7    528.8
     5     1    19     4    13     2     0     2   -67.0  -48.613  -96.237   3956.4    616.0
     1     1    19     4    13     1     0     1   -68.0  -44.868  -87.892     81.9   1001.2
     2     1    19     4    13     1     0     1   -68.0  -61.312  -95.423   3732.2    605.5
     3     1    19     4    13     1     0     1   -68.0  -65.599  -98.393   4601.9    537.6
     4     1    19     4    13     1     0     1   -68.0  -66.730 -100.614   4800.4    524.1
     5     1    19     4    13     1     0     1   -68.0  -49.386  -97.358   3974.6    614.7
     1     1    19     4    13     0     0     0   -69.0  -45.099  -88.665     81.9   1001.4
     2     1    19     4    13     0     0     0   -69.0  -62.221  -96.087   3827.2    597.2
     3     1    19     4    13     0     0     0   -69.0  -66.612  -99.637   4666.1    532.1
     4     1    19     4    13     0     0     0   -69.0  -67.638 -102.099   4861.1    519.4
     5     1    19     4    13     0     0     0   -69.0  -50.182  -98.477   3995.0    612.0
     1     1    19     4    12    23     0     1   -70.0  -45.342  -89.438     82.3   1001.3
     2     1    19     4    12    23     0     1   -70.0  -63.125  -96.764   3939.2    586.8
     3     1    19     4    12    23     0     1   -70.0  -67.585 -100.991   4733.7    526.0
     4     1    19     4    12    23     0     1   -70.0  -68.497 -103.673   4942.6    512.5
     5     1    19     4    12    23     0     1   -70.0  -50.994  -99.573   4002.3    611.5
     1     1    19     4    12    22     0     2   -71.0  -45.584  -90.220     84.8   1001.1
     2     1    19     4    12    22     0     2   -71.0  -64.018  -97.529   4045.7    576.9
     3     1    19     4    12    22     0     2   -71.0  -68.510 -102.414   4802.3    520.4
     4     1    19     4    12    22     0     2   -71.0  -69.311 -105.416   5008.3    507.5
     5     1    19     4    12    22     0     2   -71.0  -51.824 -100.678   4013.6    610.1
     1     1    19     4    12    21     0     3   -72.0  -45.833  -91.008     86.0   1001.4
     2     1    19     4    12    21     0     3   -72.0  -64.898  -98.361   4134.1    568.8
     3     1    19     4    12    21     0     3   -72.0  -69.413 -103.991   4880.4    513.9
     4     1    19     4    12    21     0     3   -72.0  -70.078 -107.305   5095.8    500.9
     5     1    19     4    12    21     0     3   -72.0  -52.697 -101.807   4037.6    607.7
