     7     1
    GDAS    19    12    29     0     0
    GDAS    20     1     1     0     0
    GDAS    20     1     8     0     0
    GDAS    20     1    15     0     0
    GDAS    20     1    22     0     0
    GDAS    20     1    29     0     0
    GDAS    20     2     1     0     0
     5 BACKWARD OMEGA   
    20     2     1     3  -34.572  -58.513    10.0
    20     2     1     3  -34.572  -58.513   200.0
    20     2     1     3  -34.572  -58.513   500.0
    20     2     1     3  -34.572  -58.513  1000.0
    20     2     1     3  -34.572  -58.513  2000.0
     1 PRESSURE
     1     1    20     2     1     3     0     3     0.0  -34.572  -58.513     10.0   1009.2
     2     1    20     2     1     3     0     3     0.0  -34.572  -58.513    200.0    987.8
     3     1    20     2     1     3     0     3     0.0  -34.572  -58.513    500.0    954.3
     4     1    20     2     1     3     0     3     0.0  -34.572  -58.513   1000.0    900.4
     5     1    20     2     1     3     0     3     0.0  -34.572  -58.513   2000.0    800.3
     1     1    20     2     1     2     0     2    -1.0  -34.493  -58.426     15.9   1007.5
     2     1    20     2     1     2     0     2    -1.0  -34.399  -58.347    258.0    981.2
     3     1    20     2     1     2     0     2    -1.0  -34.379  -58.425    602.3    943.1
     4     1    20     2     1     2     0     2    -1.0  -34.473  -58.497   1089.0    890.3
     5     1    20     2     1     2     0     2    -1.0  -34.686  -58.440   2012.4    798.0
     1     1    20     2     1     1     0     1    -2.0  -34.427  -58.323     26.8   1005.1
     2     1    20     2     1     1     0     1    -2.0  -34.271  -58.176    345.6    969.0
     3     1    20     2     1     1     0     1    -2.0  -34.239  -58.362    720.5    928.1
     4     1    20     2     1     1     0     1    -2.0  -34.410  -58.502   1171.4    881.7
     5     1    20     2     1     1     0     1    -2.0  -34.802  -58.381   2005.7    799.6
     1     1    20     2     1     0     0     0    -3.0  -34.378  -58.206     43.9   1002.3
     2     1    20     2     1     0     0     0    -3.0  -34.194  -58.044    452.0    954.9
     3     1    20     2     1     0     0     0    -3.0  -34.140  -58.336    841.1    913.9
     4     1    20     2     1     0     0     0    -3.0  -34.376  -58.528   1246.6    873.5
     5     1    20     2     1     0     0     0    -3.0  -34.918  -58.335   1993.1    802.0
     1     1    20     1    31    23     0     1    -4.0  -34.354  -58.090     67.2    998.7
     2     1    20     1    31    23     0     1    -4.0  -34.163  -57.964    577.1    940.7
     3     1    20     1    31    23     0     1    -4.0  -34.077  -58.335    972.5    900.5
     4     1    20     1    31    23     0     1    -4.0  -34.366  -58.565   1328.9    866.5
     5     1    20     1    31    23     0     1    -4.0  -35.033  -58.306   2020.5    803.2
     1     1    20     1    31    22     0     2    -5.0  -34.355  -58.004     94.6    994.6
     2     1    20     1    31    22     0     2    -5.0  -34.167  -57.932    734.3    924.0
     3     1    20     1    31    22     0     2    -5.0  -34.047  -58.342   1125.8    884.4
     4     1    20     1    31    22     0     2    -5.0  -34.372  -58.606   1439.0    856.0
     5     1    20     1    31    22     0     2    -5.0  -35.151  -58.297   2098.9    792.9
     1     1    20     1    31    21     0     3    -6.0  -34.376  -57.957    121.9    991.2
     2     1    20     1    31    21     0     3    -6.0  -34.191  -57.925    929.9    903.5
     3     1    20     1    31    21     0     3    -6.0  -34.038  -58.352   1302.8    865.7
     4     1    20     1    31    21     0     3    -6.0  -34.386  -58.648   1588.6    841.4
     5     1    20     1    31    21     0     3    -6.0  -35.261  -58.308   2184.7    782.6
     1     1    20     1    31    20     0     2    -7.0  -34.398  -57.940    134.5    989.3
     2     1    20     1    31    20     0     2    -7.0  -34.208  -57.933   1083.8    879.4
     3     1    20     1    31    20     0     2    -7.0  -34.026  -58.365   1443.2    846.0
     4     1    20     1    31    20     0     2    -7.0  -34.410  -58.690   1734.2    822.9
     5     1    20     1    31    20     0     2    -7.0  -35.355  -58.328   2256.6    775.9
     1     1    20     1    31    19     0     1    -8.0  -34.411  -57.943    122.4    991.4
     2     1    20     1    31    19     0     1    -8.0  -34.208  -57.946   1121.0    876.2
     3     1    20     1    31    19     0     1    -8.0  -34.006  -58.378   1495.6    841.5
     4     1    20     1    31    19     0     1    -8.0  -34.438  -58.732   1840.8    814.2
     5     1    20     1    31    19     0     1    -8.0  -35.434  -58.348   2318.3    771.0
     1     1    20     1    31    18     0     0    -9.0  -34.421  -57.967     90.4    995.4
     2     1    20     1    31    18     0     0    -9.0  -34.202  -57.959   1037.7    884.5
     3     1    20     1    31    18     0     0    -9.0  -33.980  -58.385   1469.8    845.0
     4     1    20     1    31    18     0     0    -9.0  -34.466  -58.776   1920.8    807.0
     5     1    20     1    31    18     0     0    -9.0  -35.500  -58.363   2385.2    765.5
     1     1    20     1    31    17     0     1   -10.0  -34.430  -58.002     55.3   1001.4
     2     1    20     1    31    17     0     1   -10.0  -34.205  -57.976    873.2    907.3
     3     1    20     1    31    17     0     1   -10.0  -33.958  -58.387   1410.2    855.5
     4     1    20     1    31    17     0     1   -10.0  -34.491  -58.815   1988.8    801.6
     5     1    20     1    31    17     0     1   -10.0  -35.562  -58.357   2449.8    758.0
     1     1    20     1    31    16     0     2   -11.0  -34.440  -58.036     29.7   1005.1
     2     1    20     1    31    16     0     2   -11.0  -34.221  -57.995    683.4    928.6
     3     1    20     1    31    16     0     2   -11.0  -33.942  -58.384   1362.5    860.1
     4     1    20     1    31    16     0     2   -11.0  -34.513  -58.845   2054.5    795.1
     5     1    20     1    31    16     0     2   -11.0  -35.620  -58.317   2493.7    753.8
     1     1    20     1    31    15     0     3   -12.0  -34.449  -58.070     14.2   1007.5
     2     1    20     1    31    15     0     3   -12.0  -34.241  -58.016    492.4    951.7
     3     1    20     1    31    15     0     3   -12.0  -33.934  -58.374   1320.9    864.2
     4     1    20     1    31    15     0     3   -12.0  -34.531  -58.863   2113.1    789.3
     5     1    20     1    31    15     0     3   -12.0  -35.674  -58.244   2519.7    751.4
     1     1    20     1    31    14     0     2   -13.0  -34.451  -58.106      5.2   1007.9
     2     1    20     1    31    14     0     2   -13.0  -34.260  -58.045    355.9    971.9
     3     1    20     1    31    14     0     2   -13.0  -33.937  -58.350   1289.0    867.6
     4     1    20     1    31    14     0     2   -13.0  -34.554  -58.870   2156.5    784.5
     5     1    20     1    31    14     0     2   -13.0  -35.736  -58.144   2535.8    750.2
     1     1    20     1    31    13     0     1   -14.0  -34.441  -58.148      1.3   1008.2
     2     1    20     1    31    13     0     1   -14.0  -34.269  -58.087    290.3    977.9
     3     1    20     1    31    13     0     1   -14.0  -33.956  -58.304   1276.5    868.5
     4     1    20     1    31    13     0     1   -14.0  -34.590  -58.867   2179.1    782.2
     5     1    20     1    31    13     0     1   -14.0  -35.814  -58.023   2547.6    749.0
     1     1    20     1    31    12     0     0   -15.0  -34.421  -58.196      0.1   1008.6
     2     1    20     1    31    12     0     0   -15.0  -34.265  -58.140    273.5    979.1
     3     1    20     1    31    12     0     0   -15.0  -33.992  -58.235   1290.9    866.2
     4     1    20     1    31    12     0     0   -15.0  -34.638  -58.852   2180.8    781.9
     5     1    20     1    31    12     0     0   -15.0  -35.907  -57.876   2555.1    748.0
     1     1    20     1    31    11     0     1   -16.0  -34.389  -58.238      0.1   1008.3
     2     1    20     1    31    11     0     1   -16.0  -34.241  -58.193    277.4    975.9
     3     1    20     1    31    11     0     1   -16.0  -34.050  -58.148   1325.4    860.8
     4     1    20     1    31    11     0     1   -16.0  -34.699  -58.826   2171.0    783.3
     5     1    20     1    31    11     0     1   -16.0  -36.015  -57.717   2555.2    747.4
     1     1    20     1    31    10     0     2   -17.0  -34.345  -58.262      0.1   1008.0
     2     1    20     1    31    10     0     2   -17.0  -34.190  -58.234    280.1    975.1
     3     1    20     1    31    10     0     2   -17.0  -34.136  -58.055   1369.1    855.9
     4     1    20     1    31    10     0     2   -17.0  -34.775  -58.792   2158.4    784.1
     5     1    20     1    31    10     0     2   -17.0  -36.140  -57.560   2546.6    747.9
     1     1    20     1    31     9     0     3   -18.0  -34.290  -58.268      0.1   1007.5
     2     1    20     1    31     9     0     3   -18.0  -34.115  -58.260    281.3    974.1
     3     1    20     1    31     9     0     3   -18.0  -34.252  -57.959   1420.5    850.6
     4     1    20     1    31     9     0     3   -18.0  -34.867  -58.756   2138.6    785.5
     5     1    20     1    31     9     0     3   -18.0  -36.284  -57.404   2523.1    749.0
     1     1    20     1    31     8     0     2   -19.0  -34.234  -58.257      1.0   1007.2
     2     1    20     1    31     8     0     2   -19.0  -34.035  -58.258    288.8    973.6
     3     1    20     1    31     8     0     2   -19.0  -34.396  -57.863   1466.6    845.9
     4     1    20     1    31     8     0     2   -19.0  -34.979  -58.721   2120.8    788.5
     5     1    20     1    31     8     0     2   -19.0  -36.453  -57.253   2490.5    753.1
     1     1    20     1    31     7     0     1   -20.0  -34.185  -58.228      4.3   1006.9
     2     1    20     1    31     7     0     1   -20.0  -33.971  -58.214    311.5    970.4
     3     1    20     1    31     7     0     1   -20.0  -34.564  -57.779   1496.5    844.2
     4     1    20     1    31     7     0     1   -20.0  -35.118  -58.687   2118.3    788.9
     5     1    20     1    31     7     0     1   -20.0  -36.648  -57.120   2462.1    755.6
     1     1    20     1    31     6     0     0   -21.0  -34.145  -58.179     10.2   1006.4
     2     1    20     1    31     6     0     0   -21.0  -33.926  -58.128    349.6    965.5
     3     1    20     1    31     6     0     0   -21.0  -34.753  -57.715   1513.2    844.4
     4     1    20     1    31     6     0     0   -21.0  -35.288  -58.655   2126.7    787.5
     5     1    20     1    31     6     0     0   -21.0  -36.866  -57.006   2435.5    757.7
     1     1    20     1    31     5     0     1   -22.0  -34.109  -58.106     21.5   1004.7
     2     1    20     1    31     5     0     1   -22.0  -33.904  -58.001    398.9    959.2
     3     1    20     1    31     5     0     1   -22.0  -34.956  -57.684   1526.2    846.5
     4     1    20     1    31     5     0     1   -22.0  -35.485  -58.647   2146.6    786.6
     5     1    20     1    31     5     0     1   -22.0  -37.105  -56.944   2432.1    760.5
     1     1    20     1    31     4     0     2   -23.0  -34.071  -58.000     46.6   1000.9
     2     1    20     1    31     4     0     2   -23.0  -33.904  -57.834    453.8    952.2
     3     1    20     1    31     4     0     2   -23.0  -35.161  -57.696   1545.6    845.8
     4     1    20     1    31     4     0     2   -23.0  -35.703  -58.695   2195.7    783.4
     5     1    20     1    31     4     0     2   -23.0  -37.362  -56.977   2455.0    756.7
     1     1    20     1    31     3     0     3   -24.0  -34.029  -57.850     89.4    994.1
     2     1    20     1    31     3     0     3   -24.0  -33.929  -57.638    515.0    944.2
     3     1    20     1    31     3     0     3   -24.0  -35.368  -57.758   1577.8    843.2
     4     1    20     1    31     3     0     3   -24.0  -35.946  -58.831   2308.4    775.2
     5     1    20     1    31     3     0     3   -24.0  -37.647  -57.128   2456.7    753.1
     1     1    20     1    31     2     0     2   -25.0  -34.014  -57.662    145.9    986.7
     2     1    20     1    31     2     0     2   -25.0  -34.001  -57.437    607.1    934.2
     3     1    20     1    31     2     0     2   -25.0  -35.574  -57.874   1624.8    837.7
     4     1    20     1    31     2     0     2   -25.0  -36.191  -59.023   2448.0    754.2
     5     1    20     1    31     2     0     2   -25.0  -37.951  -57.378   2422.7    753.2
     1     1    20     1    31     1     0     1   -26.0  -34.059  -57.444    226.3    976.1
     2     1    20     1    31     1     0     1   -26.0  -34.130  -57.262    754.5    918.1
     3     1    20     1    31     1     0     1   -26.0  -35.774  -58.052   1663.9    831.3
     4     1    20     1    31     1     0     1   -26.0  -36.411  -59.214   2537.2    741.6
     5     1    20     1    31     1     0     1   -26.0  -38.234  -57.698   2395.6    755.0
     1     1    20     1    31     0     0     0   -27.0  -34.178  -57.212    336.1    963.5
     2     1    20     1    31     0     0     0   -27.0  -34.306  -57.136    950.4    898.8
     3     1    20     1    31     0     0     0   -27.0  -35.959  -58.273   1662.3    830.0
     4     1    20     1    31     0     0     0   -27.0  -36.598  -59.412   2579.0    734.8
     5     1    20     1    31     0     0     0   -27.0  -38.453  -58.095   2376.3    754.8
     1     1    20     1    30    23     0     1   -28.0  -34.342  -57.002    463.5    948.9
     2     1    20     1    30    23     0     1   -28.0  -34.526  -57.075   1135.8    876.8
     3     1    20     1    30    23     0     1   -28.0  -36.107  -58.480   1595.6    835.0
     4     1    20     1    30    23     0     1   -28.0  -36.746  -59.624   2581.5    731.0
     5     1    20     1    30    23     0     1   -28.0  -38.610  -58.533   2367.9    759.0
     1     1    20     1    30    22     0     2   -29.0  -34.521  -56.828    592.3    938.1
     2     1    20     1    30    22     0     2   -29.0  -34.780  -57.066   1287.8    866.8
     3     1    20     1    30    22     0     2   -29.0  -36.209  -58.645   1456.0    850.9
     4     1    20     1    30    22     0     2   -29.0  -36.846  -59.853   2547.4    730.8
     5     1    20     1    30    22     0     2   -29.0  -38.718  -58.987   2367.9    759.9
     1     1    20     1    30    21     0     3   -30.0  -34.714  -56.687    732.5    926.5
     2     1    20     1    30    21     0     3   -30.0  -35.087  -57.100   1418.8    856.4
     3     1    20     1    30    21     0     3   -30.0  -36.275  -58.790   1289.4    869.1
     4     1    20     1    30    21     0     3   -30.0  -36.894  -60.105   2491.9    735.2
     5     1    20     1    30    21     0     3   -30.0  -38.754  -59.466   2384.9    759.6
     1     1    20     1    30    20     0     2   -31.0  -34.926  -56.579    897.8    912.6
     2     1    20     1    30    20     0     2   -31.0  -35.396  -57.176   1474.0    847.3
     3     1    20     1    30    20     0     2   -31.0  -36.331  -58.930   1176.3    886.3
     4     1    20     1    30    20     0     2   -31.0  -36.911  -60.355   2465.4    742.0
     5     1    20     1    30    20     0     2   -31.0  -38.756  -59.916   2428.1    754.3
     1     1    20     1    30    19     0     1   -32.0  -35.144  -56.499   1049.0    892.7
     2     1    20     1    30    19     0     1   -32.0  -35.668  -57.266   1461.0    851.5
     3     1    20     1    30    19     0     1   -32.0  -36.395  -59.075   1142.1    885.4
     4     1    20     1    30    19     0     1   -32.0  -36.925  -60.578   2483.1    740.8
     5     1    20     1    30    19     0     1   -32.0  -38.760  -60.293   2489.3    749.5
     1     1    20     1    30    18     0     0   -33.0  -35.351  -56.436   1144.9    882.6
     2     1    20     1    30    18     0     0   -33.0  -35.919  -57.354   1444.1    856.8
     3     1    20     1    30    18     0     0   -33.0  -36.464  -59.226   1140.0    882.0
     4     1    20     1    30    18     0     0   -33.0  -36.940  -60.773   2524.1    737.1
     5     1    20     1    30    18     0     0   -33.0  -38.764  -60.606   2568.0    742.1
     1     1    20     1    30    17     0     1   -34.0  -35.558  -56.382   1204.0    878.6
     2     1    20     1    30    17     0     1   -34.0  -36.161  -57.435   1473.0    855.0
     3     1    20     1    30    17     0     1   -34.0  -36.538  -59.380   1141.7    878.2
     4     1    20     1    30    17     0     1   -34.0  -36.975  -60.938   2561.6    733.0
     5     1    20     1    30    17     0     1   -34.0  -38.789  -60.870   2640.6    734.4
     1     1    20     1    30    16     0     2   -35.0  -35.777  -56.330   1257.0    874.2
     2     1    20     1    30    16     0     2   -35.0  -36.396  -57.506   1535.8    846.5
     3     1    20     1    30    16     0     2   -35.0  -36.617  -59.534   1135.1    876.4
     4     1    20     1    30    16     0     2   -35.0  -37.045  -61.076   2577.8    731.2
     5     1    20     1    30    16     0     2   -35.0  -38.855  -61.101   2678.1    731.1
     1     1    20     1    30    15     0     3   -36.0  -36.005  -56.273   1318.3    868.0
     2     1    20     1    30    15     0     3   -36.0  -36.626  -57.567   1599.7    838.8
     3     1    20     1    30    15     0     3   -36.0  -36.698  -59.690   1122.1    875.2
     4     1    20     1    30    15     0     3   -36.0  -37.151  -61.191   2565.7    730.9
     5     1    20     1    30    15     0     3   -36.0  -38.961  -61.307   2680.1    733.9
     1     1    20     1    30    14     0     2   -37.0  -36.230  -56.217   1370.9    860.6
     2     1    20     1    30    14     0     2   -37.0  -36.882  -57.648   1664.7    833.0
     3     1    20     1    30    14     0     2   -37.0  -36.791  -59.857   1107.7    873.7
     4     1    20     1    30    14     0     2   -37.0  -37.293  -61.294   2554.7    732.5
     5     1    20     1    30    14     0     2   -37.0  -39.097  -61.497   2681.2    737.3
     1     1    20     1    30    13     0     1   -38.0  -36.450  -56.170   1410.2    857.5
     2     1    20     1    30    13     0     1   -38.0  -37.197  -57.779   1737.8    822.9
     3     1    20     1    30    13     0     1   -38.0  -36.903  -60.056   1089.1    871.8
     4     1    20     1    30    13     0     1   -38.0  -37.465  -61.396   2581.9    726.9
     5     1    20     1    30    13     0     1   -38.0  -39.258  -61.684   2706.9    734.3
     1     1    20     1    30    12     0     0   -39.0  -36.673  -56.130   1449.7    853.8
     2     1    20     1    30    12     0     0   -39.0  -37.578  -57.970   1793.0    809.1
     3     1    20     1    30    12     0     0   -39.0  -37.023  -60.292   1069.7    874.6
     4     1    20     1    30    12     0     0   -39.0  -37.659  -61.502   2658.2    716.1
     5     1    20     1    30    12     0     0   -39.0  -39.443  -61.880   2746.6    729.8
     1     1    20     1    30    11     0     1   -40.0  -36.905  -56.112   1499.0    849.1
     2     1    20     1    30    11     0     1   -40.0  -37.982  -58.239   1802.1    800.8
     3     1    20     1    30    11     0     1   -40.0  -37.115  -60.541   1059.2    877.1
     4     1    20     1    30    11     0     1   -40.0  -37.869  -61.625   2746.0    698.3
     5     1    20     1    30    11     0     1   -40.0  -39.662  -62.098   2799.4    725.2
     1     1    20     1    30    10     0     2   -41.0  -37.149  -56.142   1557.2    841.8
     2     1    20     1    30    10     0     2   -41.0  -38.353  -58.561   1800.1    808.3
     3     1    20     1    30    10     0     2   -41.0  -37.161  -60.773   1056.0    877.9
     4     1    20     1    30    10     0     2   -41.0  -38.093  -61.766   2806.9    690.3
     5     1    20     1    30    10     0     2   -41.0  -39.931  -62.351   2850.6    718.6
     1     1    20     1    30     9     0     3   -42.0  -37.400  -56.213   1601.3    835.3
     2     1    20     1    30     9     0     3   -42.0  -38.684  -58.914   1800.6    812.8
     3     1    20     1    30     9     0     3   -42.0  -37.164  -60.981   1051.3    878.9
     4     1    20     1    30     9     0     3   -42.0  -38.333  -61.914   2877.1    692.8
     5     1    20     1    30     9     0     3   -42.0  -40.247  -62.649   2878.3    715.8
     1     1    20     1    30     8     0     2   -43.0  -37.643  -56.296   1643.5    833.9
     2     1    20     1    30     8     0     2   -43.0  -38.992  -59.319   1815.0    817.4
     3     1    20     1    30     8     0     2   -43.0  -37.144  -61.145   1042.8    879.7
     4     1    20     1    30     8     0     2   -43.0  -38.596  -62.086   2986.9    693.9
     5     1    20     1    30     8     0     2   -43.0  -40.576  -63.000   2873.4    715.2
     1     1    20     1    30     7     0     1   -44.0  -37.876  -56.384   1738.0    826.5
     2     1    20     1    30     7     0     1   -44.0  -39.286  -59.754   1866.1    813.5
     3     1    20     1    30     7     0     1   -44.0  -37.123  -61.253   1031.0    880.8
     4     1    20     1    30     7     0     1   -44.0  -38.884  -62.298   3094.2    692.3
     5     1    20     1    30     7     0     1   -44.0  -40.911  -63.405   2837.3    719.0
     1     1    20     1    30     6     0     0   -45.0  -38.108  -56.507   1911.7    809.6
     2     1    20     1    30     6     0     0   -45.0  -39.562  -60.171   1943.9    803.5
     3     1    20     1    30     6     0     0   -45.0  -37.103  -61.299   1015.0    882.6
     4     1    20     1    30     6     0     0   -45.0  -39.196  -62.537   3122.7    692.2
     5     1    20     1    30     6     0     0   -45.0  -41.237  -63.866   2783.7    724.0
     1     1    20     1    30     5     0     1   -46.0  -38.347  -56.685   2083.9    785.2
     2     1    20     1    30     5     0     1   -46.0  -39.826  -60.592   2033.3    795.4
     3     1    20     1    30     5     0     1   -46.0  -37.080  -61.292    987.2    885.4
     4     1    20     1    30     5     0     1   -46.0  -39.518  -62.816   3109.1    697.4
     5     1    20     1    30     5     0     1   -46.0  -41.525  -64.399   2730.7    730.8
     1     1    20     1    30     4     0     2   -47.0  -38.580  -56.894   2186.3    776.6
     2     1    20     1    30     4     0     2   -47.0  -40.100  -61.080   2140.3    785.5
     3     1    20     1    30     4     0     2   -47.0  -37.052  -61.241    933.1    891.5
     4     1    20     1    30     4     0     2   -47.0  -39.853  -63.134   3102.3    697.1
     5     1    20     1    30     4     0     2   -47.0  -41.783  -65.024   2735.0    732.6
     1     1    20     1    30     3     0     3   -48.0  -38.800  -57.149   2234.2    773.0
     2     1    20     1    30     3     0     3   -48.0  -40.376  -61.605   2222.9    774.0
     3     1    20     1    30     3     0     3   -48.0  -37.031  -61.140    835.1    901.8
     4     1    20     1    30     3     0     3   -48.0  -40.204  -63.482   3077.2    695.3
     5     1    20     1    30     3     0     3   -48.0  -42.029  -65.682   2774.0    703.5
     1     1    20     1    30     2     0     2   -49.0  -39.036  -57.470   2293.5    771.9
     2     1    20     1    30     2     0     2   -49.0  -40.623  -62.102   2282.0    771.0
     3     1    20     1    30     2     0     2   -49.0  -37.058  -60.936    767.2    916.5
     4     1    20     1    30     2     0     2   -49.0  -40.524  -63.865   3031.4    700.3
     5     1    20     1    30     2     0     2   -49.0  -42.265  -66.320   2824.2    685.2
     1     1    20     1    30     1     0     1   -50.0  -39.283  -57.844   2385.0    760.9
     2     1    20     1    30     1     0     1   -50.0  -40.856  -62.595   2363.4    764.6
     3     1    20     1    30     1     0     1   -50.0  -37.147  -60.671    789.8    909.9
     4     1    20     1    30     1     0     1   -50.0  -40.807  -64.288   2997.3    705.5
     5     1    20     1    30     1     0     1   -50.0  -42.470  -66.941   2893.1    683.6
     1     1    20     1    30     0     0     0   -51.0  -39.511  -58.263   2478.6    750.7
     2     1    20     1    30     0     0     0   -51.0  -41.097  -63.126   2484.3    753.4
     3     1    20     1    30     0     0     0   -51.0  -37.275  -60.417    872.5    897.0
     4     1    20     1    30     0     0     0   -51.0  -41.090  -64.767   3009.9    707.5
     5     1    20     1    30     0     0     0   -51.0  -42.676  -67.538   2935.0    655.3
     1     1    20     1    29    23     0     1   -52.0  -39.720  -58.755   2578.5    742.3
     2     1    20     1    29    23     0     1   -52.0  -41.338  -63.679   2592.2    738.1
     3     1    20     1    29    23     0     1   -52.0  -37.422  -60.246    945.4    881.8
     4     1    20     1    29    23     0     1   -52.0  -41.376  -65.272   3041.4    693.0
     5     1    20     1    29    23     0     1   -52.0  -42.898  -68.080   2961.3    637.0
     1     1    20     1    29    22     0     2   -53.0  -39.911  -59.325   2680.5    730.9
     2     1    20     1    29    22     0     2   -53.0  -41.571  -64.219   2677.4    732.5
     3     1    20     1    29    22     0     2   -53.0  -37.577  -60.138    933.8    880.3
     4     1    20     1    29    22     0     2   -53.0  -41.652  -65.755   3067.6    673.8
     5     1    20     1    29    22     0     2   -53.0  -43.134  -68.571   3058.9    638.6
     1     1    20     1    29    21     0     3   -54.0  -40.076  -59.956   2746.4    723.3
     2     1    20     1    29    21     0     3   -54.0  -41.807  -64.704   2777.1    724.5
     3     1    20     1    29    21     0     3   -54.0  -37.745  -60.037    820.1    891.2
     4     1    20     1    29    21     0     3   -54.0  -41.921  -66.205   3109.2    656.8
     5     1    20     1    29    21     0     3   -54.0  -43.400  -69.033   3212.7    627.9
     1     1    20     1    29    20     0     2   -55.0  -40.214  -60.618   2768.3    721.4
     2     1    20     1    29    20     0     2   -55.0  -42.053  -65.148   2885.5    707.9
     3     1    20     1    29    20     0     2   -55.0  -37.932  -59.916    669.5    915.4
     4     1    20     1    29    20     0     2   -55.0  -42.190  -66.617   3189.0    648.1
     5     1    20     1    29    20     0     2   -55.0  -43.712  -69.479   3335.0    606.3
     1     1    20     1    29    19     0     1   -56.0  -40.323  -61.269   2733.4    723.5
     2     1    20     1    29    19     0     1   -56.0  -42.312  -65.566   2990.2    686.5
     3     1    20     1    29    19     0     1   -56.0  -38.123  -59.784    556.0    932.6
     4     1    20     1    29    19     0     1   -56.0  -42.476  -66.973   3275.1    646.2
     5     1    20     1    29    19     0     1   -56.0  -44.090  -69.920   3412.7    582.7
     1     1    20     1    29    18     0     0   -57.0  -40.405  -61.931   2664.1    733.6
     2     1    20     1    29    18     0     0   -57.0  -42.614  -65.915   3133.1    672.6
     3     1    20     1    29    18     0     0   -57.0  -38.308  -59.665    483.4    945.2
     4     1    20     1    29    18     0     0   -57.0  -42.803  -67.277   3310.8    642.1
     5     1    20     1    29    18     0     0   -57.0  -44.519  -70.374   3481.4    587.5
     1     1    20     1    29    17     0     1   -58.0  -40.469  -62.568   2645.7    739.9
     2     1    20     1    29    17     0     1   -58.0  -42.982  -66.220   3305.5    661.4
     3     1    20     1    29    17     0     1   -58.0  -38.488  -59.561    452.6    953.7
     4     1    20     1    29    17     0     1   -58.0  -43.197  -67.578   3331.0    636.7
     5     1    20     1    29    17     0     1   -58.0  -44.956  -70.879   3542.0    594.5
     1     1    20     1    29    16     0     2   -59.0  -40.530  -63.175   2679.8    732.6
     2     1    20     1    29    16     0     2   -59.0  -43.415  -66.536   3439.2    646.9
     3     1    20     1    29    16     0     2   -59.0  -38.667  -59.474    462.3    955.5
     4     1    20     1    29    16     0     2   -59.0  -43.675  -67.892   3435.1    628.2
     5     1    20     1    29    16     0     2   -59.0  -45.422  -71.434   3663.6    574.3
     1     1    20     1    29    15     0     3   -60.0  -40.591  -63.827   2731.3    725.3
     2     1    20     1    29    15     0     3   -60.0  -43.931  -66.861   3632.1    629.7
     3     1    20     1    29    15     0     3   -60.0  -38.851  -59.405    504.7    954.1
     4     1    20     1    29    15     0     3   -60.0  -44.246  -68.207   3659.4    612.9
     5     1    20     1    29    15     0     3   -60.0  -45.927  -71.987   3644.8    547.2
     1     1    20     1    29    14     0     2   -61.0  -40.654  -64.503   2784.2    718.6
     2     1    20     1    29    14     0     2   -61.0  -44.548  -67.249   3906.8    592.8
     3     1    20     1    29    14     0     2   -61.0  -39.039  -59.356    570.3    948.1
     4     1    20     1    29    14     0     2   -61.0  -44.891  -68.607   3832.4    586.9
     5     1    20     1    29    14     0     2   -61.0  -46.431  -72.526   3660.2    572.5
     1     1    20     1    29    13     0     1   -62.0  -40.696  -65.170   2808.5    712.0
     2     1    20     1    29    13     0     1   -62.0  -45.249  -67.731   4083.5    567.1
     3     1    20     1    29    13     0     1   -62.0  -39.230  -59.328    638.2    938.8
     4     1    20     1    29    13     0     1   -62.0  -45.574  -69.105   3877.2    583.1
     5     1    20     1    29    13     0     1   -62.0  -46.985  -73.133   3703.7    563.7
     1     1    20     1    29    12     0     0   -63.0  -40.714  -65.844   2818.3    696.8
     2     1    20     1    29    12     0     0   -63.0  -46.018  -68.236   3995.6    564.9
     3     1    20     1    29    12     0     0   -63.0  -39.431  -59.326    696.9    931.1
     4     1    20     1    29    12     0     0   -63.0  -46.281  -69.654   3929.1    580.0
     5     1    20     1    29    12     0     0   -63.0  -47.518  -73.820   3733.9    615.1
     1     1    20     1    29    11     0     1   -64.0  -40.764  -66.499   2785.3    677.6
     2     1    20     1    29    11     0     1   -64.0  -46.702  -68.809   3897.1    578.9
     3     1    20     1    29    11     0     1   -64.0  -39.645  -59.353    748.3    924.9
     4     1    20     1    29    11     0     1   -64.0  -46.988  -70.300   4084.3    539.7
     5     1    20     1    29    11     0     1   -64.0  -48.007  -74.580   3796.3    617.6
     1     1    20     1    29    10     0     2   -65.0  -40.845  -67.095   2661.9    670.0
     2     1    20     1    29    10     0     2   -65.0  -47.259  -69.428   3715.2    584.4
     3     1    20     1    29    10     0     2   -65.0  -39.875  -59.415    793.3    919.0
     4     1    20     1    29    10     0     2   -65.0  -47.714  -71.052   4432.3    515.7
     5     1    20     1    29    10     0     2   -65.0  -48.470  -75.302   3831.4    619.5
     1     1    20     1    29     9     0     3   -66.0  -40.946  -67.692   2593.0    667.1
     2     1    20     1    29     9     0     3   -66.0  -47.798  -70.118   3871.5    570.5
     3     1    20     1    29     9     0     3   -66.0  -40.119  -59.508    829.6    914.4
     4     1    20     1    29     9     0     3   -66.0  -48.503  -71.814   4473.3    498.8
     5     1    20     1    29     9     0     3   -66.0  -48.919  -75.998   3920.8    621.2
     1     1    20     1    29     8     0     2   -67.0  -41.111  -68.363   2560.1    654.5
     2     1    20     1    29     8     0     2   -67.0  -48.415  -70.856   4324.5    535.1
     3     1    20     1    29     8     0     2   -67.0  -40.360  -59.615    868.8    909.9
     4     1    20     1    29     8     0     2   -67.0  -49.285  -72.520   4272.2    519.5
     5     1    20     1    29     8     0     2   -67.0  -49.355  -76.705   3961.6    617.2
     1     1    20     1    29     7     0     1   -68.0  -41.351  -69.095   2555.2    639.9
     2     1    20     1    29     7     0     1   -68.0  -49.063  -71.539   4405.4    519.4
     3     1    20     1    29     7     0     1   -68.0  -40.607  -59.747    906.7    905.0
     4     1    20     1    29     7     0     1   -68.0  -50.084  -73.232   4206.4    534.1
     5     1    20     1    29     7     0     1   -68.0  -49.807  -77.435   3990.0    614.9
     1     1    20     1    29     6     0     0   -69.0  -41.620  -69.811   2607.2    643.8
     2     1    20     1    29     6     0     0   -69.0  -49.752  -72.187   4452.8    523.0
     3     1    20     1    29     6     0     0   -69.0  -40.871  -59.912    928.9    901.8
     4     1    20     1    29     6     0     0   -69.0  -50.835  -74.073   4509.9    546.6
     5     1    20     1    29     6     0     0   -69.0  -50.268  -78.176   4000.7    613.1
     1     1    20     1    29     5     0     1   -70.0  -41.905  -70.375   2548.1    657.7
     2     1    20     1    29     5     0     1   -70.0  -50.540  -72.881   4522.4    515.8
     3     1    20     1    29     5     0     1   -70.0  -41.143  -60.098    933.3    902.0
     4     1    20     1    29     5     0     1   -70.0  -51.514  -74.978   4640.5    548.7
     5     1    20     1    29     5     0     1   -70.0  -50.737  -78.966   3995.3    613.4
     1     1    20     1    29     4     0     2   -71.0  -42.236  -70.800   2401.4    671.9
     2     1    20     1    29     4     0     2   -71.0  -51.292  -73.712   4707.7    527.2
     3     1    20     1    29     4     0     2   -71.0  -41.400  -60.273    953.7    899.3
     4     1    20     1    29     4     0     2   -71.0  -52.149  -75.875   4684.8    552.8
     5     1    20     1    29     4     0     2   -71.0  -51.219  -79.806   3983.2    614.3
     1     1    20     1    29     3     0     3   -72.0  -42.576  -71.177   2258.1    686.8
     2     1    20     1    29     3     0     3   -72.0  -51.923  -74.615   4752.3    539.0
     3     1    20     1    29     3     0     3   -72.0  -41.645  -60.446    976.7    896.7
     4     1    20     1    29     3     0     3   -72.0  -52.784  -76.789   4672.5    554.5
     5     1    20     1    29     3     0     3   -72.0  -51.707  -80.675   4008.8    611.8
