     5     1
    GDAS    19     5     1     0     0
    GDAS    19     5     8     0     0
    GDAS    19     5    15     0     0
    GDAS    19     5    22     0     0
    GDAS    19     5    29     0     0
     5 BACKWARD OMEGA   
    19     5    16     9  -34.572  -58.513    10.0
    19     5    16     9  -34.572  -58.513   200.0
    19     5    16     9  -34.572  -58.513   500.0
    19     5    16     9  -34.572  -58.513  1000.0
    19     5    16     9  -34.572  -58.513  2000.0
     1 PRESSURE
     1     1    19     5    16     9     0     3     0.0  -34.572  -58.513     10.0   1019.9
     2     1    19     5    16     9     0     3     0.0  -34.572  -58.513    200.0    997.2
     3     1    19     5    16     9     0     3     0.0  -34.572  -58.513    500.0    962.5
     4     1    19     5    16     9     0     3     0.0  -34.572  -58.513   1000.0    906.7
     5     1    19     5    16     9     0     3     0.0  -34.572  -58.513   2000.0    804.3
     1     1    19     5    16     8     0     2    -1.0  -34.491  -58.446     10.3   1019.7
     2     1    19     5    16     8     0     2    -1.0  -34.331  -58.363    207.4    996.2
     3     1    19     5    16     8     0     2    -1.0  -34.256  -58.419    508.6    961.2
     4     1    19     5    16     8     0     2    -1.0  -34.286  -58.546    997.1    906.6
     5     1    19     5    16     8     0     2    -1.0  -34.403  -58.444   1991.6    804.7
     1     1    19     5    16     7     0     1    -2.0  -34.408  -58.370     10.9   1019.4
     2     1    19     5    16     7     0     1    -2.0  -34.081  -58.178    227.4    993.2
     3     1    19     5    16     7     0     1    -2.0  -33.949  -58.301    525.9    958.6
     4     1    19     5    16     7     0     1    -2.0  -34.000  -58.563    990.6    907.0
     5     1    19     5    16     7     0     1    -2.0  -34.248  -58.376   1979.8    805.6
     1     1    19     5    16     6     0     0    -3.0  -34.324  -58.283     11.9   1018.8
     2     1    19     5    16     6     0     0    -3.0  -33.827  -57.956    259.5    988.9
     3     1    19     5    16     6     0     0    -3.0  -33.661  -58.158    545.2    956.1
     4     1    19     5    16     6     0     0    -3.0  -33.716  -58.557    982.1    908.6
     5     1    19     5    16     6     0     0    -3.0  -34.104  -58.310   1963.9    806.9
     1     1    19     5    16     5     0     1    -4.0  -34.241  -58.185     13.5   1017.8
     2     1    19     5    16     5     0     1    -4.0  -33.588  -57.709    289.3    983.8
     3     1    19     5    16     5     0     1    -4.0  -33.398  -57.982    558.3    955.1
     4     1    19     5    16     5     0     1    -4.0  -33.433  -58.515    976.5    910.1
     5     1    19     5    16     5     0     1    -4.0  -33.970  -58.248   1949.2    808.6
     1     1    19     5    16     4     0     2    -5.0  -34.161  -58.072     16.2   1016.4
     2     1    19     5    16     4     0     2    -5.0  -33.379  -57.448    310.8    981.4
     3     1    19     5    16     4     0     2    -5.0  -33.165  -57.773    566.0    954.7
     4     1    19     5    16     4     0     2    -5.0  -33.156  -58.436    978.0    910.5
     5     1    19     5    16     4     0     2    -5.0  -33.841  -58.191   1941.9    809.7
     1     1    19     5    16     3     0     3    -6.0  -34.086  -57.944     20.4   1014.6
     2     1    19     5    16     3     0     3    -6.0  -33.207  -57.175    332.3    979.4
     3     1    19     5    16     3     0     3    -6.0  -32.967  -57.539    577.2    954.2
     4     1    19     5    16     3     0     3    -6.0  -32.894  -58.327    987.0    909.9
     5     1    19     5    16     3     0     3    -6.0  -33.716  -58.138   1942.7    809.9
     1     1    19     5    16     2     0     2    -7.0  -34.012  -57.808     26.9   1012.9
     2     1    19     5    16     2     0     2    -7.0  -33.069  -56.904    360.2    976.0
     3     1    19     5    16     2     0     2    -7.0  -32.803  -57.302    601.5    950.3
     4     1    19     5    16     2     0     2    -7.0  -32.653  -58.192   1007.2    907.8
     5     1    19     5    16     2     0     2    -7.0  -33.590  -58.083   1955.9    809.3
     1     1    19     5    16     1     0     1    -8.0  -33.939  -57.674     35.4   1011.6
     2     1    19     5    16     1     0     1    -8.0  -32.957  -56.641    390.7    970.5
     3     1    19     5    16     1     0     1    -8.0  -32.667  -57.077    639.7    944.0
     4     1    19     5    16     1     0     1    -8.0  -32.437  -58.033   1040.0    904.3
     5     1    19     5    16     1     0     1    -8.0  -33.461  -58.021   1984.7    806.6
     1     1    19     5    16     0     0     0    -9.0  -33.872  -57.540     44.5   1010.4
     2     1    19     5    16     0     0     0    -9.0  -32.871  -56.387    418.7    965.3
     3     1    19     5    16     0     0     0    -9.0  -32.553  -56.868    683.5    936.2
     4     1    19     5    16     0     0     0    -9.0  -32.244  -57.854   1082.6    898.5
     5     1    19     5    16     0     0     0    -9.0  -33.330  -57.951   2027.4    802.5
     1     1    19     5    15    23     0     1   -10.0  -33.811  -57.414     53.3   1009.2
     2     1    19     5    15    23     0     1   -10.0  -32.809  -56.150    439.0    960.4
     3     1    19     5    15    23     0     1   -10.0  -32.453  -56.673    719.2    929.4
     4     1    19     5    15    23     0     1   -10.0  -32.069  -57.678   1127.6    891.2
     5     1    19     5    15    23     0     1   -10.0  -33.201  -57.868   2072.2    797.2
     1     1    19     5    15    22     0     2   -11.0  -33.751  -57.303     61.5   1007.9
     2     1    19     5    15    22     0     2   -11.0  -32.762  -55.940    451.3    957.8
     3     1    19     5    15    22     0     2   -11.0  -32.367  -56.489    742.0    925.9
     4     1    19     5    15    22     0     2   -11.0  -31.908  -57.517   1162.6    885.1
     5     1    19     5    15    22     0     2   -11.0  -33.077  -57.770   2108.5    793.7
     1     1    19     5    15    21     0     3   -12.0  -33.693  -57.209     69.4   1006.7
     2     1    19     5    15    21     0     3   -12.0  -32.731  -55.753    461.4    955.4
     3     1    19     5    15    21     0     3   -12.0  -32.296  -56.314    760.8    923.2
     4     1    19     5    15    21     0     3   -12.0  -31.767  -57.367   1179.9    881.2
     5     1    19     5    15    21     0     3   -12.0  -32.956  -57.658   2137.9    790.9
     1     1    19     5    15    20     0     2   -13.0  -33.628  -57.122     77.0   1005.9
     2     1    19     5    15    20     0     2   -13.0  -32.703  -55.577    471.9    953.2
     3     1    19     5    15    20     0     2   -13.0  -32.232  -56.142    785.5    920.1
     4     1    19     5    15    20     0     2   -13.0  -31.641  -57.219   1184.9    880.2
     5     1    19     5    15    20     0     2   -13.0  -32.843  -57.531   2167.0    788.0
     1     1    19     5    15    19     0     1   -14.0  -33.550  -57.030     83.8   1005.3
     2     1    19     5    15    19     0     1   -14.0  -32.667  -55.404    482.5    951.0
     3     1    19     5    15    19     0     1   -14.0  -32.163  -55.969    821.3    915.6
     4     1    19     5    15    19     0     1   -14.0  -31.521  -57.066   1187.1    878.8
     5     1    19     5    15    19     0     1   -14.0  -32.740  -57.391   2199.6    783.9
     1     1    19     5    15    18     0     0   -15.0  -33.459  -56.933     89.8   1005.0
     2     1    19     5    15    18     0     0   -15.0  -32.626  -55.234    490.5    949.3
     3     1    19     5    15    18     0     0   -15.0  -32.091  -55.799    863.1    910.9
     4     1    19     5    15    18     0     0   -15.0  -31.406  -56.906   1191.1    877.2
     5     1    19     5    15    18     0     0   -15.0  -32.649  -57.240   2232.8    779.7
     1     1    19     5    15    17     0     1   -16.0  -33.360  -56.822     95.2   1005.0
     2     1    19     5    15    17     0     1   -16.0  -32.586  -55.051    498.4    948.6
     3     1    19     5    15    17     0     1   -16.0  -32.012  -55.631    903.0    907.1
     4     1    19     5    15    17     0     1   -16.0  -31.294  -56.736   1200.0    874.2
     5     1    19     5    15    17     0     1   -16.0  -32.575  -57.082   2263.5    775.7
     1     1    19     5    15    16     0     2   -17.0  -33.259  -56.687    100.0   1004.6
     2     1    19     5    15    16     0     2   -17.0  -32.549  -54.839    511.3    949.8
     3     1    19     5    15    16     0     2   -17.0  -31.924  -55.457    937.0    903.5
     4     1    19     5    15    16     0     2   -17.0  -31.186  -56.554   1216.1    870.1
     5     1    19     5    15    16     0     2   -17.0  -32.522  -56.922   2289.6    772.3
     1     1    19     5    15    15     0     3   -18.0  -33.156  -56.527    103.3   1004.2
     2     1    19     5    15    15     0     3   -18.0  -32.515  -54.606    531.1    951.0
     3     1    19     5    15    15     0     3   -18.0  -31.834  -55.273    965.4    901.0
     4     1    19     5    15    15     0     3   -18.0  -31.083  -56.358   1244.5    863.9
     5     1    19     5    15    15     0     3   -18.0  -32.489  -56.763   2311.5    769.6
     1     1    19     5    15    14     0     2   -19.0  -33.063  -56.345    107.1   1003.3
     2     1    19     5    15    14     0     2   -19.0  -32.484  -54.352    556.4    950.6
     3     1    19     5    15    14     0     2   -19.0  -31.749  -55.076    986.5    899.0
     4     1    19     5    15    14     0     2   -19.0  -30.988  -56.150   1285.4    855.3
     5     1    19     5    15    14     0     2   -19.0  -32.470  -56.606   2333.2    767.0
     1     1    19     5    15    13     0     1   -20.0  -32.990  -56.146    115.0   1001.1
     2     1    19     5    15    13     0     1   -20.0  -32.461  -54.074    583.9    950.0
     3     1    19     5    15    13     0     1   -20.0  -31.669  -54.861   1000.4    897.1
     4     1    19     5    15    13     0     1   -20.0  -30.904  -55.936   1333.8    849.1
     5     1    19     5    15    13     0     1   -20.0  -32.463  -56.454   2357.1    763.9
     1     1    19     5    15    12     0     0   -21.0  -32.935  -55.924    128.8    997.7
     2     1    19     5    15    12     0     0   -21.0  -32.441  -53.771    608.4    947.1
     3     1    19     5    15    12     0     0   -21.0  -31.594  -54.627   1015.0    893.7
     4     1    19     5    15    12     0     0   -21.0  -30.833  -55.719   1380.0    847.4
     5     1    19     5    15    12     0     0   -21.0  -32.466  -56.307   2382.3    760.8
     1     1    19     5    15    11     0     1   -22.0  -32.897  -55.681    148.4    992.6
     2     1    19     5    15    11     0     1   -22.0  -32.431  -53.451    626.5    944.1
     3     1    19     5    15    11     0     1   -22.0  -31.531  -54.374   1036.5    888.7
     4     1    19     5    15    11     0     1   -22.0  -30.775  -55.499   1420.2    846.6
     5     1    19     5    15    11     0     1   -22.0  -32.480  -56.160   2408.5    757.6
     1     1    19     5    15    10     0     2   -23.0  -32.874  -55.416    172.5    986.9
     2     1    19     5    15    10     0     2   -23.0  -32.445  -53.124    640.5    942.0
     3     1    19     5    15    10     0     2   -23.0  -31.490  -54.105   1066.9    882.4
     4     1    19     5    15    10     0     2   -23.0  -30.734  -55.278   1458.5    845.5
     5     1    19     5    15    10     0     2   -23.0  -32.505  -56.004   2435.9    754.2
     1     1    19     5    15     9     0     3   -24.0  -32.867  -55.122    204.0    980.5
     2     1    19     5    15     9     0     3   -24.0  -32.488  -52.792    656.5    942.6
     3     1    19     5    15     9     0     3   -24.0  -31.472  -53.820   1103.8    877.9
     4     1    19     5    15     9     0     3   -24.0  -30.708  -55.053   1496.8    844.1
     5     1    19     5    15     9     0     3   -24.0  -32.539  -55.838   2464.4    750.8
     1     1    19     5    15     8     0     2   -25.0  -32.878  -54.799    238.8    978.6
     2     1    19     5    15     8     0     2   -25.0  -32.550  -52.457    676.7    943.9
     3     1    19     5    15     8     0     2   -25.0  -31.474  -53.525   1144.3    876.0
     4     1    19     5    15     8     0     2   -25.0  -30.689  -54.822   1532.9    839.2
     5     1    19     5    15     8     0     2   -25.0  -32.583  -55.663   2490.0    747.5
     1     1    19     5    15     7     0     1   -26.0  -32.901  -54.478    258.1    981.8
     2     1    19     5    15     7     0     1   -26.0  -32.620  -52.119    703.2    944.3
     3     1    19     5    15     7     0     1   -26.0  -31.492  -53.219   1190.1    873.5
     4     1    19     5    15     7     0     1   -26.0  -30.671  -54.587   1567.7    833.3
     5     1    19     5    15     7     0     1   -26.0  -32.631  -55.481   2509.2    745.0
     1     1    19     5    15     6     0     0   -27.0  -32.938  -54.181    249.8    988.9
     2     1    19     5    15     6     0     0   -27.0  -32.697  -51.777    740.7    941.1
     3     1    19     5    15     6     0     0   -27.0  -31.529  -52.903   1236.9    870.5
     4     1    19     5    15     6     0     0   -27.0  -30.655  -54.345   1599.5    827.9
     5     1    19     5    15     6     0     0   -27.0  -32.685  -55.290   2523.8    742.7
     1     1    19     5    15     5     0     1   -28.0  -32.991  -53.917    218.4    997.2
     2     1    19     5    15     5     0     1   -28.0  -32.785  -51.424    788.8    935.5
     3     1    19     5    15     5     0     1   -28.0  -31.586  -52.588   1259.1    870.5
     4     1    19     5    15     5     0     1   -28.0  -30.652  -54.096   1628.1    822.9
     5     1    19     5    15     5     0     1   -28.0  -32.745  -55.091   2538.9    740.2
     1     1    19     5    15     4     0     2   -29.0  -33.055  -53.672    183.2   1002.9
     2     1    19     5    15     4     0     2   -29.0  -32.893  -51.057    855.3    929.3
     3     1    19     5    15     4     0     2   -29.0  -31.668  -52.278   1238.9    877.4
     4     1    19     5    15     4     0     2   -29.0  -30.671  -53.837   1661.1    820.5
     5     1    19     5    15     4     0     2   -29.0  -32.813  -54.882   2560.1    738.8
     1     1    19     5    15     3     0     3   -30.0  -33.128  -53.419    159.8   1005.8
     2     1    19     5    15     3     0     3   -30.0  -33.018  -50.686    945.4    918.6
     3     1    19     5    15     3     0     3   -30.0  -31.781  -51.964   1179.4    888.7
     4     1    19     5    15     3     0     3   -30.0  -30.715  -53.558   1707.4    818.5
     5     1    19     5    15     3     0     3   -30.0  -32.890  -54.665   2587.2    739.2
     1     1    19     5    15     2     0     2   -31.0  -33.209  -53.147    149.8   1007.7
     2     1    19     5    15     2     0     2   -31.0  -33.156  -50.327   1029.3    906.8
     3     1    19     5    15     2     0     2   -31.0  -31.921  -51.640   1106.9    900.0
     4     1    19     5    15     2     0     2   -31.0  -30.781  -53.266   1766.7    814.6
     5     1    19     5    15     2     0     2   -31.0  -32.977  -54.439   2621.3    739.9
     1     1    19     5    15     1     0     1   -32.0  -33.300  -52.851    150.9   1007.9
     2     1    19     5    15     1     0     1   -32.0  -33.311  -49.978   1095.1    900.8
     3     1    19     5    15     1     0     1   -32.0  -32.079  -51.307   1051.0    906.4
     4     1    19     5    15     1     0     1   -32.0  -30.861  -52.974   1833.1    810.6
     5     1    19     5    15     1     0     1   -32.0  -33.076  -54.204   2667.2    739.7
     1     1    19     5    15     0     0     0   -33.0  -33.408  -52.530    157.7   1007.5
     2     1    19     5    15     0     0     0   -33.0  -33.482  -49.636   1151.9    894.7
     3     1    19     5    15     0     0     0   -33.0  -32.260  -50.963   1014.5    910.2
     4     1    19     5    15     0     0     0   -33.0  -30.965  -52.702   1895.6    805.1
     5     1    19     5    15     0     0     0   -33.0  -33.187  -53.960   2726.3    737.1
     1     1    19     5    14    23     0     1   -34.0  -33.543  -52.199    167.1   1006.5
     2     1    19     5    14    23     0     1   -34.0  -33.660  -49.305   1200.4    889.1
     3     1    19     5    14    23     0     1   -34.0  -32.463  -50.617    989.4    911.9
     4     1    19     5    14    23     0     1   -34.0  -31.099  -52.458   1945.2    801.9
     5     1    19     5    14    23     0     1   -34.0  -33.319  -53.717   2792.1    730.4
     1     1    19     5    14    22     0     2   -35.0  -33.700  -51.873    177.9   1005.1
     2     1    19     5    14    22     0     2   -35.0  -33.837  -49.000   1249.6    884.1
     3     1    19     5    14    22     0     2   -35.0  -32.683  -50.267    971.9    913.8
     4     1    19     5    14    22     0     2   -35.0  -31.252  -52.240   1973.9    801.5
     5     1    19     5    14    22     0     2   -35.0  -33.478  -53.481   2865.9    724.0
     1     1    19     5    14    21     0     3   -36.0  -33.878  -51.551    191.0   1003.2
     2     1    19     5    14    21     0     3   -36.0  -34.011  -48.747   1311.7    877.5
     3     1    19     5    14    21     0     3   -36.0  -32.921  -49.911    972.3    914.2
     4     1    19     5    14    21     0     3   -36.0  -31.412  -52.052   1980.3    803.5
     5     1    19     5    14    21     0     3   -36.0  -33.661  -53.255   2952.7    717.1
     1     1    19     5    14    20     0     2   -37.0  -34.063  -51.230    204.4   1001.4
     2     1    19     5    14    20     0     2   -37.0  -34.176  -48.535   1380.7    869.0
     3     1    19     5    14    20     0     2   -37.0  -33.164  -49.561    984.7    911.3
     4     1    19     5    14    20     0     2   -37.0  -31.574  -51.887   1976.5    806.9
     5     1    19     5    14    20     0     2   -37.0  -33.870  -53.037   3040.3    709.4
     1     1    19     5    14    19     0     1   -38.0  -34.244  -50.912    214.7   1000.1
     2     1    19     5    14    19     0     1   -38.0  -34.335  -48.329   1442.0    862.3
     3     1    19     5    14    19     0     1   -38.0  -33.405  -49.219    994.7    910.3
     4     1    19     5    14    19     0     1   -38.0  -31.737  -51.739   1976.3    807.9
     5     1    19     5    14    19     0     1   -38.0  -34.099  -52.829   3108.4    703.7
     1     1    19     5    14    18     0     0   -39.0  -34.423  -50.596    221.9    999.4
     2     1    19     5    14    18     0     0   -39.0  -34.500  -48.117   1491.2    856.9
     3     1    19     5    14    18     0     0   -39.0  -33.649  -48.891   1006.0    909.3
     4     1    19     5    14    18     0     0   -39.0  -31.900  -51.608   1981.6    808.2
     5     1    19     5    14    18     0     0   -39.0  -34.344  -52.637   3158.0    699.6
     1     1    19     5    14    17     0     1   -40.0  -34.619  -50.278    228.4    998.8
     2     1    19     5    14    17     0     1   -40.0  -34.670  -47.888   1528.5    852.9
     3     1    19     5    14    17     0     1   -40.0  -33.898  -48.581   1017.0    907.3
     4     1    19     5    14    17     0     1   -40.0  -32.061  -51.483   1976.0    807.3
     5     1    19     5    14    17     0     1   -40.0  -34.605  -52.469   3204.2    696.6
     1     1    19     5    14    16     0     2   -41.0  -34.845  -49.953    238.7    997.9
     2     1    19     5    14    16     0     2   -41.0  -34.842  -47.660   1563.4    849.7
     3     1    19     5    14    16     0     2   -41.0  -34.158  -48.269   1019.6    906.6
     4     1    19     5    14    16     0     2   -41.0  -32.219  -51.358   1941.4    810.8
     5     1    19     5    14    16     0     2   -41.0  -34.888  -52.338   3262.5    691.7
     1     1    19     5    14    15     0     3   -42.0  -35.102  -49.623    258.0    996.0
     2     1    19     5    14    15     0     3   -42.0  -35.013  -47.461   1608.3    845.2
     3     1    19     5    14    15     0     3   -42.0  -34.438  -47.939   1020.4    907.2
     4     1    19     5    14    15     0     3   -42.0  -32.376  -51.240   1880.1    817.0
     5     1    19     5    14    15     0     3   -42.0  -35.196  -52.246   3337.4    685.2
     1     1    19     5    14    14     0     2   -43.0  -35.375  -49.301    283.0    992.3
     2     1    19     5    14    14     0     2   -43.0  -35.191  -47.280   1653.3    838.9
     3     1    19     5    14    14     0     2   -43.0  -34.721  -47.621   1033.4    906.2
     4     1    19     5    14    14     0     2   -43.0  -32.535  -51.127   1817.2    825.4
     5     1    19     5    14    14     0     2   -43.0  -35.521  -52.191   3414.6    677.1
     1     1    19     5    14    13     0     1   -44.0  -35.647  -48.995    303.7    989.1
     2     1    19     5    14    13     0     1   -44.0  -35.385  -47.090   1684.0    835.6
     3     1    19     5    14    13     0     1   -44.0  -34.994  -47.336   1056.9    903.0
     4     1    19     5    14    13     0     1   -44.0  -32.702  -51.012   1779.5    829.0
     5     1    19     5    14    13     0     1   -44.0  -35.858  -52.163   3478.2    671.4
     1     1    19     5    14    12     0     0   -45.0  -35.920  -48.701    315.2    987.5
     2     1    19     5    14    12     0     0   -45.0  -35.602  -46.894   1700.0    833.7
     3     1    19     5    14    12     0     0   -45.0  -35.267  -47.073   1080.3    899.7
     4     1    19     5    14    12     0     0   -45.0  -32.868  -50.897   1768.0    829.9
     5     1    19     5    14    12     0     0   -45.0  -36.204  -52.162   3526.8    667.1
     1     1    19     5    14    11     0     1   -46.0  -36.205  -48.425    324.2    986.7
     2     1    19     5    14    11     0     1   -46.0  -35.835  -46.719   1708.8    833.1
     3     1    19     5    14    11     0     1   -46.0  -35.547  -46.830   1101.3    897.3
     4     1    19     5    14    11     0     1   -46.0  -33.037  -50.782   1760.6    828.1
     5     1    19     5    14    11     0     1   -46.0  -36.541  -52.196   3573.4    663.9
     1     1    19     5    14    10     0     2   -47.0  -36.513  -48.179    338.7    984.2
     2     1    19     5    14    10     0     2   -47.0  -36.065  -46.600   1721.4    831.6
     3     1    19     5    14    10     0     2   -47.0  -35.832  -46.615   1120.9    894.2
     4     1    19     5    14    10     0     2   -47.0  -33.217  -50.665   1737.3    830.4
     5     1    19     5    14    10     0     2   -47.0  -36.859  -52.276   3627.5    658.7
     1     1    19     5    14     9     0     3   -48.0  -36.843  -47.957    359.6    981.2
     2     1    19     5    14     9     0     3   -48.0  -36.286  -46.540   1744.0    829.1
     3     1    19     5    14     9     0     3   -48.0  -36.121  -46.433   1132.0    892.0
     4     1    19     5    14     9     0     3   -48.0  -33.407  -50.552   1705.4    833.5
     5     1    19     5    14     9     0     3   -48.0  -37.163  -52.397   3682.1    653.5
     1     1    19     5    14     8     0     2   -49.0  -37.186  -47.767    381.8    977.7
     2     1    19     5    14     8     0     2   -49.0  -36.512  -46.523   1773.5    825.4
     3     1    19     5    14     8     0     2   -49.0  -36.418  -46.289   1141.9    891.9
     4     1    19     5    14     8     0     2   -49.0  -33.601  -50.452   1672.0    837.2
     5     1    19     5    14     8     0     2   -49.0  -37.460  -52.552   3736.4    649.1
     1     1    19     5    14     7     0     1   -50.0  -37.533  -47.620    398.8    975.6
     2     1    19     5    14     7     0     1   -50.0  -36.751  -46.540   1802.7    822.2
     3     1    19     5    14     7     0     1   -50.0  -36.725  -46.179   1161.4    889.7
     4     1    19     5    14     7     0     1   -50.0  -33.798  -50.366   1638.8    840.2
     5     1    19     5    14     7     0     1   -50.0  -37.757  -52.734   3794.5    644.3
     1     1    19     5    14     6     0     0   -51.0  -37.889  -47.515    414.0    974.1
     2     1    19     5    14     6     0     0   -51.0  -36.993  -46.606   1826.8    819.4
     3     1    19     5    14     6     0     0   -51.0  -37.045  -46.092   1185.9    886.3
     4     1    19     5    14     6     0     0   -51.0  -34.005  -50.299   1601.2    843.7
     5     1    19     5    14     6     0     0   -51.0  -38.055  -52.946   3855.2    639.0
     1     1    19     5    14     5     0     1   -52.0  -38.259  -47.453    430.1    972.0
     2     1    19     5    14     5     0     1   -52.0  -37.235  -46.726   1845.9    817.8
     3     1    19     5    14     5     0     1   -52.0  -37.366  -46.054   1209.3    883.3
     4     1    19     5    14     5     0     1   -52.0  -34.219  -50.242   1565.4    848.4
     5     1    19     5    14     5     0     1   -52.0  -38.346  -53.195   3913.4    633.8
     1     1    19     5    14     4     0     2   -53.0  -38.645  -47.438    446.2    969.4
     2     1    19     5    14     4     0     2   -53.0  -37.475  -46.909   1863.1    815.9
     3     1    19     5    14     4     0     2   -53.0  -37.677  -46.084   1227.8    880.7
     4     1    19     5    14     4     0     2   -53.0  -34.432  -50.192   1537.7    851.1
     5     1    19     5    14     4     0     2   -53.0  -38.630  -53.479   3972.8    629.3
     1     1    19     5    14     3     0     3   -54.0  -39.041  -47.464    462.7    967.1
     2     1    19     5    14     3     0     3   -54.0  -37.702  -47.167   1879.2    814.2
     3     1    19     5    14     3     0     3   -54.0  -37.988  -46.162   1238.3    879.1
     4     1    19     5    14     3     0     3   -54.0  -34.639  -50.160   1513.3    853.4
     5     1    19     5    14     3     0     3   -54.0  -38.921  -53.778   4049.1    623.6
     1     1    19     5    14     2     0     2   -55.0  -39.444  -47.541    484.1    964.5
     2     1    19     5    14     2     0     2   -55.0  -37.927  -47.480   1899.7    812.5
     3     1    19     5    14     2     0     2   -55.0  -38.302  -46.293   1248.7    878.7
     4     1    19     5    14     2     0     2   -55.0  -34.844  -50.157   1489.5    856.1
     5     1    19     5    14     2     0     2   -55.0  -39.227  -54.110   4138.6    615.3
     1     1    19     5    14     1     0     1   -56.0  -39.854  -47.675    513.8    960.7
     2     1    19     5    14     1     0     1   -56.0  -38.154  -47.826   1932.9    809.5
     3     1    19     5    14     1     0     1   -56.0  -38.622  -46.482   1267.4    876.3
     4     1    19     5    14     1     0     1   -56.0  -35.053  -50.187   1465.9    858.5
     5     1    19     5    14     1     0     1   -56.0  -39.552  -54.490   4231.4    607.9
     1     1    19     5    14     0     0     0   -57.0  -40.267  -47.865    549.7    955.9
     2     1    19     5    14     0     0     0   -57.0  -38.376  -48.222   1978.7    804.4
     3     1    19     5    14     0     0     0   -57.0  -38.951  -46.712   1289.9    873.3
     4     1    19     5    14     0     0     0   -57.0  -35.272  -50.251   1441.5    861.0
     5     1    19     5    14     0     0     0   -57.0  -39.911  -54.917   4341.3    599.7
     1     1    19     5    13    23     0     1   -58.0  -40.683  -48.117    584.8    950.6
     2     1    19     5    13    23     0     1   -58.0  -38.592  -48.660   2019.1    799.0
     3     1    19     5    13    23     0     1   -58.0  -39.268  -47.006   1307.7    870.4
     4     1    19     5    13    23     0     1   -58.0  -35.489  -50.347   1419.0    863.3
     5     1    19     5    13    23     0     1   -58.0  -40.294  -55.419   4473.3    588.6
     1     1    19     5    13    22     0     2   -59.0  -41.110  -48.430    622.1    946.3
     2     1    19     5    13    22     0     2   -59.0  -38.799  -49.131   2045.7    796.5
     3     1    19     5    13    22     0     2   -59.0  -39.550  -47.378   1315.9    869.1
     4     1    19     5    13    22     0     2   -59.0  -35.693  -50.474   1401.8    865.0
     5     1    19     5    13    22     0     2   -59.0  -40.683  -56.004   4619.4    577.2
     1     1    19     5    13    21     0     3   -60.0  -41.550  -48.797    668.4    939.9
     2     1    19     5    13    21     0     3   -60.0  -38.986  -49.664   2065.7    794.6
     3     1    19     5    13    21     0     3   -60.0  -39.804  -47.820   1308.8    868.5
     4     1    19     5    13    21     0     3   -60.0  -35.882  -50.641   1391.0    865.9
     5     1    19     5    13    21     0     3   -60.0  -41.092  -56.653   4779.1    564.5
     1     1    19     5    13    20     0     2   -61.0  -41.978  -49.223    714.7    932.7
     2     1    19     5    13    20     0     2   -61.0  -39.168  -50.243   2082.7    792.8
     3     1    19     5    13    20     0     2   -61.0  -40.044  -48.299   1281.6    871.5
     4     1    19     5    13    20     0     2   -61.0  -36.057  -50.838   1376.2    866.3
     5     1    19     5    13    20     0     2   -61.0  -41.505  -57.374   4940.3    551.4
     1     1    19     5    13    19     0     1   -62.0  -42.382  -49.718    752.2    927.8
     2     1    19     5    13    19     0     1   -62.0  -39.363  -50.841   2095.7    791.5
     3     1    19     5    13    19     0     1   -62.0  -40.273  -48.795   1241.8    875.9
     4     1    19     5    13    19     0     1   -62.0  -36.217  -51.055   1344.7    869.2
     5     1    19     5    13    19     0     1   -62.0  -41.910  -58.176   5115.2    538.8
     1     1    19     5    13    18     0     0   -63.0  -42.775  -50.280    785.2    923.8
     2     1    19     5    13    18     0     0   -63.0  -39.553  -51.474   2111.0    790.0
     3     1    19     5    13    18     0     0   -63.0  -40.491  -49.320   1193.7    881.2
     4     1    19     5    13    18     0     0   -63.0  -36.361  -51.298   1298.2    874.8
     5     1    19     5    13    18     0     0   -63.0  -42.320  -59.027   5342.7    522.3
     1     1    19     5    13    17     0     1   -64.0  -43.146  -50.910    816.1    919.7
     2     1    19     5    13    17     0     1   -64.0  -39.736  -52.150   2122.5    788.6
     3     1    19     5    13    17     0     1   -64.0  -40.709  -49.846   1156.7    885.3
     4     1    19     5    13    17     0     1   -64.0  -36.486  -51.559   1254.5    879.8
     5     1    19     5    13    17     0     1   -64.0  -42.725  -59.937   5612.3    502.5
     1     1    19     5    13    16     0     2   -65.0  -43.494  -51.605    848.0    915.8
     2     1    19     5    13    16     0     2   -65.0  -39.908  -52.848   2116.2    789.3
     3     1    19     5    13    16     0     2   -65.0  -40.902  -50.360   1125.2    888.0
     4     1    19     5    13    16     0     2   -65.0  -36.587  -51.826   1224.9    882.9
     5     1    19     5    13    16     0     2   -65.0  -43.116  -60.907   5894.4    482.8
     1     1    19     5    13    15     0     3   -66.0  -43.844  -52.358    900.5    909.5
     2     1    19     5    13    15     0     3   -66.0  -40.065  -53.578   2098.5    791.0
     3     1    19     5    13    15     0     3   -66.0  -41.039  -50.887   1068.2    893.4
     4     1    19     5    13    15     0     3   -66.0  -36.663  -52.105   1207.3    884.7
     5     1    19     5    13    15     0     3   -66.0  -43.530  -61.911   6171.3    463.9
     1     1    19     5    13    14     0     2   -67.0  -44.170  -53.143    973.7    899.9
     2     1    19     5    13    14     0     2   -67.0  -40.208  -54.344   2088.4    792.3
     3     1    19     5    13    14     0     2   -67.0  -41.162  -51.427   1007.3    900.7
     4     1    19     5    13    14     0     2   -67.0  -36.728  -52.392   1196.1    885.7
     5     1    19     5    13    14     0     2   -67.0  -43.968  -62.917   6395.4    448.8
     1     1    19     5    13    13     0     1   -68.0  -44.455  -53.948   1054.5    890.5
     2     1    19     5    13    13     0     1   -68.0  -40.322  -55.124   2112.2    789.7
     3     1    19     5    13    13     0     1   -68.0  -41.298  -51.959    960.2    905.0
     4     1    19     5    13    13     0     1   -68.0  -36.792  -52.680   1188.3    886.4
     5     1    19     5    13    13     0     1   -68.0  -44.424  -63.965   6660.0    432.5
     1     1    19     5    13    12     0     0   -69.0  -44.731  -54.765   1141.9    880.1
     2     1    19     5    13    12     0     0   -69.0  -40.406  -55.937   2162.0    784.5
     3     1    19     5    13    12     0     0   -69.0  -41.389  -52.505    895.7    911.7
     4     1    19     5    13    12     0     0   -69.0  -36.854  -52.973   1185.5    886.6
     5     1    19     5    13    12     0     0   -69.0  -44.934  -65.063   6988.6    410.2
     1     1    19     5    13    11     0     1   -70.0  -44.999  -55.575   1225.2    870.7
     2     1    19     5    13    11     0     1   -70.0  -40.470  -56.746   2221.9    778.7
     3     1    19     5    13    11     0     1   -70.0  -41.455  -53.068    834.8    919.1
     4     1    19     5    13    11     0     1   -70.0  -36.907  -53.266   1183.5    886.5
     5     1    19     5    13    11     0     1   -70.0  -45.454  -66.237   7315.8    387.5
     1     1    19     5    13    10     0     2   -71.0  -45.243  -56.398   1302.3    861.0
     2     1    19     5    13    10     0     2   -71.0  -40.508  -57.513   2275.8    773.2
     3     1    19     5    13    10     0     2   -71.0  -41.558  -53.596    811.6    921.1
     4     1    19     5    13    10     0     2   -71.0  -36.946  -53.556   1176.4    887.1
     5     1    19     5    13    10     0     2   -71.0  -45.908  -67.581   7606.4    355.5
     1     1    19     5    13     9     0     3   -72.0  -45.472  -57.262   1364.2    854.2
     2     1    19     5    13     9     0     3   -72.0  -40.509  -58.247   2307.5    770.0
     3     1    19     5    13     9     0     3   -72.0  -41.653  -54.090    787.3    922.8
     4     1    19     5    13     9     0     3   -72.0  -36.966  -53.838   1163.1    888.3
     5     1    19     5    13     9     0     3   -72.0  -46.271  -68.920   7574.1    347.0
