     5     1
    GDAS    19     6     1     0     0
    GDAS    19     6     8     0     0
    GDAS    19     6    15     0     0
    GDAS    19     6    22     0     0
    GDAS    19     6    29     0     0
     5 BACKWARD OMEGA   
    19     6    14    21  -34.572  -58.513    10.0
    19     6    14    21  -34.572  -58.513   200.0
    19     6    14    21  -34.572  -58.513   500.0
    19     6    14    21  -34.572  -58.513  1000.0
    19     6    14    21  -34.572  -58.513  2000.0
     1 PRESSURE
     1     1    19     6    14    21     0     3     0.0  -34.572  -58.513     10.0   1010.7
     2     1    19     6    14    21     0     3     0.0  -34.572  -58.513    200.0    989.2
     3     1    19     6    14    21     0     3     0.0  -34.572  -58.513    500.0    954.6
     4     1    19     6    14    21     0     3     0.0  -34.572  -58.513   1000.0    899.4
     5     1    19     6    14    21     0     3     0.0  -34.572  -58.513   2000.0    797.7
     1     1    19     6    14    20     0     2    -1.0  -34.656  -58.539     10.7   1010.4
     2     1    19     6    14    20     0     2    -1.0  -34.716  -58.540    205.5    988.8
     3     1    19     6    14    20     0     2    -1.0  -34.702  -58.508    492.6    955.4
     4     1    19     6    14    20     0     2    -1.0  -34.618  -58.488    983.2    900.8
     5     1    19     6    14    20     0     2    -1.0  -34.504  -58.741   1974.7    800.4
     1     1    19     6    14    19     0     1    -2.0  -34.746  -58.578     10.9   1010.3
     2     1    19     6    14    19     0     1    -2.0  -34.851  -58.586    200.8    989.9
     3     1    19     6    14    19     0     1    -2.0  -34.833  -58.531    470.8    958.2
     4     1    19     6    14    19     0     1    -2.0  -34.688  -58.492    955.8    903.9
     5     1    19     6    14    19     0     1    -2.0  -34.435  -58.986   1936.0    804.7
     1     1    19     6    14    18     0     0    -3.0  -34.842  -58.632     10.7   1010.2
     2     1    19     6    14    18     0     0    -3.0  -34.981  -58.653    187.0    992.1
     3     1    19     6    14    18     0     0    -3.0  -34.968  -58.586    427.9    963.6
     4     1    19     6    14    18     0     0    -3.0  -34.782  -58.526    913.0    908.8
     5     1    19     6    14    18     0     0    -3.0  -34.373  -59.242   1887.8    810.6
     1     1    19     6    14    17     0     1    -4.0  -34.946  -58.696     10.3   1010.1
     2     1    19     6    14    17     0     1    -4.0  -35.122  -58.737    174.8    994.6
     3     1    19     6    14    17     0     1    -4.0  -35.121  -58.664    384.9    970.7
     4     1    19     6    14    17     0     1    -4.0  -34.905  -58.590    860.3    916.0
     5     1    19     6    14    17     0     1    -4.0  -34.313  -59.490   1860.0    815.0
     1     1    19     6    14    16     0     2    -5.0  -35.062  -58.772     10.1   1010.0
     2     1    19     6    14    16     0     2    -5.0  -35.285  -58.836    170.7    994.7
     3     1    19     6    14    16     0     2    -5.0  -35.303  -58.757    362.6    972.9
     4     1    19     6    14    16     0     2    -5.0  -35.061  -58.688    815.4    921.8
     5     1    19     6    14    16     0     2    -5.0  -34.242  -59.723   1863.6    814.1
     1     1    19     6    14    15     0     3    -6.0  -35.194  -58.862     10.1   1009.9
     2     1    19     6    14    15     0     3    -6.0  -35.467  -58.953    172.5    994.2
     3     1    19     6    14    15     0     3    -6.0  -35.510  -58.867    357.3    972.9
     4     1    19     6    14    15     0     3    -6.0  -35.246  -58.814    796.4    924.5
     5     1    19     6    14    15     0     3    -6.0  -34.154  -59.946   1884.8    811.2
     1     1    19     6    14    14     0     2    -7.0  -35.333  -58.965     10.3   1009.7
     2     1    19     6    14    14     0     2    -7.0  -35.668  -59.083    177.6    992.8
     3     1    19     6    14    14     0     2    -7.0  -35.744  -58.987    361.2    972.0
     4     1    19     6    14    14     0     2    -7.0  -35.445  -58.956    807.0    923.0
     5     1    19     6    14    14     0     2    -7.0  -34.061  -60.167   1935.6    807.2
     1     1    19     6    14    13     0     1    -8.0  -35.471  -59.078     10.6   1009.6
     2     1    19     6    14    13     0     1    -8.0  -35.889  -59.220    184.1    990.6
     3     1    19     6    14    13     0     1    -8.0  -36.010  -59.100    368.8    969.9
     4     1    19     6    14    13     0     1    -8.0  -35.650  -59.108    839.4    918.4
     5     1    19     6    14    13     0     1    -8.0  -33.969  -60.400   2039.3    794.9
     1     1    19     6    14    12     0     0    -9.0  -35.603  -59.200     10.9   1009.3
     2     1    19     6    14    12     0     0    -9.0  -36.138  -59.366    194.4    986.3
     3     1    19     6    14    12     0     0    -9.0  -36.310  -59.215    389.0    964.1
     4     1    19     6    14    12     0     0    -9.0  -35.855  -59.275    878.3    911.8
     5     1    19     6    14    12     0     0    -9.0  -33.885  -60.649   2179.3    778.5
     1     1    19     6    14    11     0     1   -10.0  -35.731  -59.329     12.0   1008.3
     2     1    19     6    14    11     0     1   -10.0  -36.419  -59.524    223.8    978.0
     3     1    19     6    14    11     0     1   -10.0  -36.637  -59.352    442.6    953.3
     4     1    19     6    14    11     0     1   -10.0  -36.062  -59.459    922.6    904.3
     5     1    19     6    14    11     0     1   -10.0  -33.822  -60.929   2331.8    760.1
     1     1    19     6    14    10     0     2   -11.0  -35.861  -59.459     14.9   1006.5
     2     1    19     6    14    10     0     2   -11.0  -36.743  -59.694    284.4    964.2
     3     1    19     6    14    10     0     2   -11.0  -36.975  -59.519    534.5    934.9
     4     1    19     6    14    10     0     2   -11.0  -36.270  -59.664    987.0    892.3
     5     1    19     6    14    10     0     2   -11.0  -33.785  -61.258   2481.9    744.3
     1     1    19     6    14     9     0     3   -12.0  -35.996  -59.592     20.6   1003.7
     2     1    19     6    14     9     0     3   -12.0  -37.093  -59.875    370.0    946.3
     3     1    19     6    14     9     0     3   -12.0  -37.295  -59.714    632.3    917.0
     4     1    19     6    14     9     0     3   -12.0  -36.461  -59.891   1075.2    877.2
     5     1    19     6    14     9     0     3   -12.0  -33.782  -61.643   2621.4    731.0
     1     1    19     6    14     8     0     2   -13.0  -36.138  -59.726     22.8    999.2
     2     1    19     6    14     8     0     2   -13.0  -37.422  -60.083    442.9    933.8
     3     1    19     6    14     8     0     2   -13.0  -37.569  -59.939    706.4    905.5
     4     1    19     6    14     8     0     2   -13.0  -36.612  -60.133   1143.3    863.2
     5     1    19     6    14     8     0     2   -13.0  -33.782  -62.081   2748.9    719.1
     1     1    19     6    14     7     0     1   -14.0  -36.277  -59.855     15.0    997.2
     2     1    19     6    14     7     0     1   -14.0  -37.722  -60.325    477.6    931.1
     3     1    19     6    14     7     0     1   -14.0  -37.805  -60.185    749.7    900.5
     4     1    19     6    14     7     0     1   -14.0  -36.738  -60.380   1165.0    863.1
     5     1    19     6    14     7     0     1   -14.0  -33.748  -62.571   2898.5    706.5
     1     1    19     6    14     6     0     0   -15.0  -36.412  -59.974      3.5    996.4
     2     1    19     6    14     6     0     0   -15.0  -38.016  -60.602    471.3    930.9
     3     1    19     6    14     6     0     0   -15.0  -38.043  -60.443    749.6    900.6
     4     1    19     6    14     6     0     0   -15.0  -36.849  -60.634   1192.6    863.6
     5     1    19     6    14     6     0     0   -15.0  -33.682  -63.148   3123.6    684.3
     1     1    19     6    14     5     0     1   -16.0  -36.540  -60.079      0.0    995.0
     2     1    19     6    14     5     0     1   -16.0  -38.281  -60.903    463.6    943.4
     3     1    19     6    14     5     0     1   -16.0  -38.267  -60.687    746.7    911.0
     4     1    19     6    14     5     0     1   -16.0  -36.949  -60.871   1258.4    856.9
     5     1    19     6    14     5     0     1   -16.0  -33.544  -63.814   3283.9    652.1
     1     1    19     6    14     4     0     2   -17.0  -36.653  -60.161      0.0    993.8
     2     1    19     6    14     4     0     2   -17.0  -38.485  -61.181    528.0    940.8
     3     1    19     6    14     4     0     2   -17.0  -38.434  -60.901    832.3    910.4
     4     1    19     6    14     4     0     2   -17.0  -37.032  -61.069   1317.8    846.8
     5     1    19     6    14     4     0     2   -17.0  -33.334  -64.518   3335.4    631.3
     1     1    19     6    14     3     0     3   -18.0  -36.755  -60.221      0.0    992.5
     2     1    19     6    14     3     0     3   -18.0  -38.638  -61.422    694.0    923.4
     3     1    19     6    14     3     0     3   -18.0  -38.527  -61.089   1087.4    885.6
     4     1    19     6    14     3     0     3   -18.0  -37.099  -61.235   1350.2    842.9
     5     1    19     6    14     3     0     3   -18.0  -33.035  -65.357   3473.2    578.6
     1     1    19     6    14     2     0     2   -19.0  -36.844  -60.249      0.0    991.3
     2     1    19     6    14     2     0     2   -19.0  -38.742  -61.651    873.4    900.7
     3     1    19     6    14     2     0     2   -19.0  -38.551  -61.282   1392.6    841.3
     4     1    19     6    14     2     0     2   -19.0  -37.152  -61.378   1335.9    843.2
     5     1    19     6    14     2     0     2   -19.0  -32.713  -66.276   3754.2    568.7
     1     1    19     6    14     1     0     1   -20.0  -36.916  -60.236      0.0    990.4
     2     1    19     6    14     1     0     1   -20.0  -38.812  -61.900   1005.8    888.6
     3     1    19     6    14     1     0     1   -20.0  -38.556  -61.493   1568.3    822.1
     4     1    19     6    14     1     0     1   -20.0  -37.211  -61.498   1246.5    850.9
     5     1    19     6    14     1     0     1   -20.0  -32.403  -67.102   3878.6    589.0
     1     1    19     6    14     0     0     0   -21.0  -36.965  -60.182      0.0    989.7
     2     1    19     6    14     0     0     0   -21.0  -38.858  -62.160   1166.2    875.5
     3     1    19     6    14     0     0     0   -21.0  -38.541  -61.699   1676.9    809.3
     4     1    19     6    14     0     0     0   -21.0  -37.285  -61.606   1091.2    865.2
     5     1    19     6    14     0     0     0   -21.0  -32.122  -67.899   4058.9    576.9
     1     1    19     6    13    23     0     1   -22.0  -37.001  -60.093      0.0    987.7
     2     1    19     6    13    23     0     1   -22.0  -38.881  -62.394   1357.4    855.0
     3     1    19     6    13    23     0     1   -22.0  -38.495  -61.891   1740.0    797.8
     4     1    19     6    13    23     0     1   -22.0  -37.360  -61.704    938.5    879.6
     5     1    19     6    13    23     0     1   -22.0  -31.910  -68.969   4286.9    436.9
     1     1    19     6    13    22     0     2   -23.0  -37.035  -59.984      0.0    986.4
     2     1    19     6    13    22     0     2   -23.0  -38.871  -62.592   1494.9    840.4
     3     1    19     6    13    22     0     2   -23.0  -38.423  -62.072   1695.5    797.6
     4     1    19     6    13    22     0     2   -23.0  -37.411  -61.777    816.2    889.7
     5     1    19     6    13    22     0     2   -23.0  -31.637  -70.681   5205.7    396.3
     1     1    19     6    13    21     0     3   -24.0  -37.072  -59.862      0.0    986.9
     2     1    19     6    13    21     0     3   -24.0  -38.828  -62.747   1524.1    836.7
     3     1    19     6    13    21     0     3   -24.0  -38.342  -62.231   1503.6    816.3
     4     1    19     6    13    21     0     3   -24.0  -37.425  -61.795    702.1    901.1
     5     1    19     6    13    21     0     3   -24.0  -31.625  -71.934   5488.5    505.6
     1     1    19     6    13    20     0     2   -25.0  -37.105  -59.729      0.0    989.0
     2     1    19     6    13    20     0     2   -25.0  -38.752  -62.830   1428.7    844.6
     3     1    19     6    13    20     0     2   -25.0  -38.240  -62.326   1317.2    836.0
     4     1    19     6    13    20     0     2   -25.0  -37.403  -61.741    644.8    909.9
     5     1    19     6    13    20     0     2   -25.0  -31.774  -72.960   5542.2    507.2
     1     1    19     6    13    19     0     1   -26.0  -37.126  -59.585      0.0    991.3
     2     1    19     6    13    19     0     1   -26.0  -38.641  -62.827   1265.2    859.4
     3     1    19     6    13    19     0     1   -26.0  -38.111  -62.368   1343.5    829.9
     4     1    19     6    13    19     0     1   -26.0  -37.346  -61.633    655.6    910.7
     5     1    19     6    13    19     0     1   -26.0  -31.959  -74.011   5753.4    492.3
     1     1    19     6    13    18     0     0   -27.0  -37.135  -59.433      0.1    993.8
     2     1    19     6    13    18     0     0   -27.0  -38.495  -62.749   1125.4    870.9
     3     1    19     6    13    18     0     0   -27.0  -37.957  -62.438   1665.5    795.9
     4     1    19     6    13    18     0     0   -27.0  -37.253  -61.491    693.2    909.2
     5     1    19     6    13    18     0     0   -27.0  -32.242  -75.122   6182.7    463.2
     1     1    19     6    13    17     0     1   -28.0  -37.137  -59.273      0.0    996.0
     2     1    19     6    13    17     0     1   -28.0  -38.334  -62.641   1114.2    865.8
     3     1    19     6    13    17     0     1   -28.0  -37.790  -62.595   1965.4    768.0
     4     1    19     6    13    17     0     1   -28.0  -37.136  -61.340    710.0    910.4
     5     1    19     6    13    17     0     1   -28.0  -32.645  -76.227   6555.6    436.8
     1     1    19     6    13    16     0     2   -29.0  -37.135  -59.093      0.0    998.1
     2     1    19     6    13    16     0     2   -29.0  -38.179  -62.541   1195.7    849.3
     3     1    19     6    13    16     0     2   -29.0  -37.609  -62.763   2055.8    766.5
     4     1    19     6    13    16     0     2   -29.0  -37.010  -61.188    699.9    914.4
     5     1    19     6    13    16     0     2   -29.0  -33.206  -77.274   6794.3    423.1
     1     1    19     6    13    15     0     3   -30.0  -37.130  -58.885      0.0   1000.0
     2     1    19     6    13    15     0     3   -30.0  -38.021  -62.443   1275.0    831.9
     3     1    19     6    13    15     0     3   -30.0  -37.427  -62.933   2027.5    773.4
     4     1    19     6    13    15     0     3   -30.0  -36.873  -61.019    669.6    919.2
     5     1    19     6    13    15     0     3   -30.0  -33.960  -78.269   7053.1    406.0
     1     1    19     6    13    14     0     2   -31.0  -37.137  -58.668      0.0   1002.2
     2     1    19     6    13    14     0     2   -31.0  -37.844  -62.324   1289.4    830.9
     3     1    19     6    13    14     0     2   -31.0  -37.259  -63.081   1893.4    788.7
     4     1    19     6    13    14     0     2   -31.0  -36.742  -60.808    622.1    924.9
     5     1    19     6    13    14     0     2   -31.0  -34.852  -79.242   7272.7    393.0
     1     1    19     6    13    13     0     1   -32.0  -37.166  -58.460      0.0   1004.2
     2     1    19     6    13    13     0     1   -32.0  -37.648  -62.170   1271.8    835.7
     3     1    19     6    13    13     0     1   -32.0  -37.115  -63.192   1743.9    806.5
     4     1    19     6    13    13     0     1   -32.0  -36.641  -60.564    586.1    928.8
     5     1    19     6    13    13     0     1   -32.0  -35.896  -80.209   7477.0    379.6
     1     1    19     6    13    12     0     0   -33.0  -37.216  -58.258      0.0   1005.9
     2     1    19     6    13    12     0     0   -33.0  -37.445  -61.994   1273.7    839.8
     3     1    19     6    13    12     0     0   -33.0  -36.973  -63.298   1718.3    810.8
     4     1    19     6    13    12     0     0   -33.0  -36.568  -60.307    589.8    928.5
     5     1    19     6    13    12     0     0   -33.0  -37.112  -81.166   7628.7    369.5
     1     1    19     6    13    11     0     1   -34.0  -37.282  -58.073      0.0   1006.6
     2     1    19     6    13    11     0     1   -34.0  -37.257  -61.824   1287.9    844.7
     3     1    19     6    13    11     0     1   -34.0  -36.804  -63.410   1737.1    806.4
     4     1    19     6    13    11     0     1   -34.0  -36.509  -60.062    611.2    925.0
     5     1    19     6    13    11     0     1   -34.0  -38.453  -82.087   7689.9    365.0
     1     1    19     6    13    10     0     2   -35.0  -37.358  -57.918      0.0   1006.8
     2     1    19     6    13    10     0     2   -35.0  -37.092  -61.649   1260.9    851.9
     3     1    19     6    13    10     0     2   -35.0  -36.600  -63.484   1700.4    810.8
     4     1    19     6    13    10     0     2   -35.0  -36.464  -59.821    602.6    928.3
     5     1    19     6    13    10     0     2   -35.0  -39.889  -82.971   7615.1    369.8
     1     1    19     6    13     9     0     3   -36.0  -37.441  -57.794      0.0   1006.9
     2     1    19     6    13     9     0     3   -36.0  -36.946  -61.424   1165.1    864.8
     3     1    19     6    13     9     0     3   -36.0  -36.366  -63.519   1641.7    817.3
     4     1    19     6    13     9     0     3   -36.0  -36.452  -59.584    566.8    935.3
     5     1    19     6    13     9     0     3   -36.0  -41.457  -83.797   7523.5    373.1
     1     1    19     6    13     8     0     2   -37.0  -37.530  -57.687      0.0   1007.5
     2     1    19     6    13     8     0     2   -37.0  -36.817  -61.180   1078.7    876.2
     3     1    19     6    13     8     0     2   -37.0  -36.115  -63.544   1588.2    823.7
     4     1    19     6    13     8     0     2   -37.0  -36.470  -59.385    534.8    941.8
     5     1    19     6    13     8     0     2   -37.0  -43.160  -84.488   7444.1    376.9
     1     1    19     6    13     7     0     1   -38.0  -37.626  -57.581      0.0   1008.3
     2     1    19     6    13     7     0     1   -38.0  -36.701  -60.971   1057.1    879.5
     3     1    19     6    13     7     0     1   -38.0  -35.855  -63.571   1534.3    829.8
     4     1    19     6    13     7     0     1   -38.0  -36.502  -59.249    516.0    945.7
     5     1    19     6    13     7     0     1   -38.0  -44.944  -84.954   7471.0    374.9
     1     1    19     6    13     6     0     0   -39.0  -37.739  -57.473      0.0   1009.2
     2     1    19     6    13     6     0     0   -39.0  -36.601  -60.806   1083.8    877.3
     3     1    19     6    13     6     0     0   -39.0  -35.601  -63.569   1475.9    836.4
     4     1    19     6    13     6     0     0   -39.0  -36.536  -59.171    502.9    948.4
     5     1    19     6    13     6     0     0   -39.0  -46.769  -85.186   7506.9    373.4
     1     1    19     6    13     5     0     1   -40.0  -37.861  -57.357      0.0   1009.5
     2     1    19     6    13     5     0     1   -40.0  -36.509  -60.684   1107.9    874.4
     3     1    19     6    13     5     0     1   -40.0  -35.368  -63.547   1429.0    841.3
     4     1    19     6    13     5     0     1   -40.0  -36.566  -59.113    491.0    949.7
     5     1    19     6    13     5     0     1   -40.0  -48.500  -85.230   7650.1    365.8
     1     1    19     6    13     4     0     2   -41.0  -37.980  -57.227      0.0   1010.5
     2     1    19     6    13     4     0     2   -41.0  -36.416  -60.581   1082.5    877.3
     3     1    19     6    13     4     0     2   -41.0  -35.167  -63.527   1419.7    842.3
     4     1    19     6    13     4     0     2   -41.0  -36.591  -59.041    480.3    951.1
     5     1    19     6    13     4     0     2   -41.0  -50.099  -85.117   7857.9    355.7
     1     1    19     6    13     3     0     3   -42.0  -38.099  -57.075      0.0   1012.7
     2     1    19     6    13     3     0     3   -42.0  -36.330  -60.472   1003.7    885.8
     3     1    19     6    13     3     0     3   -42.0  -34.991  -63.525   1461.3    838.1
     4     1    19     6    13     3     0     3   -42.0  -36.609  -58.962    474.8    951.9
     5     1    19     6    13     3     0     3   -42.0  -51.518  -84.898   8111.1    343.6
     1     1    19     6    13     2     0     2   -43.0  -38.235  -56.918      0.0   1012.5
     2     1    19     6    13     2     0     2   -43.0  -36.268  -60.349    907.8    897.3
     3     1    19     6    13     2     0     2   -43.0  -34.829  -63.546   1516.0    830.7
     4     1    19     6    13     2     0     2   -43.0  -36.632  -58.886    480.9    951.4
     5     1    19     6    13     2     0     2   -43.0  -52.784  -84.639   8394.1    328.5
     1     1    19     6    13     1     0     1   -44.0  -38.381  -56.780      0.0   1011.3
     2     1    19     6    13     1     0     1   -44.0  -36.235  -60.224    832.8    905.3
     3     1    19     6    13     1     0     1   -44.0  -34.680  -63.584   1540.4    827.0
     4     1    19     6    13     1     0     1   -44.0  -36.670  -58.816    500.7    949.1
     5     1    19     6    13     1     0     1   -44.0  -53.895  -84.371   8558.6    320.7
     1     1    19     6    13     0     0     0   -45.0  -38.521  -56.642      0.0   1010.3
     2     1    19     6    13     0     0     0   -45.0  -36.232  -60.103    775.8    910.9
     3     1    19     6    13     0     0     0   -45.0  -34.553  -63.640   1531.7    826.7
     4     1    19     6    13     0     0     0   -45.0  -36.724  -58.754    534.4    945.1
     5     1    19     6    13     0     0     0   -45.0  -54.843  -84.128   8598.1    319.5
     1     1    19     6    12    23     0     1   -46.0  -38.670  -56.482      0.0   1009.9
     2     1    19     6    12    23     0     1   -46.0  -36.262  -60.008    733.5    914.2
     3     1    19     6    12    23     0     1   -46.0  -34.443  -63.705   1514.0    827.7
     4     1    19     6    12    23     0     1   -46.0  -36.795  -58.716    557.2    940.8
     5     1    19     6    12    23     0     1   -46.0  -55.638  -83.897   8602.0    320.5
     1     1    19     6    12    22     0     2   -47.0  -38.864  -56.271      0.0   1009.6
     2     1    19     6    12    22     0     2   -47.0  -36.325  -59.966    709.7    915.6
     3     1    19     6    12    22     0     2   -47.0  -34.332  -63.771   1514.3    826.2
     4     1    19     6    12    22     0     2   -47.0  -36.894  -58.710    536.2    941.5
     5     1    19     6    12    22     0     2   -47.0  -56.300  -83.657   8633.4    319.1
     1     1    19     6    12    21     0     3   -48.0  -39.127  -55.995      0.0   1009.3
     2     1    19     6    12    21     0     3   -48.0  -36.419  -59.982    709.7    914.4
     3     1    19     6    12    21     0     3   -48.0  -34.212  -63.841   1539.3    823.2
     4     1    19     6    12    21     0     3   -48.0  -37.036  -58.728    462.9    945.2
     5     1    19     6    12    21     0     3   -48.0  -56.856  -83.421   8703.8    316.8
     1     1    19     6    12    20     0     2   -49.0  -39.337  -55.711      0.0   1008.4
     2     1    19     6    12    20     0     2   -49.0  -36.516  -60.041    722.3    909.8
     3     1    19     6    12    20     0     2   -49.0  -34.090  -63.919   1597.6    816.4
     4     1    19     6    12    20     0     2   -49.0  -37.196  -58.767    382.8    957.5
     5     1    19     6    12    20     0     2   -49.0  -57.333  -83.173   8792.9    311.3
     1     1    19     6    12    19     0     1   -50.0  -39.435  -55.453      0.0   1007.8
     2     1    19     6    12    19     0     1   -50.0  -36.593  -60.122    718.8    908.2
     3     1    19     6    12    19     0     1   -50.0  -33.978  -64.008   1679.0    805.8
     4     1    19     6    12    19     0     1   -50.0  -37.328  -58.827    335.1    960.1
     5     1    19     6    12    19     0     1   -50.0  -57.747  -82.903   8860.7    307.5
     1     1    19     6    12    18     0     0   -51.0  -39.465  -55.174      0.0   1007.2
     2     1    19     6    12    18     0     0   -51.0  -36.656  -60.215    683.6    911.0
     3     1    19     6    12    18     0     0   -51.0  -33.880  -64.106   1754.0    794.0
     4     1    19     6    12    18     0     0   -51.0  -37.430  -58.908    310.8    960.8
     5     1    19     6    12    18     0     0   -51.0  -58.101  -82.615   8898.3    306.0
     1     1    19     6    12    17     0     1   -52.0  -39.458  -54.841      0.0   1008.2
     2     1    19     6    12    17     0     1   -52.0  -36.725  -60.281    650.3    918.8
     3     1    19     6    12    17     0     1   -52.0  -33.789  -64.238   1796.5    784.1
     4     1    19     6    12    17     0     1   -52.0  -37.513  -58.985    293.7    960.4
     5     1    19     6    12    17     0     1   -52.0  -58.418  -82.292   8905.7    305.5
     1     1    19     6    12    16     0     2   -53.0  -39.443  -54.432      0.0   1009.7
     2     1    19     6    12    16     0     2   -53.0  -36.803  -60.300    664.2    917.0
     3     1    19     6    12    16     0     2   -53.0  -33.692  -64.426   1806.6    776.6
     4     1    19     6    12    16     0     2   -53.0  -37.588  -59.033    273.9    962.3
     5     1    19     6    12    16     0     2   -53.0  -58.725  -81.925   8872.0    306.7
     1     1    19     6    12    15     0     3   -54.0  -39.432  -53.924      0.0   1011.1
     2     1    19     6    12    15     0     3   -54.0  -36.878  -60.286    748.8    907.9
     3     1    19     6    12    15     0     3   -54.0  -33.579  -64.670   1794.2    765.6
     4     1    19     6    12    15     0     3   -54.0  -37.651  -59.054    254.8    964.1
     5     1    19     6    12    15     0     3   -54.0  -59.015  -81.542   8794.2    310.4
     1     1    19     6    12    14     0     2   -55.0  -39.417  -53.379      0.0   1012.1
     2     1    19     6    12    14     0     2   -55.0  -36.939  -60.286    850.4    888.7
     3     1    19     6    12    14     0     2   -55.0  -33.440  -64.989   1774.7    749.2
     4     1    19     6    12    14     0     2   -55.0  -37.705  -59.034    233.4    965.6
     5     1    19     6    12    14     0     2   -55.0  -59.286  -81.147   8709.8    316.1
     1     1    19     6    12    13     0     1   -56.0  -39.388  -52.888      0.0   1013.6
     2     1    19     6    12    13     0     1   -56.0  -37.002  -60.300    875.8    883.9
     3     1    19     6    12    13     0     1   -56.0  -33.265  -65.421   1795.2    728.0
     4     1    19     6    12    13     0     1   -56.0  -37.757  -58.953    203.8    968.5
     5     1    19     6    12    13     0     1   -56.0  -59.552  -80.714   8668.6    318.5
     1     1    19     6    12    12     0     0   -57.0  -39.333  -52.456      0.5   1015.8
     2     1    19     6    12    12     0     0   -57.0  -37.079  -60.303    816.5    890.4
     3     1    19     6    12    12     0     0   -57.0  -33.022  -66.006   1924.3    692.6
     4     1    19     6    12    12     0     0   -57.0  -37.809  -58.794    164.7    973.0
     5     1    19     6    12    12     0     0   -57.0  -59.819  -80.238   8690.5    317.7
     1     1    19     6    12    11     0     1   -58.0  -39.245  -52.072      4.4   1015.9
     2     1    19     6    12    11     0     1   -58.0  -37.146  -60.310    749.3    904.4
     3     1    19     6    12    11     0     1   -58.0  -32.715  -66.642   2074.0    708.0
     4     1    19     6    12    11     0     1   -58.0  -37.843  -58.598    118.2    978.8
     5     1    19     6    12    11     0     1   -58.0  -60.092  -79.731   8731.9    313.3
     1     1    19     6    12    10     0     2   -59.0  -39.143  -51.720     10.0   1014.9
     2     1    19     6    12    10     0     2   -59.0  -37.168  -60.346    736.6    904.7
     3     1    19     6    12    10     0     2   -59.0  -32.445  -67.135   2008.3    740.5
     4     1    19     6    12    10     0     2   -59.0  -37.854  -58.438     77.6    985.4
     5     1    19     6    12    10     0     2   -59.0  -60.369  -79.203   8766.9    312.3
     1     1    19     6    12     9     0     3   -60.0  -39.042  -51.373     17.8   1012.5
     2     1    19     6    12     9     0     3   -60.0  -37.141  -60.421    766.0    901.1
     3     1    19     6    12     9     0     3   -60.0  -32.176  -67.527   1918.7    753.7
     4     1    19     6    12     9     0     3   -60.0  -37.853  -58.321     47.9    989.7
     5     1    19     6    12     9     0     3   -60.0  -60.658  -78.645   8832.4    309.9
     1     1    19     6    12     8     0     2   -61.0  -38.936  -51.037     30.3   1013.0
     2     1    19     6    12     8     0     2   -61.0  -37.067  -60.523    807.3    895.5
     3     1    19     6    12     8     0     2   -61.0  -31.891  -67.859   1904.5    755.2
     4     1    19     6    12     8     0     2   -61.0  -37.844  -58.212     31.8    993.2
     5     1    19     6    12     8     0     2   -61.0  -60.968  -78.040   8937.0    304.3
     1     1    19     6    12     7     0     1   -62.0  -38.821  -50.772     42.9   1013.8
     2     1    19     6    12     7     0     1   -62.0  -36.947  -60.633    840.6    894.6
     3     1    19     6    12     7     0     1   -62.0  -31.577  -68.198   2066.4    713.7
     4     1    19     6    12     7     0     1   -62.0  -37.820  -58.069     27.4    994.9
     5     1    19     6    12     7     0     1   -62.0  -61.295  -77.393   9003.8    297.7
     1     1    19     6    12     6     0     0   -63.0  -38.704  -50.599     52.3   1014.4
     2     1    19     6    12     6     0     0   -63.0  -36.778  -60.762    864.6    894.5
     3     1    19     6    12     6     0     0   -63.0  -31.228  -68.696   2898.8    600.0
     4     1    19     6    12     6     0     0   -63.0  -37.777  -57.878     31.4    997.4
     5     1    19     6    12     6     0     0   -63.0  -61.631  -76.724   8992.1    299.5
     1     1    19     6    12     5     0     1   -64.0  -38.587  -50.457     56.9   1013.4
     2     1    19     6    12     5     0     1   -64.0  -36.564  -60.903    866.5    896.0
     3     1    19     6    12     5     0     1   -64.0  -30.758  -70.242   5196.2    313.4
     4     1    19     6    12     5     0     1   -64.0  -37.712  -57.625     39.1   1000.0
     5     1    19     6    12     5     0     1   -64.0  -61.979  -76.050   9026.2    301.8
     1     1    19     6    12     4     0     2   -65.0  -38.474  -50.292     54.3   1013.9
     2     1    19     6    12     4     0     2   -65.0  -36.308  -61.033    834.6    903.0
     3     1    19     6    12     4     0     2   -65.0  -30.242  -71.494   5008.7    521.8
     4     1    19     6    12     4     0     2   -65.0  -37.628  -57.327     47.2   1004.0
     5     1    19     6    12     4     0     2   -65.0  -62.362  -75.368   9125.7    293.8
     1     1    19     6    12     3     0     3   -66.0  -38.371  -50.111     43.2   1014.7
     2     1    19     6    12     3     0     3   -66.0  -36.026  -61.129    789.1    910.2
     3     1    19     6    12     3     0     3   -66.0  -29.818  -72.299   4639.3    574.3
     4     1    19     6    12     3     0     3   -66.0  -37.532  -56.996     59.4   1007.3
     5     1    19     6    12     3     0     3   -66.0  -62.795  -74.668   9255.3    287.3
     1     1    19     6    12     2     0     2   -67.0  -38.283  -49.926     32.1   1016.8
     2     1    19     6    12     2     0     2   -67.0  -35.740  -61.173    755.9    914.3
     3     1    19     6    12     2     0     2   -67.0  -29.443  -73.016   4382.4    594.1
     4     1    19     6    12     2     0     2   -67.0  -37.443  -56.643     69.5   1006.3
     5     1    19     6    12     2     0     2   -67.0  -63.255  -73.995   9365.3    282.2
     1     1    19     6    12     1     0     1   -68.0  -38.208  -49.748     27.3   1018.7
     2     1    19     6    12     1     0     1   -68.0  -35.455  -61.171    726.8    917.6
     3     1    19     6    12     1     0     1   -68.0  -29.108  -73.733   4230.4    608.4
     4     1    19     6    12     1     0     1   -68.0  -37.382  -56.283     72.2   1006.9
     5     1    19     6    12     1     0     1   -68.0  -63.753  -73.424   9473.2    276.7
     1     1    19     6    12     0     0     0   -69.0  -38.150  -49.571     26.2   1019.6
     2     1    19     6    12     0     0     0   -69.0  -35.173  -61.148    687.7    921.4
     3     1    19     6    12     0     0     0   -69.0  -28.819  -74.475   4177.8    612.5
     4     1    19     6    12     0     0     0   -69.0  -37.352  -55.928     74.3   1008.1
     5     1    19     6    12     0     0     0   -69.0  -64.308  -73.007   9557.5    272.3
     1     1    19     6    11    23     0     1   -70.0  -38.110  -49.414     26.2   1018.7
     2     1    19     6    11    23     0     1   -70.0  -34.889  -61.104    641.6    928.9
     3     1    19     6    11    23     0     1   -70.0  -28.570  -75.241   4196.6    607.1
     4     1    19     6    11    23     0     1   -70.0  -37.332  -55.587     73.0   1007.9
     5     1    19     6    11    23     0     1   -70.0  -64.900  -72.673   9546.7    270.2
     1     1    19     6    11    22     0     2   -71.0  -38.089  -49.298     26.2   1018.0
     2     1    19     6    11    22     0     2   -71.0  -34.602  -61.034    608.3    933.2
     3     1    19     6    11    22     0     2   -71.0  -28.354  -76.026   4208.5    606.2
     4     1    19     6    11    22     0     2   -71.0  -37.315  -55.258     67.2   1009.6
     5     1    19     6    11    22     0     2   -71.0  -65.482  -72.354   9497.7    275.1
     1     1    19     6    11    21     0     3   -72.0  -38.081  -49.224     26.2   1017.3
     2     1    19     6    11    21     0     3   -72.0  -34.307  -60.968    589.6    934.9
     3     1    19     6    11    21     0     3   -72.0  -28.188  -76.831   4207.2    606.1
     4     1    19     6    11    21     0     3   -72.0  -37.320  -54.933     63.9   1010.8
     5     1    19     6    11    21     0     3   -72.0  -66.051  -72.082   9470.5    275.0
