     5     1
    GDAS    19     7     1     0     0
    GDAS    19     7     8     0     0
    GDAS    19     7    15     0     0
    GDAS    19     7    22     0     0
    GDAS    19     7    29     0     0
     5 BACKWARD OMEGA   
    19     7     8    15  -34.572  -58.513    10.0
    19     7     8    15  -34.572  -58.513   200.0
    19     7     8    15  -34.572  -58.513   500.0
    19     7     8    15  -34.572  -58.513  1000.0
    19     7     8    15  -34.572  -58.513  2000.0
     1 PRESSURE
     1     1    19     7     8    15     0     3     0.0  -34.572  -58.513     10.0   1017.7
     2     1    19     7     8    15     0     3     0.0  -34.572  -58.513    200.0    995.7
     3     1    19     7     8    15     0     3     0.0  -34.572  -58.513    500.0    960.5
     4     1    19     7     8    15     0     3     0.0  -34.572  -58.513   1000.0    904.0
     5     1    19     7     8    15     0     3     0.0  -34.572  -58.513   2000.0    801.2
     1     1    19     7     8    14     0     2    -1.0  -34.483  -58.519     10.8   1017.8
     2     1    19     7     8    14     0     2    -1.0  -34.426  -58.546    213.7    993.6
     3     1    19     7     8    14     0     2    -1.0  -34.405  -58.617    526.6    957.0
     4     1    19     7     8    14     0     2    -1.0  -34.365  -58.644   1011.9    902.0
     5     1    19     7     8    14     0     2    -1.0  -34.309  -58.753   1969.3    805.5
     1     1    19     7     8    13     0     1    -2.0  -34.401  -58.522     11.8   1017.8
     2     1    19     7     8    13     0     1    -2.0  -34.258  -58.598    227.6    991.8
     3     1    19     7     8    13     0     1    -2.0  -34.217  -58.753    552.8    954.5
     4     1    19     7     8    13     0     1    -2.0  -34.149  -58.777   1023.6    902.1
     5     1    19     7     8    13     0     1    -2.0  -34.052  -58.972   1967.8    808.2
     1     1    19     7     8    12     0     0    -3.0  -34.323  -58.521     13.0   1017.8
     2     1    19     7     8    12     0     0    -3.0  -34.062  -58.672    243.2    990.1
     3     1    19     7     8    12     0     0    -3.0  -34.011  -58.913    581.0    952.3
     4     1    19     7     8    12     0     0    -3.0  -33.928  -58.914   1045.5    900.9
     5     1    19     7     8    12     0     0    -3.0  -33.802  -59.176   1984.8    804.7
     1     1    19     7     8    11     0     1    -4.0  -34.242  -58.520     14.7   1017.1
     2     1    19     7     8    11     0     1    -4.0  -33.830  -58.756    259.4    989.1
     3     1    19     7     8    11     0     1    -4.0  -33.775  -59.088    603.8    949.6
     4     1    19     7     8    11     0     1    -4.0  -33.694  -59.059   1059.3    897.9
     5     1    19     7     8    11     0     1    -4.0  -33.550  -59.369   1997.4    802.8
     1     1    19     7     8    10     0     2    -5.0  -34.147  -58.525     16.9   1016.4
     2     1    19     7     8    10     0     2    -5.0  -33.562  -58.839    273.0    988.3
     3     1    19     7     8    10     0     2    -5.0  -33.495  -59.267    614.7    948.3
     4     1    19     7     8    10     0     2    -5.0  -33.432  -59.217   1054.1    899.0
     5     1    19     7     8    10     0     2    -5.0  -33.291  -59.554   2015.0    802.2
     1     1    19     7     8     9     0     3    -6.0  -34.038  -58.534     19.6   1015.6
     2     1    19     7     8     9     0     3    -6.0  -33.263  -58.923    283.2    987.5
     3     1    19     7     8     9     0     3    -6.0  -33.176  -59.453    618.6    947.9
     4     1    19     7     8     9     0     3    -6.0  -33.146  -59.386   1046.1    900.5
     5     1    19     7     8     9     0     3    -6.0  -33.024  -59.730   2057.3    798.4
     1     1    19     7     8     8     0     2    -7.0  -33.918  -58.542     22.4   1015.6
     2     1    19     7     8     8     0     2    -7.0  -32.940  -58.991    291.4    987.2
     3     1    19     7     8     8     0     2    -7.0  -32.832  -59.621    621.1    947.3
     4     1    19     7     8     8     0     2    -7.0  -32.842  -59.544   1043.8    900.3
     5     1    19     7     8     8     0     2    -7.0  -32.753  -59.899   2097.0    789.9
     1     1    19     7     8     7     0     1    -8.0  -33.788  -58.540     25.3   1015.6
     2     1    19     7     8     7     0     1    -8.0  -32.605  -59.015    297.0    986.6
     3     1    19     7     8     7     0     1    -8.0  -32.478  -59.743    622.8    944.4
     4     1    19     7     8     7     0     1    -8.0  -32.527  -59.671   1039.8    898.2
     5     1    19     7     8     7     0     1    -8.0  -32.473  -60.062   2103.7    787.2
     1     1    19     7     8     6     0     0    -9.0  -33.652  -58.529     28.0   1015.6
     2     1    19     7     8     6     0     0    -9.0  -32.268  -58.985    298.5    986.9
     3     1    19     7     8     6     0     0    -9.0  -32.116  -59.819    613.8    941.7
     4     1    19     7     8     6     0     0    -9.0  -32.205  -59.768   1019.6    897.2
     5     1    19     7     8     6     0     0    -9.0  -32.181  -60.223   2088.0    788.4
     1     1    19     7     8     5     0     1   -10.0  -33.512  -58.509     30.8   1015.8
     2     1    19     7     8     5     0     1   -10.0  -31.938  -58.901    302.0    986.9
     3     1    19     7     8     5     0     1   -10.0  -31.746  -59.839    600.5    945.3
     4     1    19     7     8     5     0     1   -10.0  -31.877  -59.836    991.6    900.7
     5     1    19     7     8     5     0     1   -10.0  -31.873  -60.378   2062.8    792.5
     1     1    19     7     8     4     0     2   -11.0  -33.375  -58.482     33.6   1016.1
     2     1    19     7     8     4     0     2   -11.0  -31.613  -58.776    310.7    983.2
     3     1    19     7     8     4     0     2   -11.0  -31.375  -59.798    594.3    948.5
     4     1    19     7     8     4     0     2   -11.0  -31.541  -59.874    969.4    905.2
     5     1    19     7     8     4     0     2   -11.0  -31.548  -60.527   2031.3    798.0
     1     1    19     7     8     3     0     3   -12.0  -33.240  -58.447     36.7   1016.7
     2     1    19     7     8     3     0     3   -12.0  -31.295  -58.615    318.9    980.8
     3     1    19     7     8     3     0     3   -12.0  -31.007  -59.703    594.4    950.1
     4     1    19     7     8     3     0     3   -12.0  -31.202  -59.886    945.8    910.1
     5     1    19     7     8     3     0     3   -12.0  -31.209  -60.669   1994.3    803.6
     1     1    19     7     8     2     0     2   -13.0  -33.109  -58.401     39.7   1016.6
     2     1    19     7     8     2     0     2   -13.0  -31.004  -58.422    320.7    980.7
     3     1    19     7     8     2     0     2   -13.0  -30.664  -59.568    603.9    949.7
     4     1    19     7     8     2     0     2   -13.0  -30.871  -59.870    935.8    915.1
     5     1    19     7     8     2     0     2   -13.0  -30.861  -60.794   1971.6    807.2
     1     1    19     7     8     1     0     1   -14.0  -32.985  -58.343     41.6   1016.4
     2     1    19     7     8     1     0     1   -14.0  -30.765  -58.202    316.3    982.7
     3     1    19     7     8     1     0     1   -14.0  -30.362  -59.410    615.2    948.3
     4     1    19     7     8     1     0     1   -14.0  -30.558  -59.834    946.7    912.8
     5     1    19     7     8     1     0     1   -14.0  -30.505  -60.900   1968.2    803.5
     1     1    19     7     8     0     0     0   -15.0  -32.868  -58.272     42.2   1015.9
     2     1    19     7     8     0     0     0   -15.0  -30.578  -57.962    311.7    982.6
     3     1    19     7     8     0     0     0   -15.0  -30.095  -59.230    614.4    949.6
     4     1    19     7     8     0     0     0   -15.0  -30.261  -59.781    946.6    910.9
     5     1    19     7     8     0     0     0   -15.0  -30.133  -60.993   1970.5    799.4
     1     1    19     7     7    23     0     1   -16.0  -32.760  -58.197     44.3   1016.0
     2     1    19     7     7    23     0     1   -16.0  -30.429  -57.727    318.3    979.6
     3     1    19     7     7    23     0     1   -16.0  -29.858  -59.036    618.0    950.7
     4     1    19     7     7    23     0     1   -16.0  -29.980  -59.701    926.4    914.4
     5     1    19     7     7    23     0     1   -16.0  -29.752  -61.055   1962.7    797.2
     1     1    19     7     7    22     0     2   -17.0  -32.658  -58.121     51.4   1015.5
     2     1    19     7     7    22     0     2   -17.0  -30.305  -57.522    341.4    974.8
     3     1    19     7     7    22     0     2   -17.0  -29.647  -58.848    647.9    944.4
     4     1    19     7     7    22     0     2   -17.0  -29.717  -59.590    916.8    915.4
     5     1    19     7     7    22     0     2   -17.0  -29.373  -61.061   1941.3    799.9
     1     1    19     7     7    21     0     3   -18.0  -32.560  -58.042     66.8   1014.2
     2     1    19     7     7    21     0     3   -18.0  -30.198  -57.354    377.7    969.7
     3     1    19     7     7    21     0     3   -18.0  -29.457  -58.681    701.3    935.2
     4     1    19     7     7    21     0     3   -18.0  -29.469  -59.462    942.1    910.1
     5     1    19     7     7    21     0     3   -18.0  -29.004  -61.009   1929.3    802.1
     1     1    19     7     7    20     0     2   -19.0  -32.454  -57.968     88.4   1011.3
     2     1    19     7     7    20     0     2   -19.0  -30.096  -57.207    420.3    964.6
     3     1    19     7     7    20     0     2   -19.0  -29.274  -58.540    748.8    925.3
     4     1    19     7     7    20     0     2   -19.0  -29.226  -59.337    976.0    901.2
     5     1    19     7     7    20     0     2   -19.0  -28.655  -60.920   1940.2    801.4
     1     1    19     7     7    19     0     1   -20.0  -32.338  -57.909    105.4   1008.9
     2     1    19     7     7    19     0     1   -20.0  -29.991  -57.068    462.7    960.0
     3     1    19     7     7    19     0     1   -20.0  -29.098  -58.413    764.1    923.0
     4     1    19     7     7    19     0     1   -20.0  -28.984  -59.218    977.1    897.8
     5     1    19     7     7    19     0     1   -20.0  -28.331  -60.816   1971.3    798.7
     1     1    19     7     7    18     0     0   -21.0  -32.214  -57.862    114.5   1007.4
     2     1    19     7     7    18     0     0   -21.0  -29.887  -56.935    504.8    954.8
     3     1    19     7     7    18     0     0   -21.0  -28.939  -58.288    750.3    924.9
     4     1    19     7     7    18     0     0   -21.0  -28.758  -59.098    932.2    905.1
     5     1    19     7     7    18     0     0   -21.0  -28.035  -60.700   2017.0    794.2
     1     1    19     7     7    17     0     1   -22.0  -32.083  -57.824    122.1   1007.2
     2     1    19     7     7    17     0     1   -22.0  -29.784  -56.802    540.9    949.6
     3     1    19     7     7    17     0     1   -22.0  -28.794  -58.152    734.4    930.1
     4     1    19     7     7    17     0     1   -22.0  -28.558  -58.974    880.3    918.5
     5     1    19     7     7    17     0     1   -22.0  -27.771  -60.578   2057.9    789.3
     1     1    19     7     7    16     0     2   -23.0  -31.944  -57.792    134.5   1005.9
     2     1    19     7     7    16     0     2   -23.0  -29.685  -56.658    562.4    946.9
     3     1    19     7     7    16     0     2   -23.0  -28.646  -58.001    738.9    929.7
     4     1    19     7     7    16     0     2   -23.0  -28.370  -58.835    866.5    921.8
     5     1    19     7     7    16     0     2   -23.0  -27.543  -60.452   2075.8    787.8
     1     1    19     7     7    15     0     3   -24.0  -31.800  -57.761    147.8   1004.4
     2     1    19     7     7    15     0     3   -24.0  -29.590  -56.504    567.3    946.3
     3     1    19     7     7    15     0     3   -24.0  -28.494  -57.838    759.2    927.5
     4     1    19     7     7    15     0     3   -24.0  -28.180  -58.679    892.8    919.6
     5     1    19     7     7    15     0     3   -24.0  -27.347  -60.324   2060.3    789.1
     1     1    19     7     7    14     0     2   -25.0  -31.652  -57.724    158.3   1002.3
     2     1    19     7     7    14     0     2   -25.0  -29.503  -56.342    567.7    947.5
     3     1    19     7     7    14     0     2   -25.0  -28.351  -57.666    781.8    923.9
     4     1    19     7     7    14     0     2   -25.0  -28.006  -58.507    931.9    911.7
     5     1    19     7     7    14     0     2   -25.0  -27.181  -60.204   2015.4    794.5
     1     1    19     7     7    13     0     1   -26.0  -31.500  -57.671    164.9   1000.7
     2     1    19     7     7    13     0     1   -26.0  -29.425  -56.179    580.1    946.5
     3     1    19     7     7    13     0     1   -26.0  -28.233  -57.481    801.2    922.2
     4     1    19     7     7    13     0     1   -26.0  -27.871  -58.322    961.5    906.4
     5     1    19     7     7    13     0     1   -26.0  -27.041  -60.102   1956.1    800.4
     1     1    19     7     7    12     0     0   -27.0  -31.345  -57.602    169.8    999.2
     2     1    19     7     7    12     0     0   -27.0  -29.355  -56.017    611.4    943.5
     3     1    19     7     7    12     0     0   -27.0  -28.140  -57.288    825.4    920.0
     4     1    19     7     7    12     0     0   -27.0  -27.776  -58.126    996.3    901.9
     5     1    19     7     7    12     0     0   -27.0  -26.925  -60.013   1884.6    807.4
     1     1    19     7     7    11     0     1   -28.0  -31.194  -57.529    173.2    997.0
     2     1    19     7     7    11     0     1   -28.0  -29.294  -55.870    657.0    935.5
     3     1    19     7     7    11     0     1   -28.0  -28.068  -57.101    851.1    916.2
     4     1    19     7     7    11     0     1   -28.0  -27.710  -57.941   1037.8    895.2
     5     1    19     7     7    11     0     1   -28.0  -26.823  -59.932   1819.8    815.3
     1     1    19     7     7    10     0     2   -29.0  -31.054  -57.470    172.5    995.5
     2     1    19     7     7    10     0     2   -29.0  -29.244  -55.746    708.2    927.2
     3     1    19     7     7    10     0     2   -29.0  -28.016  -56.933    868.8    913.2
     4     1    19     7     7    10     0     2   -29.0  -27.660  -57.781   1070.6    890.7
     5     1    19     7     7    10     0     2   -29.0  -26.727  -59.859   1785.3    819.0
     1     1    19     7     7     9     0     3   -30.0  -30.924  -57.427    167.6    995.1
     2     1    19     7     7     9     0     3   -30.0  -29.203  -55.641    764.9    918.6
     3     1    19     7     7     9     0     3   -30.0  -27.981  -56.780    880.4    910.9
     4     1    19     7     7     9     0     3   -30.0  -27.625  -57.643   1089.2    888.5
     5     1    19     7     7     9     0     3   -30.0  -26.638  -59.797   1785.0    818.6
     1     1    19     7     7     8     0     2   -31.0  -30.802  -57.384    165.0    996.3
     2     1    19     7     7     8     0     2   -31.0  -29.176  -55.542    827.5    910.5
     3     1    19     7     7     8     0     2   -31.0  -27.965  -56.636    891.9    909.3
     4     1    19     7     7     8     0     2   -31.0  -27.606  -57.517   1101.8    888.5
     5     1    19     7     7     8     0     2   -31.0  -26.562  -59.741   1797.1    816.0
     1     1    19     7     7     7     0     1   -32.0  -30.689  -57.327    170.0    995.8
     2     1    19     7     7     7     0     1   -32.0  -29.168  -55.436    896.5    901.9
     3     1    19     7     7     7     0     1   -32.0  -27.969  -56.496    903.0    907.3
     4     1    19     7     7     7     0     1   -32.0  -27.603  -57.399   1114.4    887.6
     5     1    19     7     7     7     0     1   -32.0  -26.507  -59.680   1806.0    816.0
     1     1    19     7     7     6     0     0   -33.0  -30.586  -57.257    182.1    994.5
     2     1    19     7     7     6     0     0   -33.0  -29.184  -55.332    975.3    892.1
     3     1    19     7     7     6     0     0   -33.0  -27.993  -56.359    910.2    905.9
     4     1    19     7     7     6     0     0   -33.0  -27.616  -57.288   1124.4    886.9
     5     1    19     7     7     6     0     0   -33.0  -26.471  -59.614   1817.6    815.6
     1     1    19     7     7     5     0     1   -34.0  -30.503  -57.184    196.5    992.0
     2     1    19     7     7     5     0     1   -34.0  -29.232  -55.247   1050.9    881.8
     3     1    19     7     7     5     0     1   -34.0  -28.030  -56.234    914.7    905.3
     4     1    19     7     7     5     0     1   -34.0  -27.641  -57.187   1133.0    886.5
     5     1    19     7     7     5     0     1   -34.0  -26.447  -59.549   1837.0    814.2
     1     1    19     7     7     4     0     2   -35.0  -30.450  -57.119    208.5    990.4
     2     1    19     7     7     4     0     2   -35.0  -29.311  -55.190   1103.0    876.4
     3     1    19     7     7     4     0     2   -35.0  -28.076  -56.130    919.3    904.6
     4     1    19     7     7     4     0     2   -35.0  -27.677  -57.104   1142.5    885.7
     5     1    19     7     7     4     0     2   -35.0  -26.427  -59.489   1867.1    811.2
     1     1    19     7     7     3     0     3   -36.0  -30.425  -57.064    217.8    989.2
     2     1    19     7     7     3     0     3   -36.0  -29.410  -55.154   1123.9    875.3
     3     1    19     7     7     3     0     3   -36.0  -28.134  -56.045    923.7    904.2
     4     1    19     7     7     3     0     3   -36.0  -27.724  -57.039   1151.7    884.9
     5     1    19     7     7     3     0     3   -36.0  -26.410  -59.436   1904.5    807.4
     1     1    19     7     7     2     0     2   -37.0  -30.418  -57.027    225.3    988.4
     2     1    19     7     7     2     0     2   -37.0  -29.519  -55.132   1132.1    878.2
     3     1    19     7     7     2     0     2   -37.0  -28.201  -55.978    940.7    903.8
     4     1    19     7     7     2     0     2   -37.0  -27.781  -56.992   1162.5    884.1
     5     1    19     7     7     2     0     2   -37.0  -26.408  -59.386   1943.7    803.3
     1     1    19     7     7     1     0     1   -38.0  -30.420  -57.013    231.8    987.6
     2     1    19     7     7     1     0     1   -38.0  -29.632  -55.126   1149.1    878.3
     3     1    19     7     7     1     0     1   -38.0  -28.274  -55.932    975.7    899.4
     4     1    19     7     7     1     0     1   -38.0  -27.848  -56.961   1178.8    882.3
     5     1    19     7     7     1     0     1   -38.0  -26.429  -59.332   1980.6    799.8
     1     1    19     7     7     0     0     0   -39.0  -30.428  -57.021    237.8    987.1
     2     1    19     7     7     0     0     0   -39.0  -29.750  -55.135   1176.1    877.3
     3     1    19     7     7     0     0     0   -39.0  -28.356  -55.905   1020.0    894.2
     4     1    19     7     7     0     0     0   -39.0  -27.923  -56.947   1202.4    879.7
     5     1    19     7     7     0     0     0   -39.0  -26.473  -59.276   2015.6    796.5
     1     1    19     7     6    23     0     1   -40.0  -30.442  -57.049    243.9    986.2
     2     1    19     7     6    23     0     1   -40.0  -29.875  -55.174   1209.1    874.7
     3     1    19     7     6    23     0     1   -40.0  -28.444  -55.896   1051.5    888.8
     4     1    19     7     6    23     0     1   -40.0  -28.004  -56.941   1222.8    875.7
     5     1    19     7     6    23     0     1   -40.0  -26.537  -59.220   2054.9    792.7
     1     1    19     7     6    22     0     2   -41.0  -30.465  -57.092    250.2    985.2
     2     1    19     7     6    22     0     2   -41.0  -30.005  -55.250   1246.7    871.9
     3     1    19     7     6    22     0     2   -41.0  -28.533  -55.900   1057.6    888.7
     4     1    19     7     6    22     0     2   -41.0  -28.088  -56.934   1232.3    874.5
     5     1    19     7     6    22     0     2   -41.0  -26.620  -59.171   2105.2    787.4
     1     1    19     7     6    21     0     3   -42.0  -30.493  -57.152    254.4    984.5
     2     1    19     7     6    21     0     3   -42.0  -30.140  -55.362   1293.0    864.6
     3     1    19     7     6    21     0     3   -42.0  -28.619  -55.916   1045.2    890.5
     4     1    19     7     6    21     0     3   -42.0  -28.173  -56.926   1233.8    873.9
     5     1    19     7     6    21     0     3   -42.0  -26.723  -59.129   2168.8    781.0
     1     1    19     7     6    20     0     2   -43.0  -30.517  -57.225    254.3    985.4
     2     1    19     7     6    20     0     2   -43.0  -30.279  -55.494   1334.2    855.9
     3     1    19     7     6    20     0     2   -43.0  -28.701  -55.944   1024.4    894.8
     4     1    19     7     6    20     0     2   -43.0  -28.260  -56.922   1235.0    875.0
     5     1    19     7     6    20     0     2   -43.0  -26.847  -59.097   2242.1    773.9
     1     1    19     7     6    19     0     1   -44.0  -30.526  -57.309    250.2    986.9
     2     1    19     7     6    19     0     1   -44.0  -30.416  -55.633   1351.9    851.5
     3     1    19     7     6    19     0     1   -44.0  -28.778  -55.982   1003.2    898.5
     4     1    19     7     6    19     0     1   -44.0  -28.350  -56.926   1246.6    874.2
     5     1    19     7     6    19     0     1   -44.0  -26.995  -59.077   2321.2    766.7
     1     1    19     7     6    18     0     0   -45.0  -30.521  -57.402    242.3    989.0
     2     1    19     7     6    18     0     0   -45.0  -30.548  -55.774   1348.5    849.1
     3     1    19     7     6    18     0     0   -45.0  -28.848  -56.030    980.5    902.2
     4     1    19     7     6    18     0     0   -45.0  -28.445  -56.938   1271.0    872.1
     5     1    19     7     6    18     0     0   -45.0  -27.163  -59.076   2408.7    759.9
     1     1    19     7     6    17     0     1   -46.0  -30.507  -57.482    234.0    991.5
     2     1    19     7     6    17     0     1   -46.0  -30.686  -55.907   1340.5    848.7
     3     1    19     7     6    17     0     1   -46.0  -28.923  -56.077    964.6    905.8
     4     1    19     7     6    17     0     1   -46.0  -28.556  -56.954   1300.5    868.3
     5     1    19     7     6    17     0     1   -46.0  -27.356  -59.095   2492.1    752.6
     1     1    19     7     6    16     0     2   -47.0  -30.494  -57.531    230.1    993.1
     2     1    19     7     6    16     0     2   -47.0  -30.843  -56.023   1340.2    845.8
     3     1    19     7     6    16     0     2   -47.0  -29.018  -56.111    962.9    906.8
     4     1    19     7     6    16     0     2   -47.0  -28.690  -56.973   1322.8    866.0
     5     1    19     7     6    16     0     2   -47.0  -27.580  -59.133   2560.3    748.0
     1     1    19     7     6    15     0     3   -48.0  -30.483  -57.551    232.1    993.7
     2     1    19     7     6    15     0     3   -48.0  -31.020  -56.126   1343.7    845.0
     3     1    19     7     6    15     0     3   -48.0  -29.138  -56.136    972.2    905.0
     4     1    19     7     6    15     0     3   -48.0  -28.847  -56.994   1332.4    865.0
     5     1    19     7     6    15     0     3   -48.0  -27.833  -59.188   2611.5    744.7
     1     1    19     7     6    14     0     2   -49.0  -30.487  -57.553    239.9    992.7
     2     1    19     7     6    14     0     2   -49.0  -31.221  -56.234   1353.2    847.6
     3     1    19     7     6    14     0     2   -49.0  -29.282  -56.158    986.5    901.9
     4     1    19     7     6    14     0     2   -49.0  -29.020  -57.024   1325.7    865.5
     5     1    19     7     6    14     0     2   -49.0  -28.111  -59.262   2643.1    741.5
     1     1    19     7     6    13     0     1   -50.0  -30.518  -57.549    252.8    991.2
     2     1    19     7     6    13     0     1   -50.0  -31.450  -56.361   1373.7    848.8
     3     1    19     7     6    13     0     1   -50.0  -29.449  -56.186   1003.3    898.9
     4     1    19     7     6    13     0     1   -50.0  -29.201  -57.068   1306.5    867.8
     5     1    19     7     6    13     0     1   -50.0  -28.409  -59.362   2657.0    737.8
     1     1    19     7     6    12     0     0   -51.0  -30.576  -57.540    271.1    989.1
     2     1    19     7     6    12     0     0   -51.0  -31.701  -56.511   1410.8    847.8
     3     1    19     7     6    12     0     0   -51.0  -29.639  -56.222   1026.1    895.4
     4     1    19     7     6    12     0     0   -51.0  -29.391  -57.124   1282.0    870.6
     5     1    19     7     6    12     0     0   -51.0  -28.722  -59.490   2659.1    735.6
     1     1    19     7     6    11     0     1   -52.0  -30.656  -57.541    288.2    985.3
     2     1    19     7     6    11     0     1   -52.0  -31.965  -56.686   1446.2    843.1
     3     1    19     7     6    11     0     1   -52.0  -29.843  -56.275   1056.9    890.3
     4     1    19     7     6    11     0     1   -52.0  -29.586  -57.195   1269.6    872.7
     5     1    19     7     6    11     0     1   -52.0  -29.029  -59.649   2666.8    734.6
     1     1    19     7     6    10     0     2   -53.0  -30.751  -57.563    296.1    984.0
     2     1    19     7     6    10     0     2   -53.0  -32.225  -56.892   1444.9    842.9
     3     1    19     7     6    10     0     2   -53.0  -30.052  -56.351   1093.1    884.4
     4     1    19     7     6    10     0     2   -53.0  -29.785  -57.282   1281.3    870.4
     5     1    19     7     6    10     0     2   -53.0  -29.314  -59.838   2693.4    733.6
     1     1    19     7     6     9     0     3   -54.0  -30.857  -57.608    294.1    984.4
     2     1    19     7     6     9     0     3   -54.0  -32.468  -57.122   1413.8    850.8
     3     1    19     7     6     9     0     3   -54.0  -30.267  -56.453   1125.4    878.0
     4     1    19     7     6     9     0     3   -54.0  -29.986  -57.393   1311.4    866.0
     5     1    19     7     6     9     0     3   -54.0  -29.580  -60.053   2731.2    731.4
     1     1    19     7     6     8     0     2   -55.0  -30.974  -57.666    288.7    987.7
     2     1    19     7     6     8     0     2   -55.0  -32.688  -57.362   1403.5    859.5
     3     1    19     7     6     8     0     2   -55.0  -30.488  -56.579   1157.3    874.8
     4     1    19     7     6     8     0     2   -55.0  -30.188  -57.522   1351.5    861.7
     5     1    19     7     6     8     0     2   -55.0  -29.841  -60.270   2776.4    727.8
     1     1    19     7     6     7     0     1   -56.0  -31.101  -57.725    285.6    989.6
     2     1    19     7     6     7     0     1   -56.0  -32.886  -57.611   1432.5    858.9
     3     1    19     7     6     7     0     1   -56.0  -30.710  -56.724   1207.4    869.9
     4     1    19     7     6     7     0     1   -56.0  -30.388  -57.662   1396.1    858.4
     5     1    19     7     6     7     0     1   -56.0  -30.108  -60.467   2822.4    723.1
     1     1    19     7     6     6     0     0   -57.0  -31.240  -57.784    282.9    991.2
     2     1    19     7     6     6     0     0   -57.0  -33.055  -57.871   1482.5    855.6
     3     1    19     7     6     6     0     0   -57.0  -30.930  -56.893   1297.7    861.9
     4     1    19     7     6     6     0     0   -57.0  -30.582  -57.809   1442.4    855.6
     5     1    19     7     6     6     0     0   -57.0  -30.385  -60.645   2873.1    719.4
     1     1    19     7     6     5     0     1   -58.0  -31.389  -57.851    280.2    992.9
     2     1    19     7     6     5     0     1   -58.0  -33.206  -58.124   1529.1    848.6
     3     1    19     7     6     5     0     1   -58.0  -31.153  -57.089   1401.8    848.8
     4     1    19     7     6     5     0     1   -58.0  -30.774  -57.956   1477.4    854.1
     5     1    19     7     6     5     0     1   -58.0  -30.678  -60.814   2938.7    714.6
     1     1    19     7     6     4     0     2   -59.0  -31.547  -57.935    279.5    994.7
     2     1    19     7     6     4     0     2   -59.0  -33.354  -58.354   1560.8    845.4
     3     1    19     7     6     4     0     2   -59.0  -31.376  -57.285   1476.1    844.5
     4     1    19     7     6     4     0     2   -59.0  -30.964  -58.093   1490.5    854.3
     5     1    19     7     6     4     0     2   -59.0  -30.994  -60.984   3021.1    708.9
     1     1    19     7     6     3     0     3   -60.0  -31.715  -58.034    282.4    995.4
     2     1    19     7     6     3     0     3   -60.0  -33.495  -58.562   1592.4    842.7
     3     1    19     7     6     3     0     3   -60.0  -31.590  -57.467   1541.1    842.4
     4     1    19     7     6     3     0     3   -60.0  -31.151  -58.219   1489.7    854.7
     5     1    19     7     6     3     0     3   -60.0  -31.343  -61.159   3094.6    699.4
     1     1    19     7     6     2     0     2   -61.0  -31.888  -58.153    283.4    994.4
     2     1    19     7     6     2     0     2   -61.0  -33.635  -58.752   1634.7    839.3
     3     1    19     7     6     2     0     2   -61.0  -31.803  -57.637   1614.3    837.0
     4     1    19     7     6     2     0     2   -61.0  -31.338  -58.339   1490.8    854.8
     5     1    19     7     6     2     0     2   -61.0  -31.722  -61.343   3157.2    693.4
     1     1    19     7     6     1     0     1   -62.0  -32.056  -58.293    278.1    995.3
     2     1    19     7     6     1     0     1   -62.0  -33.788  -58.924   1687.2    834.0
     3     1    19     7     6     1     0     1   -62.0  -32.023  -57.793   1686.4    830.9
     4     1    19     7     6     1     0     1   -62.0  -31.531  -58.458   1498.7    853.8
     5     1    19     7     6     1     0     1   -62.0  -32.134  -61.534   3218.3    685.8
     1     1    19     7     6     0     0     0   -63.0  -32.220  -58.453    270.3    996.6
     2     1    19     7     6     0     0     0   -63.0  -33.956  -59.080   1736.2    828.7
     3     1    19     7     6     0     0     0   -63.0  -32.249  -57.932   1740.0    826.7
     4     1    19     7     6     0     0     0   -63.0  -31.732  -58.570   1510.8    852.9
     5     1    19     7     6     0     0     0   -63.0  -32.575  -61.744   3283.2    678.2
     1     1    19     7     5    23     0     1   -64.0  -32.380  -58.624    263.5    997.0
     2     1    19     7     5    23     0     1   -64.0  -34.149  -59.227   1776.1    824.2
     3     1    19     7     5    23     0     1   -64.0  -32.493  -58.063   1773.3    824.4
     4     1    19     7     5    23     0     1   -64.0  -31.943  -58.681   1536.2    851.7
     5     1    19     7     5    23     0     1   -64.0  -33.045  -61.983   3373.4    669.9
     1     1    19     7     5    22     0     2   -65.0  -32.535  -58.801    255.2    996.9
     2     1    19     7     5    22     0     2   -65.0  -34.372  -59.374   1808.5    820.2
     3     1    19     7     5    22     0     2   -65.0  -32.763  -58.196   1798.2    821.7
     4     1    19     7     5    22     0     2   -65.0  -32.171  -58.796   1581.0    846.2
     5     1    19     7     5    22     0     2   -65.0  -33.544  -62.247   3465.0    657.3
     1     1    19     7     5    21     0     3   -66.0  -32.681  -58.984    238.0    997.5
     2     1    19     7     5    21     0     3   -66.0  -34.621  -59.520   1834.9    817.0
     3     1    19     7     5    21     0     3   -66.0  -33.065  -58.330   1822.0    818.4
     4     1    19     7     5    21     0     3   -66.0  -32.426  -58.914   1634.8    839.1
     5     1    19     7     5    21     0     3   -66.0  -34.065  -62.527   3544.0    650.3
     1     1    19     7     5    20     0     2   -67.0  -32.818  -59.157    217.2   1000.7
     2     1    19     7     5    20     0     2   -67.0  -34.887  -59.679   1862.6    815.0
     3     1    19     7     5    20     0     2   -67.0  -33.394  -58.473   1849.2    814.6
     4     1    19     7     5    20     0     2   -67.0  -32.708  -59.037   1682.2    833.2
     5     1    19     7     5    20     0     2   -67.0  -34.595  -62.823   3633.9    643.6
     1     1    19     7     5    19     0     1   -68.0  -32.950  -59.306    201.7   1003.2
     2     1    19     7     5    19     0     1   -68.0  -35.161  -59.862   1895.8    810.5
     3     1    19     7     5    19     0     1   -68.0  -33.741  -58.633   1889.5    810.4
     4     1    19     7     5    19     0     1   -68.0  -33.014  -59.170   1723.2    830.1
     5     1    19     7     5    19     0     1   -68.0  -35.119  -63.131   3723.2    637.1
     1     1    19     7     5    18     0     0   -69.0  -33.079  -59.436    192.7   1005.0
     2     1    19     7     5    18     0     0   -69.0  -35.442  -60.071   1936.8    803.7
     3     1    19     7     5    18     0     0   -69.0  -34.100  -58.816   1946.3    805.5
     4     1    19     7     5    18     0     0   -69.0  -33.338  -59.320   1771.4    825.8
     5     1    19     7     5    18     0     0   -69.0  -35.647  -63.447   3808.7    629.1
     1     1    19     7     5    17     0     1   -70.0  -33.214  -59.557    189.9   1005.5
     2     1    19     7     5    17     0     1   -70.0  -35.736  -60.291   1987.4    795.3
     3     1    19     7     5    17     0     1   -70.0  -34.465  -59.019   2007.6    799.6
     4     1    19     7     5    17     0     1   -70.0  -33.670  -59.488   1827.9    819.6
     5     1    19     7     5    17     0     1   -70.0  -36.204  -63.761   3898.7    619.4
     1     1    19     7     5    16     0     2   -71.0  -33.367  -59.679    192.2   1005.4
     2     1    19     7     5    16     0     2   -71.0  -36.041  -60.507   2041.8    787.3
     3     1    19     7     5    16     0     2   -71.0  -34.831  -59.233   2059.7    793.9
     4     1    19     7     5    16     0     2   -71.0  -34.006  -59.670   1892.5    813.3
     5     1    19     7     5    16     0     2   -71.0  -36.804  -64.058   3976.6    610.0
     1     1    19     7     5    15     0     3   -72.0  -33.541  -59.803    198.7   1004.8
     2     1    19     7     5    15     0     3   -72.0  -36.349  -60.714   2099.7    779.5
     3     1    19     7     5    15     0     3   -72.0  -35.202  -59.453   2099.1    789.0
     4     1    19     7     5    15     0     3   -72.0  -34.346  -59.862   1965.1    805.3
     5     1    19     7     5    15     0     3   -72.0  -37.443  -64.333   4025.5    602.5
