     7     1
    GDAS    19    11    29     0     0
    GDAS    19    12     1     0     0
    GDAS    19    12     8     0     0
    GDAS    19    12    15     0     0
    GDAS    19    12    22     0     0
    GDAS    19    12    29     0     0
    GDAS    20     1     1     0     0
     5 BACKWARD OMEGA   
    19    12     5    15  -34.572  -58.513    10.0
    19    12     5    15  -34.572  -58.513   200.0
    19    12     5    15  -34.572  -58.513   500.0
    19    12     5    15  -34.572  -58.513  1000.0
    19    12     5    15  -34.572  -58.513  2000.0
     1 PRESSURE
     1     1    19    12     5    15     0     3     0.0  -34.572  -58.513     10.0   1007.9
     2     1    19    12     5    15     0     3     0.0  -34.572  -58.513    200.0    986.8
     3     1    19    12     5    15     0     3     0.0  -34.572  -58.513    500.0    952.6
     4     1    19    12     5    15     0     3     0.0  -34.572  -58.513   1000.0    897.3
     5     1    19    12     5    15     0     3     0.0  -34.572  -58.513   2000.0    794.2
     1     1    19    12     5    14     0     2    -1.0  -34.680  -58.655      7.7   1009.0
     2     1    19    12     5    14     0     2    -1.0  -34.718  -58.702    186.2    989.9
     3     1    19    12     5    14     0     2    -1.0  -34.734  -58.724    470.6    957.0
     4     1    19    12     5    14     0     2    -1.0  -34.764  -58.747    967.9    900.5
     5     1    19    12     5    14     0     2    -1.0  -34.914  -58.726   2006.9    794.3
     1     1    19    12     5    13     0     1    -2.0  -34.770  -58.793      5.8   1010.2
     2     1    19    12     5    13     0     1    -2.0  -34.844  -58.880    166.5    993.5
     3     1    19    12     5    13     0     1    -2.0  -34.878  -58.924    424.1    963.2
     4     1    19    12     5    13     0     1    -2.0  -34.963  -58.977    883.1    908.7
     5     1    19    12     5    13     0     1    -2.0  -35.297  -58.948   1978.6    795.7
     1     1    19    12     5    12     0     0    -3.0  -34.846  -58.923      3.8   1011.5
     2     1    19    12     5    12     0     0    -3.0  -34.954  -59.049    139.0    997.8
     3     1    19    12     5    12     0     0    -3.0  -35.004  -59.113    362.9    971.0
     4     1    19    12     5    12     0     0    -3.0  -35.154  -59.203    767.4    925.6
     5     1    19    12     5    12     0     0    -3.0  -35.703  -59.161   1908.4    802.3
     1     1    19    12     5    11     0     1    -4.0  -34.911  -59.044      1.9   1010.9
     2     1    19    12     5    11     0     1    -4.0  -35.046  -59.205    116.7   1000.6
     3     1    19    12     5    11     0     1    -4.0  -35.117  -59.292    319.0    979.0
     4     1    19    12     5    11     0     1    -4.0  -35.328  -59.426    688.9    936.7
     5     1    19    12     5    11     0     1    -4.0  -36.102  -59.394   1845.3    808.8
     1     1    19    12     5    10     0     2    -5.0  -34.965  -59.151      0.8   1009.9
     2     1    19    12     5    10     0     2    -5.0  -35.122  -59.348    107.8   1000.4
     3     1    19    12     5    10     0     2    -5.0  -35.220  -59.455    306.6    978.0
     4     1    19    12     5    10     0     2    -5.0  -35.492  -59.645    658.0    936.1
     5     1    19    12     5    10     0     2    -5.0  -36.487  -59.661   1812.5    802.9
     1     1    19    12     5     9     0     3    -6.0  -35.006  -59.241      0.5   1009.1
     2     1    19    12     5     9     0     3    -6.0  -35.182  -59.473    107.5    999.5
     3     1    19    12     5     9     0     3    -6.0  -35.313  -59.599    310.8    975.6
     4     1    19    12     5     9     0     3    -6.0  -35.657  -59.860    651.8    933.1
     5     1    19    12     5     9     0     3    -6.0  -36.874  -59.941   1742.9    797.2
     1     1    19    12     5     8     0     2    -7.0  -35.045  -59.318      0.5   1008.9
     2     1    19    12     5     8     0     2    -7.0  -35.246  -59.581    111.5    998.4
     3     1    19    12     5     8     0     2    -7.0  -35.421  -59.722    323.2    972.4
     4     1    19    12     5     8     0     2    -7.0  -35.840  -60.073    657.7    928.9
     5     1    19    12     5     8     0     2    -7.0  -37.249  -60.201   1670.5    810.1
     1     1    19    12     5     7     0     1    -8.0  -35.098  -59.390      0.7   1008.6
     2     1    19    12     5     7     0     1    -8.0  -35.333  -59.676    118.2    997.1
     3     1    19    12     5     7     0     1    -8.0  -35.567  -59.825    342.5    968.8
     4     1    19    12     5     7     0     1    -8.0  -36.052  -60.290    669.1    925.4
     5     1    19    12     5     7     0     1    -8.0  -37.612  -60.427   1666.3    810.4
     1     1    19    12     5     6     0     0    -9.0  -35.164  -59.457      1.3   1008.4
     2     1    19    12     5     6     0     0    -9.0  -35.444  -59.757    130.2    995.2
     3     1    19    12     5     6     0     0    -9.0  -35.756  -59.909    374.7    963.1
     4     1    19    12     5     6     0     0    -9.0  -36.276  -60.513    690.1    921.2
     5     1    19    12     5     6     0     0    -9.0  -37.986  -60.618   1693.0    802.9
     1     1    19    12     5     5     0     1   -10.0  -35.241  -59.515      2.3   1008.6
     2     1    19    12     5     5     0     1   -10.0  -35.588  -59.823    147.6    992.0
     3     1    19    12     5     5     0     1   -10.0  -35.990  -59.982    416.4    955.3
     4     1    19    12     5     5     0     1   -10.0  -36.506  -60.738    735.7    916.0
     5     1    19    12     5     5     0     1   -10.0  -38.365  -60.791   1738.8    808.1
     1     1    19    12     5     4     0     2   -11.0  -35.329  -59.562      3.8   1008.9
     2     1    19    12     5     4     0     2   -11.0  -35.777  -59.873    168.0    987.5
     3     1    19    12     5     4     0     2   -11.0  -36.264  -60.067    470.5    946.4
     4     1    19    12     5     4     0     2   -11.0  -36.742  -60.969    813.0    906.8
     5     1    19    12     5     4     0     2   -11.0  -38.744  -60.966   1804.8    809.2
     1     1    19    12     5     3     0     3   -12.0  -35.431  -59.601      5.7   1009.4
     2     1    19    12     5     3     0     3   -12.0  -36.028  -59.913    189.9    982.2
     3     1    19    12     5     3     0     3   -12.0  -36.566  -60.193    565.5    934.1
     4     1    19    12     5     3     0     3   -12.0  -36.978  -61.217    906.8    894.5
     5     1    19    12     5     3     0     3   -12.0  -39.125  -61.144   1866.9    807.5
     1     1    19    12     5     2     0     2   -13.0  -35.547  -59.639      8.0   1008.5
     2     1    19    12     5     2     0     2   -13.0  -36.324  -59.965    230.9    974.1
     3     1    19    12     5     2     0     2   -13.0  -36.874  -60.368    705.0    914.1
     4     1    19    12     5     2     0     2   -13.0  -37.219  -61.454   1010.3    879.5
     5     1    19    12     5     2     0     2   -13.0  -39.504  -61.311   1912.1    803.4
     1     1    19    12     5     1     0     1   -14.0  -35.676  -59.679     10.9   1007.5
     2     1    19    12     5     1     0     1   -14.0  -36.641  -60.049    305.4    960.5
     3     1    19    12     5     1     0     1   -14.0  -37.173  -60.571    856.5    895.2
     4     1    19    12     5     1     0     1   -14.0  -37.479  -61.676   1125.4    859.0
     5     1    19    12     5     1     0     1   -14.0  -39.881  -61.459   1948.7    799.6
     1     1    19    12     5     0     0     0   -15.0  -35.825  -59.718     15.9   1005.8
     2     1    19    12     5     0     0     0   -15.0  -36.969  -60.164    411.0    944.6
     3     1    19    12     5     0     0     0   -15.0  -37.463  -60.774    995.5    878.2
     4     1    19    12     5     0     0     0   -15.0  -37.754  -61.905   1224.2    835.1
     5     1    19    12     5     0     0     0   -15.0  -40.259  -61.598   1974.1    796.7
     1     1    19    12     4    23     0     1   -16.0  -36.009  -59.772     22.8   1002.7
     2     1    19    12     4    23     0     1   -16.0  -37.298  -60.302    519.2    928.1
     3     1    19    12     4    23     0     1   -16.0  -37.755  -60.980   1069.8    864.7
     4     1    19    12     4    23     0     1   -16.0  -38.045  -62.136   1293.9    823.3
     5     1    19    12     4    23     0     1   -16.0  -40.639  -61.732   2009.5    795.2
     1     1    19    12     4    22     0     2   -17.0  -36.232  -59.861     30.4    997.2
     2     1    19    12     4    22     0     2   -17.0  -37.622  -60.462    570.9    919.7
     3     1    19    12     4    22     0     2   -17.0  -38.060  -61.185   1038.1    863.2
     4     1    19    12     4    22     0     2   -17.0  -38.340  -62.332   1348.9    835.1
     5     1    19    12     4    22     0     2   -17.0  -41.028  -61.852   2081.0    788.3
     1     1    19    12     4    21     0     3   -18.0  -36.480  -59.981     38.4    991.2
     2     1    19    12     4    21     0     3   -18.0  -37.950  -60.634    531.5    921.3
     3     1    19    12     4    21     0     3   -18.0  -38.377  -61.367    957.3    882.4
     4     1    19    12     4    21     0     3   -18.0  -38.630  -62.482   1373.1    844.4
     5     1    19    12     4    21     0     3   -18.0  -41.419  -61.957   2164.8    777.5
     1     1    19    12     4    20     0     2   -19.0  -36.744  -60.120     55.7    987.4
     2     1    19    12     4    20     0     2   -19.0  -38.299  -60.805    467.7    944.0
     3     1    19    12     4    20     0     2   -19.0  -38.711  -61.528    893.7    902.7
     4     1    19    12     4    20     0     2   -19.0  -38.922  -62.608   1385.2    857.1
     5     1    19    12     4    20     0     2   -19.0  -41.800  -62.039   2229.8    770.8
     1     1    19    12     4    19     0     1   -20.0  -37.032  -60.279     95.6    980.0
     2     1    19    12     4    19     0     1   -20.0  -38.679  -60.974    425.0    956.7
     3     1    19    12     4    19     0     1   -20.0  -39.057  -61.681    866.5    916.1
     4     1    19    12     4    19     0     1   -20.0  -39.224  -62.730   1425.8    856.8
     5     1    19    12     4    19     0     1   -20.0  -42.167  -62.093   2294.1    766.9
     1     1    19    12     4    18     0     0   -21.0  -37.368  -60.462    142.0    973.0
     2     1    19    12     4    18     0     0   -21.0  -39.079  -61.140    375.9    969.0
     3     1    19    12     4    18     0     0   -21.0  -39.413  -61.834    865.7    916.4
     4     1    19    12     4    18     0     0   -21.0  -39.546  -62.848   1494.4    848.4
     5     1    19    12     4    18     0     0   -21.0  -42.522  -62.117   2367.2    758.5
     1     1    19    12     4    17     0     1   -22.0  -37.729  -60.668    162.5    968.2
     2     1    19    12     4    17     0     1   -22.0  -39.487  -61.295    333.1    976.3
     3     1    19    12     4    17     0     1   -22.0  -39.791  -61.984    879.3    913.1
     4     1    19    12     4    17     0     1   -22.0  -39.892  -62.952   1532.7    839.6
     5     1    19    12     4    17     0     1   -22.0  -42.880  -62.105   2414.7    751.8
     1     1    19    12     4    16     0     2   -23.0  -38.104  -60.894    150.7    970.9
     2     1    19    12     4    16     0     2   -23.0  -39.913  -61.421    323.4    977.8
     3     1    19    12     4    16     0     2   -23.0  -40.198  -62.113    894.2    911.6
     4     1    19    12     4    16     0     2   -23.0  -40.264  -63.040   1519.5    843.0
     5     1    19    12     4    16     0     2   -23.0  -43.246  -62.054   2427.8    751.9
     1     1    19    12     4    15     0     3   -24.0  -38.505  -61.118    108.0    984.4
     2     1    19    12     4    15     0     3   -24.0  -40.365  -61.509    342.7    974.1
     3     1    19    12     4    15     0     3   -24.0  -40.624  -62.207    912.7    909.2
     4     1    19    12     4    15     0     3   -24.0  -40.661  -63.101   1491.8    847.1
     5     1    19    12     4    15     0     3   -24.0  -43.604  -61.951   2426.1    752.2
     1     1    19    12     4    14     0     2   -25.0  -38.904  -61.312     65.5   1003.7
     2     1    19    12     4    14     0     2   -25.0  -40.826  -61.550    369.5    970.0
     3     1    19    12     4    14     0     2   -25.0  -41.064  -62.252    936.0    906.5
     4     1    19    12     4    14     0     2   -25.0  -41.076  -63.124   1487.3    850.6
     5     1    19    12     4    14     0     2   -25.0  -43.945  -61.805   2431.5    753.0
     1     1    19    12     4    13     0     1   -26.0  -39.312  -61.478     41.3   1009.4
     2     1    19    12     4    13     0     1   -26.0  -41.291  -61.541    388.6    967.1
     3     1    19    12     4    13     0     1   -26.0  -41.511  -62.249    959.3    903.2
     4     1    19    12     4    13     0     1   -26.0  -41.504  -63.099   1515.1    845.4
     5     1    19    12     4    13     0     1   -26.0  -44.278  -61.647   2452.3    750.2
     1     1    19    12     4    12     0     0   -27.0  -39.753  -61.606     34.4   1009.5
     2     1    19    12     4    12     0     0   -27.0  -41.762  -61.477    401.2    966.4
     3     1    19    12     4    12     0     0   -27.0  -41.971  -62.200    972.9    900.8
     4     1    19    12     4    12     0     0   -27.0  -41.952  -63.005   1532.2    840.7
     5     1    19    12     4    12     0     0   -27.0  -44.614  -61.478   2468.2    747.7
     1     1    19    12     4    11     0     1   -28.0  -40.219  -61.684     36.7   1008.0
     2     1    19    12     4    11     0     1   -28.0  -42.229  -61.373    415.7    964.1
     3     1    19    12     4    11     0     1   -28.0  -42.432  -62.116    998.8    900.1
     4     1    19    12     4    11     0     1   -28.0  -42.414  -62.872   1536.5    841.8
     5     1    19    12     4    11     0     1   -28.0  -44.945  -61.283   2467.6    747.4
     1     1    19    12     4    10     0     2   -29.0  -40.689  -61.713     41.2   1007.1
     2     1    19    12     4    10     0     2   -29.0  -42.682  -61.241    430.3    961.7
     3     1    19    12     4    10     0     2   -29.0  -42.884  -62.001   1053.4    892.5
     4     1    19    12     4    10     0     2   -29.0  -42.873  -62.721   1548.7    839.7
     5     1    19    12     4    10     0     2   -29.0  -45.259  -61.076   2461.7    748.7
     1     1    19    12     4     9     0     3   -30.0  -41.166  -61.693     47.5   1006.1
     2     1    19    12     4     9     0     3   -30.0  -43.121  -61.078    441.6    959.6
     3     1    19    12     4     9     0     3   -30.0  -43.328  -61.841   1103.6    883.8
     4     1    19    12     4     9     0     3   -30.0  -43.323  -62.529   1556.7    837.1
     5     1    19    12     4     9     0     3   -30.0  -45.559  -60.880   2451.6    748.4
     1     1    19    12     4     8     0     2   -31.0  -41.635  -61.627     53.6   1004.7
     2     1    19    12     4     8     0     2   -31.0  -43.542  -60.886    446.0    958.6
     3     1    19    12     4     8     0     2   -31.0  -43.752  -61.641   1124.6    882.0
     4     1    19    12     4     8     0     2   -31.0  -43.752  -62.306   1563.3    837.8
     5     1    19    12     4     8     0     2   -31.0  -45.850  -60.685   2435.3    750.6
     1     1    19    12     4     7     0     1   -32.0  -42.087  -61.511     58.6   1003.9
     2     1    19    12     4     7     0     1   -32.0  -43.945  -60.660    450.3    959.4
     3     1    19    12     4     7     0     1   -32.0  -44.151  -61.408   1145.5    882.1
     4     1    19    12     4     7     0     1   -32.0  -44.154  -62.044   1604.8    835.6
     5     1    19    12     4     7     0     1   -32.0  -46.133  -60.463   2433.1    751.7
     1     1    19    12     4     6     0     0   -33.0  -42.534  -61.353     64.4   1003.1
     2     1    19    12     4     6     0     0   -33.0  -44.322  -60.408    467.7    957.4
     3     1    19    12     4     6     0     0   -33.0  -44.532  -61.140   1189.3    877.1
     4     1    19    12     4     6     0     0   -33.0  -44.537  -61.734   1683.7    824.3
     5     1    19    12     4     6     0     0   -33.0  -46.405  -60.215   2453.0    749.3
     1     1    19    12     4     5     0     1   -34.0  -42.959  -61.144     68.9   1002.1
     2     1    19    12     4     5     0     1   -34.0  -44.663  -60.129    493.9    953.3
     3     1    19    12     4     5     0     1   -34.0  -44.898  -60.822   1229.2    869.6
     4     1    19    12     4     5     0     1   -34.0  -44.902  -61.386   1744.7    815.7
     5     1    19    12     4     5     0     1   -34.0  -46.661  -59.946   2478.8    745.7
     1     1    19    12     4     4     0     2   -35.0  -43.348  -60.854     71.1   1002.0
     2     1    19    12     4     4     0     2   -35.0  -44.967  -59.805    514.3    950.0
     3     1    19    12     4     4     0     2   -35.0  -45.231  -60.474   1237.3    868.5
     4     1    19    12     4     4     0     2   -35.0  -45.238  -61.011   1785.7    813.4
     5     1    19    12     4     4     0     2   -35.0  -46.907  -59.664   2495.6    744.0
     1     1    19    12     4     3     0     3   -36.0  -43.702  -60.501     75.9   1002.1
     2     1    19    12     4     3     0     3   -36.0  -45.237  -59.444    516.7    949.2
     3     1    19    12     4     3     0     3   -36.0  -45.527  -60.118   1221.6    871.2
     4     1    19    12     4     3     0     3   -36.0  -45.548  -60.609   1809.8    809.2
     5     1    19    12     4     3     0     3   -36.0  -47.154  -59.384   2490.5    743.6
     1     1    19    12     4     2     0     2   -37.0  -44.034  -60.114     87.3   1000.5
     2     1    19    12     4     2     0     2   -37.0  -45.480  -59.074    509.4    951.5
     3     1    19    12     4     2     0     2   -37.0  -45.807  -59.742   1217.1    874.6
     4     1    19    12     4     2     0     2   -37.0  -45.836  -60.185   1814.9    810.3
     5     1    19    12     4     2     0     2   -37.0  -47.405  -59.122   2477.7    746.8
     1     1    19    12     4     1     0     1   -38.0  -44.348  -59.707     97.9    997.9
     2     1    19    12     4     1     0     1   -38.0  -45.698  -58.717    508.1    951.7
     3     1    19    12     4     1     0     1   -38.0  -46.077  -59.345   1236.1    870.5
     4     1    19    12     4     1     0     1   -38.0  -46.104  -59.761   1822.7    809.4
     5     1    19    12     4     1     0     1   -38.0  -47.653  -58.881   2480.1    746.5
     1     1    19    12     4     0     0     0   -39.0  -44.642  -59.293    102.0    997.5
     2     1    19    12     4     0     0     0   -39.0  -45.891  -58.374    517.5    950.9
     3     1    19    12     4     0     0     0   -39.0  -46.324  -58.964   1246.5    867.4
     4     1    19    12     4     0     0     0   -39.0  -46.355  -59.354   1832.2    808.2
     5     1    19    12     4     0     0     0   -39.0  -47.901  -58.656   2490.6    744.8
     1     1    19    12     3    23     0     1   -40.0  -44.897  -58.881    102.5    997.2
     2     1    19    12     3    23     0     1   -40.0  -46.055  -58.050    551.8    948.0
     3     1    19    12     3    23     0     1   -40.0  -46.550  -58.612   1248.2    869.0
     4     1    19    12     3    23     0     1   -40.0  -46.593  -58.949   1835.0    806.9
     5     1    19    12     3    23     0     1   -40.0  -48.147  -58.450   2523.7    743.6
     1     1    19    12     3    22     0     2   -41.0  -45.091  -58.469    101.7    997.3
     2     1    19    12     3    22     0     2   -41.0  -46.187  -57.746    600.5    939.7
     3     1    19    12     3    22     0     2   -41.0  -46.774  -58.267   1244.8    867.7
     4     1    19    12     3    22     0     2   -41.0  -46.828  -58.548   1825.6    807.8
     5     1    19    12     3    22     0     2   -41.0  -48.384  -58.264   2590.4    736.2
     1     1    19    12     3    21     0     3   -42.0  -45.227  -58.059    103.0    997.2
     2     1    19    12     3    21     0     3   -42.0  -46.294  -57.457    642.9    935.0
     3     1    19    12     3    21     0     3   -42.0  -47.009  -57.924   1210.7    870.1
     4     1    19    12     3    21     0     3   -42.0  -47.066  -58.173   1810.9    809.7
     5     1    19    12     3    21     0     3   -42.0  -48.615  -58.089   2675.1    727.8
     1     1    19    12     3    20     0     2   -43.0  -45.310  -57.657    108.7    996.8
     2     1    19    12     3    20     0     2   -43.0  -46.377  -57.187    687.7    930.5
     3     1    19    12     3    20     0     2   -43.0  -47.227  -57.620   1175.4    878.5
     4     1    19    12     3    20     0     2   -43.0  -47.296  -57.844   1814.5    811.0
     5     1    19    12     3    20     0     2   -43.0  -48.842  -57.928   2747.8    718.8
     1     1    19    12     3    19     0     1   -44.0  -45.346  -57.277    122.4    995.7
     2     1    19    12     3    19     0     1   -44.0  -46.436  -56.946    740.8    924.1
     3     1    19    12     3    19     0     1   -44.0  -47.418  -57.359   1162.5    878.2
     4     1    19    12     3    19     0     1   -44.0  -47.511  -57.561   1840.1    806.9
     5     1    19    12     3    19     0     1   -44.0  -49.059  -57.797   2790.5    715.5
     1     1    19    12     3    18     0     0   -45.0  -45.338  -56.936    148.8    993.4
     2     1    19    12     3    18     0     0   -45.0  -46.475  -56.733    792.0    917.3
     3     1    19    12     3    18     0     0   -45.0  -47.602  -57.126   1157.6    878.7
     4     1    19    12     3    18     0     0   -45.0  -47.713  -57.309   1872.6    803.8
     5     1    19    12     3    18     0     0   -45.0  -49.263  -57.699   2809.2    713.6
     1     1    19    12     3    17     0     1   -46.0  -45.298  -56.622    173.3    987.9
     2     1    19    12     3    17     0     1   -46.0  -46.501  -56.531    811.5    912.7
     3     1    19    12     3    17     0     1   -46.0  -47.791  -56.922   1173.3    878.2
     4     1    19    12     3    17     0     1   -46.0  -47.909  -57.074   1926.6    799.6
     5     1    19    12     3    17     0     1   -46.0  -49.467  -57.628   2813.1    713.8
     1     1    19    12     3    16     0     2   -47.0  -45.244  -56.318    176.9    987.5
     2     1    19    12     3    16     0     2   -47.0  -46.523  -56.327    787.3    916.2
     3     1    19    12     3    16     0     2   -47.0  -47.993  -56.750   1223.5    872.4
     4     1    19    12     3    16     0     2   -47.0  -48.103  -56.858   2001.2    790.5
     5     1    19    12     3    16     0     2   -47.0  -49.677  -57.569   2815.0    713.9
     1     1    19    12     3    15     0     3   -48.0  -45.180  -56.012    165.2    989.4
     2     1    19    12     3    15     0     3   -48.0  -46.543  -56.114    733.9    922.9
     3     1    19    12     3    15     0     3   -48.0  -48.210  -56.599   1299.0    862.7
     4     1    19    12     3    15     0     3   -48.0  -48.292  -56.662   2069.9    782.1
     5     1    19    12     3    15     0     3   -48.0  -49.889  -57.513   2826.0    713.2
     1     1    19    12     3    14     0     2   -49.0  -45.121  -55.707    155.1    992.5
     2     1    19    12     3    14     0     2   -49.0  -46.566  -55.907    685.0    931.9
     3     1    19    12     3    14     0     2   -49.0  -48.443  -56.455   1357.6    853.4
     4     1    19    12     3    14     0     2   -49.0  -48.486  -56.491   2109.2    777.3
     5     1    19    12     3    14     0     2   -49.0  -50.101  -57.465   2853.8    710.7
     1     1    19    12     3    13     0     1   -50.0  -45.079  -55.414    153.5    992.3
     2     1    19    12     3    13     0     1   -50.0  -46.592  -55.726    662.3    934.1
     3     1    19    12     3    13     0     1   -50.0  -48.697  -56.326   1395.5    851.8
     4     1    19    12     3    13     0     1   -50.0  -48.700  -56.345   2134.0    777.0
     5     1    19    12     3    13     0     1   -50.0  -50.319  -57.437   2897.2    706.2
     1     1    19    12     3    12     0     0   -51.0  -45.062  -55.145    154.2    992.0
     2     1    19    12     3    12     0     0   -51.0  -46.618  -55.572    657.6    934.1
     3     1    19    12     3    12     0     0   -51.0  -48.976  -56.234   1451.4    847.1
     4     1    19    12     3    12     0     0   -51.0  -48.939  -56.217   2186.7    773.5
     5     1    19    12     3    12     0     0   -51.0  -50.551  -57.425   2949.2    701.0
     1     1    19    12     3    11     0     1   -52.0  -45.065  -54.925    156.6    992.1
     2     1    19    12     3    11     0     1   -52.0  -46.644  -55.459    668.4    933.0
     3     1    19    12     3    11     0     1   -52.0  -49.265  -56.180   1515.0    837.8
     4     1    19    12     3    11     0     1   -52.0  -49.194  -56.122   2259.0    763.8
     5     1    19    12     3    11     0     1   -52.0  -50.799  -57.426   2994.5    695.9
     1     1    19    12     3    10     0     2   -53.0  -45.080  -54.766    163.2    991.5
     2     1    19    12     3    10     0     2   -53.0  -46.669  -55.400    696.7    929.7
     3     1    19    12     3    10     0     2   -53.0  -49.548  -56.147   1560.1    833.2
     4     1    19    12     3    10     0     2   -53.0  -49.452  -56.080   2310.2    757.9
     5     1    19    12     3    10     0     2   -53.0  -51.057  -57.445   3021.9    693.3
     1     1    19    12     3     9     0     3   -54.0  -45.106  -54.665    175.6    990.1
     2     1    19    12     3     9     0     3   -54.0  -46.693  -55.397    743.7    924.3
     3     1    19    12     3     9     0     3   -54.0  -49.839  -56.116   1590.3    830.0
     4     1    19    12     3     9     0     3   -54.0  -49.717  -56.077   2330.9    755.6
     5     1    19    12     3     9     0     3   -54.0  -51.317  -57.484   3032.3    692.3
     1     1    19    12     3     8     0     2   -55.0  -45.133  -54.599    191.7    987.6
     2     1    19    12     3     8     0     2   -55.0  -46.715  -55.422    790.6    916.4
     3     1    19    12     3     8     0     2   -55.0  -50.141  -56.085   1604.1    827.7
     4     1    19    12     3     8     0     2   -55.0  -49.987  -56.099   2333.5    756.4
     5     1    19    12     3     8     0     2   -55.0  -51.575  -57.547   3029.5    692.6
     1     1    19    12     3     7     0     1   -56.0  -45.154  -54.552    209.0    985.3
     2     1    19    12     3     7     0     1   -56.0  -46.732  -55.449    816.4    913.3
     3     1    19    12     3     7     0     1   -56.0  -50.446  -56.067   1602.5    828.1
     4     1    19    12     3     7     0     1   -56.0  -50.259  -56.139   2332.8    756.2
     5     1    19    12     3     7     0     1   -56.0  -51.834  -57.642   3016.6    693.5
     1     1    19    12     3     6     0     0   -57.0  -45.167  -54.518    226.3    983.1
     2     1    19    12     3     6     0     0   -57.0  -46.743  -55.475    820.8    912.6
     3     1    19    12     3     6     0     0   -57.0  -50.762  -56.060   1604.4    828.9
     4     1    19    12     3     6     0     0   -57.0  -50.532  -56.194   2330.4    756.3
     5     1    19    12     3     6     0     0   -57.0  -52.101  -57.761   2993.3    695.3
     1     1    19    12     3     5     0     1   -58.0  -45.190  -54.481    242.5    981.4
     2     1    19    12     3     5     0     1   -58.0  -46.762  -55.489    818.3    914.5
     3     1    19    12     3     5     0     1   -58.0  -51.090  -56.071   1623.2    826.8
     4     1    19    12     3     5     0     1   -58.0  -50.803  -56.258   2330.8    756.7
     5     1    19    12     3     5     0     1   -58.0  -52.364  -57.892   2967.7    698.5
     1     1    19    12     3     4     0     2   -59.0  -45.239  -54.431    256.8    980.0
     2     1    19    12     3     4     0     2   -59.0  -46.809  -55.482    822.9    914.2
     3     1    19    12     3     4     0     2   -59.0  -51.416  -56.111   1646.9    823.4
     4     1    19    12     3     4     0     2   -59.0  -51.069  -56.331   2336.5    756.2
     5     1    19    12     3     4     0     2   -59.0  -52.621  -58.040   2937.2    700.3
     1     1    19    12     3     3     0     3   -60.0  -45.316  -54.367    270.3    978.7
     2     1    19    12     3     3     0     3   -60.0  -46.886  -55.455    837.1    912.9
     3     1    19    12     3     3     0     3   -60.0  -51.738  -56.181   1661.2    821.6
     4     1    19    12     3     3     0     3   -60.0  -51.328  -56.415   2343.9    755.3
     5     1    19    12     3     3     0     3   -60.0  -52.886  -58.225   2883.9    704.5
     1     1    19    12     3     2     0     2   -61.0  -45.423  -54.309    283.0    976.8
     2     1    19    12     3     2     0     2   -61.0  -46.990  -55.430    864.2    910.0
     3     1    19    12     3     2     0     2   -61.0  -52.061  -56.273   1667.1    821.4
     4     1    19    12     3     2     0     2   -61.0  -51.584  -56.510   2352.4    754.6
     5     1    19    12     3     2     0     2   -61.0  -53.149  -58.448   2838.8    712.0
     1     1    19    12     3     1     0     1   -62.0  -45.560  -54.274    294.9    975.5
     2     1    19    12     3     1     0     1   -62.0  -47.115  -55.427    898.8    905.7
     3     1    19    12     3     1     0     1   -62.0  -52.384  -56.385   1680.1    821.0
     4     1    19    12     3     1     0     1   -62.0  -51.846  -56.612   2365.2    753.4
     5     1    19    12     3     1     0     1   -62.0  -53.400  -58.687   2837.9    711.8
     1     1    19    12     3     0     0     0   -63.0  -45.726  -54.261    311.1    973.9
     2     1    19    12     3     0     0     0   -63.0  -47.259  -55.447    935.0    901.2
     3     1    19    12     3     0     0     0   -63.0  -52.706  -56.518   1715.5    817.8
     4     1    19    12     3     0     0     0   -63.0  -52.114  -56.720   2384.2    751.6
     5     1    19    12     3     0     0     0   -63.0  -53.651  -58.932   2865.2    708.1
     1     1    19    12     2    23     0     1   -64.0  -45.918  -54.276    332.6    970.7
     2     1    19    12     2    23     0     1   -64.0  -47.421  -55.500    966.9    896.9
     3     1    19    12     2    23     0     1   -64.0  -53.017  -56.670   1761.4    811.4
     4     1    19    12     2    23     0     1   -64.0  -52.380  -56.846   2406.9    748.9
     5     1    19    12     2    23     0     1   -64.0  -53.894  -59.198   2898.7    704.0
     1     1    19    12     2    22     0     2   -65.0  -46.127  -54.319    352.1    967.7
     2     1    19    12     2    22     0     2   -65.0  -47.600  -55.589    989.5    894.1
     3     1    19    12     2    22     0     2   -65.0  -53.311  -56.839   1795.8    807.1
     4     1    19    12     2    22     0     2   -65.0  -52.642  -56.994   2425.6    746.6
     5     1    19    12     2    22     0     2   -65.0  -54.114  -59.492   2921.1    701.2
     1     1    19    12     2    21     0     3   -66.0  -46.346  -54.388    363.6    966.0
     2     1    19    12     2    21     0     3   -66.0  -47.795  -55.712   1001.8    892.6
     3     1    19    12     2    21     0     3   -66.0  -53.589  -57.021   1810.7    805.2
     4     1    19    12     2    21     0     3   -66.0  -52.895  -57.150   2433.2    745.3
     5     1    19    12     2    21     0     3   -66.0  -54.315  -59.795   2914.1    700.6
     1     1    19    12     2    20     0     2   -67.0  -46.576  -54.479    374.6    965.8
     2     1    19    12     2    20     0     2   -67.0  -48.002  -55.857   1010.6    892.5
     3     1    19    12     2    20     0     2   -67.0  -53.854  -57.224   1817.6    805.6
     4     1    19    12     2    20     0     2   -67.0  -53.139  -57.315   2434.7    745.8
     5     1    19    12     2    20     0     2   -67.0  -54.508  -60.093   2881.0    704.9
     1     1    19    12     2    19     0     1   -68.0  -46.821  -54.583    396.2    963.6
     2     1    19    12     2    19     0     1   -68.0  -48.221  -56.011   1024.3    891.2
     3     1    19    12     2    19     0     1   -68.0  -54.114  -57.461   1827.0    804.4
     4     1    19    12     2    19     0     1   -68.0  -53.378  -57.494   2437.5    745.3
     5     1    19    12     2    19     0     1   -68.0  -54.696  -60.393   2845.4    708.8
     1     1    19    12     2    18     0     0   -69.0  -47.081  -54.693    428.4    959.9
     2     1    19    12     2    18     0     0   -69.0  -48.451  -56.169   1046.9    889.0
     3     1    19    12     2    18     0     0   -69.0  -54.369  -57.729   1831.7    803.5
     4     1    19    12     2    18     0     0   -69.0  -53.616  -57.683   2439.0    745.0
     5     1    19    12     2    18     0     0   -69.0  -54.871  -60.714   2807.2    711.6
     1     1    19    12     2    17     0     1   -70.0  -47.352  -54.818    466.1    954.8
     2     1    19    12     2    17     0     1   -70.0  -48.702  -56.336   1073.2    885.2
     3     1    19    12     2    17     0     1   -70.0  -54.623  -58.010   1831.2    803.9
     4     1    19    12     2    17     0     1   -70.0  -53.855  -57.876   2439.9    745.0
     5     1    19    12     2    17     0     1   -70.0  -55.050  -61.056   2774.4    716.1
     1     1    19    12     2    16     0     2   -71.0  -47.635  -54.963    510.5    950.0
     2     1    19    12     2    16     0     2   -71.0  -48.980  -56.514   1089.4    882.9
     3     1    19    12     2    16     0     2   -71.0  -54.874  -58.284   1827.3    803.9
     4     1    19    12     2    16     0     2   -71.0  -54.101  -58.073   2441.0    744.8
     5     1    19    12     2    16     0     2   -71.0  -55.245  -61.399   2752.6    716.9
     1     1    19    12     2    15     0     3   -72.0  -47.937  -55.108    568.8    943.3
     2     1    19    12     2    15     0     3   -72.0  -49.280  -56.689   1091.3    882.6
     3     1    19    12     2    15     0     3   -72.0  -55.116  -58.564   1824.6    804.8
     4     1    19    12     2    15     0     3   -72.0  -54.352  -58.274   2443.7    744.7
     5     1    19    12     2    15     0     3   -72.0  -55.440  -61.735   2719.9    718.9
