     5     1
    GDAS    19     6     1     0     0
    GDAS    19     6     8     0     0
    GDAS    19     6    15     0     0
    GDAS    19     6    22     0     0
    GDAS    19     6    29     0     0
     5 BACKWARD OMEGA   
    19     6    11    21  -34.572  -58.513    10.0
    19     6    11    21  -34.572  -58.513   200.0
    19     6    11    21  -34.572  -58.513   500.0
    19     6    11    21  -34.572  -58.513  1000.0
    19     6    11    21  -34.572  -58.513  2000.0
     1 PRESSURE
     1     1    19     6    11    21     0     3     0.0  -34.572  -58.513     10.0   1009.0
     2     1    19     6    11    21     0     3     0.0  -34.572  -58.513    200.0    985.7
     3     1    19     6    11    21     0     3     0.0  -34.572  -58.513    500.0    951.6
     4     1    19     6    11    21     0     3     0.0  -34.572  -58.513   1000.0    897.0
     5     1    19     6    11    21     0     3     0.0  -34.572  -58.513   2000.0    796.4
     1     1    19     6    11    20     0     2    -1.0  -34.540  -58.365      8.6   1009.0
     2     1    19     6    11    20     0     2    -1.0  -34.448  -58.269    183.2    987.7
     3     1    19     6    11    20     0     2    -1.0  -34.316  -58.345    465.5    956.2
     4     1    19     6    11    20     0     2    -1.0  -34.227  -58.585    934.6    905.7
     5     1    19     6    11    20     0     2    -1.0  -34.248  -58.849   1836.3    813.1
     1     1    19     6    11    19     0     1    -2.0  -34.504  -58.214      7.4   1009.0
     2     1    19     6    11    19     0     1    -2.0  -34.318  -58.046    169.2    989.1
     3     1    19     6    11    19     0     1    -2.0  -34.037  -58.207    447.4    957.7
     4     1    19     6    11    19     0     1    -2.0  -33.858  -58.673    884.4    910.2
     5     1    19     6    11    19     0     1    -2.0  -33.923  -59.168   1679.2    828.8
     1     1    19     6    11    18     0     0    -3.0  -34.466  -58.059      6.1   1008.7
     2     1    19     6    11    18     0     0    -3.0  -34.187  -57.844    156.4    989.5
     3     1    19     6    11    18     0     0    -3.0  -33.744  -58.108    443.2    958.5
     4     1    19     6    11    18     0     0    -3.0  -33.483  -58.752    827.7    916.1
     5     1    19     6    11    18     0     0    -3.0  -33.576  -59.451   1559.8    844.6
     1     1    19     6    11    17     0     1    -4.0  -34.434  -57.892      4.9   1009.1
     2     1    19     6    11    17     0     1    -4.0  -34.076  -57.645    145.2    989.9
     3     1    19     6    11    17     0     1    -4.0  -33.468  -58.009    446.0    959.0
     4     1    19     6    11    17     0     1    -4.0  -33.132  -58.772    761.3    923.9
     5     1    19     6    11    17     0     1    -4.0  -33.215  -59.667   1490.2    851.2
     1     1    19     6    11    16     0     2    -5.0  -34.417  -57.703      4.2   1009.3
     2     1    19     6    11    16     0     2    -5.0  -33.999  -57.430    133.1    989.4
     3     1    19     6    11    16     0     2    -5.0  -33.213  -57.907    440.9    959.1
     4     1    19     6    11    16     0     2    -5.0  -32.815  -58.752    698.7    932.1
     5     1    19     6    11    16     0     2    -5.0  -32.854  -59.841   1433.6    854.7
     1     1    19     6    11    15     0     3    -6.0  -34.413  -57.487      4.1   1009.3
     2     1    19     6    11    15     0     3    -6.0  -33.950  -57.191    116.1    990.2
     3     1    19     6    11    15     0     3    -6.0  -32.960  -57.828    414.0    963.2
     4     1    19     6    11    15     0     3    -6.0  -32.515  -58.734    654.3    938.0
     5     1    19     6    11    15     0     3    -6.0  -32.517  -59.996   1375.5    858.4
     1     1    19     6    11    14     0     2    -7.0  -34.413  -57.242      3.7   1008.7
     2     1    19     6    11    14     0     2    -7.0  -33.915  -56.944     95.8    992.3
     3     1    19     6    11    14     0     2    -7.0  -32.707  -57.759    380.2    968.1
     4     1    19     6    11    14     0     2    -7.0  -32.223  -58.721    634.1    939.6
     5     1    19     6    11    14     0     2    -7.0  -32.218  -60.115   1335.1    862.4
     1     1    19     6    11    13     0     1    -8.0  -34.416  -56.974      1.5   1008.3
     2     1    19     6    11    13     0     1    -8.0  -33.892  -56.703     79.6    996.1
     3     1    19     6    11    13     0     1    -8.0  -32.447  -57.680    360.1    970.2
     4     1    19     6    11    13     0     1    -8.0  -31.931  -58.712    632.5    939.2
     5     1    19     6    11    13     0     1    -8.0  -31.946  -60.217   1334.5    862.7
     1     1    19     6    11    12     0     0    -9.0  -34.428  -56.694      0.0   1009.2
     2     1    19     6    11    12     0     0    -9.0  -33.886  -56.465     70.6    998.2
     3     1    19     6    11    12     0     0    -9.0  -32.173  -57.604    358.6    969.5
     4     1    19     6    11    12     0     0    -9.0  -31.645  -58.704    642.6    937.8
     5     1    19     6    11    12     0     0    -9.0  -31.677  -60.315   1357.1    859.6
     1     1    19     6    11    11     0     1   -10.0  -34.451  -56.422      0.0   1010.3
     2     1    19     6    11    11     0     1   -10.0  -33.897  -56.241     70.3    999.1
     3     1    19     6    11    11     0     1   -10.0  -31.895  -57.553    368.3    966.1
     4     1    19     6    11    11     0     1   -10.0  -31.381  -58.693    656.4    935.3
     5     1    19     6    11    11     0     1   -10.0  -31.410  -60.391   1367.2    858.7
     1     1    19     6    11    10     0     2   -11.0  -34.482  -56.173      0.4   1011.3
     2     1    19     6    11    10     0     2   -11.0  -33.920  -56.038     78.9    998.2
     3     1    19     6    11    10     0     2   -11.0  -31.633  -57.525    370.6    963.6
     4     1    19     6    11    10     0     2   -11.0  -31.140  -58.685    662.6    933.3
     5     1    19     6    11    10     0     2   -11.0  -31.167  -60.450   1367.3    860.1
     1     1    19     6    11     9     0     3   -12.0  -34.519  -55.946      1.5   1012.0
     2     1    19     6    11     9     0     3   -12.0  -33.958  -55.851     90.6    994.8
     3     1    19     6    11     9     0     3   -12.0  -31.383  -57.492    349.9    964.2
     4     1    19     6    11     9     0     3   -12.0  -30.910  -58.678    651.3    934.1
     5     1    19     6    11     9     0     3   -12.0  -30.959  -60.507   1370.5    860.3
     1     1    19     6    11     8     0     2   -13.0  -34.574  -55.735      2.1   1011.5
     2     1    19     6    11     8     0     2   -13.0  -34.013  -55.671     98.4    991.7
     3     1    19     6    11     8     0     2   -13.0  -31.130  -57.428    319.9    968.8
     4     1    19     6    11     8     0     2   -13.0  -30.679  -58.674    625.2    938.5
     5     1    19     6    11     8     0     2   -13.0  -30.776  -60.579   1370.1    859.1
     1     1    19     6    11     7     0     1   -14.0  -34.661  -55.530      1.7   1011.9
     2     1    19     6    11     7     0     1   -14.0  -34.083  -55.490     96.9    990.8
     3     1    19     6    11     7     0     1   -14.0  -30.864  -57.323    305.6    971.7
     4     1    19     6    11     7     0     1   -14.0  -30.439  -58.667    590.8    942.9
     5     1    19     6    11     7     0     1   -14.0  -30.599  -60.660   1351.1    860.9
     1     1    19     6    11     6     0     0   -15.0  -34.785  -55.328      0.0   1013.5
     2     1    19     6    11     6     0     0   -15.0  -34.169  -55.314     86.0    991.7
     3     1    19     6    11     6     0     0   -15.0  -30.592  -57.190    313.3    971.5
     4     1    19     6    11     6     0     0   -15.0  -30.186  -58.646    549.6    948.0
     5     1    19     6    11     6     0     0   -15.0  -30.424  -60.733   1309.2    864.9
     1     1    19     6    11     5     0     1   -16.0  -34.944  -55.141      0.0   1016.6
     2     1    19     6    11     5     0     1   -16.0  -34.271  -55.165     72.0    994.6
     3     1    19     6    11     5     0     1   -16.0  -30.325  -57.054    332.0    969.4
     4     1    19     6    11     5     0     1   -16.0  -29.917  -58.597    512.2    953.1
     5     1    19     6    11     5     0     1   -16.0  -30.246  -60.805   1255.0    871.6
     1     1    19     6    11     4     0     2   -17.0  -35.130  -54.993      0.0   1017.9
     2     1    19     6    11     4     0     2   -17.0  -34.387  -55.058     60.5    997.9
     3     1    19     6    11     4     0     2   -17.0  -30.074  -56.904    356.5    967.6
     4     1    19     6    11     4     0     2   -17.0  -29.638  -58.525    487.4    954.7
     5     1    19     6    11     4     0     2   -17.0  -30.059  -60.897   1206.8    876.9
     1     1    19     6    11     3     0     3   -18.0  -35.336  -54.895      0.0   1017.9
     2     1    19     6    11     3     0     3   -18.0  -34.521  -54.989     52.8   1001.6
     3     1    19     6    11     3     0     3   -18.0  -29.853  -56.741    389.8    963.3
     4     1    19     6    11     3     0     3   -18.0  -29.362  -58.428    471.8    954.9
     5     1    19     6    11     3     0     3   -18.0  -29.868  -61.008   1173.2    880.4
     1     1    19     6    11     2     0     2   -19.0  -35.546  -54.848      0.0   1017.5
     2     1    19     6    11     2     0     2   -19.0  -34.668  -54.958     47.1   1004.9
     3     1    19     6    11     2     0     2   -19.0  -29.677  -56.612    433.5    958.7
     4     1    19     6    11     2     0     2   -19.0  -29.102  -58.312    458.7    954.8
     5     1    19     6    11     2     0     2   -19.0  -29.680  -61.114   1150.8    881.6
     1     1    19     6    11     1     0     1   -20.0  -35.743  -54.846      0.0   1017.5
     2     1    19     6    11     1     0     1   -20.0  -34.817  -54.968     40.4   1007.9
     3     1    19     6    11     1     0     1   -20.0  -29.539  -56.543    481.6    952.5
     4     1    19     6    11     1     0     1   -20.0  -28.866  -58.172    436.4    956.0
     5     1    19     6    11     1     0     1   -20.0  -29.496  -61.204   1137.4    882.8
     1     1    19     6    11     0     0     0   -21.0  -35.930  -54.880      0.5   1018.0
     2     1    19     6    11     0     0     0   -21.0  -34.959  -55.029     31.4   1010.9
     3     1    19     6    11     0     0     0   -21.0  -29.424  -56.518    522.3    947.9
     4     1    19     6    11     0     0     0   -21.0  -28.650  -57.998    396.0    960.6
     5     1    19     6    11     0     0     0   -21.0  -29.314  -61.295   1137.1    882.5
     1     1    19     6    10    23     0     1   -22.0  -36.096  -54.952      1.2   1016.9
     2     1    19     6    10    23     0     1   -22.0  -35.079  -55.125     24.3   1013.1
     3     1    19     6    10    23     0     1   -22.0  -29.294  -56.516    533.0    945.1
     4     1    19     6    10    23     0     1   -22.0  -28.442  -57.837    350.6    967.5
     5     1    19     6    10    23     0     1   -22.0  -29.115  -61.396   1132.2    880.4
     1     1    19     6    10    22     0     2   -23.0  -36.233  -55.062      1.8   1015.6
     2     1    19     6    10    22     0     2   -23.0  -35.165  -55.236     20.9   1013.2
     3     1    19     6    10    22     0     2   -23.0  -29.126  -56.516    489.9    949.9
     4     1    19     6    10    22     0     2   -23.0  -28.217  -57.722    311.9    972.3
     5     1    19     6    10    22     0     2   -23.0  -28.885  -61.494   1098.9    882.6
     1     1    19     6    10    21     0     3   -24.0  -36.340  -55.203      1.9   1014.2
     2     1    19     6    10    21     0     3   -24.0  -35.216  -55.366     20.0   1012.7
     3     1    19     6    10    21     0     3   -24.0  -28.933  -56.505    404.6    960.9
     4     1    19     6    10    21     0     3   -24.0  -27.963  -57.625    287.6    976.2
     5     1    19     6    10    21     0     3   -24.0  -28.625  -61.578   1044.5    888.2
     1     1    19     6    10    20     0     2   -25.0  -36.419  -55.358      1.9   1014.1
     2     1    19     6    10    20     0     2   -25.0  -35.246  -55.513     20.3   1012.7
     3     1    19     6    10    20     0     2   -25.0  -28.717  -56.473    326.9    972.2
     4     1    19     6    10    20     0     2   -25.0  -27.690  -57.520    284.0    976.1
     5     1    19     6    10    20     0     2   -25.0  -28.332  -61.647    985.0    894.6
     1     1    19     6    10    19     0     1   -26.0  -36.475  -55.519      1.9   1014.0
     2     1    19     6    10    19     0     1   -26.0  -35.271  -55.676     21.5   1012.7
     3     1    19     6    10    19     0     1   -26.0  -28.473  -56.423    281.2    976.5
     4     1    19     6    10    19     0     1   -26.0  -27.413  -57.402    297.6    973.5
     5     1    19     6    10    19     0     1   -26.0  -28.003  -61.708    935.6    900.7
     1     1    19     6    10    18     0     0   -27.0  -36.509  -55.693      1.9   1014.2
     2     1    19     6    10    18     0     0   -27.0  -35.292  -55.853     24.1   1012.5
     3     1    19     6    10    18     0     0   -27.0  -28.217  -56.370    263.5    976.7
     4     1    19     6    10    18     0     0   -27.0  -27.134  -57.281    328.7    969.3
     5     1    19     6    10    18     0     0   -27.0  -27.647  -61.755    895.0    901.8
     1     1    19     6    10    17     0     1   -28.0  -36.538  -55.885      1.9   1013.6
     2     1    19     6    10    17     0     1   -28.0  -35.305  -56.040     27.5   1011.9
     3     1    19     6    10    17     0     1   -28.0  -27.943  -56.312    271.8    974.9
     4     1    19     6    10    17     0     1   -28.0  -26.830  -57.152    391.9    962.4
     5     1    19     6    10    17     0     1   -28.0  -27.266  -61.777    857.6    904.0
     1     1    19     6    10    16     0     2   -29.0  -36.578  -56.096      2.0   1012.8
     2     1    19     6    10    16     0     2   -29.0  -35.309  -56.236     30.0   1011.5
     3     1    19     6    10    16     0     2   -29.0  -27.634  -56.239    299.4    969.6
     4     1    19     6    10    16     0     2   -29.0  -26.479  -57.019    502.7    947.9
     5     1    19     6    10    16     0     2   -29.0  -26.851  -61.768    826.1    905.5
     1     1    19     6    10    15     0     3   -30.0  -36.619  -56.316      2.4   1011.9
     2     1    19     6    10    15     0     3   -30.0  -35.310  -56.445     31.5   1011.2
     3     1    19     6    10    15     0     3   -30.0  -27.293  -56.149    336.0    964.0
     4     1    19     6    10    15     0     3   -30.0  -26.096  -56.920    651.4    928.9
     5     1    19     6    10    15     0     3   -30.0  -26.404  -61.727    789.4    908.5
     1     1    19     6    10    14     0     2   -31.0  -36.652  -56.528      3.3   1012.1
     2     1    19     6    10    14     0     2   -31.0  -35.309  -56.672     32.9   1010.7
     3     1    19     6    10    14     0     2   -31.0  -26.918  -56.021    384.0    956.8
     4     1    19     6    10    14     0     2   -31.0  -25.729  -56.845    789.2    910.2
     5     1    19     6    10    14     0     2   -31.0  -25.923  -61.656    742.7    913.8
     1     1    19     6    10    13     0     1   -32.0  -36.671  -56.723      4.3   1012.3
     2     1    19     6    10    13     0     1   -32.0  -35.306  -56.923     35.3   1009.9
     3     1    19     6    10    13     0     1   -32.0  -26.488  -55.835    483.7    945.7
     4     1    19     6    10    13     0     1   -32.0  -25.383  -56.761    882.0    901.1
     5     1    19     6    10    13     0     1   -32.0  -25.405  -61.552    701.9    919.6
     1     1    19     6    10    12     0     0   -33.0  -36.676  -56.904      5.2   1012.5
     2     1    19     6    10    12     0     0   -33.0  -35.306  -57.193     38.3   1008.9
     3     1    19     6    10    12     0     0   -33.0  -25.995  -55.624    669.7    921.7
     4     1    19     6    10    12     0     0   -33.0  -25.042  -56.659    932.3    894.8
     5     1    19     6    10    12     0     0   -33.0  -24.848  -61.405    670.3    922.8
     1     1    19     6    10    11     0     1   -34.0  -36.671  -57.070      6.3   1011.4
     2     1    19     6    10    11     0     1   -34.0  -35.289  -57.449     40.6   1007.8
     3     1    19     6    10    11     0     1   -34.0  -25.543  -55.421    832.7    890.5
     4     1    19     6    10    11     0     1   -34.0  -24.713  -56.536    958.2    891.6
     5     1    19     6    10    11     0     1   -34.0  -24.273  -61.220    634.3    926.2
     1     1    19     6    10    10     0     2   -35.0  -36.660  -57.222      7.7   1010.4
     2     1    19     6    10    10     0     2   -35.0  -35.238  -57.678     41.4   1006.8
     3     1    19     6    10    10     0     2   -35.0  -25.139  -55.211    919.2    881.6
     4     1    19     6    10    10     0     2   -35.0  -24.405  -56.392    969.7    890.0
     5     1    19     6    10    10     0     2   -35.0  -23.713  -61.016    596.4    930.1
     1     1    19     6    10     9     0     3   -36.0  -36.645  -57.362      9.2   1009.7
     2     1    19     6    10     9     0     3   -36.0  -35.162  -57.885     41.6   1005.7
     3     1    19     6    10     9     0     3   -36.0  -24.754  -54.976    961.0    877.0
     4     1    19     6    10     9     0     3   -36.0  -24.107  -56.220    959.9    891.7
     5     1    19     6    10     9     0     3   -36.0  -23.165  -60.812    570.4    930.6
     1     1    19     6    10     8     0     2   -37.0  -36.621  -57.483     10.5   1009.8
     2     1    19     6    10     8     0     2   -37.0  -35.072  -58.064     40.8   1005.6
     3     1    19     6    10     8     0     2   -37.0  -24.393  -54.715    984.2    873.4
     4     1    19     6    10     8     0     2   -37.0  -23.817  -56.009    928.9    893.4
     5     1    19     6    10     8     0     2   -37.0  -22.629  -60.610    544.4    933.1
     1     1    19     6    10     7     0     1   -38.0  -36.578  -57.576     10.8   1009.9
     2     1    19     6    10     7     0     1   -38.0  -34.975  -58.212     38.8   1006.0
     3     1    19     6    10     7     0     1   -38.0  -24.071  -54.441   1002.6    872.7
     4     1    19     6    10     7     0     1   -38.0  -23.539  -55.767    901.8    890.6
     5     1    19     6    10     7     0     1   -38.0  -22.117  -60.397    505.0    940.3
     1     1    19     6    10     6     0     0   -39.0  -36.516  -57.642     10.3   1010.3
     2     1    19     6    10     6     0     0   -39.0  -34.864  -58.335     36.2   1006.3
     3     1    19     6    10     6     0     0   -39.0  -23.785  -54.165   1007.0    874.1
     4     1    19     6    10     6     0     0   -39.0  -23.282  -55.518    892.2    884.9
     5     1    19     6    10     6     0     0   -39.0  -21.623  -60.181    458.0    946.8
     1     1    19     6    10     5     0     1   -40.0  -36.439  -57.684      9.3   1010.5
     2     1    19     6    10     5     0     1   -40.0  -34.743  -58.423     33.9   1005.9
     3     1    19     6    10     5     0     1   -40.0  -23.525  -53.890   1008.3    874.7
     4     1    19     6    10     5     0     1   -40.0  -23.044  -55.271    884.4    880.8
     5     1    19     6    10     5     0     1   -40.0  -21.156  -59.964    408.7    953.8
     1     1    19     6    10     4     0     2   -41.0  -36.353  -57.702      8.5   1010.8
     2     1    19     6    10     4     0     2   -41.0  -34.620  -58.471     32.6   1005.5
     3     1    19     6    10     4     0     2   -41.0  -23.290  -53.614   1020.9    871.2
     4     1    19     6    10     4     0     2   -41.0  -22.826  -55.028    865.7    880.4
     5     1    19     6    10     4     0     2   -41.0  -20.736  -59.747    376.4    958.0
     1     1    19     6    10     3     0     3   -42.0  -36.259  -57.695      7.6   1011.2
     2     1    19     6    10     3     0     3   -42.0  -34.496  -58.481     32.7   1005.1
     3     1    19     6    10     3     0     3   -42.0  -23.081  -53.343   1039.0    867.8
     4     1    19     6    10     3     0     3   -42.0  -22.628  -54.779    841.7    885.4
     5     1    19     6    10     3     0     3   -42.0  -20.354  -59.546    369.8    957.3
     1     1    19     6    10     2     0     2   -43.0  -36.157  -57.665      7.0   1011.8
     2     1    19     6    10     2     0     2   -43.0  -34.369  -58.460     34.7   1005.0
     3     1    19     6    10     2     0     2   -43.0  -22.900  -53.081   1056.7    865.5
     4     1    19     6    10     2     0     2   -43.0  -22.452  -54.527    829.7    888.9
     5     1    19     6    10     2     0     2   -43.0  -20.006  -59.366    380.2    955.1
     1     1    19     6    10     1     0     1   -44.0  -36.046  -57.619      6.6   1012.5
     2     1    19     6    10     1     0     1   -44.0  -34.235  -58.413     39.0   1004.5
     3     1    19     6    10     1     0     1   -44.0  -22.740  -52.825   1081.4    863.3
     4     1    19     6    10     1     0     1   -44.0  -22.298  -54.278    834.7    890.2
     5     1    19     6    10     1     0     1   -44.0  -19.706  -59.198    380.0    950.4
     1     1    19     6    10     0     0     0   -45.0  -35.924  -57.556      6.4   1012.9
     2     1    19     6    10     0     0     0   -45.0  -34.089  -58.334     47.2   1003.5
     3     1    19     6    10     0     0     0   -45.0  -22.597  -52.571   1118.2    859.0
     4     1    19     6    10     0     0     0   -45.0  -22.164  -54.037    855.2    889.8
     5     1    19     6    10     0     0     0   -45.0  -19.467  -59.042    339.3    951.3
     1     1    19     6     9    23     0     1   -46.0  -35.791  -57.488      6.3   1012.5
     2     1    19     6     9    23     0     1   -46.0  -33.931  -58.234     60.5   1001.7
     3     1    19     6     9    23     0     1   -46.0  -22.469  -52.320   1157.7    854.2
     4     1    19     6     9    23     0     1   -46.0  -22.053  -53.802    881.1    885.7
     5     1    19     6     9    23     0     1   -46.0  -19.299  -58.910    283.1    958.9
     1     1    19     6     9    22     0     2   -47.0  -35.652  -57.430      6.4   1012.5
     2     1    19     6     9    22     0     2   -47.0  -33.765  -58.134     76.3    999.3
     3     1    19     6     9    22     0     2   -47.0  -22.355  -52.067   1191.1    850.1
     4     1    19     6     9    22     0     2   -47.0  -21.967  -53.571    902.8    881.8
     5     1    19     6     9    22     0     2   -47.0  -19.187  -58.792    233.3    963.0
     1     1    19     6     9    21     0     3   -48.0  -35.514  -57.376      6.7   1012.7
     2     1    19     6     9    21     0     3   -48.0  -33.596  -58.038     90.7    997.8
     3     1    19     6     9    21     0     3   -48.0  -22.254  -51.811   1213.0    846.7
     4     1    19     6     9    21     0     3   -48.0  -21.900  -53.343    917.6    878.7
     5     1    19     6     9    21     0     3   -48.0  -19.120  -58.681    189.7    967.0
     1     1    19     6     9    20     0     2   -49.0  -35.377  -57.325      7.3   1013.2
     2     1    19     6     9    20     0     2   -49.0  -33.424  -57.944    101.8    997.1
     3     1    19     6     9    20     0     2   -49.0  -22.166  -51.559   1227.1    844.8
     4     1    19     6     9    20     0     2   -49.0  -21.844  -53.123    928.5    877.3
     5     1    19     6     9    20     0     2   -49.0  -19.076  -58.578    153.8    972.4
     1     1    19     6     9    19     0     1   -50.0  -35.241  -57.282      7.8   1013.6
     2     1    19     6     9    19     0     1   -50.0  -33.256  -57.845    108.5    997.0
     3     1    19     6     9    19     0     1   -50.0  -22.087  -51.319   1237.7    842.6
     4     1    19     6     9    19     0     1   -50.0  -21.796  -52.917    938.2    876.0
     5     1    19     6     9    19     0     1   -50.0  -19.032  -58.486    125.8    975.8
     1     1    19     6     9    18     0     0   -51.0  -35.104  -57.248      8.5   1014.0
     2     1    19     6     9    18     0     0   -51.0  -33.104  -57.734    112.0    997.3
     3     1    19     6     9    18     0     0   -51.0  -22.020  -51.093   1242.2    840.9
     4     1    19     6     9    18     0     0   -51.0  -21.757  -52.729    944.6    875.7
     5     1    19     6     9    18     0     0   -51.0  -18.984  -58.403    103.4    978.2
     1     1    19     6     9    17     0     1   -52.0  -34.958  -57.222      9.3   1014.1
     2     1    19     6     9    17     0     1   -52.0  -32.962  -57.609    113.6    998.1
     3     1    19     6     9    17     0     1   -52.0  -21.960  -50.873   1241.4    840.2
     4     1    19     6     9    17     0     1   -52.0  -21.720  -52.547    949.7    876.3
     5     1    19     6     9    17     0     1   -52.0  -18.925  -58.316     83.6    980.3
     1     1    19     6     9    16     0     2   -53.0  -34.792  -57.198     10.3   1012.8
     2     1    19     6     9    16     0     2   -53.0  -32.817  -57.475    115.4    998.0
     3     1    19     6     9    16     0     2   -53.0  -21.897  -50.648   1236.8    839.6
     4     1    19     6     9    16     0     2   -53.0  -21.681  -52.362    956.8    876.5
     5     1    19     6     9    16     0     2   -53.0  -18.856  -58.214     65.4    983.1
     1     1    19     6     9    15     0     3   -54.0  -34.610  -57.173     12.0   1011.1
     2     1    19     6     9    15     0     3   -54.0  -32.667  -57.332    120.1    996.9
     3     1    19     6     9    15     0     3   -54.0  -21.831  -50.420   1226.7    839.6
     4     1    19     6     9    15     0     3   -54.0  -21.637  -52.175    966.9    876.6
     5     1    19     6     9    15     0     3   -54.0  -18.784  -58.101     50.3    985.7
     1     1    19     6     9    14     0     2   -55.0  -34.422  -57.143     14.9   1008.8
     2     1    19     6     9    14     0     2   -55.0  -32.509  -57.173    131.3    994.5
     3     1    19     6     9    14     0     2   -55.0  -21.770  -50.189   1219.7    840.2
     4     1    19     6     9    14     0     2   -55.0  -21.597  -51.985    978.7    876.0
     5     1    19     6     9    14     0     2   -55.0  -18.725  -57.990     40.4    988.5
     1     1    19     6     9    13     0     1   -56.0  -34.242  -57.105     20.0   1006.0
     2     1    19     6     9    13     0     1   -56.0  -32.333  -56.993    154.2    989.7
     3     1    19     6     9    13     0     1   -56.0  -21.722  -49.954   1227.0    838.7
     4     1    19     6     9    13     0     1   -56.0  -21.569  -51.790    989.9    873.5
     5     1    19     6     9    13     0     1   -56.0  -18.694  -57.896     35.6    991.0
     1     1    19     6     9    12     0     0   -57.0  -34.069  -57.055     28.3   1002.9
     2     1    19     6     9    12     0     0   -57.0  -32.131  -56.791    186.7    983.1
     3     1    19     6     9    12     0     0   -57.0  -21.687  -49.722   1252.3    835.8
     4     1    19     6     9    12     0     0   -57.0  -21.553  -51.588   1003.3    870.9
     5     1    19     6     9    12     0     0   -57.0  -18.691  -57.818     34.1    993.2
     1     1    19     6     9    11     0     1   -58.0  -33.903  -56.999     40.6   1001.1
     2     1    19     6     9    11     0     1   -58.0  -31.923  -56.571    221.3    976.5
     3     1    19     6     9    11     0     1   -58.0  -21.667  -49.501   1284.2    830.2
     4     1    19     6     9    11     0     1   -58.0  -21.548  -51.390   1019.8    867.0
     5     1    19     6     9    11     0     1   -58.0  -18.707  -57.754     34.2    992.7
     1     1    19     6     9    10     0     2   -59.0  -33.743  -56.947     56.2   1000.8
     2     1    19     6     9    10     0     2   -59.0  -31.738  -56.331    256.2    970.3
     3     1    19     6     9    10     0     2   -59.0  -21.662  -49.294   1308.8    826.4
     4     1    19     6     9    10     0     2   -59.0  -21.557  -51.202   1039.0    863.1
     5     1    19     6     9    10     0     2   -59.0  -18.735  -57.700     34.3    992.5
     1     1    19     6     9     9     0     3   -60.0  -33.591  -56.900     73.4    999.3
     2     1    19     6     9     9     0     3   -60.0  -31.582  -56.075    296.0    961.7
     3     1    19     6     9     9     0     3   -60.0  -21.670  -49.098   1323.8    823.7
     4     1    19     6     9     9     0     3   -60.0  -21.581  -51.026   1060.8    859.0
     5     1    19     6     9     9     0     3   -60.0  -18.776  -57.657     34.3    992.2
     1     1    19     6     9     8     0     2   -61.0  -33.444  -56.855     90.6    998.2
     2     1    19     6     9     8     0     2   -61.0  -31.440  -55.826    337.3    955.4
     3     1    19     6     9     8     0     2   -61.0  -21.687  -48.911   1333.1    821.6
     4     1    19     6     9     8     0     2   -61.0  -21.617  -50.854   1079.4    855.8
     5     1    19     6     9     8     0     2   -61.0  -18.825  -57.619     33.8    993.2
     1     1    19     6     9     7     0     1   -62.0  -33.299  -56.807    106.3    997.4
     2     1    19     6     9     7     0     1   -62.0  -31.300  -55.597    372.9    952.3
     3     1    19     6     9     7     0     1   -62.0  -21.711  -48.734   1343.2    817.6
     4     1    19     6     9     7     0     1   -62.0  -21.660  -50.680   1089.0    854.0
     5     1    19     6     9     7     0     1   -62.0  -18.875  -57.578     32.7    994.3
     1     1    19     6     9     6     0     0   -63.0  -33.157  -56.759    120.0    996.9
     2     1    19     6     9     6     0     0   -63.0  -31.171  -55.385    402.3    951.0
     3     1    19     6     9     6     0     0   -63.0  -21.743  -48.570   1355.8    813.3
     4     1    19     6     9     6     0     0   -63.0  -21.713  -50.501   1090.7    852.9
     5     1    19     6     9     6     0     0   -63.0  -18.927  -57.535     31.1    995.5
     1     1    19     6     9     5     0     1   -64.0  -33.022  -56.707    130.1    996.2
     2     1    19     6     9     5     0     1   -64.0  -31.061  -55.185    422.5    950.6
     3     1    19     6     9     5     0     1   -64.0  -21.782  -48.418   1370.1    808.9
     4     1    19     6     9     5     0     1   -64.0  -21.775  -50.322   1085.0    852.4
     5     1    19     6     9     5     0     1   -64.0  -18.981  -57.491     29.5    996.5
     1     1    19     6     9     4     0     2   -65.0  -32.897  -56.649    137.5    994.9
     2     1    19     6     9     4     0     2   -65.0  -30.980  -54.989    424.7    952.5
     3     1    19     6     9     4     0     2   -65.0  -21.828  -48.280   1383.4    804.5
     4     1    19     6     9     4     0     2   -65.0  -21.843  -50.147   1071.1    852.7
     5     1    19     6     9     4     0     2   -65.0  -19.037  -57.448     28.8    996.9
     1     1    19     6     9     3     0     3   -66.0  -32.778  -56.590    145.3    993.1
     2     1    19     6     9     3     0     3   -66.0  -30.925  -54.793    413.0    952.3
     3     1    19     6     9     3     0     3   -66.0  -21.881  -48.157   1392.5    800.5
     4     1    19     6     9     3     0     3   -66.0  -21.916  -49.979   1047.9    854.0
     5     1    19     6     9     3     0     3   -66.0  -19.097  -57.406     29.3    996.8
     1     1    19     6     9     2     0     2   -67.0  -32.674  -56.532    156.1    990.8
     2     1    19     6     9     2     0     2   -67.0  -30.889  -54.594    404.8    951.1
     3     1    19     6     9     2     0     2   -67.0  -21.948  -48.051   1401.5    797.0
     4     1    19     6     9     2     0     2   -67.0  -21.994  -49.828   1029.6    857.0
     5     1    19     6     9     2     0     2   -67.0  -19.160  -57.363     31.4    996.2
     1     1    19     6     9     1     0     1   -68.0  -32.589  -56.475    170.5    987.8
     2     1    19     6     9     1     0     1   -68.0  -30.872  -54.398    403.1    948.1
     3     1    19     6     9     1     0     1   -68.0  -22.031  -47.966   1416.3    794.6
     4     1    19     6     9     1     0     1   -68.0  -22.084  -49.706   1028.2    856.2
     5     1    19     6     9     1     0     1   -68.0  -19.229  -57.319     34.9    995.2
     1     1    19     6     9     0     0     0   -69.0  -32.521  -56.421    186.6    985.0
     2     1    19     6     9     0     0     0   -69.0  -30.877  -54.208    402.0    944.8
     3     1    19     6     9     0     0     0   -69.0  -22.129  -47.904   1435.3    795.0
     4     1    19     6     9     0     0     0   -69.0  -22.190  -49.608   1041.3    853.1
     5     1    19     6     9     0     0     0   -69.0  -19.301  -57.273     39.9    993.9
     1     1    19     6     8    23     0     1   -70.0  -32.467  -56.377    200.8    982.1
     2     1    19     6     8    23     0     1   -70.0  -30.898  -54.048    406.3    941.9
     3     1    19     6     8    23     0     1   -70.0  -22.225  -47.862   1451.0    794.8
     4     1    19     6     8    23     0     1   -70.0  -22.301  -49.536   1060.4    848.2
     5     1    19     6     8    23     0     1   -70.0  -19.378  -57.235     48.3    991.8
     1     1    19     6     8    22     0     2   -71.0  -32.425  -56.349    210.5    980.3
     2     1    19     6     8    22     0     2   -71.0  -30.927  -53.939    425.7    939.4
     3     1    19     6     8    22     0     2   -71.0  -22.308  -47.838   1461.3    794.9
     4     1    19     6     8    22     0     2   -71.0  -22.406  -49.492   1079.8    844.1
     5     1    19     6     8    22     0     2   -71.0  -19.463  -57.215     64.6    988.4
     1     1    19     6     8    21     0     3   -72.0  -32.399  -56.340    215.2    979.2
     2     1    19     6     8    21     0     3   -72.0  -30.964  -53.880    463.8    935.0
     3     1    19     6     8    21     0     3   -72.0  -22.377  -47.830   1466.6    795.2
     4     1    19     6     8    21     0     3   -72.0  -22.504  -49.477   1101.2    840.0
     5     1    19     6     8    21     0     3   -72.0  -19.557  -57.212     92.8    983.1
