     7     1
    GDAS    19    10    29     0     0
    GDAS    19    11     1     0     0
    GDAS    19    11     8     0     0
    GDAS    19    11    15     0     0
    GDAS    19    11    22     0     0
    GDAS    19    11    29     0     0
    GDAS    19    12     1     0     0
     5 BACKWARD OMEGA   
    19    11    18     3  -34.572  -58.513    10.0
    19    11    18     3  -34.572  -58.513   200.0
    19    11    18     3  -34.572  -58.513   500.0
    19    11    18     3  -34.572  -58.513  1000.0
    19    11    18     3  -34.572  -58.513  2000.0
     1 PRESSURE
     1     1    19    11    18     3     0     3     0.0  -34.572  -58.513     10.0   1007.6
     2     1    19    11    18     3     0     3     0.0  -34.572  -58.513    200.0    986.7
     3     1    19    11    18     3     0     3     0.0  -34.572  -58.513    500.0    953.4
     4     1    19    11    18     3     0     3     0.0  -34.572  -58.513   1000.0    900.1
     5     1    19    11    18     3     0     3     0.0  -34.572  -58.513   2000.0    800.4
     1     1    19    11    18     2     0     2    -1.0  -34.555  -58.555      7.5   1006.9
     2     1    19    11    18     2     0     2    -1.0  -34.506  -58.624    150.5    994.9
     3     1    19    11    18     2     0     2    -1.0  -34.460  -58.699    362.9    976.6
     4     1    19    11    18     2     0     2    -1.0  -34.440  -58.752    760.3    932.4
     5     1    19    11    18     2     0     2    -1.0  -34.524  -58.815   1762.4    829.0
     1     1    19    11    18     1     0     1    -2.0  -34.512  -58.592      6.1   1006.3
     2     1    19    11    18     1     0     1    -2.0  -34.396  -58.702    128.2    994.7
     3     1    19    11    18     1     0     1    -2.0  -34.281  -58.829    295.0    978.5
     4     1    19    11    18     1     0     1    -2.0  -34.233  -58.936    606.5    945.7
     5     1    19    11    18     1     0     1    -2.0  -34.413  -59.090   1563.5    844.2
     1     1    19    11    18     0     0     0    -3.0  -34.443  -58.623      5.4   1005.8
     2     1    19    11    18     0     0     0    -3.0  -34.234  -58.747    114.0    994.6
     3     1    19    11    18     0     0     0    -3.0  -34.017  -58.894    238.4    980.8
     4     1    19    11    18     0     0     0    -3.0  -33.928  -59.042    490.4    956.0
     5     1    19    11    18     0     0     0    -3.0  -34.235  -59.334   1403.6    864.0
     1     1    19    11    17    23     0     1    -4.0  -34.354  -58.641      5.2   1004.9
     2     1    19    11    17    23     0     1    -4.0  -34.046  -58.759    102.9    995.2
     3     1    19    11    17    23     0     1    -4.0  -33.749  -58.906    203.0    988.0
     4     1    19    11    17    23     0     1    -4.0  -33.605  -59.081    439.6    965.1
     5     1    19    11    17    23     0     1    -4.0  -34.019  -59.512   1348.7    871.3
     1     1    19    11    17    22     0     2    -5.0  -34.256  -58.646      5.2   1004.0
     2     1    19    11    17    22     0     2    -5.0  -33.866  -58.753    100.8    995.5
     3     1    19    11    17    22     0     2    -5.0  -33.516  -58.902    204.6    986.3
     4     1    19    11    17    22     0     2    -5.0  -33.318  -59.091    453.0    960.3
     5     1    19    11    17    22     0     2    -5.0  -33.795  -59.620   1395.6    864.0
     1     1    19    11    17    21     0     3    -6.0  -34.153  -58.642      5.8   1003.1
     2     1    19    11    17    21     0     3    -6.0  -33.693  -58.739    110.8    994.2
     3     1    19    11    17    21     0     3    -6.0  -33.297  -58.884    228.6    982.9
     4     1    19    11    17    21     0     3    -6.0  -33.065  -59.082    481.3    954.2
     5     1    19    11    17    21     0     3    -6.0  -33.564  -59.683   1460.5    850.4
     1     1    19    11    17    20     0     2    -7.0  -34.053  -58.648      6.9   1004.1
     2     1    19    11    17    20     0     2    -7.0  -33.527  -58.735    126.6    993.2
     3     1    19    11    17    20     0     2    -7.0  -33.088  -58.871    253.9    979.7
     4     1    19    11    17    20     0     2    -7.0  -32.838  -59.072    501.9    952.4
     5     1    19    11    17    20     0     2    -7.0  -33.339  -59.733   1432.0    849.8
     1     1    19    11    17    19     0     1    -8.0  -33.960  -58.682      8.5   1005.3
     2     1    19    11    17    19     0     1    -8.0  -33.371  -58.758    139.0    992.9
     3     1    19    11    17    19     0     1    -8.0  -32.895  -58.875    262.6    979.5
     4     1    19    11    17    19     0     1    -8.0  -32.634  -59.066    516.7    952.1
     5     1    19    11    17    19     0     1    -8.0  -33.130  -59.783   1271.8    865.2
     1     1    19    11    17    18     0     0    -9.0  -33.870  -58.739     10.4   1006.5
     2     1    19    11    17    18     0     0    -9.0  -33.225  -58.802    143.6    993.1
     3     1    19    11    17    18     0     0    -9.0  -32.720  -58.887    261.9    981.1
     4     1    19    11    17    18     0     0    -9.0  -32.447  -59.058    536.8    950.8
     5     1    19    11    17    18     0     0    -9.0  -32.932  -59.816   1025.5    895.3
     1     1    19    11    17    17     0     1   -10.0  -33.774  -58.800     12.6   1006.2
     2     1    19    11    17    17     0     1   -10.0  -33.078  -58.845    141.3    994.3
     3     1    19    11    17    17     0     1   -10.0  -32.550  -58.890    264.2    981.7
     4     1    19    11    17    17     0     1   -10.0  -32.261  -59.037    564.2    947.9
     5     1    19    11    17    17     0     1   -10.0  -32.740  -59.828    822.2    924.5
     1     1    19    11    17    16     0     2   -11.0  -33.664  -58.851     14.1   1005.9
     2     1    19    11    17    16     0     2   -11.0  -32.918  -58.867    136.1    995.5
     3     1    19    11    17    16     0     2   -11.0  -32.369  -58.874    272.9    980.5
     4     1    19    11    17    16     0     2   -11.0  -32.062  -58.996    587.6    944.8
     5     1    19    11    17    16     0     2   -11.0  -32.543  -59.823    709.6    932.1
     1     1    19    11    17    15     0     3   -12.0  -33.542  -58.890     14.4   1005.6
     2     1    19    11    17    15     0     3   -12.0  -32.747  -58.869    132.7    996.1
     3     1    19    11    17    15     0     3   -12.0  -32.177  -58.841    280.1    979.4
     4     1    19    11    17    15     0     3   -12.0  -31.850  -58.936    588.3    942.9
     5     1    19    11    17    15     0     3   -12.0  -32.341  -59.803    639.3    936.2
     1     1    19    11    17    14     0     2   -13.0  -33.420  -58.914     14.2   1006.2
     2     1    19    11    17    14     0     2   -13.0  -32.576  -58.853    132.0    996.4
     3     1    19    11    17    14     0     2   -13.0  -31.979  -58.795    290.1    979.3
     4     1    19    11    17    14     0     2   -13.0  -31.634  -58.857    587.2    944.1
     5     1    19    11    17    14     0     2   -13.0  -32.125  -59.776    586.6    939.9
     1     1    19    11    17    13     0     1   -14.0  -33.309  -58.917     14.1   1006.8
     2     1    19    11    17    13     0     1   -14.0  -32.415  -58.823    134.2    996.6
     3     1    19    11    17    13     0     1   -14.0  -31.781  -58.732    307.2    975.6
     4     1    19    11    17    13     0     1   -14.0  -31.415  -58.754    597.6    940.8
     5     1    19    11    17    13     0     1   -14.0  -31.888  -59.742    545.7    943.9
     1     1    19    11    17    12     0     0   -15.0  -33.210  -58.902     14.0   1007.7
     2     1    19    11    17    12     0     0   -15.0  -32.260  -58.784    139.8    996.5
     3     1    19    11    17    12     0     0   -15.0  -31.581  -58.650    323.5    972.2
     4     1    19    11    17    12     0     0   -15.0  -31.192  -58.625    597.2    939.1
     5     1    19    11    17    12     0     0   -15.0  -31.635  -59.689    515.9    948.7
     1     1    19    11    17    11     0     1   -16.0  -33.119  -58.875     14.4   1006.7
     2     1    19    11    17    11     0     1   -16.0  -32.107  -58.737    149.7    994.9
     3     1    19    11    17    11     0     1   -16.0  -31.376  -58.552    334.4    969.7
     4     1    19    11    17    11     0     1   -16.0  -30.972  -58.478    586.2    941.1
     5     1    19    11    17    11     0     1   -16.0  -31.375  -59.607    500.6    950.8
     1     1    19    11    17    10     0     2   -17.0  -33.039  -58.841     15.5   1005.6
     2     1    19    11    17    10     0     2   -17.0  -31.950  -58.680    163.0    992.2
     3     1    19    11    17    10     0     2   -17.0  -31.174  -58.446    343.1    968.2
     4     1    19    11    17    10     0     2   -17.0  -30.766  -58.326    583.3    942.2
     5     1    19    11    17    10     0     2   -17.0  -31.115  -59.501    494.1    950.0
     1     1    19    11    17     9     0     3   -18.0  -32.971  -58.799     17.9   1004.5
     2     1    19    11    17     9     0     3   -18.0  -31.787  -58.613    175.9    989.0
     3     1    19    11    17     9     0     3   -18.0  -30.980  -58.339    355.8    966.9
     4     1    19    11    17     9     0     3   -18.0  -30.574  -58.166    592.5    940.0
     5     1    19    11    17     9     0     3   -18.0  -30.860  -59.378    490.9    949.5
     1     1    19    11    17     8     0     2   -19.0  -32.904  -58.751     21.3   1004.3
     2     1    19    11    17     8     0     2   -19.0  -31.620  -58.538    187.0    986.8
     3     1    19    11    17     8     0     2   -19.0  -30.791  -58.215    374.8    964.6
     4     1    19    11    17     8     0     2   -19.0  -30.392  -57.981    612.2    936.3
     5     1    19    11    17     8     0     2   -19.0  -30.619  -59.230    501.2    949.9
     1     1    19    11    17     7     0     1   -20.0  -32.833  -58.705     24.8   1004.0
     2     1    19    11    17     7     0     1   -20.0  -31.450  -58.449    197.7    985.0
     3     1    19    11    17     7     0     1   -20.0  -30.603  -58.057    399.3    961.1
     4     1    19    11    17     7     0     1   -20.0  -30.225  -57.760    639.9    930.6
     5     1    19    11    17     7     0     1   -20.0  -30.402  -59.049    534.6    947.0
     1     1    19    11    17     6     0     0   -21.0  -32.758  -58.661     27.9   1003.7
     2     1    19    11    17     6     0     0   -21.0  -31.277  -58.346    209.9    983.4
     3     1    19    11    17     6     0     0   -21.0  -30.420  -57.864    427.6    955.3
     4     1    19    11    17     6     0     0   -21.0  -30.086  -57.508    675.9    925.5
     5     1    19    11    17     6     0     0   -21.0  -30.216  -58.840    589.5    941.5
     1     1    19    11    17     5     0     1   -22.0  -32.680  -58.618     30.9   1003.9
     2     1    19    11    17     5     0     1   -22.0  -31.106  -58.219    216.1    982.6
     3     1    19    11    17     5     0     1   -22.0  -30.259  -57.632    444.8    949.8
     4     1    19    11    17     5     0     1   -22.0  -29.980  -57.235    707.9    920.5
     5     1    19    11    17     5     0     1   -22.0  -30.051  -58.597    648.5    932.8
     1     1    19    11    17     4     0     2   -23.0  -32.601  -58.572     34.6   1004.0
     2     1    19    11    17     4     0     2   -23.0  -30.955  -58.067    206.1    984.4
     3     1    19    11    17     4     0     2   -23.0  -30.127  -57.373    445.1    949.7
     4     1    19    11    17     4     0     2   -23.0  -29.901  -56.947    726.2    918.9
     5     1    19    11    17     4     0     2   -23.0  -29.906  -58.316    687.0    925.1
     1     1    19    11    17     3     0     3   -24.0  -32.521  -58.523     39.0   1003.9
     2     1    19    11    17     3     0     3   -24.0  -30.833  -57.896    185.5    985.6
     3     1    19    11    17     3     0     3   -24.0  -30.011  -57.094    440.0    951.1
     4     1    19    11    17     3     0     3   -24.0  -29.852  -56.642    748.6    916.2
     5     1    19    11    17     3     0     3   -24.0  -29.797  -58.009    695.2    921.6
     1     1    19    11    17     2     0     2   -25.0  -32.443  -58.466     44.3   1003.6
     2     1    19    11    17     2     0     2   -25.0  -30.736  -57.718    175.8    985.4
     3     1    19    11    17     2     0     2   -25.0  -29.937  -56.798    442.3    950.7
     4     1    19    11    17     2     0     2   -25.0  -29.843  -56.322    809.0    910.3
     5     1    19    11    17     2     0     2   -25.0  -29.732  -57.685    708.2    924.7
     1     1    19    11    17     1     0     1   -26.0  -32.368  -58.396     50.4   1003.4
     2     1    19    11    17     1     0     1   -26.0  -30.663  -57.530    180.8    981.5
     3     1    19    11    17     1     0     1   -26.0  -29.922  -56.481    459.1    946.8
     4     1    19    11    17     1     0     1   -26.0  -29.877  -55.987    947.4    895.5
     5     1    19    11    17     1     0     1   -26.0  -29.726  -57.349    759.5    917.7
     1     1    19    11    17     0     0     0   -27.0  -32.294  -58.317     57.9   1002.9
     2     1    19    11    17     0     0     0   -27.0  -30.619  -57.326    186.3    977.9
     3     1    19    11    17     0     0     0   -27.0  -29.935  -56.140    492.5    940.8
     4     1    19    11    17     0     0     0   -27.0  -29.955  -55.652   1141.0    872.9
     5     1    19    11    17     0     0     0   -27.0  -29.791  -57.018    823.0    910.4
     1     1    19    11    16    23     0     1   -28.0  -32.224  -58.228     71.1   1001.4
     2     1    19    11    16    23     0     1   -28.0  -30.624  -57.128    182.8    976.0
     3     1    19    11    16    23     0     1   -28.0  -29.978  -55.814    520.7    934.7
     4     1    19    11    16    23     0     1   -28.0  -30.066  -55.355   1312.2    853.3
     5     1    19    11    16    23     0     1   -28.0  -29.894  -56.716    876.8    902.1
     1     1    19    11    16    22     0     2   -29.0  -32.162  -58.124    100.0    998.3
     2     1    19    11    16    22     0     2   -29.0  -30.695  -56.969    173.8    975.5
     3     1    19    11    16    22     0     2   -29.0  -30.061  -55.559    527.6    937.5
     4     1    19    11    16    22     0     2   -29.0  -30.210  -55.121   1425.0    842.7
     5     1    19    11    16    22     0     2   -29.0  -30.008  -56.464    893.2    896.2
     1     1    19    11    16    21     0     3   -30.0  -32.111  -57.992    164.1    993.2
     2     1    19    11    16    21     0     3   -30.0  -30.838  -56.856    164.7    974.4
     3     1    19    11    16    21     0     3   -30.0  -30.183  -55.383    555.9    936.5
     4     1    19    11    16    21     0     3   -30.0  -30.392  -54.949   1493.3    836.3
     5     1    19    11    16    21     0     3   -30.0  -30.143  -56.273    832.6    898.0
     1     1    19    11    16    20     0     2   -31.0  -32.094  -57.878    277.6    978.4
     2     1    19    11    16    20     0     2   -31.0  -31.000  -56.788    162.7    973.1
     3     1    19    11    16    20     0     2   -31.0  -30.314  -55.257    600.8    929.8
     4     1    19    11    16    20     0     2   -31.0  -30.579  -54.812   1541.7    829.7
     5     1    19    11    16    20     0     2   -31.0  -30.285  -56.133    742.0    910.5
     1     1    19    11    16    19     0     1   -32.0  -32.120  -57.833    400.6    962.5
     2     1    19    11    16    19     0     1   -32.0  -31.117  -56.754    170.2    972.0
     3     1    19    11    16    19     0     1   -32.0  -30.422  -55.155    649.4    924.5
     4     1    19    11    16    19     0     1   -32.0  -30.737  -54.675   1589.3    822.4
     5     1    19    11    16    19     0     1   -32.0  -30.407  -56.027    683.3    914.7
     1     1    19    11    16    18     0     0   -33.0  -32.172  -57.851    489.5    951.4
     2     1    19    11    16    18     0     0   -33.0  -31.186  -56.755    182.7    970.3
     3     1    19    11    16    18     0     0   -33.0  -30.500  -55.071    699.7    919.2
     4     1    19    11    16    18     0     0   -33.0  -30.876  -54.530   1650.0    812.8
     5     1    19    11    16    18     0     0   -33.0  -30.497  -55.954    661.4    916.6
     1     1    19    11    16    17     0     1   -34.0  -32.211  -57.908    527.3    948.8
     2     1    19    11    16    17     0     1   -34.0  -31.211  -56.774    196.0    969.4
     3     1    19    11    16    17     0     1   -34.0  -30.550  -55.000    752.9    914.3
     4     1    19    11    16    17     0     1   -34.0  -31.014  -54.375   1729.7    800.7
     5     1    19    11    16    17     0     1   -34.0  -30.552  -55.899    658.5    914.9
     1     1    19    11    16    16     0     2   -35.0  -32.208  -57.982    528.9    950.1
     2     1    19    11    16    16     0     2   -35.0  -31.185  -56.795    209.6    968.4
     3     1    19    11    16    16     0     2   -35.0  -30.574  -54.936    806.5    907.3
     4     1    19    11    16    16     0     2   -35.0  -31.164  -54.217   1823.9    790.5
     5     1    19    11    16    16     0     2   -35.0  -30.573  -55.848    659.2    915.3
     1     1    19    11    16    15     0     3   -36.0  -32.166  -58.066    503.0    954.0
     2     1    19    11    16    15     0     3   -36.0  -31.108  -56.814    224.0    967.2
     3     1    19    11    16    15     0     3   -36.0  -30.579  -54.873    856.7    901.8
     4     1    19    11    16    15     0     3   -36.0  -31.324  -54.062   1917.0    781.5
     5     1    19    11    16    15     0     3   -36.0  -30.559  -55.799    663.4    915.7
     1     1    19    11    16    14     0     2   -37.0  -32.073  -58.135    483.0    959.4
     2     1    19    11    16    14     0     2   -37.0  -30.990  -56.811    240.9    965.2
     3     1    19    11    16    14     0     2   -37.0  -30.580  -54.788    899.0    895.3
     4     1    19    11    16    14     0     2   -37.0  -31.501  -53.907   1992.9    776.5
     5     1    19    11    16    14     0     2   -37.0  -30.527  -55.732    678.5    915.7
     1     1    19    11    16    13     0     1   -38.0  -31.919  -58.171    493.0    957.7
     2     1    19    11    16    13     0     1   -38.0  -30.849  -56.768    258.6    963.7
     3     1    19    11    16    13     0     1   -38.0  -30.595  -54.660    925.9    890.2
     4     1    19    11    16    13     0     1   -38.0  -31.705  -53.746   2044.7    777.3
     5     1    19    11    16    13     0     1   -38.0  -30.493  -55.629    707.7    913.5
     1     1    19    11    16    12     0     0   -39.0  -31.709  -58.174    529.3    952.6
     2     1    19    11    16    12     0     0   -39.0  -30.691  -56.686    274.1    962.1
     3     1    19    11    16    12     0     0   -39.0  -30.624  -54.490    932.6    886.6
     4     1    19    11    16    12     0     0   -39.0  -31.931  -53.585   2089.9    778.3
     5     1    19    11    16    12     0     0   -39.0  -30.461  -55.491    744.2    910.7
     1     1    19    11    16    11     0     1   -40.0  -31.482  -58.141    574.9    945.4
     2     1    19    11    16    11     0     1   -40.0  -30.531  -56.552    286.1    960.2
     3     1    19    11    16    11     0     1   -40.0  -30.672  -54.298    933.1    884.5
     4     1    19    11    16    11     0     1   -40.0  -32.182  -53.440   2149.4    777.1
     5     1    19    11    16    11     0     1   -40.0  -30.447  -55.325    782.5    907.9
     1     1    19    11    16    10     0     2   -41.0  -31.273  -58.067    622.9    940.8
     2     1    19    11    16    10     0     2   -41.0  -30.389  -56.358    297.6    958.4
     3     1    19    11    16    10     0     2   -41.0  -30.751  -54.104    945.5    878.6
     4     1    19    11    16    10     0     2   -41.0  -32.471  -53.328   2231.4    772.5
     5     1    19    11    16    10     0     2   -41.0  -30.462  -55.143    824.2    905.2
     1     1    19    11    16     9     0     3   -42.0  -31.096  -57.950    685.6    933.6
     2     1    19    11    16     9     0     3   -42.0  -30.273  -56.106    316.2    955.4
     3     1    19    11    16     9     0     3   -42.0  -30.863  -53.918    987.5    872.2
     4     1    19    11    16     9     0     3   -42.0  -32.800  -53.251   2330.1    765.8
     5     1    19    11    16     9     0     3   -42.0  -30.509  -54.951    873.1    900.7
     1     1    19    11    16     8     0     2   -43.0  -30.972  -57.799    741.7    922.4
     2     1    19    11    16     8     0     2   -43.0  -30.190  -55.812    341.4    953.6
     3     1    19    11    16     8     0     2   -43.0  -31.008  -53.746   1091.7    863.3
     4     1    19    11    16     8     0     2   -43.0  -33.156  -53.202   2428.6    757.2
     5     1    19    11    16     8     0     2   -43.0  -30.582  -54.756    916.3    891.4
     1     1    19    11    16     7     0     1   -44.0  -30.898  -57.631    778.1    916.3
     2     1    19    11    16     7     0     1   -44.0  -30.135  -55.494    340.7    953.9
     3     1    19    11    16     7     0     1   -44.0  -31.185  -53.595   1237.8    849.7
     4     1    19    11    16     7     0     1   -44.0  -33.526  -53.184   2522.7    748.3
     5     1    19    11    16     7     0     1   -44.0  -30.676  -54.564    965.9    884.8
     1     1    19    11    16     6     0     0   -45.0  -30.870  -57.448    815.0    911.0
     2     1    19    11    16     6     0     0   -45.0  -30.106  -55.172    269.3    962.4
     3     1    19    11    16     6     0     0   -45.0  -31.388  -53.470   1372.0    839.6
     4     1    19    11    16     6     0     0   -45.0  -33.910  -53.220   2634.8    738.7
     5     1    19    11    16     6     0     0   -45.0  -30.804  -54.384   1077.3    871.1
     1     1    19    11    16     5     0     1   -46.0  -30.891  -57.254    861.2    903.6
     2     1    19    11    16     5     0     1   -46.0  -30.124  -54.910    198.4    980.5
     3     1    19    11    16     5     0     1   -46.0  -31.615  -53.357   1483.6    832.9
     4     1    19    11    16     5     0     1   -46.0  -34.300  -53.309   2745.8    725.7
     5     1    19    11    16     5     0     1   -46.0  -30.978  -54.233   1247.5    844.3
     1     1    19    11    16     4     0     2   -47.0  -30.963  -57.048    900.4    895.1
     2     1    19    11    16     4     0     2   -47.0  -30.185  -54.678    169.7    982.2
     3     1    19    11    16     4     0     2   -47.0  -31.864  -53.248   1577.9    827.8
     4     1    19    11    16     4     0     2   -47.0  -34.674  -53.443   2812.5    719.8
     5     1    19    11    16     4     0     2   -47.0  -31.189  -54.112   1394.9    826.3
     1     1    19    11    16     3     0     3   -48.0  -31.075  -56.833    922.7    890.2
     2     1    19    11    16     3     0     3   -48.0  -30.273  -54.441    166.3    978.6
     3     1    19    11    16     3     0     3   -48.0  -32.135  -53.146   1652.0    823.1
     4     1    19    11    16     3     0     3   -48.0  -35.014  -53.632   2829.1    719.7
     5     1    19    11    16     3     0     3   -48.0  -31.417  -54.004   1494.9    821.4
     1     1    19    11    16     2     0     2   -49.0  -31.221  -56.626    960.0    887.3
     2     1    19    11    16     2     0     2   -49.0  -30.393  -54.214    167.6    973.5
     3     1    19    11    16     2     0     2   -49.0  -32.423  -53.061   1702.3    821.7
     4     1    19    11    16     2     0     2   -49.0  -35.326  -53.861   2852.5    722.9
     5     1    19    11    16     2     0     2   -49.0  -31.652  -53.897   1577.9    819.5
     1     1    19    11    16     1     0     1   -50.0  -31.400  -56.444   1019.8    879.1
     2     1    19    11    16     1     0     1   -50.0  -30.558  -54.015    168.2    967.4
     3     1    19    11    16     1     0     1   -50.0  -32.729  -53.006   1743.9    821.6
     4     1    19    11    16     1     0     1   -50.0  -35.620  -54.108   2918.8    714.8
     5     1    19    11    16     1     0     1   -50.0  -31.896  -53.790   1645.6    817.6
     1     1    19    11    16     0     0     0   -51.0  -31.605  -56.279   1090.7    872.8
     2     1    19    11    16     0     0     0   -51.0  -30.760  -53.835    172.8    964.6
     3     1    19    11    16     0     0     0   -51.0  -33.057  -52.990   1797.2    819.8
     4     1    19    11    16     0     0     0   -51.0  -35.886  -54.379   2976.4    707.7
     5     1    19    11    16     0     0     0   -51.0  -32.157  -53.684   1699.4    817.3
     1     1    19    11    15    23     0     1   -52.0  -31.838  -56.131   1185.5    866.0
     2     1    19    11    15    23     0     1   -52.0  -30.967  -53.681    187.4    960.6
     3     1    19    11    15    23     0     1   -52.0  -33.398  -53.018   1874.4    812.0
     4     1    19    11    15    23     0     1   -52.0  -36.123  -54.669   3019.6    705.2
     5     1    19    11    15    23     0     1   -52.0  -32.439  -53.592   1754.4    816.5
     1     1    19    11    15    22     0     2   -53.0  -32.110  -56.013   1310.6    854.7
     2     1    19    11    15    22     0     2   -53.0  -31.158  -53.570    210.4    960.7
     3     1    19    11    15    22     0     2   -53.0  -33.730  -53.086   1970.7    801.5
     4     1    19    11    15    22     0     2   -53.0  -36.327  -54.977   3062.3    701.4
     5     1    19    11    15    22     0     2   -53.0  -32.742  -53.526   1818.4    813.7
     1     1    19    11    15    21     0     3   -54.0  -32.417  -55.925   1440.3    841.6
     2     1    19    11    15    21     0     3   -54.0  -31.338  -53.499    234.8    961.4
     3     1    19    11    15    21     0     3   -54.0  -34.047  -53.184   2077.6    789.4
     4     1    19    11    15    21     0     3   -54.0  -36.498  -55.312   3090.7    697.7
     5     1    19    11    15    21     0     3   -54.0  -33.070  -53.491   1889.1    809.1
     1     1    19    11    15    20     0     2   -55.0  -32.739  -55.867   1543.5    830.6
     2     1    19    11    15    20     0     2   -55.0  -31.509  -53.452    255.6    962.2
     3     1    19    11    15    20     0     2   -55.0  -34.360  -53.294   2154.0    778.6
     4     1    19    11    15    20     0     2   -55.0  -36.660  -55.621   3094.5    697.5
     5     1    19    11    15    20     0     2   -55.0  -33.402  -53.488   1944.5    800.6
     1     1    19    11    15    19     0     1   -56.0  -33.061  -55.832   1596.9    825.9
     2     1    19    11    15    19     0     1   -56.0  -31.669  -53.417    270.5    963.5
     3     1    19    11    15    19     0     1   -56.0  -34.680  -53.407   2176.8    778.4
     4     1    19    11    15    19     0     1   -56.0  -36.809  -55.875   3087.9    699.0
     5     1    19    11    15    19     0     1   -56.0  -33.725  -53.508   1963.6    796.7
     1     1    19    11    15    18     0     0   -57.0  -33.380  -55.820   1630.9    825.8
     2     1    19    11    15    18     0     0   -57.0  -31.822  -53.394    282.2    964.7
     3     1    19    11    15    18     0     0   -57.0  -35.008  -53.524   2169.4    780.9
     4     1    19    11    15    18     0     0   -57.0  -36.926  -56.092   3105.0    699.6
     5     1    19    11    15    18     0     0   -57.0  -34.047  -53.547   1933.3    797.9
     1     1    19    11    15    17     0     1   -58.0  -33.701  -55.836   1683.6    821.4
     2     1    19    11    15    17     0     1   -58.0  -31.968  -53.379    293.2    965.7
     3     1    19    11    15    17     0     1   -58.0  -35.342  -53.643   2165.5    783.8
     4     1    19    11    15    17     0     1   -58.0  -37.048  -56.284   3156.7    694.9
     5     1    19    11    15    17     0     1   -58.0  -34.372  -53.595   1894.6    807.5
     1     1    19    11    15    16     0     2   -59.0  -34.028  -55.873   1733.4    814.7
     2     1    19    11    15    16     0     2   -59.0  -32.107  -53.370    299.1    966.3
     3     1    19    11    15    16     0     2   -59.0  -35.681  -53.763   2181.1    781.4
     4     1    19    11    15    16     0     2   -59.0  -37.206  -56.450   3225.3    687.8
     5     1    19    11    15    16     0     2   -59.0  -34.704  -53.648   1894.9    809.1
     1     1    19    11    15    15     0     3   -60.0  -34.342  -55.920   1756.3    816.2
     2     1    19    11    15    15     0     3   -60.0  -32.240  -53.369    292.1    968.6
     3     1    19    11    15    15     0     3   -60.0  -36.027  -53.889   2185.4    779.3
     4     1    19    11    15    15     0     3   -60.0  -37.384  -56.580   3284.7    681.7
     5     1    19    11    15    15     0     3   -60.0  -35.044  -53.711   1929.4    807.0
     1     1    19    11    15    14     0     2   -61.0  -34.642  -55.972   1780.3    820.0
     2     1    19    11    15    14     0     2   -61.0  -32.373  -53.369    273.8    973.1
     3     1    19    11    15    14     0     2   -61.0  -36.376  -54.025   2182.6    781.8
     4     1    19    11    15    14     0     2   -61.0  -37.587  -56.709   3331.2    678.3
     5     1    19    11    15    14     0     2   -61.0  -35.387  -53.785   1964.9    800.7
     1     1    19    11    15    13     0     1   -62.0  -34.942  -56.024   1829.9    817.2
     2     1    19    11    15    13     0     1   -62.0  -32.513  -53.367    257.7    977.9
     3     1    19    11    15    13     0     1   -62.0  -36.731  -54.176   2205.7    780.2
     4     1    19    11    15    13     0     1   -62.0  -37.818  -56.875   3367.9    674.6
     5     1    19    11    15    13     0     1   -62.0  -35.726  -53.874   1970.3    799.7
     1     1    19    11    15    12     0     0   -63.0  -35.255  -56.075   1873.8    810.9
     2     1    19    11    15    12     0     0   -63.0  -32.657  -53.361    262.5    980.3
     3     1    19    11    15    12     0     0   -63.0  -37.106  -54.350   2259.9    774.8
     4     1    19    11    15    12     0     0   -63.0  -38.071  -57.074   3379.5    672.0
     5     1    19    11    15    12     0     0   -63.0  -36.054  -53.977   1940.6    802.6
     1     1    19    11    15    11     0     1   -64.0  -35.575  -56.135   1894.5    809.1
     2     1    19    11    15    11     0     1   -64.0  -32.812  -53.361    289.9    977.3
     3     1    19    11    15    11     0     1   -64.0  -37.497  -54.542   2332.0    766.4
     4     1    19    11    15    11     0     1   -64.0  -38.341  -57.319   3373.5    671.4
     5     1    19    11    15    11     0     1   -64.0  -36.382  -54.087   1954.2    808.4
     1     1    19    11    15    10     0     2   -65.0  -35.888  -56.208   1897.4    807.6
     2     1    19    11    15    10     0     2   -65.0  -32.987  -53.377    324.7    973.9
     3     1    19    11    15    10     0     2   -65.0  -37.892  -54.756   2425.4    758.1
     4     1    19    11    15    10     0     2   -65.0  -38.612  -57.623   3374.0    670.8
     5     1    19    11    15    10     0     2   -65.0  -36.728  -54.208   2048.3    794.6
     1     1    19    11    15     9     0     3   -66.0  -36.187  -56.287   1881.0    809.0
     2     1    19    11    15     9     0     3   -66.0  -33.190  -53.406    359.2    968.4
     3     1    19    11    15     9     0     3   -66.0  -38.294  -55.015   2546.5    745.7
     4     1    19    11    15     9     0     3   -66.0  -38.855  -57.974   3389.8    670.6
     5     1    19    11    15     9     0     3   -66.0  -37.090  -54.351   2158.1    780.8
     1     1    19    11    15     8     0     2   -67.0  -36.478  -56.370   1862.0    812.2
     2     1    19    11    15     8     0     2   -67.0  -33.423  -53.431    395.5    963.5
     3     1    19    11    15     8     0     2   -67.0  -38.701  -55.311   2637.0    733.0
     4     1    19    11    15     8     0     2   -67.0  -39.068  -58.362   3441.6    669.7
     5     1    19    11    15     8     0     2   -67.0  -37.461  -54.512   2254.3    771.4
     1     1    19    11    15     7     0     1   -68.0  -36.771  -56.461   1868.8    812.8
     2     1    19    11    15     7     0     1   -68.0  -33.684  -53.440    443.1    957.6
     3     1    19    11    15     7     0     1   -68.0  -39.105  -55.624   2680.6    731.7
     4     1    19    11    15     7     0     1   -68.0  -39.258  -58.790   3508.1    661.0
     5     1    19    11    15     7     0     1   -68.0  -37.838  -54.687   2327.8    763.5
     1     1    19    11    15     6     0     0   -69.0  -37.067  -56.555   1927.2    808.0
     2     1    19    11    15     6     0     0   -69.0  -33.964  -53.436    512.1    948.6
     3     1    19    11    15     6     0     0   -69.0  -39.505  -55.961   2727.1    729.1
     4     1    19    11    15     6     0     0   -69.0  -39.410  -59.260   3543.9    657.5
     5     1    19    11    15     6     0     0   -69.0  -38.214  -54.877   2364.9    759.2
     1     1    19    11    15     5     0     1   -70.0  -37.375  -56.674   2006.5    796.4
     2     1    19    11    15     5     0     1   -70.0  -34.270  -53.441    594.4    939.3
     3     1    19    11    15     5     0     1   -70.0  -39.899  -56.329   2796.8    723.1
     4     1    19    11    15     5     0     1   -70.0  -39.536  -59.746   3594.1    657.9
     5     1    19    11    15     5     0     1   -70.0  -38.592  -55.082   2389.9    760.0
     1     1    19    11    15     4     0     2   -71.0  -37.690  -56.819   2074.4    790.5
     2     1    19    11    15     4     0     2   -71.0  -34.607  -53.470    677.4    931.7
     3     1    19    11    15     4     0     2   -71.0  -40.280  -56.721   2874.3    714.5
     4     1    19    11    15     4     0     2   -71.0  -39.645  -60.217   3668.9    648.9
     5     1    19    11    15     4     0     2   -71.0  -38.978  -55.308   2433.6    755.7
     1     1    19    11    15     3     0     3   -72.0  -38.006  -56.956   2141.1    784.7
     2     1    19    11    15     3     0     3   -72.0  -34.967  -53.517    756.6    924.2
     3     1    19    11    15     3     0     3   -72.0  -40.647  -57.123   2930.6    708.7
     4     1    19    11    15     3     0     3   -72.0  -39.716  -60.664   3718.9    644.2
     5     1    19    11    15     3     0     3   -72.0  -39.372  -55.557   2489.3    750.3
