     5     1
    GDAS    19     6     1     0     0
    GDAS    19     6     8     0     0
    GDAS    19     6    15     0     0
    GDAS    19     6    22     0     0
    GDAS    19     6    29     0     0
     5 BACKWARD OMEGA   
    19     6    21     9  -34.572  -58.513    10.0
    19     6    21     9  -34.572  -58.513   200.0
    19     6    21     9  -34.572  -58.513   500.0
    19     6    21     9  -34.572  -58.513  1000.0
    19     6    21     9  -34.572  -58.513  2000.0
     1 PRESSURE
     1     1    19     6    21     9     0     3     0.0  -34.572  -58.513     10.0   1014.3
     2     1    19     6    21     9     0     3     0.0  -34.572  -58.513    200.0    992.1
     3     1    19     6    21     9     0     3     0.0  -34.572  -58.513    500.0    957.3
     4     1    19     6    21     9     0     3     0.0  -34.572  -58.513   1000.0    902.0
     5     1    19     6    21     9     0     3     0.0  -34.572  -58.513   2000.0    800.7
     1     1    19     6    21     8     0     2    -1.0  -34.466  -58.486     11.5   1014.3
     2     1    19     6    21     8     0     2    -1.0  -34.276  -58.510    218.7    989.3
     3     1    19     6    21     8     0     2    -1.0  -34.182  -58.608    527.6    953.5
     4     1    19     6    21     8     0     2    -1.0  -34.185  -58.678   1011.4    901.4
     5     1    19     6    21     8     0     2    -1.0  -34.127  -58.803   1934.1    812.0
     1     1    19     6    21     7     0     1    -2.0  -34.351  -58.450     13.5   1014.1
     2     1    19     6    21     7     0     1    -2.0  -33.949  -58.485    245.9    985.4
     3     1    19     6    21     7     0     1    -2.0  -33.777  -58.667    555.5    950.9
     4     1    19     6    21     7     0     1    -2.0  -33.780  -58.814   1033.1    899.9
     5     1    19     6    21     7     0     1    -2.0  -33.661  -59.051   1926.1    812.1
     1     1    19     6    21     6     0     0    -3.0  -34.226  -58.403     16.3   1013.5
     2     1    19     6    21     6     0     0    -3.0  -33.609  -58.436    275.9    983.5
     3     1    19     6    21     6     0     0    -3.0  -33.370  -58.691    579.8    950.5
     4     1    19     6    21     6     0     0    -3.0  -33.373  -58.920   1054.3    898.9
     5     1    19     6    21     6     0     0    -3.0  -33.187  -59.258   1931.0    810.1
     1     1    19     6    21     5     0     1    -4.0  -34.092  -58.347     20.4   1012.3
     2     1    19     6    21     5     0     1    -4.0  -33.285  -58.363    302.0    982.2
     3     1    19     6    21     5     0     1    -4.0  -32.977  -58.679    600.9    949.8
     4     1    19     6    21     5     0     1    -4.0  -32.974  -58.988   1066.6    897.8
     5     1    19     6    21     5     0     1    -4.0  -32.708  -59.421   1922.9    809.6
     1     1    19     6    21     4     0     2    -5.0  -33.952  -58.288     26.7   1010.9
     2     1    19     6    21     4     0     2    -5.0  -32.990  -58.266    320.8    981.9
     3     1    19     6    21     4     0     2    -5.0  -32.603  -58.627    612.3    948.3
     4     1    19     6    21     4     0     2    -5.0  -32.578  -59.013   1066.4    898.2
     5     1    19     6    21     4     0     2    -5.0  -32.228  -59.534   1902.8    810.3
     1     1    19     6    21     3     0     3    -6.0  -33.808  -58.228     35.1   1010.3
     2     1    19     6    21     3     0     3    -6.0  -32.714  -58.138    331.1    981.2
     3     1    19     6    21     3     0     3    -6.0  -32.246  -58.525    609.3    949.0
     4     1    19     6    21     3     0     3    -6.0  -32.185  -58.992   1051.7    900.0
     5     1    19     6    21     3     0     3    -6.0  -31.750  -59.601   1884.0    811.8
     1     1    19     6    21     2     0     2    -7.0  -33.665  -58.160     45.7   1009.8
     2     1    19     6    21     2     0     2    -7.0  -32.460  -57.986    342.2    980.7
     3     1    19     6    21     2     0     2    -7.0  -31.924  -58.379    608.0    950.6
     4     1    19     6    21     2     0     2    -7.0  -31.821  -58.924   1033.7    901.9
     5     1    19     6    21     2     0     2    -7.0  -31.290  -59.617   1875.2    814.0
     1     1    19     6    21     1     0     1    -8.0  -33.524  -58.075     59.9   1009.1
     2     1    19     6    21     1     0     1    -8.0  -32.244  -57.820    362.9    976.1
     3     1    19     6    21     1     0     1    -8.0  -31.659  -58.211    623.3    948.7
     4     1    19     6    21     1     0     1    -8.0  -31.503  -58.819   1033.4    900.3
     5     1    19     6    21     1     0     1    -8.0  -30.856  -59.582   1882.2    814.4
     1     1    19     6    21     0     0     0    -9.0  -33.386  -57.974     78.6   1007.4
     2     1    19     6    21     0     0     0    -9.0  -32.078  -57.646    395.1    969.7
     3     1    19     6    21     0     0     0    -9.0  -31.449  -58.030    650.7    945.9
     4     1    19     6    21     0     0     0    -9.0  -31.229  -58.687   1055.9    896.9
     5     1    19     6    21     0     0     0    -9.0  -30.444  -59.508   1904.0    813.2
     1     1    19     6    20    23     0     1   -10.0  -33.260  -57.887     95.8   1005.2
     2     1    19     6    20    23     0     1   -10.0  -31.948  -57.499    422.1    962.3
     3     1    19     6    20    23     0     1   -10.0  -31.284  -57.871    679.0    940.1
     4     1    19     6    20    23     0     1   -10.0  -31.000  -58.552   1090.0    892.2
     5     1    19     6    20    23     0     1   -10.0  -30.065  -59.411   1923.1    811.4
     1     1    19     6    20    22     0     2   -11.0  -33.156  -57.845    103.9   1004.8
     2     1    19     6    20    22     0     2   -11.0  -31.839  -57.412    429.5    960.4
     3     1    19     6    20    22     0     2   -11.0  -31.154  -57.758    706.1    935.5
     4     1    19     6    20    22     0     2   -11.0  -30.815  -58.433   1124.0    889.4
     5     1    19     6    20    22     0     2   -11.0  -29.731  -59.303   1934.9    809.3
     1     1    19     6    20    21     0     3   -12.0  -33.075  -57.850    101.9   1005.8
     2     1    19     6    20    21     0     3   -12.0  -31.751  -57.382    422.8    960.8
     3     1    19     6    20    21     0     3   -12.0  -31.060  -57.676    736.6    930.7
     4     1    19     6    20    21     0     3   -12.0  -30.673  -58.327   1155.8    886.3
     5     1    19     6    20    21     0     3   -12.0  -29.436  -59.188   1960.0    805.1
     1     1    19     6    20    20     0     2   -13.0  -33.008  -57.876     96.2   1008.1
     2     1    19     6    20    20     0     2   -13.0  -31.682  -57.389    409.7    963.5
     3     1    19     6    20    20     0     2   -13.0  -30.994  -57.615    762.3    926.3
     4     1    19     6    20    20     0     2   -13.0  -30.568  -58.236   1184.8    883.4
     5     1    19     6    20    20     0     2   -13.0  -29.173  -59.064   2000.5    798.8
     1     1    19     6    20    19     0     1   -14.0  -32.946  -57.906     92.4   1008.9
     2     1    19     6    20    19     0     1   -14.0  -31.626  -57.412    396.1    965.6
     3     1    19     6    20    19     0     1   -14.0  -30.948  -57.571    774.5    924.7
     4     1    19     6    20    19     0     1   -14.0  -30.496  -58.158   1209.5    880.8
     5     1    19     6    20    19     0     1   -14.0  -28.939  -58.935   2039.4    793.5
     1     1    19     6    20    18     0     0   -15.0  -32.887  -57.940     90.6   1009.5
     2     1    19     6    20    18     0     0   -15.0  -31.581  -57.452    378.5    968.5
     3     1    19     6    20    18     0     0   -15.0  -30.923  -57.549    773.1    925.0
     4     1    19     6    20    18     0     0   -15.0  -30.455  -58.097   1229.3    878.9
     5     1    19     6    20    18     0     0   -15.0  -28.741  -58.804   2068.5    792.7
     1     1    19     6    20    17     0     1   -16.0  -32.830  -57.973     89.8   1009.9
     2     1    19     6    20    17     0     1   -16.0  -31.538  -57.492    360.6    971.7
     3     1    19     6    20    17     0     1   -16.0  -30.910  -57.537    768.1    926.3
     4     1    19     6    20    17     0     1   -16.0  -30.441  -58.049   1248.0    877.0
     5     1    19     6    20    17     0     1   -16.0  -28.585  -58.677   2095.5    791.7
     1     1    19     6    20    16     0     2   -17.0  -32.771  -57.999     89.2   1010.4
     2     1    19     6    20    16     0     2   -17.0  -31.486  -57.517    347.6    973.7
     3     1    19     6    20    16     0     2   -17.0  -30.905  -57.522    768.9    925.7
     4     1    19     6    20    16     0     2   -17.0  -30.448  -58.015   1270.2    874.6
     5     1    19     6    20    16     0     2   -17.0  -28.473  -58.553   2126.6    788.7
     1     1    19     6    20    15     0     3   -18.0  -32.710  -58.019     89.0   1010.6
     2     1    19     6    20    15     0     3   -18.0  -31.426  -57.529    340.8    974.7
     3     1    19     6    20    15     0     3   -18.0  -30.908  -57.503    775.1    924.6
     4     1    19     6    20    15     0     3   -18.0  -30.475  -57.997   1295.5    871.9
     5     1    19     6    20    15     0     3   -18.0  -28.403  -58.431   2158.4    785.3
     1     1    19     6    20    14     0     2   -19.0  -32.657  -58.034     89.8   1010.6
     2     1    19     6    20    14     0     2   -19.0  -31.379  -57.530    338.1    974.7
     3     1    19     6    20    14     0     2   -19.0  -30.936  -57.492    784.7    923.2
     4     1    19     6    20    14     0     2   -19.0  -30.528  -58.003   1325.6    869.5
     5     1    19     6    20    14     0     2   -19.0  -28.374  -58.318   2195.4    781.9
     1     1    19     6    20    13     0     1   -20.0  -32.622  -58.043     92.1   1010.4
     2     1    19     6    20    13     0     1   -20.0  -31.365  -57.523    336.3    974.7
     3     1    19     6    20    13     0     1   -20.0  -31.004  -57.503    796.2    922.2
     4     1    19     6    20    13     0     1   -20.0  -30.611  -58.041   1365.6    866.3
     5     1    19     6    20    13     0     1   -20.0  -28.385  -58.221   2244.4    777.0
     1     1    19     6    20    12     0     0   -21.0  -32.605  -58.046     96.1   1010.0
     2     1    19     6    20    12     0     0   -21.0  -31.386  -57.511    335.4    974.6
     3     1    19     6    20    12     0     0   -21.0  -31.109  -57.539    809.6    921.3
     4     1    19     6    20    12     0     0   -21.0  -30.723  -58.113   1422.1    861.6
     5     1    19     6    20    12     0     0   -21.0  -28.434  -58.142   2306.9    770.7
     1     1    19     6    20    11     0     1   -22.0  -32.612  -58.054     99.0   1008.7
     2     1    19     6    20    11     0     1   -22.0  -31.438  -57.507    332.7    973.8
     3     1    19     6    20    11     0     1   -22.0  -31.235  -57.601    823.2    919.9
     4     1    19     6    20    11     0     1   -22.0  -30.847  -58.218   1491.5    853.3
     5     1    19     6    20    11     0     1   -22.0  -28.514  -58.097   2383.5    762.6
     1     1    19     6    20    10     0     2   -23.0  -32.646  -58.081     98.5   1008.1
     2     1    19     6    20    10     0     2   -23.0  -31.518  -57.520    325.1    974.1
     3     1    19     6    20    10     0     2   -23.0  -31.370  -57.687    832.4    919.4
     4     1    19     6    20    10     0     2   -23.0  -30.973  -58.351   1560.0    844.6
     5     1    19     6    20    10     0     2   -23.0  -28.620  -58.097   2475.8    753.6
     1     1    19     6    20     9     0     3   -24.0  -32.710  -58.125     95.3   1007.7
     2     1    19     6    20     9     0     3   -24.0  -31.626  -57.551    310.9    975.4
     3     1    19     6    20     9     0     3   -24.0  -31.514  -57.794    831.1    920.2
     4     1    19     6    20     9     0     3   -24.0  -31.109  -58.501   1616.7    836.6
     5     1    19     6    20     9     0     3   -24.0  -28.748  -58.136   2588.2    743.0
     1     1    19     6    20     8     0     2   -25.0  -32.792  -58.192     90.7   1008.4
     2     1    19     6    20     8     0     2   -25.0  -31.764  -57.610    288.2    979.4
     3     1    19     6    20     8     0     2   -25.0  -31.676  -57.919    815.8    924.3
     4     1    19     6    20     8     0     2   -25.0  -31.257  -58.666   1660.2    832.8
     5     1    19     6    20     8     0     2   -25.0  -28.888  -58.206   2692.1    731.3
     1     1    19     6    20     7     0     1   -26.0  -32.880  -58.289     85.1   1009.3
     2     1    19     6    20     7     0     1   -26.0  -31.931  -57.706    255.5    985.4
     3     1    19     6    20     7     0     1   -26.0  -31.864  -58.061    793.2    929.0
     4     1    19     6    20     7     0     1   -26.0  -31.417  -58.845   1702.0    829.3
     5     1    19     6    20     7     0     1   -26.0  -29.035  -58.298   2755.5    725.6
     1     1    19     6    20     6     0     0   -27.0  -32.970  -58.413     78.1   1010.3
     2     1    19     6    20     6     0     0   -27.0  -32.119  -57.839    217.4    992.6
     3     1    19     6    20     6     0     0   -27.0  -32.076  -58.221    778.4    931.8
     4     1    19     6    20     6     0     0   -27.0  -31.589  -59.037   1747.7    825.9
     5     1    19     6    20     6     0     0   -27.0  -29.195  -58.414   2788.9    724.3
     1     1    19     6    20     5     0     1   -28.0  -33.053  -58.555     71.6   1010.6
     2     1    19     6    20     5     0     1   -28.0  -32.293  -58.006    185.0    999.3
     3     1    19     6    20     5     0     1   -28.0  -32.304  -58.406    777.5    931.4
     4     1    19     6    20     5     0     1   -28.0  -31.771  -59.234   1796.2    821.4
     5     1    19     6    20     5     0     1   -28.0  -29.366  -58.551   2820.5    723.7
     1     1    19     6    20     4     0     2   -29.0  -33.126  -58.707     67.1   1010.6
     2     1    19     6    20     4     0     2   -29.0  -32.433  -58.202    162.4   1001.7
     3     1    19     6    20     4     0     2   -29.0  -32.545  -58.615    788.9    930.1
     4     1    19     6    20     4     0     2   -29.0  -31.961  -59.429   1836.5    815.9
     5     1    19     6    20     4     0     2   -29.0  -29.549  -58.705   2861.0    720.9
     1     1    19     6    20     3     0     3   -30.0  -33.192  -58.869     64.8   1010.6
     2     1    19     6    20     3     0     3   -30.0  -32.549  -58.420    148.2   1003.0
     3     1    19     6    20     3     0     3   -30.0  -32.798  -58.832    818.2    927.1
     4     1    19     6    20     3     0     3   -30.0  -32.168  -59.624   1861.4    812.5
     5     1    19     6    20     3     0     3   -30.0  -29.749  -58.868   2898.5    719.0
     1     1    19     6    20     2     0     2   -31.0  -33.253  -59.040     64.7   1010.4
     2     1    19     6    20     2     0     2   -31.0  -32.646  -58.656    140.0   1003.5
     3     1    19     6    20     2     0     2   -31.0  -33.059  -59.066    856.8    921.2
     4     1    19     6    20     2     0     2   -31.0  -32.402  -59.833   1877.3    811.1
     5     1    19     6    20     2     0     2   -31.0  -29.967  -59.041   2935.4    718.7
     1     1    19     6    20     1     0     1   -32.0  -33.308  -59.216     65.8   1010.0
     2     1    19     6    20     1     0     1   -32.0  -32.729  -58.909    135.9   1003.3
     3     1    19     6    20     1     0     1   -32.0  -33.332  -59.338    875.5    917.1
     4     1    19     6    20     1     0     1   -32.0  -32.675  -60.070   1888.7    810.7
     5     1    19     6    20     1     0     1   -32.0  -30.208  -59.234   2978.8    713.9
     1     1    19     6    20     0     0     0   -33.0  -33.358  -59.397     67.5   1009.7
     2     1    19     6    20     0     0     0   -33.0  -32.799  -59.177    136.3   1002.8
     3     1    19     6    20     0     0     0   -33.0  -33.633  -59.644    861.5    918.4
     4     1    19     6    20     0     0     0   -33.0  -32.988  -60.338   1898.3    809.8
     5     1    19     6    20     0     0     0   -33.0  -30.476  -59.455   3033.5    707.6
     1     1    19     6    19    23     0     1   -34.0  -33.404  -59.587     69.5   1009.4
     2     1    19     6    19    23     0     1   -34.0  -32.860  -59.449    140.6   1002.1
     3     1    19     6    19    23     0     1   -34.0  -33.944  -59.985    849.4    922.3
     4     1    19     6    19    23     0     1   -34.0  -33.322  -60.642   1907.2    805.5
     5     1    19     6    19    23     0     1   -34.0  -30.774  -59.717   3096.3    701.9
     1     1    19     6    19    22     0     2   -35.0  -33.444  -59.789     71.7   1008.9
     2     1    19     6    19    22     0     2   -35.0  -32.911  -59.724    145.8   1001.1
     3     1    19     6    19    22     0     2   -35.0  -34.234  -60.363    879.7    916.1
     4     1    19     6    19    22     0     2   -35.0  -33.662  -60.990   1925.1    801.3
     5     1    19     6    19    22     0     2   -35.0  -31.110  -60.030   3160.4    696.2
     1     1    19     6    19    21     0     3   -36.0  -33.479  -60.003     74.8   1008.2
     2     1    19     6    19    21     0     3   -36.0  -32.948  -60.004    148.7   1000.2
     3     1    19     6    19    21     0     3   -36.0  -34.529  -60.775    943.5    902.0
     4     1    19     6    19    21     0     3   -36.0  -34.022  -61.386   1968.7    796.4
     5     1    19     6    19    21     0     3   -36.0  -31.470  -60.387   3206.5    689.7
     1     1    19     6    19    20     0     2   -37.0  -33.519  -60.241     80.7   1005.4
     2     1    19     6    19    20     0     2   -37.0  -32.990  -60.294    153.4    997.9
     3     1    19     6    19    20     0     2   -37.0  -34.847  -61.198    999.3    891.3
     4     1    19     6    19    20     0     2   -37.0  -34.406  -61.816   2031.7    789.4
     5     1    19     6    19    20     0     2   -37.0  -31.822  -60.782   3237.6    687.9
     1     1    19     6    19    19     0     1   -38.0  -33.576  -60.515     92.2   1001.5
     2     1    19     6    19    19     0     1   -38.0  -33.057  -60.609    168.4    993.2
     3     1    19     6    19    19     0     1   -38.0  -35.174  -61.617   1038.9    887.8
     4     1    19     6    19    19     0     1   -38.0  -34.807  -62.271   2101.7    781.4
     5     1    19     6    19    19     0     1   -38.0  -32.162  -61.207   3263.0    685.4
     1     1    19     6    19    18     0     0   -39.0  -33.651  -60.831    110.2    996.4
     2     1    19     6    19    18     0     0   -39.0  -33.145  -60.961    199.1    985.9
     3     1    19     6    19    18     0     0   -39.0  -35.511  -62.043   1084.0    883.9
     4     1    19     6    19    18     0     0   -39.0  -35.224  -62.756   2166.8    774.7
     5     1    19     6    19    18     0     0   -39.0  -32.502  -61.644   3290.7    678.9
     1     1    19     6    19    17     0     1   -40.0  -33.743  -61.170    130.3    992.6
     2     1    19     6    19    17     0     1   -40.0  -33.250  -61.335    238.4    980.6
     3     1    19     6    19    17     0     1   -40.0  -35.864  -62.480   1133.2    877.7
     4     1    19     6    19    17     0     1   -40.0  -35.650  -63.267   2245.4    768.1
     5     1    19     6    19    17     0     1   -40.0  -32.855  -62.106   3337.1    674.2
     1     1    19     6    19    16     0     2   -41.0  -33.847  -61.512    143.6    991.1
     2     1    19     6    19    16     0     2   -41.0  -33.372  -61.711    269.0    976.8
     3     1    19     6    19    16     0     2   -41.0  -36.230  -62.910   1186.2    872.2
     4     1    19     6    19    16     0     2   -41.0  -36.082  -63.808   2352.9    753.9
     5     1    19     6    19    16     0     2   -41.0  -33.222  -62.617   3404.2    665.0
     1     1    19     6    19    15     0     3   -42.0  -33.955  -61.855    147.5    991.2
     2     1    19     6    19    15     0     3   -42.0  -33.510  -62.089    281.0    974.9
     3     1    19     6    19    15     0     3   -42.0  -36.612  -63.335   1247.1    861.2
     4     1    19     6    19    15     0     3   -42.0  -36.524  -64.379   2440.0    735.8
     5     1    19     6    19    15     0     3   -42.0  -33.603  -63.169   3476.5    655.1
     1     1    19     6    19    14     0     2   -43.0  -34.070  -62.209    153.4    990.1
     2     1    19     6    19    14     0     2   -43.0  -33.672  -62.481    294.5    972.6
     3     1    19     6    19    14     0     2   -43.0  -37.004  -63.751   1308.9    852.4
     4     1    19     6    19    14     0     2   -43.0  -36.985  -64.969   2461.1    721.1
     5     1    19     6    19    14     0     2   -43.0  -33.998  -63.744   3536.9    645.9
     1     1    19     6    19    13     0     1   -44.0  -34.213  -62.593    171.7    985.2
     2     1    19     6    19    13     0     1   -44.0  -33.892  -62.917    335.6    964.3
     3     1    19     6    19    13     0     1   -44.0  -37.419  -64.144   1370.3    842.5
     4     1    19     6    19    13     0     1   -44.0  -37.454  -65.567   2488.5    728.2
     5     1    19     6    19    13     0     1   -44.0  -34.405  -64.324   3593.7    640.4
     1     1    19     6    19    12     0     0   -45.0  -34.393  -63.019    198.0    980.1
     2     1    19     6    19    12     0     0   -45.0  -34.182  -63.392    385.6    953.1
     3     1    19     6    19    12     0     0   -45.0  -37.860  -64.504   1419.6    831.6
     4     1    19     6    19    12     0     0   -45.0  -37.912  -66.183   2561.4    725.3
     5     1    19     6    19    12     0     0   -45.0  -34.832  -64.911   3647.0    629.8
     1     1    19     6    19    11     0     1   -46.0  -34.595  -63.476    222.6    974.1
     2     1    19     6    19    11     0     1   -46.0  -34.494  -63.870    409.2    948.6
     3     1    19     6    19    11     0     1   -46.0  -38.310  -64.842   1490.3    827.2
     4     1    19     6    19    11     0     1   -46.0  -38.356  -66.794   2663.7    708.7
     5     1    19     6    19    11     0     1   -46.0  -35.272  -65.528   3666.4    622.4
     1     1    19     6    19    10     0     2   -47.0  -34.811  -63.953    252.0    969.6
     2     1    19     6    19    10     0     2   -47.0  -34.799  -64.361    429.3    944.0
     3     1    19     6    19    10     0     2   -47.0  -38.774  -65.165   1591.2    816.6
     4     1    19     6    19    10     0     2   -47.0  -38.761  -67.374   2755.6    696.3
     5     1    19     6    19    10     0     2   -47.0  -35.723  -66.168   3677.7    620.5
     1     1    19     6    19     9     0     3   -48.0  -35.052  -64.456    295.4    957.8
     2     1    19     6    19     9     0     3   -48.0  -35.110  -64.865    468.9    933.2
     3     1    19     6    19     9     0     3   -48.0  -39.254  -65.453   1634.6    807.3
     4     1    19     6    19     9     0     3   -48.0  -39.075  -67.936   2830.6    689.1
     5     1    19     6    19     9     0     3   -48.0  -36.192  -66.824   3670.5    620.3
     1     1    19     6    19     8     0     2   -49.0  -35.333  -64.966    348.0    944.0
     2     1    19     6    19     8     0     2   -49.0  -35.459  -65.334    516.9    920.1
     3     1    19     6    19     8     0     2   -49.0  -39.752  -65.686   1608.3    812.6
     4     1    19     6    19     8     0     2   -49.0  -39.339  -68.488   2901.8    665.7
     5     1    19     6    19     8     0     2   -49.0  -36.658  -67.480   3656.0    613.8
     1     1    19     6    19     7     0     1   -50.0  -35.675  -65.452    390.1    932.4
     2     1    19     6    19     7     0     1   -50.0  -35.875  -65.774    531.3    912.9
     3     1    19     6    19     7     0     1   -50.0  -40.282  -65.863   1640.7    813.1
     4     1    19     6    19     7     0     1   -50.0  -39.605  -69.023   2942.8    649.3
     5     1    19     6    19     7     0     1   -50.0  -37.102  -68.127   3707.0    592.9
     1     1    19     6    19     6     0     0   -51.0  -36.073  -65.939    390.1    929.4
     2     1    19     6    19     6     0     0   -51.0  -36.340  -66.229    502.7    919.4
     3     1    19     6    19     6     0     0   -51.0  -40.851  -65.973   1884.6    786.5
     4     1    19     6    19     6     0     0   -51.0  -39.874  -69.515   2970.8    646.1
     5     1    19     6    19     6     0     0   -51.0  -37.515  -68.768   3794.3    583.0
     1     1    19     6    19     5     0     1   -52.0  -36.476  -66.418    364.9    937.6
     2     1    19     6    19     5     0     1   -52.0  -36.812  -66.701    479.5    928.9
     3     1    19     6    19     5     0     1   -52.0  -41.451  -66.071   2141.1    731.4
     4     1    19     6    19     5     0     1   -52.0  -40.173  -69.960   2986.2    645.8
     5     1    19     6    19     5     0     1   -52.0  -37.888  -69.420   4003.9    577.5
     1     1    19     6    19     4     0     2   -53.0  -36.868  -66.873    340.5    942.7
     2     1    19     6    19     4     0     2   -53.0  -37.299  -67.215    487.7    920.3
     3     1    19     6    19     4     0     2   -53.0  -42.064  -66.237   2270.0    719.2
     4     1    19     6    19     4     0     2   -53.0  -40.495  -70.394   2868.5    627.8
     5     1    19     6    19     4     0     2   -53.0  -38.207  -70.111   4293.9    522.9
     1     1    19     6    19     3     0     3   -54.0  -37.268  -67.365    346.3    932.9
     2     1    19     6    19     3     0     3   -54.0  -37.787  -67.797    559.3    910.6
     3     1    19     6    19     3     0     3   -54.0  -42.639  -66.414   2367.3    730.0
     4     1    19     6    19     3     0     3   -54.0  -40.834  -70.774   2689.0    641.1
     5     1    19     6    19     3     0     3   -54.0  -38.463  -70.753   4200.6    479.6
     1     1    19     6    19     2     0     2   -55.0  -37.680  -67.961    460.2    919.7
     2     1    19     6    19     2     0     2   -55.0  -38.229  -68.385    528.9    897.9
     3     1    19     6    19     2     0     2   -55.0  -43.141  -66.579   2404.5    735.6
     4     1    19     6    19     2     0     2   -55.0  -41.181  -71.143   2583.2    650.3
     5     1    19     6    19     2     0     2   -55.0  -38.733  -71.290   3990.3    540.7
     1     1    19     6    19     1     0     1   -56.0  -38.040  -68.590    333.3    902.7
     2     1    19     6    19     1     0     1   -56.0  -38.503  -68.969    339.6    915.7
     3     1    19     6    19     1     0     1   -56.0  -43.597  -66.749   2355.2    737.1
     4     1    19     6    19     1     0     1   -56.0  -41.521  -71.606   2626.9    658.1
     5     1    19     6    19     1     0     1   -56.0  -39.034  -71.863   4104.8    570.3
     1     1    19     6    19     0     0     0   -57.0  -38.114  -69.103    215.2    943.3
     2     1    19     6    19     0     0     0   -57.0  -38.610  -69.399    274.4    923.7
     3     1    19     6    19     0     0     0   -57.0  -44.033  -66.892   2288.7    737.5
     4     1    19     6    19     0     0     0   -57.0  -41.801  -72.214   2866.7    648.3
     5     1    19     6    19     0     0     0   -57.0  -39.325  -72.472   4301.3    563.2
     1     1    19     6    18    23     0     1   -58.0  -38.081  -69.490    199.1    933.7
     2     1    19     6    18    23     0     1   -58.0  -38.702  -69.844    291.7    885.8
     3     1    19     6    18    23     0     1   -58.0  -44.422  -67.010   2268.1    739.5
     4     1    19     6    18    23     0     1   -58.0  -42.014  -72.818   3036.7    673.7
     5     1    19     6    18    23     0     1   -58.0  -39.581  -73.076   4459.8    571.1
     1     1    19     6    18    22     0     2   -59.0  -38.031  -69.943    290.2    885.8
     2     1    19     6    18    22     0     2   -59.0  -38.772  -70.313    354.8    850.4
     3     1    19     6    18    22     0     2   -59.0  -44.727  -67.126   2319.2    726.9
     4     1    19     6    18    22     0     2   -59.0  -42.165  -73.341   3019.7    702.2
     5     1    19     6    18    22     0     2   -59.0  -39.809  -73.682   4569.0    573.3
     1     1    19     6    18    21     0     3   -60.0  -38.007  -70.528    540.6    812.3
     2     1    19     6    18    21     0     3   -60.0  -38.796  -70.772    449.6    820.3
     3     1    19     6    18    21     0     3   -60.0  -44.949  -67.218   2392.2    715.9
     4     1    19     6    18    21     0     3   -60.0  -42.296  -73.817   2991.1    701.3
     5     1    19     6    18    21     0     3   -60.0  -40.003  -74.283   4685.7    569.8
     1     1    19     6    18    20     0     2   -61.0  -38.162  -71.178   1156.5    752.7
     2     1    19     6    18    20     0     2   -61.0  -38.796  -71.209    556.6    814.8
     3     1    19     6    18    20     0     2   -61.0  -45.100  -67.305   2460.8    710.2
     4     1    19     6    18    20     0     2   -61.0  -42.409  -74.268   2969.3    700.8
     5     1    19     6    18    20     0     2   -61.0  -40.148  -74.878   4759.0    561.6
     1     1    19     6    18    19     0     1   -62.0  -38.481  -71.705   1617.5    705.7
     2     1    19     6    18    19     0     1   -62.0  -38.785  -71.578    580.2    838.9
     3     1    19     6    18    19     0     1   -62.0  -45.198  -67.408   2516.5    707.4
     4     1    19     6    18    19     0     1   -62.0  -42.498  -74.708   2946.7    706.4
     5     1    19     6    18    19     0     1   -62.0  -40.259  -75.443   4777.9    561.7
     1     1    19     6    18    18     0     0   -63.0  -38.617  -72.090   1490.6    778.6
     2     1    19     6    18    18     0     0   -63.0  -38.749  -71.827    486.3    873.9
     3     1    19     6    18    18     0     0   -63.0  -45.254  -67.527   2559.6    703.4
     4     1    19     6    18    18     0     0   -63.0  -42.581  -75.128   2931.5    711.5
     5     1    19     6    18    18     0     0   -63.0  -40.334  -75.959   4801.2    562.8
     1     1    19     6    18    17     0     1   -64.0  -38.612  -72.404   1252.5    838.9
     2     1    19     6    18    17     0     1   -64.0  -38.686  -71.974    353.2    907.3
     3     1    19     6    18    17     0     1   -64.0  -45.286  -67.635   2590.9    700.0
     4     1    19     6    18    17     0     1   -64.0  -42.651  -75.546   2912.2    711.8
     5     1    19     6    18    17     0     1   -64.0  -40.390  -76.436   4810.8    558.0
     1     1    19     6    18    16     0     2   -65.0  -38.564  -72.693   1100.2    864.6
     2     1    19     6    18    16     0     2   -65.0  -38.600  -72.055    241.6    929.3
     3     1    19     6    18    16     0     2   -65.0  -45.286  -67.711   2615.9    696.9
     4     1    19     6    18    16     0     2   -65.0  -42.698  -75.978   2920.4    715.2
     5     1    19     6    18    16     0     2   -65.0  -40.448  -76.896   4756.9    562.8
     1     1    19     6    18    15     0     3   -66.0  -38.491  -72.964    987.8    885.0
     2     1    19     6    18    15     0     3   -66.0  -38.501  -72.100    168.2    938.8
     3     1    19     6    18    15     0     3   -66.0  -45.241  -67.760   2635.7    694.3
     4     1    19     6    18    15     0     3   -66.0  -42.732  -76.428   2941.6    708.4
     5     1    19     6    18    15     0     3   -66.0  -40.502  -77.345   4686.9    570.9
     1     1    19     6    18    14     0     2   -67.0  -38.397  -73.221    902.3    900.5
     2     1    19     6    18    14     0     2   -67.0  -38.398  -72.130    115.0    943.8
     3     1    19     6    18    14     0     2   -67.0  -45.174  -67.780   2648.7    692.4
     4     1    19     6    18    14     0     2   -67.0  -42.754  -76.882   2893.6    709.7
     5     1    19     6    18    14     0     2   -67.0  -40.546  -77.796   4666.8    574.1
     1     1    19     6    18    13     0     1   -68.0  -38.282  -73.469    849.6    910.1
     2     1    19     6    18    13     0     1   -68.0  -38.308  -72.155     74.8    949.4
     3     1    19     6    18    13     0     1   -68.0  -45.104  -67.752   2657.5    691.6
     4     1    19     6    18    13     0     1   -68.0  -42.764  -77.320   2813.4    722.5
     5     1    19     6    18    13     0     1   -68.0  -40.581  -78.256   4707.1    569.7
     1     1    19     6    18    12     0     0   -69.0  -38.145  -73.711    814.1    919.1
     2     1    19     6    18    12     0     0   -69.0  -38.232  -72.179     47.9    953.0
     3     1    19     6    18    12     0     0   -69.0  -45.023  -67.662   2674.5    690.8
     4     1    19     6    18    12     0     0   -69.0  -42.757  -77.740   2798.8    727.3
     5     1    19     6    18    12     0     0   -69.0  -40.604  -78.742   4775.8    563.5
     1     1    19     6    18    11     0     1   -70.0  -37.979  -73.925    788.9    928.9
     2     1    19     6    18    11     0     1   -70.0  -38.166  -72.200     31.7    954.6
     3     1    19     6    18    11     0     1   -70.0  -44.913  -67.487   2733.2    688.9
     4     1    19     6    18    11     0     1   -70.0  -42.724  -78.155   2827.6    718.7
     5     1    19     6    18    11     0     1   -70.0  -40.607  -79.260   4816.3    557.4
     1     1    19     6    18    10     0     2   -71.0  -37.805  -74.092    791.2    933.0
     2     1    19     6    18    10     0     2   -71.0  -38.108  -72.211     21.7    955.7
     3     1    19     6    18    10     0     2   -71.0  -44.771  -67.237   2800.7    682.5
     4     1    19     6    18    10     0     2   -71.0  -42.665  -78.571   2788.2    718.7
     5     1    19     6    18    10     0     2   -71.0  -40.584  -79.789   4808.7    559.5
     1     1    19     6    18     9     0     3   -72.0  -37.643  -74.219    831.0    927.7
     2     1    19     6    18     9     0     3   -72.0  -38.053  -72.214     15.6    956.2
     3     1    19     6    18     9     0     3   -72.0  -44.617  -66.970   2795.3    683.8
     4     1    19     6    18     9     0     3   -72.0  -42.609  -78.981   2678.5    732.1
     5     1    19     6    18     9     0     3   -72.0  -40.522  -80.334   4786.5    562.2
