     7     1
    GDAS    19    10    29     0     0
    GDAS    19    11     1     0     0
    GDAS    19    11     8     0     0
    GDAS    19    11    15     0     0
    GDAS    19    11    22     0     0
    GDAS    19    11    29     0     0
    GDAS    19    12     1     0     0
     5 BACKWARD OMEGA   
    19    11    26    15  -34.572  -58.513    10.0
    19    11    26    15  -34.572  -58.513   200.0
    19    11    26    15  -34.572  -58.513   500.0
    19    11    26    15  -34.572  -58.513  1000.0
    19    11    26    15  -34.572  -58.513  2000.0
     1 PRESSURE
     1     1    19    11    26    15     0     3     0.0  -34.572  -58.513     10.0   1005.2
     2     1    19    11    26    15     0     3     0.0  -34.572  -58.513    200.0    984.0
     3     1    19    11    26    15     0     3     0.0  -34.572  -58.513    500.0    950.2
     4     1    19    11    26    15     0     3     0.0  -34.572  -58.513   1000.0    895.9
     5     1    19    11    26    15     0     3     0.0  -34.572  -58.513   2000.0    795.0
     1     1    19    11    26    14     0     2    -1.0  -34.722  -58.518      8.9   1005.8
     2     1    19    11    26    14     0     2    -1.0  -34.771  -58.520    176.4    988.4
     3     1    19    11    26    14     0     2    -1.0  -34.788  -58.519    456.1    957.1
     4     1    19    11    26    14     0     2    -1.0  -34.750  -58.527    956.1    901.9
     5     1    19    11    26    14     0     2    -1.0  -34.636  -58.531   1978.4    797.3
     1     1    19    11    26    13     0     1    -2.0  -34.869  -58.541      8.1   1006.5
     2     1    19    11    26    13     0     1    -2.0  -34.969  -58.550    159.8    991.2
     3     1    19    11    26    13     0     1    -2.0  -35.015  -58.551    424.0    961.7
     4     1    19    11    26    13     0     1    -2.0  -34.940  -58.553    927.7    906.4
     5     1    19    11    26    13     0     1    -2.0  -34.725  -58.564   1961.1    799.7
     1     1    19    11    26    12     0     0    -3.0  -35.016  -58.589      7.4   1007.1
     2     1    19    11    26    12     0     0    -3.0  -35.171  -58.608    149.6    992.9
     3     1    19    11    26    12     0     0    -3.0  -35.260  -58.612    408.9    963.8
     4     1    19    11    26    12     0     0    -3.0  -35.148  -58.596    926.0    907.2
     5     1    19    11    26    12     0     0    -3.0  -34.839  -58.612   1960.3    800.7
     1     1    19    11    26    11     0     1    -4.0  -35.159  -58.643      6.9   1006.0
     2     1    19    11    26    11     0     1    -4.0  -35.376  -58.676    147.3    992.8
     3     1    19    11    26    11     0     1    -4.0  -35.516  -58.686    416.3    962.4
     4     1    19    11    26    11     0     1    -4.0  -35.373  -58.640    951.7    903.3
     5     1    19    11    26    11     0     1    -4.0  -34.957  -58.677   1991.7    798.4
     1     1    19    11    26    10     0     2    -5.0  -35.292  -58.688      6.9   1005.0
     2     1    19    11    26    10     0     2    -5.0  -35.577  -58.739    153.8    991.6
     3     1    19    11    26    10     0     2    -5.0  -35.770  -58.764    448.2    959.0
     4     1    19    11    26    10     0     2    -5.0  -35.599  -58.678   1003.1    897.6
     5     1    19    11    26    10     0     2    -5.0  -35.056  -58.758   2055.8    791.4
     1     1    19    11    26     9     0     3    -6.0  -35.411  -58.724      7.4   1004.1
     2     1    19    11    26     9     0     3    -6.0  -35.770  -58.805    171.0    989.2
     3     1    19    11    26     9     0     3    -6.0  -36.006  -58.854    507.5    951.5
     4     1    19    11    26     9     0     3    -6.0  -35.807  -58.716   1084.4    888.9
     5     1    19    11    26     9     0     3    -6.0  -35.141  -58.857   2148.0    782.3
     1     1    19    11    26     8     0     2    -7.0  -35.515  -58.755      8.0   1004.2
     2     1    19    11    26     8     0     2    -7.0  -35.949  -58.877    193.0    985.2
     3     1    19    11    26     8     0     2    -7.0  -36.219  -58.943    564.2    939.6
     4     1    19    11    26     8     0     2    -7.0  -35.995  -58.754   1162.3    876.8
     5     1    19    11    26     8     0     2    -7.0  -35.236  -58.976   2250.1    770.8
     1     1    19    11    26     7     0     1    -8.0  -35.606  -58.784      8.3   1004.3
     2     1    19    11    26     7     0     1    -8.0  -36.107  -58.948    208.1    981.7
     3     1    19    11    26     7     0     1    -8.0  -36.414  -59.015    597.1    934.6
     4     1    19    11    26     7     0     1    -8.0  -36.177  -58.787   1196.2    871.1
     5     1    19    11    26     7     0     1    -8.0  -35.349  -59.112   2334.8    761.4
     1     1    19    11    26     6     0     0    -9.0  -35.687  -58.810      8.4   1004.3
     2     1    19    11    26     6     0     0    -9.0  -36.244  -59.009    214.6    979.2
     3     1    19    11    26     6     0     0    -9.0  -36.597  -59.072    628.7    929.9
     4     1    19    11    26     6     0     0    -9.0  -36.360  -58.804   1198.5    870.6
     5     1    19    11    26     6     0     0    -9.0  -35.471  -59.257   2391.4    754.6
     1     1    19    11    26     5     0     1   -10.0  -35.760  -58.823      8.2   1004.5
     2     1    19    11    26     5     0     1   -10.0  -36.350  -59.041    221.5    978.4
     3     1    19    11    26     5     0     1   -10.0  -36.758  -59.117    673.4    923.3
     4     1    19    11    26     5     0     1   -10.0  -36.530  -58.819   1208.6    871.3
     5     1    19    11    26     5     0     1   -10.0  -35.588  -59.415   2434.5    751.8
     1     1    19    11    26     4     0     2   -11.0  -35.828  -58.810      7.9   1004.7
     2     1    19    11    26     4     0     2   -11.0  -36.413  -59.034    233.4    976.7
     3     1    19    11    26     4     0     2   -11.0  -36.881  -59.161    727.1    915.3
     4     1    19    11    26     4     0     2   -11.0  -36.672  -58.855   1237.0    866.3
     5     1    19    11    26     4     0     2   -11.0  -35.695  -59.603   2490.4    746.2
     1     1    19    11    26     3     0     3   -12.0  -35.889  -58.770      7.6   1005.0
     2     1    19    11    26     3     0     3   -12.0  -36.432  -58.990    247.1    975.9
     3     1    19    11    26     3     0     3   -12.0  -36.965  -59.218    781.7    907.8
     4     1    19    11    26     3     0     3   -12.0  -36.789  -58.927   1265.4    861.5
     5     1    19    11    26     3     0     3   -12.0  -35.818  -59.814   2571.1    737.9
     1     1    19    11    26     2     0     2   -13.0  -35.939  -58.710      7.5   1005.3
     2     1    19    11    26     2     0     2   -13.0  -36.410  -58.904    259.9    974.8
     3     1    19    11    26     2     0     2   -13.0  -37.011  -59.270    811.1    901.2
     4     1    19    11    26     2     0     2   -13.0  -36.888  -59.013   1263.3    857.6
     5     1    19    11    26     2     0     2   -13.0  -35.949  -60.031   2649.3    725.7
     1     1    19    11    26     1     0     1   -14.0  -35.969  -58.634      7.9   1005.4
     2     1    19    11    26     1     0     1   -14.0  -36.350  -58.770    271.9    974.6
     3     1    19    11    26     1     0     1   -14.0  -37.016  -59.283    790.3    903.2
     4     1    19    11    26     1     0     1   -14.0  -36.951  -59.077   1213.5    862.0
     5     1    19    11    26     1     0     1   -14.0  -36.048  -60.245   2697.1    720.2
     1     1    19    11    26     0     0     0   -15.0  -35.978  -58.545      8.9   1005.4
     2     1    19    11    26     0     0     0   -15.0  -36.246  -58.584    290.6    973.8
     3     1    19    11    26     0     0     0   -15.0  -36.977  -59.239    713.0    911.7
     4     1    19    11    26     0     0     0   -15.0  -36.964  -59.108   1114.7    871.3
     5     1    19    11    26     0     0     0   -15.0  -36.122  -60.456   2705.7    718.3
     1     1    19    11    25    23     0     1   -16.0  -35.963  -58.447     10.2   1005.2
     2     1    19    11    25    23     0     1   -16.0  -36.109  -58.372    320.9    971.1
     3     1    19    11    25    23     0     1   -16.0  -36.888  -59.135    634.4    929.2
     4     1    19    11    25    23     0     1   -16.0  -36.920  -59.101   1011.4    887.6
     5     1    19    11    25    23     0     1   -16.0  -36.186  -60.669   2703.7    720.5
     1     1    19    11    25    22     0     2   -17.0  -35.924  -58.338     12.2   1004.7
     2     1    19    11    25    22     0     2   -17.0  -35.955  -58.148    361.7    966.6
     3     1    19    11    25    22     0     2   -17.0  -36.764  -59.009    623.6    933.6
     4     1    19    11    25    22     0     2   -17.0  -36.827  -59.071    965.5    894.5
     5     1    19    11    25    22     0     2   -17.0  -36.250  -60.901   2730.0    718.9
     1     1    19    11    25    21     0     3   -18.0  -35.866  -58.212     15.0   1004.2
     2     1    19    11    25    21     0     3   -18.0  -35.789  -57.892    387.5    961.3
     3     1    19    11    25    21     0     3   -18.0  -36.612  -58.876    672.0    928.8
     4     1    19    11    25    21     0     3   -18.0  -36.698  -59.029    983.1    894.2
     5     1    19    11    25    21     0     3   -18.0  -36.309  -61.152   2810.9    712.3
     1     1    19    11    25    20     0     2   -19.0  -35.795  -58.084     18.8   1004.9
     2     1    19    11    25    20     0     2   -19.0  -35.613  -57.619    393.6    963.2
     3     1    19    11    25    20     0     2   -19.0  -36.426  -58.747    709.3    921.6
     4     1    19    11    25    20     0     2   -19.0  -36.537  -58.983   1020.0    887.8
     5     1    19    11    25    20     0     2   -19.0  -36.353  -61.394   2918.1    699.1
     1     1    19    11    25    19     0     1   -20.0  -35.706  -57.964     23.1   1005.5
     2     1    19    11    25    19     0     1   -20.0  -35.425  -57.367    424.6    963.1
     3     1    19    11    25    19     0     1   -20.0  -36.209  -58.617    711.0    925.6
     4     1    19    11    25    19     0     1   -20.0  -36.338  -58.935   1043.3    888.3
     5     1    19    11    25    19     0     1   -20.0  -36.388  -61.607   3001.2    691.4
     1     1    19    11    25    18     0     0   -21.0  -35.586  -57.836     27.5   1005.7
     2     1    19    11    25    18     0     0   -21.0  -35.257  -57.207    503.8    954.8
     3     1    19    11    25    18     0     0   -21.0  -35.975  -58.499    707.4    929.0
     4     1    19    11    25    18     0     0   -21.0  -36.102  -58.905   1073.3    888.6
     5     1    19    11    25    18     0     0   -21.0  -36.427  -61.789   3052.6    686.6
     1     1    19    11    25    17     0     1   -22.0  -35.454  -57.690     30.5   1005.7
     2     1    19    11    25    17     0     1   -22.0  -35.109  -57.102    622.3    941.7
     3     1    19    11    25    17     0     1   -22.0  -35.748  -58.359    728.3    929.1
     4     1    19    11    25    17     0     1   -22.0  -35.851  -58.864   1120.4    884.5
     5     1    19    11    25    17     0     1   -22.0  -36.489  -61.938   3099.3    685.0
     1     1    19    11    25    16     0     2   -23.0  -35.341  -57.537     32.1   1006.2
     2     1    19    11    25    16     0     2   -23.0  -34.952  -56.970    788.8    923.9
     3     1    19    11    25    16     0     2   -23.0  -35.551  -58.186    777.9    922.4
     4     1    19    11    25    16     0     2   -23.0  -35.609  -58.780   1255.0    879.2
     5     1    19    11    25    16     0     2   -23.0  -36.577  -62.059   3174.1    679.1
     1     1    19    11    25    15     0     3   -24.0  -35.244  -57.371     34.3   1006.6
     2     1    19    11    25    15     0     3   -24.0  -34.728  -56.787    943.0    897.7
     3     1    19    11    25    15     0     3   -24.0  -35.412  -58.014    764.9    916.5
     4     1    19    11    25    15     0     3   -24.0  -35.391  -58.749   1661.2    848.0
     5     1    19    11    25    15     0     3   -24.0  -36.677  -62.160   3278.7    669.4
     1     1    19    11    25    14     0     2   -25.0  -35.130  -57.157     39.4   1007.1
     2     1    19    11    25    14     0     2   -25.0  -34.430  -56.587    992.0    885.4
     3     1    19    11    25    14     0     2   -25.0  -35.291  -57.829    721.1    932.1
     4     1    19    11    25    14     0     2   -25.0  -35.179  -58.893   2398.5    765.1
     5     1    19    11    25    14     0     2   -25.0  -36.774  -62.266   3368.7    658.1
     1     1    19    11    25    13     0     1   -26.0  -34.973  -56.865     46.5   1006.9
     2     1    19    11    25    13     0     1   -26.0  -34.068  -56.378    976.8    890.0
     3     1    19    11    25    13     0     1   -26.0  -35.131  -57.614    722.9    932.6
     4     1    19    11    25    13     0     1   -26.0  -34.847  -59.138   3109.8    679.1
     5     1    19    11    25    13     0     1   -26.0  -36.850  -62.379   3374.7    655.0
     1     1    19    11    25    12     0     0   -27.0  -34.772  -56.516     52.0   1004.5
     2     1    19    11    25    12     0     0   -27.0  -33.650  -56.166    979.5    893.2
     3     1    19    11    25    12     0     0   -27.0  -34.909  -57.350    760.0    925.1
     4     1    19    11    25    12     0     0   -27.0  -34.354  -59.344   3319.5    658.0
     5     1    19    11    25    12     0     0   -27.0  -36.906  -62.476   3249.8    663.8
     1     1    19    11    25    11     0     1   -28.0  -34.559  -56.153     61.1   1001.8
     2     1    19    11    25    11     0     1   -28.0  -33.230  -55.954    979.1    889.1
     3     1    19    11    25    11     0     1   -28.0  -34.595  -57.041    784.9    914.4
     4     1    19    11    25    11     0     1   -28.0  -33.868  -59.573   3115.5    687.5
     5     1    19    11    25    11     0     1   -28.0  -36.995  -62.578   3245.3    686.3
     1     1    19    11    25    10     0     2   -29.0  -34.369  -55.804     72.1    996.5
     2     1    19    11    25    10     0     2   -29.0  -32.828  -55.706    941.4    889.7
     3     1    19    11    25    10     0     2   -29.0  -34.210  -56.696    806.0    909.2
     4     1    19    11    25    10     0     2   -29.0  -33.470  -59.826   2856.4    723.6
     5     1    19    11    25    10     0     2   -29.0  -37.119  -62.814   3595.1    654.0
     1     1    19    11    25     9     0     3   -30.0  -34.221  -55.472     77.9    990.6
     2     1    19    11    25     9     0     3   -30.0  -32.435  -55.418    885.4    894.7
     3     1    19    11    25     9     0     3   -30.0  -33.793  -56.325    818.3    905.6
     4     1    19    11    25     9     0     3   -30.0  -33.127  -60.088   2687.3    737.1
     5     1    19    11    25     9     0     3   -30.0  -37.167  -63.205   4032.4    605.6
     1     1    19    11    25     8     0     2   -31.0  -34.094  -55.141     79.8    984.8
     2     1    19    11    25     8     0     2   -31.0  -32.058  -55.101    831.8    901.0
     3     1    19    11    25     8     0     2   -31.0  -33.368  -55.913    806.7    908.4
     4     1    19    11    25     8     0     2   -31.0  -32.799  -60.362   2595.0    741.6
     5     1    19    11    25     8     0     2   -31.0  -37.198  -63.748   4435.3    573.5
     1     1    19    11    25     7     0     1   -32.0  -33.968  -54.805     79.0    983.9
     2     1    19    11    25     7     0     1   -32.0  -31.707  -54.750    800.5    904.9
     3     1    19    11    25     7     0     1   -32.0  -32.973  -55.464    791.9    905.3
     4     1    19    11    25     7     0     1   -32.0  -32.455  -60.623   2525.7    743.3
     5     1    19    11    25     7     0     1   -32.0  -37.213  -64.478   4845.0    541.8
     1     1    19    11    25     6     0     0   -33.0  -33.846  -54.489     77.6    989.3
     2     1    19    11    25     6     0     0   -33.0  -31.390  -54.382    829.7    898.0
     3     1    19    11    25     6     0     0   -33.0  -32.624  -54.994    780.3    902.3
     4     1    19    11    25     6     0     0   -33.0  -32.104  -60.887   2444.0    753.7
     5     1    19    11    25     6     0     0   -33.0  -36.978  -65.339   5188.2    510.4
     1     1    19    11    25     5     0     1   -34.0  -33.734  -54.202     73.9    995.0
     2     1    19    11    25     5     0     1   -34.0  -31.109  -54.064    924.8    875.7
     3     1    19    11    25     5     0     1   -34.0  -32.314  -54.515    774.1    909.6
     4     1    19    11    25     5     0     1   -34.0  -31.748  -61.141   2346.0    763.9
     5     1    19    11    25     5     0     1   -34.0  -36.574  -66.201   5357.5    498.1
     1     1    19    11    25     4     0     2   -35.0  -33.638  -53.946     65.5   1000.9
     2     1    19    11    25     4     0     2   -35.0  -30.864  -53.805   1040.8    866.2
     3     1    19    11    25     4     0     2   -35.0  -32.037  -54.012    782.0    908.5
     4     1    19    11    25     4     0     2   -35.0  -31.364  -61.347   2248.3    771.8
     5     1    19    11    25     4     0     2   -35.0  -36.086  -67.025   5324.1    502.3
     1     1    19    11    25     3     0     3   -36.0  -33.549  -53.700     56.6   1004.7
     2     1    19    11    25     3     0     3   -36.0  -30.645  -53.527   1116.7    869.2
     3     1    19    11    25     3     0     3   -36.0  -31.796  -53.492    810.1    906.1
     4     1    19    11    25     3     0     3   -36.0  -30.955  -61.530   2167.2    778.1
     5     1    19    11    25     3     0     3   -36.0  -35.496  -67.824   5121.7    496.8
     1     1    19    11    25     2     0     2   -37.0  -33.464  -53.445     49.9   1007.8
     2     1    19    11    25     2     0     2   -37.0  -30.457  -53.222   1168.0    873.0
     3     1    19    11    25     2     0     2   -37.0  -31.597  -52.976    848.5    906.2
     4     1    19    11    25     2     0     2   -37.0  -30.537  -61.695   2128.1    779.5
     5     1    19    11    25     2     0     2   -37.0  -34.866  -68.453   5034.5    482.6
     1     1    19    11    25     1     0     1   -38.0  -33.382  -53.177     46.2   1010.7
     2     1    19    11    25     1     0     1   -38.0  -30.307  -52.922   1212.3    874.7
     3     1    19    11    25     1     0     1   -38.0  -31.451  -52.479    879.1    909.0
     4     1    19    11    25     1     0     1   -38.0  -30.118  -61.834   2138.6    778.8
     5     1    19    11    25     1     0     1   -38.0  -34.227  -69.025   4800.6    472.2
     1     1    19    11    25     0     0     0   -39.0  -33.310  -52.898     45.2   1012.7
     2     1    19    11    25     0     0     0   -39.0  -30.192  -52.642   1252.8    873.3
     3     1    19    11    25     0     0     0   -39.0  -31.357  -52.007    890.3    914.0
     4     1    19    11    25     0     0     0   -39.0  -29.682  -61.949   2195.0    773.7
     5     1    19    11    25     0     0     0   -39.0  -33.573  -69.647   4571.9    419.0
     1     1    19    11    24    23     0     1   -40.0  -33.258  -52.608     44.8   1012.5
     2     1    19    11    24    23     0     1   -40.0  -30.095  -52.385   1297.7    870.7
     3     1    19    11    24    23     0     1   -40.0  -31.310  -51.565    894.5    916.4
     4     1    19    11    24    23     0     1   -40.0  -29.223  -62.031   2287.6    764.0
     5     1    19    11    24    23     0     1   -40.0  -32.896  -70.536   5003.7    400.7
     1     1    19    11    24    22     0     2   -41.0  -33.234  -52.307     43.5   1012.6
     2     1    19    11    24    22     0     2   -41.0  -29.997  -52.153   1353.4    864.7
     3     1    19    11    24    22     0     2   -41.0  -31.304  -51.178    922.2    912.5
     4     1    19    11    24    22     0     2   -41.0  -28.747  -62.078   2387.9    752.8
     5     1    19    11    24    22     0     2   -41.0  -32.360  -71.183   5329.2    459.7
     1     1    19    11    24    21     0     3   -42.0  -33.236  -52.002     41.5   1012.7
     2     1    19    11    24    21     0     3   -42.0  -29.889  -51.949   1415.0    853.5
     3     1    19    11    24    21     0     3   -42.0  -31.335  -50.849    978.2    907.0
     4     1    19    11    24    21     0     3   -42.0  -28.296  -62.070   2428.9    746.5
     5     1    19    11    24    21     0     3   -42.0  -31.919  -71.677   5259.2    500.9
     1     1    19    11    24    20     0     2   -43.0  -33.265  -51.717     39.8   1013.5
     2     1    19    11    24    20     0     2   -43.0  -29.774  -51.771   1481.0    840.3
     3     1    19    11    24    20     0     2   -43.0  -31.383  -50.585   1044.2    898.9
     4     1    19    11    24    20     0     2   -43.0  -27.889  -62.013   2421.6    749.8
     5     1    19    11    24    20     0     2   -43.0  -31.532  -72.087   5142.9    543.4
     1     1    19    11    24    19     0     1   -44.0  -33.314  -51.468     39.2   1014.2
     2     1    19    11    24    19     0     1   -44.0  -29.669  -51.610   1546.8    826.6
     3     1    19    11    24    19     0     1   -44.0  -31.437  -50.383   1105.8    892.5
     4     1    19    11    24    19     0     1   -44.0  -27.521  -61.940   2397.3    751.0
     5     1    19    11    24    19     0     1   -44.0  -31.175  -72.448   4997.3    553.3
     1     1    19    11    24    18     0     0   -45.0  -33.377  -51.253     39.4   1014.9
     2     1    19    11    24    18     0     0   -45.0  -29.582  -51.460   1616.4    813.6
     3     1    19    11    24    18     0     0   -45.0  -31.495  -50.230   1158.5    887.3
     4     1    19    11    24    18     0     0   -45.0  -27.189  -61.868   2350.8    753.2
     5     1    19    11    24    18     0     0   -45.0  -30.839  -72.797   4916.3    560.1
     1     1    19    11    24    17     0     1   -46.0  -33.443  -51.070     41.5   1015.8
     2     1    19    11    24    17     0     1   -46.0  -29.513  -51.324   1692.0    800.0
     3     1    19    11    24    17     0     1   -46.0  -31.553  -50.107   1213.9    883.0
     4     1    19    11    24    17     0     1   -46.0  -26.903  -61.802   2297.4    760.5
     5     1    19    11    24    17     0     1   -46.0  -30.522  -73.163   4869.4    560.6
     1     1    19    11    24    16     0     2   -47.0  -33.503  -50.920     47.2   1016.2
     2     1    19    11    24    16     0     2   -47.0  -29.464  -51.193   1766.4    787.4
     3     1    19    11    24    16     0     2   -47.0  -31.611  -50.003   1290.9    875.6
     4     1    19    11    24    16     0     2   -47.0  -26.659  -61.749   2264.6    764.1
     5     1    19    11    24    16     0     2   -47.0  -30.231  -73.559   4810.5    564.1
     1     1    19    11    24    15     0     3   -48.0  -33.555  -50.799     56.7   1016.0
     2     1    19    11    24    15     0     3   -48.0  -29.437  -51.059   1833.4    777.2
     3     1    19    11    24    15     0     3   -48.0  -31.664  -49.916   1395.2    864.8
     4     1    19    11    24    15     0     3   -48.0  -26.444  -61.715   2245.5    765.4
     5     1    19    11    24    15     0     3   -48.0  -29.952  -73.993   4748.0    569.8
     1     1    19    11    24    14     0     2   -49.0  -33.609  -50.683     65.6   1014.1
     2     1    19    11    24    14     0     2   -49.0  -29.443  -50.920   1898.5    770.7
     3     1    19    11    24    14     0     2   -49.0  -31.712  -49.833   1498.9    851.2
     4     1    19    11    24    14     0     2   -49.0  -26.252  -61.701   2228.9    766.5
     5     1    19    11    24    14     0     2   -49.0  -29.684  -74.460   4693.8    573.5
     1     1    19    11    24    13     0     1   -50.0  -33.678  -50.551     68.1   1014.0
     2     1    19    11    24    13     0     1   -50.0  -29.491  -50.776   1966.0    767.1
     3     1    19    11    24    13     0     1   -50.0  -31.769  -49.735   1572.9    843.2
     4     1    19    11    24    13     0     1   -50.0  -26.076  -61.708   2214.6    767.9
     5     1    19    11    24    13     0     1   -50.0  -29.438  -74.948   4649.7    577.1
     1     1    19    11    24    12     0     0   -51.0  -33.762  -50.399     66.1   1014.7
     2     1    19    11    24    12     0     0   -51.0  -29.575  -50.622   2036.2    766.6
     3     1    19    11    24    12     0     0   -51.0  -31.843  -49.617   1617.6    838.8
     4     1    19    11    24    12     0     0   -51.0  -25.912  -61.733   2209.8    768.8
     5     1    19    11    24    12     0     0   -51.0  -29.206  -75.448   4630.1    579.0
     1     1    19    11    24    11     0     1   -52.0  -33.863  -50.232     65.2   1014.3
     2     1    19    11    24    11     0     1   -52.0  -29.685  -50.460   2106.2    767.0
     3     1    19    11    24    11     0     1   -52.0  -31.942  -49.486   1649.5    836.4
     4     1    19    11    24    11     0     1   -52.0  -25.755  -61.778   2216.7    767.5
     5     1    19    11    24    11     0     1   -52.0  -28.974  -75.961   4639.6    578.0
     1     1    19    11    24    10     0     2   -53.0  -33.980  -50.055     69.3   1012.7
     2     1    19    11    24    10     0     2   -53.0  -29.809  -50.288   2169.6    769.7
     3     1    19    11    24    10     0     2   -53.0  -32.078  -49.352   1685.4    832.5
     4     1    19    11    24    10     0     2   -53.0  -25.596  -61.846   2234.6    765.5
     5     1    19    11    24    10     0     2   -53.0  -28.750  -76.491   4658.3    575.2
     1     1    19    11    24     9     0     3   -54.0  -34.113  -49.868     77.9   1010.4
     2     1    19    11    24     9     0     3   -54.0  -29.944  -50.099   2228.9    774.2
     3     1    19    11    24     9     0     3   -54.0  -32.256  -49.218   1731.7    827.7
     4     1    19    11    24     9     0     3   -54.0  -25.431  -61.942   2267.5    762.4
     5     1    19    11    24     9     0     3   -54.0  -28.546  -77.033   4675.4    574.4
     1     1    19    11    24     8     0     2   -55.0  -34.268  -49.681     87.6   1009.0
     2     1    19    11    24     8     0     2   -55.0  -30.107  -49.905   2297.7    773.4
     3     1    19    11    24     8     0     2   -55.0  -32.477  -49.093   1786.6    821.4
     4     1    19    11    24     8     0     2   -55.0  -25.254  -62.057   2317.6    757.6
     5     1    19    11    24     8     0     2   -55.0  -28.348  -77.586   4676.7    573.0
     1     1    19    11    24     7     0     1   -56.0  -34.447  -49.498     96.9   1008.0
     2     1    19    11    24     7     0     1   -56.0  -30.323  -49.740   2373.7    764.3
     3     1    19    11    24     7     0     1   -56.0  -32.737  -48.982   1846.7    815.5
     4     1    19    11    24     7     0     1   -56.0  -25.063  -62.182   2382.4    751.2
     5     1    19    11    24     7     0     1   -56.0  -28.149  -78.143   4658.3    575.8
     1     1    19    11    24     6     0     0   -57.0  -34.646  -49.311    108.1   1006.8
     2     1    19    11    24     6     0     0   -57.0  -30.588  -49.617   2443.1    757.5
     3     1    19    11    24     6     0     0   -57.0  -33.033  -48.879   1919.4    808.5
     4     1    19    11    24     6     0     0   -57.0  -24.857  -62.311   2455.3    743.2
     5     1    19    11    24     6     0     0   -57.0  -27.951  -78.706   4618.4    577.7
     1     1    19    11    24     5     0     1   -58.0  -34.869  -49.127    119.3   1005.7
     2     1    19    11    24     5     0     1   -58.0  -30.894  -49.534   2498.7    752.0
     3     1    19    11    24     5     0     1   -58.0  -33.371  -48.803   2002.7    799.5
     4     1    19    11    24     5     0     1   -58.0  -24.638  -62.415   2518.2    735.6
     5     1    19    11    24     5     0     1   -58.0  -27.766  -79.261   4569.9    584.0
     1     1    19    11    24     4     0     2   -59.0  -35.122  -48.957    128.1   1005.1
     2     1    19    11    24     4     0     2   -59.0  -31.228  -49.489   2546.8    748.9
     3     1    19    11    24     4     0     2   -59.0  -33.752  -48.760   2083.3    791.2
     4     1    19    11    24     4     0     2   -59.0  -24.421  -62.477   2548.0    731.9
     5     1    19    11    24     4     0     2   -59.0  -27.589  -79.805   4543.2    586.6
     1     1    19    11    24     3     0     3   -60.0  -35.401  -48.797    134.4   1004.8
     2     1    19    11    24     3     0     3   -60.0  -31.582  -49.475   2603.1    744.2
     3     1    19    11    24     3     0     3   -60.0  -34.165  -48.736   2158.7    784.5
     4     1    19    11    24     3     0     3   -60.0  -24.213  -62.500   2525.0    732.6
     5     1    19    11    24     3     0     3   -60.0  -27.412  -80.341   4536.7    587.3
     1     1    19    11    24     2     0     2   -61.0  -35.700  -48.651    140.6   1004.8
     2     1    19    11    24     2     0     2   -61.0  -31.955  -49.482   2679.6    738.3
     3     1    19    11    24     2     0     2   -61.0  -34.597  -48.731   2243.4    777.5
     4     1    19    11    24     2     0     2   -61.0  -24.031  -62.479   2472.6    739.5
     5     1    19    11    24     2     0     2   -61.0  -27.241  -80.883   4554.4    586.3
     1     1    19    11    24     1     0     1   -62.0  -36.022  -48.526    150.0   1004.1
     2     1    19    11    24     1     0     1   -62.0  -32.349  -49.512   2776.8    728.9
     3     1    19    11    24     1     0     1   -62.0  -35.045  -48.749   2343.3    767.6
     4     1    19    11    24     1     0     1   -62.0  -23.887  -62.408   2429.3    744.3
     5     1    19    11    24     1     0     1   -62.0  -27.089  -81.449   4583.4    582.5
     1     1    19    11    24     0     0     0   -63.0  -36.361  -48.422    163.6   1002.6
     2     1    19    11    24     0     0     0   -63.0  -32.767  -49.552   2874.7    719.3
     3     1    19    11    24     0     0     0   -63.0  -35.505  -48.777   2454.2    757.1
     4     1    19    11    24     0     0     0   -63.0  -23.785  -62.282   2395.3    747.0
     5     1    19    11    24     0     0     0   -63.0  -26.959  -82.034   4613.8    580.9
     1     1    19    11    23    23     0     1   -64.0  -36.711  -48.340    177.6    999.8
     2     1    19    11    23    23     0     1   -64.0  -33.210  -49.611   2963.0    711.0
     3     1    19    11    23    23     0     1   -64.0  -35.972  -48.818   2572.2    745.1
     4     1    19    11    23    23     0     1   -64.0  -23.722  -62.127   2371.7    749.4
     5     1    19    11    23    23     0     1   -64.0  -26.847  -82.630   4634.5    577.6
     1     1    19    11    23    22     0     2   -65.0  -37.071  -48.273    189.3    997.8
     2     1    19    11    23    22     0     2   -65.0  -33.685  -49.703   3049.4    703.3
     3     1    19    11    23    22     0     2   -65.0  -36.458  -48.878   2686.7    733.6
     4     1    19    11    23    22     0     2   -65.0  -23.690  -61.974   2374.0    749.5
     5     1    19    11    23    22     0     2   -65.0  -26.744  -83.229   4651.3    578.1
     1     1    19    11    23    21     0     3   -66.0  -37.441  -48.208    201.1    996.1
     2     1    19    11    23    21     0     3   -66.0  -34.198  -49.818   3132.5    694.9
     3     1    19    11    23    21     0     3   -66.0  -36.970  -48.926   2779.8    723.3
     4     1    19    11    23    21     0     3   -66.0  -23.686  -61.829   2422.3    746.8
     5     1    19    11    23    21     0     3   -66.0  -26.641  -83.858   4702.2    574.9
     1     1    19    11    23    20     0     2   -67.0  -37.809  -48.141    211.5    994.6
     2     1    19    11    23    20     0     2   -67.0  -34.737  -49.946   3223.1    688.5
     3     1    19    11    23    20     0     2   -67.0  -37.501  -48.964   2867.2    717.7
     4     1    19    11    23    20     0     2   -67.0  -23.699  -61.695   2513.7    738.6
     5     1    19    11    23    20     0     2   -67.0  -26.537  -84.519   4758.5    568.2
     1     1    19    11    23    19     0     1   -68.0  -38.179  -48.077    214.8    994.0
     2     1    19    11    23    19     0     1   -68.0  -35.290  -50.091   3350.3    678.3
     3     1    19    11    23    19     0     1   -68.0  -38.052  -49.015   2984.6    707.4
     4     1    19    11    23    19     0     1   -68.0  -23.725  -61.570   2630.0    729.8
     5     1    19    11    23    19     0     1   -68.0  -26.437  -85.186   4801.8    566.6
     1     1    19    11    23    18     0     0   -69.0  -38.553  -48.003    209.9    994.6
     2     1    19    11    23    18     0     0   -69.0  -35.868  -50.259   3527.1    663.3
     3     1    19    11    23    18     0     0   -69.0  -38.624  -49.072   3126.9    693.4
     4     1    19    11    23    18     0     0   -69.0  -23.764  -61.451   2763.4    718.9
     5     1    19    11    23    18     0     0   -69.0  -26.348  -85.862   4835.7    563.2
     1     1    19    11    23    17     0     1   -70.0  -38.926  -47.917    198.9    996.0
     2     1    19    11    23    17     0     1   -70.0  -36.485  -50.457   3709.3    644.1
     3     1    19    11    23    17     0     1   -70.0  -39.210  -49.137   3263.0    679.8
     4     1    19    11    23    17     0     1   -70.0  -23.820  -61.339   2878.8    707.5
     5     1    19    11    23    17     0     1   -70.0  -26.279  -86.551   4870.7    562.3
     1     1    19    11    23    16     0     2   -71.0  -39.297  -47.848    187.3    997.7
     2     1    19    11    23    16     0     2   -71.0  -37.124  -50.683   3817.6    633.0
     3     1    19    11    23    16     0     2   -71.0  -39.803  -49.212   3391.6    669.6
     4     1    19    11    23    16     0     2   -71.0  -23.901  -61.236   2953.4    702.4
     5     1    19    11    23    16     0     2   -71.0  -26.222  -87.256   4944.2    558.0
     1     1    19    11    23    15     0     3   -72.0  -39.672  -47.796    178.5    998.8
     2     1    19    11    23    15     0     3   -72.0  -37.780  -50.922   3895.5    631.4
     3     1    19    11    23    15     0     3   -72.0  -40.413  -49.298   3529.1    657.5
     4     1    19    11    23    15     0     3   -72.0  -24.010  -61.148   3000.1    699.8
     5     1    19    11    23    15     0     3   -72.0  -26.170  -87.975   5069.0    548.9
