     7     1
    GDAS    19     9    29     0     0
    GDAS    19    10     1     0     0
    GDAS    19    10     8     0     0
    GDAS    19    10    15     0     0
    GDAS    19    10    22     0     0
    GDAS    19    10    29     0     0
    GDAS    19    11     1     0     0
     5 BACKWARD OMEGA   
    19    10     7     3  -34.572  -58.513    10.0
    19    10     7     3  -34.572  -58.513   200.0
    19    10     7     3  -34.572  -58.513   500.0
    19    10     7     3  -34.572  -58.513  1000.0
    19    10     7     3  -34.572  -58.513  2000.0
     1 PRESSURE
     1     1    19    10     7     3     0     3     0.0  -34.572  -58.513     10.0   1011.3
     2     1    19    10     7     3     0     3     0.0  -34.572  -58.513    200.0    990.2
     3     1    19    10     7     3     0     3     0.0  -34.572  -58.513    500.0    955.6
     4     1    19    10     7     3     0     3     0.0  -34.572  -58.513   1000.0    900.3
     5     1    19    10     7     3     0     3     0.0  -34.572  -58.513   2000.0    798.2
     1     1    19    10     7     2     0     2    -1.0  -34.430  -58.487     13.1   1011.4
     2     1    19    10     7     2     0     2    -1.0  -34.236  -58.499    238.5    985.5
     3     1    19    10     7     2     0     2    -1.0  -34.192  -58.587    574.1    947.5
     4     1    19    10     7     2     0     2    -1.0  -34.302  -58.700   1095.4    889.4
     5     1    19    10     7     2     0     2    -1.0  -34.526  -58.845   2087.6    792.2
     1     1    19    10     7     1     0     1    -2.0  -34.298  -58.452     18.4   1010.9
     2     1    19    10     7     1     0     1    -2.0  -33.928  -58.469    290.0    978.8
     3     1    19    10     7     1     0     1    -2.0  -33.866  -58.642    649.0    938.5
     4     1    19    10     7     1     0     1    -2.0  -34.079  -58.848   1161.6    882.8
     5     1    19    10     7     1     0     1    -2.0  -34.492  -59.186   2198.6    782.3
     1     1    19    10     7     0     0     0    -3.0  -34.172  -58.410     27.3   1009.8
     2     1    19    10     7     0     0     0    -3.0  -33.664  -58.426    338.9    972.8
     3     1    19    10     7     0     0     0    -3.0  -33.586  -58.667    696.1    932.5
     4     1    19    10     7     0     0     0    -3.0  -33.890  -58.955   1191.5    880.8
     5     1    19    10     7     0     0     0    -3.0  -34.467  -59.553   2319.1    769.7
     1     1    19    10     6    23     0     1    -4.0  -34.038  -58.367     40.9   1007.3
     2     1    19    10     6    23     0     1    -4.0  -33.446  -58.373    376.8    970.2
     3     1    19    10     6    23     0     1    -4.0  -33.348  -58.663    727.7    933.2
     4     1    19    10     6    23     0     1    -4.0  -33.716  -59.030   1223.2    882.1
     5     1    19    10     6    23     0     1    -4.0  -34.455  -59.929   2430.6    758.2
     1     1    19    10     6    22     0     2    -5.0  -33.889  -58.332     58.3   1005.0
     2     1    19    10     6    22     0     2    -5.0  -33.264  -58.315    405.3    967.9
     3     1    19    10     6    22     0     2    -5.0  -33.146  -58.644    772.1    928.8
     4     1    19    10     6    22     0     2    -5.0  -33.564  -59.098   1289.2    873.7
     5     1    19    10     6    22     0     2    -5.0  -34.458  -60.295   2522.7    746.7
     1     1    19    10     6    21     0     3    -6.0  -33.740  -58.306     76.0   1002.8
     2     1    19    10     6    21     0     3    -6.0  -33.114  -58.250    417.9    967.3
     3     1    19    10     6    21     0     3    -6.0  -32.977  -58.614    825.9    923.2
     4     1    19    10     6    21     0     3    -6.0  -33.439  -59.165   1370.6    864.2
     5     1    19    10     6    21     0     3    -6.0  -34.469  -60.658   2576.2    736.9
     1     1    19    10     6    20     0     2    -7.0  -33.601  -58.278     93.3   1002.1
     2     1    19    10     6    20     0     2    -7.0  -32.993  -58.174    418.3    969.5
     3     1    19    10     6    20     0     2    -7.0  -32.836  -58.575    884.3    917.7
     4     1    19    10     6    20     0     2    -7.0  -33.338  -59.230   1461.3    855.6
     5     1    19    10     6    20     0     2    -7.0  -34.476  -61.020   2586.7    734.7
     1     1    19    10     6    19     0     1    -8.0  -33.476  -58.238    110.5   1001.6
     2     1    19    10     6    19     0     1    -8.0  -32.897  -58.088    420.5    970.9
     3     1    19    10     6    19     0     1    -8.0  -32.721  -58.531    946.0    910.9
     4     1    19    10     6    19     0     1    -8.0  -33.261  -59.293   1569.3    845.6
     5     1    19    10     6    19     0     1    -8.0  -34.482  -61.381   2620.4    736.6
     1     1    19    10     6    18     0     0    -9.0  -33.368  -58.187    128.5   1001.2
     2     1    19    10     6    18     0     0    -9.0  -32.822  -57.995    434.9    969.9
     3     1    19    10     6    18     0     0    -9.0  -32.633  -58.481   1007.8    904.3
     4     1    19    10     6    18     0     0    -9.0  -33.216  -59.360   1701.4    832.3
     5     1    19    10     6    18     0     0    -9.0  -34.492  -61.764   2719.1    727.7
     1     1    19    10     6    17     0     1   -10.0  -33.277  -58.125    146.3   1000.6
     2     1    19    10     6    17     0     1   -10.0  -32.760  -57.896    455.7    966.3
     3     1    19    10     6    17     0     1   -10.0  -32.567  -58.423   1057.9    898.5
     4     1    19    10     6    17     0     1   -10.0  -33.209  -59.436   1819.8    817.4
     5     1    19    10     6    17     0     1   -10.0  -34.512  -62.162   2846.8    713.4
     1     1    19    10     6    16     0     2   -11.0  -33.201  -58.052    162.2   1000.1
     2     1    19    10     6    16     0     2   -11.0  -32.705  -57.788    476.6    963.3
     3     1    19    10     6    16     0     2   -11.0  -32.515  -58.348   1088.7    896.3
     4     1    19    10     6    16     0     2   -11.0  -33.223  -59.511   1887.5    811.1
     5     1    19    10     6    16     0     2   -11.0  -34.539  -62.549   2951.7    701.6
     1     1    19    10     6    15     0     3   -12.0  -33.139  -57.967    177.1    999.5
     2     1    19    10     6    15     0     3   -12.0  -32.659  -57.667    497.6    960.0
     3     1    19    10     6    15     0     3   -12.0  -32.478  -58.257   1105.8    895.5
     4     1    19    10     6    15     0     3   -12.0  -33.240  -59.573   1906.1    809.9
     5     1    19    10     6    15     0     3   -12.0  -34.551  -62.921   3008.7    696.0
     1     1    19    10     6    14     0     2   -13.0  -33.087  -57.871    192.9    997.6
     2     1    19    10     6    14     0     2   -13.0  -32.629  -57.522    519.3    955.7
     3     1    19    10     6    14     0     2   -13.0  -32.460  -58.148   1123.2    895.0
     4     1    19    10     6    14     0     2   -13.0  -33.260  -59.621   1897.3    813.1
     5     1    19    10     6    14     0     2   -13.0  -34.563  -63.273   3046.4    694.0
     1     1    19    10     6    13     0     1   -14.0  -33.042  -57.762    211.6    995.1
     2     1    19    10     6    13     0     1   -14.0  -32.622  -57.343    540.7    950.9
     3     1    19    10     6    13     0     1   -14.0  -32.468  -58.025   1152.1    892.0
     4     1    19    10     6    13     0     1   -14.0  -33.295  -59.664   1884.3    814.5
     5     1    19    10     6    13     0     1   -14.0  -34.597  -63.604   3095.1    688.0
     1     1    19    10     6    12     0     0   -15.0  -33.005  -57.637    233.4    992.0
     2     1    19    10     6    12     0     0   -15.0  -32.642  -57.128    557.8    946.2
     3     1    19    10     6    12     0     0   -15.0  -32.503  -57.895   1189.6    886.4
     4     1    19    10     6    12     0     0   -15.0  -33.343  -59.699   1866.8    816.5
     5     1    19    10     6    12     0     0   -15.0  -34.638  -63.909   3151.6    681.6
     1     1    19    10     6    11     0     1   -16.0  -32.982  -57.497    256.7    987.6
     2     1    19    10     6    11     0     1   -16.0  -32.688  -56.901    578.3    943.3
     3     1    19    10     6    11     0     1   -16.0  -32.561  -57.780   1228.1    879.6
     4     1    19    10     6    11     0     1   -16.0  -33.406  -59.731   1865.3    818.3
     5     1    19    10     6    11     0     1   -16.0  -34.704  -64.208   3207.6    673.5
     1     1    19    10     6    10     0     2   -17.0  -32.977  -57.348    280.4    982.8
     2     1    19    10     6    10     0     2   -17.0  -32.761  -56.686    611.2    939.8
     3     1    19    10     6    10     0     2   -17.0  -32.635  -57.689   1263.8    874.7
     4     1    19    10     6    10     0     2   -17.0  -33.488  -59.770   1903.8    814.2
     5     1    19    10     6    10     0     2   -17.0  -34.810  -64.526   3245.8    666.4
     1     1    19    10     6     9     0     3   -18.0  -32.993  -57.195    307.0    977.8
     2     1    19    10     6     9     0     3   -18.0  -32.864  -56.480    654.2    935.2
     3     1    19    10     6     9     0     3   -18.0  -32.717  -57.620   1301.1    869.9
     4     1    19    10     6     9     0     3   -18.0  -33.589  -59.823   1985.5    805.6
     5     1    19    10     6     9     0     3   -18.0  -34.936  -64.863   3257.1    661.8
     1     1    19    10     6     8     0     2   -19.0  -33.026  -57.032    335.6    972.1
     2     1    19    10     6     8     0     2   -19.0  -32.994  -56.271    697.3    929.9
     3     1    19    10     6     8     0     2   -19.0  -32.802  -57.558   1341.4    865.2
     4     1    19    10     6     8     0     2   -19.0  -33.701  -59.898   2078.0    793.4
     5     1    19    10     6     8     0     2   -19.0  -35.072  -65.230   3263.4    659.8
     1     1    19    10     6     7     0     1   -20.0  -33.070  -56.853    363.5    968.2
     2     1    19    10     6     7     0     1   -20.0  -33.144  -56.058    727.8    926.0
     3     1    19    10     6     7     0     1   -20.0  -32.884  -57.489   1383.9    860.2
     4     1    19    10     6     7     0     1   -20.0  -33.821  -59.988   2147.5    786.8
     5     1    19    10     6     7     0     1   -20.0  -35.217  -65.647   3274.0    653.8
     1     1    19    10     6     6     0     0   -21.0  -33.128  -56.666    390.9    964.9
     2     1    19    10     6     6     0     0   -21.0  -33.307  -55.855    751.9    922.1
     3     1    19    10     6     6     0     0   -21.0  -32.961  -57.407   1427.0    855.2
     4     1    19    10     6     6     0     0   -21.0  -33.955  -60.094   2192.7    782.0
     5     1    19    10     6     6     0     0   -21.0  -35.341  -66.100   3261.8    650.9
     1     1    19    10     6     5     0     1   -22.0  -33.204  -56.470    427.7    962.1
     2     1    19    10     6     5     0     1   -22.0  -33.481  -55.670    788.4    916.7
     3     1    19    10     6     5     0     1   -22.0  -33.044  -57.304   1470.1    850.0
     4     1    19    10     6     5     0     1   -22.0  -34.091  -60.211   2240.3    779.0
     5     1    19    10     6     5     0     1   -22.0  -35.442  -66.580   3270.3    655.4
     1     1    19    10     6     4     0     2   -23.0  -33.302  -56.266    482.1    955.7
     2     1    19    10     6     4     0     2   -23.0  -33.678  -55.506    829.5    908.4
     3     1    19    10     6     4     0     2   -23.0  -33.142  -57.176   1510.5    843.9
     4     1    19    10     6     4     0     2   -23.0  -34.216  -60.331   2302.6    771.2
     5     1    19    10     6     4     0     2   -23.0  -35.547  -67.102   3323.8    647.0
     1     1    19    10     6     3     0     3   -24.0  -33.419  -56.065    550.5    948.2
     2     1    19    10     6     3     0     3   -24.0  -33.904  -55.354    836.3    903.5
     3     1    19    10     6     3     0     3   -24.0  -33.252  -57.026   1542.2    838.3
     4     1    19    10     6     3     0     3   -24.0  -34.329  -60.445   2367.4    763.7
     5     1    19    10     6     3     0     3   -24.0  -35.625  -67.645   3354.0    626.5
     1     1    19    10     6     2     0     2   -25.0  -33.578  -55.879    619.2    937.7
     2     1    19    10     6     2     0     2   -25.0  -34.153  -55.216    822.2    909.4
     3     1    19    10     6     2     0     2   -25.0  -33.377  -56.887   1567.5    835.2
     4     1    19    10     6     2     0     2   -25.0  -34.436  -60.555   2420.2    756.6
     5     1    19    10     6     2     0     2   -25.0  -35.683  -68.184   3246.3    605.1
     1     1    19    10     6     1     0     1   -26.0  -33.792  -55.713    673.2    928.4
     2     1    19    10     6     1     0     1   -26.0  -34.412  -55.112    825.3    913.7
     3     1    19    10     6     1     0     1   -26.0  -33.528  -56.786   1594.6    831.9
     4     1    19    10     6     1     0     1   -26.0  -34.549  -60.664   2453.9    752.7
     5     1    19    10     6     1     0     1   -26.0  -35.707  -68.687   2934.1    608.0
     1     1    19    10     6     0     0     0   -27.0  -34.048  -55.562    723.7    922.2
     2     1    19    10     6     0     0     0   -27.0  -34.676  -55.051    836.6    916.7
     3     1    19    10     6     0     0     0   -27.0  -33.702  -56.715   1632.8    827.7
     4     1    19    10     6     0     0     0   -27.0  -34.677  -60.776   2475.3    749.9
     5     1    19    10     6     0     0     0   -27.0  -35.711  -69.172   2611.7    608.0
     1     1    19    10     5    23     0     1   -28.0  -34.307  -55.456    758.5    918.1
     2     1    19    10     5    23     0     1   -28.0  -34.938  -55.026    816.7    921.4
     3     1    19    10     5    23     0     1   -28.0  -33.894  -56.666   1678.0    820.9
     4     1    19    10     5    23     0     1   -28.0  -34.819  -60.900   2505.7    747.2
     5     1    19    10     5    23     0     1   -28.0  -35.761  -69.693   2406.1    588.8
     1     1    19    10     5    22     0     2   -29.0  -34.543  -55.403    756.4    921.7
     2     1    19    10     5    22     0     2   -29.0  -35.178  -55.022    765.4    930.9
     3     1    19    10     5    22     0     2   -29.0  -34.105  -56.639   1719.1    817.0
     4     1    19    10     5    22     0     2   -29.0  -34.961  -61.040   2552.6    740.5
     5     1    19    10     5    22     0     2   -29.0  -35.840  -70.289   2476.8    585.9
     1     1    19    10     5    21     0     3   -30.0  -34.771  -55.381    719.0    929.4
     2     1    19    10     5    21     0     3   -30.0  -35.401  -55.033    731.9    936.6
     3     1    19    10     5    21     0     3   -30.0  -34.339  -56.645   1757.0    815.9
     4     1    19    10     5    21     0     3   -30.0  -35.086  -61.184   2568.7    735.2
     5     1    19    10     5    21     0     3   -30.0  -35.853  -70.850   2657.1    589.9
     1     1    19    10     5    20     0     2   -31.0  -34.997  -55.378    674.8    941.9
     2     1    19    10     5    20     0     2   -31.0  -35.621  -55.060    745.2    935.4
     3     1    19    10     5    20     0     2   -31.0  -34.593  -56.691   1809.6    815.4
     4     1    19    10     5    20     0     2   -31.0  -35.204  -61.311   2559.9    739.6
     5     1    19    10     5    20     0     2   -31.0  -35.761  -71.280   2790.3    628.6
     1     1    19    10     5    19     0     1   -32.0  -35.222  -55.398    664.2    944.5
     2     1    19    10     5    19     0     1   -32.0  -35.855  -55.102    790.6    927.5
     3     1    19    10     5    19     0     1   -32.0  -34.868  -56.766   1891.4    810.4
     4     1    19    10     5    19     0     1   -32.0  -35.326  -61.428   2575.6    739.6
     5     1    19    10     5    19     0     1   -32.0  -35.634  -71.589   2863.0    664.3
     1     1    19    10     5    18     0     0   -33.0  -35.455  -55.437    685.1    940.1
     2     1    19    10     5    18     0     0   -33.0  -36.111  -55.156    827.9    921.4
     3     1    19    10     5    18     0     0   -33.0  -35.156  -56.870   1986.3    801.2
     4     1    19    10     5    18     0     0   -33.0  -35.451  -61.547   2634.4    735.0
     5     1    19    10     5    18     0     0   -33.0  -35.512  -71.819   2893.0    688.3
     1     1    19    10     5    17     0     1   -34.0  -35.703  -55.486    718.5    935.5
     2     1    19    10     5    17     0     1   -34.0  -36.374  -55.221    864.5    919.8
     3     1    19    10     5    17     0     1   -34.0  -35.439  -57.007   2050.4    791.5
     4     1    19    10     5    17     0     1   -34.0  -35.587  -61.678   2701.7    725.0
     5     1    19    10     5    17     0     1   -34.0  -35.419  -72.010   2900.5    704.3
     1     1    19    10     5    16     0     2   -35.0  -35.966  -55.536    769.4    930.5
     2     1    19    10     5    16     0     2   -35.0  -36.637  -55.299    921.5    912.7
     3     1    19    10     5    16     0     2   -35.0  -35.714  -57.173   2041.8    791.3
     4     1    19    10     5    16     0     2   -35.0  -35.748  -61.816   2745.7    721.7
     5     1    19    10     5    16     0     2   -35.0  -35.356  -72.191   2876.6    708.2
     1     1    19    10     5    15     0     3   -36.0  -36.242  -55.583    842.8    921.6
     2     1    19    10     5    15     0     3   -36.0  -36.915  -55.380    984.3    903.9
     3     1    19    10     5    15     0     3   -36.0  -35.995  -57.353   1940.3    800.0
     4     1    19    10     5    15     0     3   -36.0  -35.943  -61.951   2791.7    718.5
     5     1    19    10     5    15     0     3   -36.0  -35.318  -72.379   2835.7    714.4
     1     1    19    10     5    14     0     2   -37.0  -36.538  -55.641    908.4    911.0
     2     1    19    10     5    14     0     2   -37.0  -37.211  -55.473   1034.6    897.1
     3     1    19    10     5    14     0     2   -37.0  -36.283  -57.542   1841.9    820.3
     4     1    19    10     5    14     0     2   -37.0  -36.160  -62.095   2855.6    711.6
     5     1    19    10     5    14     0     2   -37.0  -35.303  -72.570   2789.5    722.0
     1     1    19    10     5    13     0     1   -38.0  -36.858  -55.719    939.2    907.0
     2     1    19    10     5    13     0     1   -38.0  -37.519  -55.588   1075.9    893.6
     3     1    19    10     5    13     0     1   -38.0  -36.574  -57.749   1828.6    818.8
     4     1    19    10     5    13     0     1   -38.0  -36.382  -62.264   2925.6    702.7
     5     1    19    10     5    13     0     1   -38.0  -35.310  -72.758   2749.0    728.1
     1     1    19    10     5    12     0     0   -39.0  -37.194  -55.807    952.2    906.9
     2     1    19    10     5    12     0     0   -39.0  -37.844  -55.711   1133.6    888.3
     3     1    19    10     5    12     0     0   -39.0  -36.841  -57.963   1842.3    813.8
     4     1    19    10     5    12     0     0   -39.0  -36.622  -62.444   2979.6    695.5
     5     1    19    10     5    12     0     0   -39.0  -35.340  -72.943   2712.8    733.8
     1     1    19    10     5    11     0     1   -40.0  -37.524  -55.920    980.2    905.0
     2     1    19    10     5    11     0     1   -40.0  -38.169  -55.859   1195.8    878.7
     3     1    19    10     5    11     0     1   -40.0  -37.101  -58.187   1854.8    810.2
     4     1    19    10     5    11     0     1   -40.0  -36.874  -62.646   3023.6    691.2
     5     1    19    10     5    11     0     1   -40.0  -35.387  -73.122   2693.5    737.6
     1     1    19    10     5    10     0     2   -41.0  -37.831  -56.077   1024.3    898.4
     2     1    19    10     5    10     0     2   -41.0  -38.480  -56.055   1239.2    873.7
     3     1    19    10     5    10     0     2   -41.0  -37.385  -58.429   1881.6    802.8
     4     1    19    10     5    10     0     2   -41.0  -37.120  -62.892   3061.3    684.9
     5     1    19    10     5    10     0     2   -41.0  -35.444  -73.294   2706.2    736.1
     1     1    19    10     5     9     0     3   -42.0  -38.125  -56.272   1068.7    892.9
     2     1    19    10     5     9     0     3   -42.0  -38.795  -56.282   1291.8    870.6
     3     1    19    10     5     9     0     3   -42.0  -37.678  -58.687   1943.2    793.0
     4     1    19    10     5     9     0     3   -42.0  -37.359  -63.185   3083.9    682.1
     5     1    19    10     5     9     0     3   -42.0  -35.509  -73.459   2747.6    731.8
     1     1    19    10     5     8     0     2   -43.0  -38.402  -56.485   1109.4    888.2
     2     1    19    10     5     8     0     2   -43.0  -39.096  -56.531   1354.2    860.7
     3     1    19    10     5     8     0     2   -43.0  -37.955  -58.965   2048.5    779.6
     4     1    19    10     5     8     0     2   -43.0  -37.595  -63.507   3119.6    680.8
     5     1    19    10     5     8     0     2   -43.0  -35.574  -73.617   2796.3    725.8
     1     1    19    10     5     7     0     1   -44.0  -38.649  -56.709   1143.6    884.3
     2     1    19    10     5     7     0     1   -44.0  -39.357  -56.800   1414.1    856.0
     3     1    19    10     5     7     0     1   -44.0  -38.217  -59.269   2166.5    766.5
     4     1    19    10     5     7     0     1   -44.0  -37.825  -63.854   3196.9    675.5
     5     1    19    10     5     7     0     1   -44.0  -35.631  -73.766   2843.4    722.6
     1     1    19    10     5     6     0     0   -45.0  -38.873  -56.958   1197.7    881.1
     2     1    19    10     5     6     0     0   -45.0  -39.614  -57.076   1483.2    847.9
     3     1    19    10     5     6     0     0   -45.0  -38.477  -59.585   2264.3    760.0
     4     1    19    10     5     6     0     0   -45.0  -38.041  -64.229   3311.7    663.3
     5     1    19    10     5     6     0     0   -45.0  -35.677  -73.911   2906.4    717.8
     1     1    19    10     5     5     0     1   -46.0  -39.075  -57.226   1291.9    869.9
     2     1    19    10     5     5     0     1   -46.0  -39.858  -57.366   1545.6    841.0
     3     1    19    10     5     5     0     1   -46.0  -38.736  -59.903   2348.2    757.1
     4     1    19    10     5     5     0     1   -46.0  -38.248  -64.603   3410.7    648.4
     5     1    19    10     5     5     0     1   -46.0  -35.718  -74.052   2981.1    710.4
     1     1    19    10     5     4     0     2   -47.0  -39.250  -57.507   1397.1    857.9
     2     1    19    10     5     4     0     2   -47.0  -40.067  -57.693   1615.1    836.0
     3     1    19    10     5     4     0     2   -47.0  -39.003  -60.248   2426.0    754.9
     4     1    19    10     5     4     0     2   -47.0  -38.447  -64.941   3467.2    644.6
     5     1    19    10     5     4     0     2   -47.0  -35.761  -74.185   3051.3    703.9
     1     1    19    10     5     3     0     3   -48.0  -39.416  -57.804   1507.7    848.0
     2     1    19    10     5     3     0     3   -48.0  -40.260  -58.044   1717.5    826.2
     3     1    19    10     5     3     0     3   -48.0  -39.274  -60.644   2488.8    748.9
     4     1    19    10     5     3     0     3   -48.0  -38.636  -65.249   3515.4    642.7
     5     1    19    10     5     3     0     3   -48.0  -35.806  -74.305   3105.7    698.9
     1     1    19    10     5     2     0     2   -49.0  -39.564  -58.113   1615.0    834.6
     2     1    19    10     5     2     0     2   -49.0  -40.427  -58.431   1815.0    812.4
     3     1    19    10     5     2     0     2   -49.0  -39.541  -61.078   2547.5    743.9
     4     1    19    10     5     2     0     2   -49.0  -38.830  -65.549   3558.6    639.3
     5     1    19    10     5     2     0     2   -49.0  -35.859  -74.413   3133.9    696.0
     1     1    19    10     5     1     0     1   -50.0  -39.684  -58.438   1696.5    826.4
     2     1    19    10     5     1     0     1   -50.0  -40.571  -58.853   1861.0    807.6
     3     1    19    10     5     1     0     1   -50.0  -39.788  -61.567   2590.6    738.1
     4     1    19    10     5     1     0     1   -50.0  -39.033  -65.854   3598.3    635.6
     5     1    19    10     5     1     0     1   -50.0  -35.926  -74.512   3127.1    696.4
     1     1    19    10     5     0     0     0   -51.0  -39.788  -58.788   1749.5    820.7
     2     1    19    10     5     0     0     0   -51.0  -40.715  -59.301   1881.6    808.2
     3     1    19    10     5     0     0     0   -51.0  -39.968  -62.142   2610.6    737.1
     4     1    19    10     5     0     0     0   -51.0  -39.247  -66.151   3671.2    630.5
     5     1    19    10     5     0     0     0   -51.0  -36.006  -74.599   3085.4    700.2
     1     1    19    10     4    23     0     1   -52.0  -39.872  -59.164   1776.6    818.4
     2     1    19    10     4    23     0     1   -52.0  -40.820  -59.776   1908.7    805.9
     3     1    19    10     4    23     0     1   -52.0  -40.134  -62.692   2659.3    736.5
     4     1    19    10     4    23     0     1   -52.0  -39.493  -66.439   3789.3    618.1
     5     1    19    10     4    23     0     1   -52.0  -36.098  -74.684   3040.6    706.6
     1     1    19    10     4    22     0     2   -53.0  -39.911  -59.580   1799.0    817.5
     2     1    19    10     4    22     0     2   -53.0  -40.876  -60.265   1930.3    802.0
     3     1    19    10     4    22     0     2   -53.0  -40.303  -63.198   2767.0    724.1
     4     1    19    10     4    22     0     2   -53.0  -39.775  -66.728   3907.6    606.4
     5     1    19    10     4    22     0     2   -53.0  -36.196  -74.776   3019.8    708.7
     1     1    19    10     4    21     0     3   -54.0  -39.913  -60.044   1835.0    814.4
     2     1    19    10     4    21     0     3   -54.0  -40.903  -60.733   1961.1    801.8
     3     1    19    10     4    21     0     3   -54.0  -40.450  -63.669   2874.0    707.0
     4     1    19    10     4    21     0     3   -54.0  -40.089  -67.022   3993.0    595.6
     5     1    19    10     4    21     0     3   -54.0  -36.300  -74.871   3028.9    708.0
     1     1    19    10     4    20     0     2   -55.0  -39.889  -60.506   1852.0    809.4
     2     1    19    10     4    20     0     2   -55.0  -40.900  -61.183   2018.0    795.4
     3     1    19    10     4    20     0     2   -55.0  -40.584  -64.091   2929.9    701.8
     4     1    19    10     4    20     0     2   -55.0  -40.420  -67.317   4062.1    572.1
     5     1    19    10     4    20     0     2   -55.0  -36.410  -74.969   3057.8    704.4
     1     1    19    10     4    19     0     1   -56.0  -39.825  -60.930   1822.4    813.3
     2     1    19    10     4    19     0     1   -56.0  -40.865  -61.647   2097.1    787.8
     3     1    19    10     4    19     0     1   -56.0  -40.709  -64.492   2960.3    703.0
     4     1    19    10     4    19     0     1   -56.0  -40.748  -67.616   4182.9    546.4
     5     1    19    10     4    19     0     1   -56.0  -36.531  -75.070   3094.1    701.3
     1     1    19    10     4    18     0     0   -57.0  -39.726  -61.324   1806.6    820.6
     2     1    19    10     4    18     0     0   -57.0  -40.815  -62.136   2216.2    777.4
     3     1    19    10     4    18     0     0   -57.0  -40.841  -64.870   2999.5    700.3
     4     1    19    10     4    18     0     0   -57.0  -41.079  -67.909   4303.1    525.3
     5     1    19    10     4    18     0     0   -57.0  -36.665  -75.172   3134.7    697.5
     1     1    19    10     4    17     0     1   -58.0  -39.615  -61.685   1861.5    816.3
     2     1    19    10     4    17     0     1   -58.0  -40.744  -62.593   2277.0    761.3
     3     1    19    10     4    17     0     1   -58.0  -40.979  -65.214   3028.3    692.2
     4     1    19    10     4    17     0     1   -58.0  -41.407  -68.181   4349.5    506.7
     5     1    19    10     4    17     0     1   -58.0  -36.817  -75.278   3183.3    693.8
     1     1    19    10     4    16     0     2   -59.0  -39.509  -62.008   1953.7    803.6
     2     1    19    10     4    16     0     2   -59.0  -40.642  -62.977   2220.4    772.5
     3     1    19    10     4    16     0     2   -59.0  -41.099  -65.544   3053.4    680.7
     4     1    19    10     4    16     0     2   -59.0  -41.717  -68.434   4337.7    498.2
     5     1    19    10     4    16     0     2   -59.0  -36.993  -75.386   3250.4    688.0
     1     1    19    10     4    15     0     3   -60.0  -39.403  -62.292   2035.0    794.6
     2     1    19    10     4    15     0     3   -60.0  -40.517  -63.326   2165.7    784.0
     3     1    19    10     4    15     0     3   -60.0  -41.204  -65.853   3089.7    667.3
     4     1    19    10     4    15     0     3   -60.0  -42.010  -68.677   4295.1    492.9
     5     1    19    10     4    15     0     3   -60.0  -37.195  -75.498   3341.3    680.1
     1     1    19    10     4    14     0     2   -61.0  -39.301  -62.548   2090.9    789.1
     2     1    19    10     4    14     0     2   -61.0  -40.379  -63.655   2153.5    780.7
     3     1    19    10     4    14     0     2   -61.0  -41.314  -66.126   3113.8    654.3
     4     1    19    10     4    14     0     2   -61.0  -42.285  -68.906   4282.5    504.5
     5     1    19    10     4    14     0     2   -61.0  -37.416  -75.623   3438.5    669.6
     1     1    19    10     4    13     0     1   -62.0  -39.209  -62.798   2125.4    786.7
     2     1    19    10     4    13     0     1   -62.0  -40.251  -63.957   2158.3    778.1
     3     1    19    10     4    13     0     1   -62.0  -41.432  -66.372   3109.9    646.5
     4     1    19    10     4    13     0     1   -62.0  -42.548  -69.113   4294.6    514.0
     5     1    19    10     4    13     0     1   -62.0  -37.644  -75.763   3517.5    662.1
     1     1    19    10     4    12     0     0   -63.0  -39.123  -63.053   2151.2    784.5
     2     1    19    10     4    12     0     0   -63.0  -40.141  -64.226   2189.1    774.6
     3     1    19    10     4    12     0     0   -63.0  -41.557  -66.613   3081.5    642.4
     4     1    19    10     4    12     0     0   -63.0  -42.805  -69.291   4313.4    519.5
     5     1    19    10     4    12     0     0   -63.0  -37.877  -75.909   3563.5    657.2
     1     1    19    10     4    11     0     1   -64.0  -39.018  -63.308   2157.7    780.0
     2     1    19    10     4    11     0     1   -64.0  -40.026  -64.452   2221.0    768.1
     3     1    19    10     4    11     0     1   -64.0  -41.669  -66.851   3070.5    640.2
     4     1    19    10     4    11     0     1   -64.0  -43.043  -69.465   4334.8    522.2
     5     1    19    10     4    11     0     1   -64.0  -38.110  -76.050   3602.8    656.3
     1     1    19    10     4    10     0     2   -65.0  -38.877  -63.549   2124.3    778.9
     2     1    19    10     4    10     0     2   -65.0  -39.887  -64.636   2222.4    766.4
     3     1    19    10     4    10     0     2   -65.0  -41.730  -67.093   3117.4    629.6
     4     1    19    10     4    10     0     2   -65.0  -43.257  -69.657   4359.5    517.8
     5     1    19    10     4    10     0     2   -65.0  -38.342  -76.181   3664.8    650.5
     1     1    19    10     4     9     0     3   -66.0  -38.715  -63.772   2044.4    783.0
     2     1    19    10     4     9     0     3   -66.0  -39.742  -64.791   2178.5    769.2
     3     1    19    10     4     9     0     3   -66.0  -41.721  -67.342   3220.4    611.0
     4     1    19    10     4     9     0     3   -66.0  -43.458  -69.861   4355.7    510.1
     5     1    19    10     4     9     0     3   -66.0  -38.576  -76.301   3738.3    643.1
     1     1    19    10     4     8     0     2   -67.0  -38.544  -63.962   1962.1    794.6
     2     1    19    10     4     8     0     2   -67.0  -39.599  -64.920   2127.5    777.7
     3     1    19    10     4     8     0     2   -67.0  -41.674  -67.553   3350.2    591.3
     4     1    19    10     4     8     0     2   -67.0  -43.639  -70.069   4298.4    508.4
     5     1    19    10     4     8     0     2   -67.0  -38.816  -76.420   3804.5    636.8
     1     1    19    10     4     7     0     1   -68.0  -38.364  -64.109   1924.9    796.2
     2     1    19    10     4     7     0     1   -68.0  -39.460  -65.019   2103.7    778.7
     3     1    19    10     4     7     0     1   -68.0  -41.599  -67.698   3492.4    577.3
     4     1    19    10     4     7     0     1   -68.0  -43.804  -70.281   4229.4    516.3
     5     1    19    10     4     7     0     1   -68.0  -39.064  -76.542   3859.9    632.7
     1     1    19    10     4     6     0     0   -69.0  -38.169  -64.254   1909.6    793.3
     2     1    19    10     4     6     0     0   -69.0  -39.324  -65.085   2099.7    778.2
     3     1    19    10     4     6     0     0   -69.0  -41.486  -67.799   3645.9    565.1
     4     1    19    10     4     6     0     0   -69.0  -43.976  -70.509   4204.7    521.8
     5     1    19    10     4     6     0     0   -69.0  -39.321  -76.656   3919.4    628.5
     1     1    19    10     4     5     0     1   -70.0  -37.978  -64.370   1879.6    792.0
     2     1    19    10     4     5     0     1   -70.0  -39.174  -65.112   2130.2    776.1
     3     1    19    10     4     5     0     1   -70.0  -41.363  -67.876   3764.7    554.9
     4     1    19    10     4     5     0     1   -70.0  -44.161  -70.765   4247.1    523.0
     5     1    19    10     4     5     0     1   -70.0  -39.581  -76.773   3987.2    622.6
     1     1    19    10     4     4     0     2   -71.0  -37.787  -64.397   1844.9    797.9
     2     1    19    10     4     4     0     2   -71.0  -38.995  -65.089   2225.4    768.0
     3     1    19    10     4     4     0     2   -71.0  -41.253  -67.943   3824.8    553.8
     4     1    19    10     4     4     0     2   -71.0  -44.345  -71.044   4306.1    522.1
     5     1    19    10     4     4     0     2   -71.0  -39.851  -76.896   4060.1    616.7
     1     1    19    10     4     3     0     3   -72.0  -37.577  -64.331   1856.3    799.6
     2     1    19    10     4     3     0     3   -72.0  -38.803  -65.045   2380.5    749.3
     3     1    19    10     4     3     0     3   -72.0  -41.144  -68.009   3839.6    556.0
     4     1    19    10     4     3     0     3   -72.0  -44.521  -71.332   4368.4    517.2
     5     1    19    10     4     3     0     3   -72.0  -40.140  -77.013   4130.0    610.5
