     5     1
    GDAS    19     9     1     0     0
    GDAS    19     9     8     0     0
    GDAS    19     9    15     0     0
    GDAS    19     9    22     0     0
    GDAS    19     9    29     0     0
     5 BACKWARD OMEGA   
    19     9    16     3  -34.572  -58.513    10.0
    19     9    16     3  -34.572  -58.513   200.0
    19     9    16     3  -34.572  -58.513   500.0
    19     9    16     3  -34.572  -58.513  1000.0
    19     9    16     3  -34.572  -58.513  2000.0
     1 PRESSURE
     1     1    19     9    16     3     0     3     0.0  -34.572  -58.513     10.0   1009.1
     2     1    19     9    16     3     0     3     0.0  -34.572  -58.513    200.0    987.5
     3     1    19     9    16     3     0     3     0.0  -34.572  -58.513    500.0    952.9
     4     1    19     9    16     3     0     3     0.0  -34.572  -58.513   1000.0    897.5
     5     1    19     9    16     3     0     3     0.0  -34.572  -58.513   2000.0    795.8
     1     1    19     9    16     2     0     2    -1.0  -34.746  -58.423     12.4   1008.4
     2     1    19     9    16     2     0     2    -1.0  -34.887  -58.322    239.7    984.7
     3     1    19     9    16     2     0     2    -1.0  -34.954  -58.246    593.3    943.1
     4     1    19     9    16     2     0     2    -1.0  -34.799  -58.337   1120.0    882.9
     5     1    19     9    16     2     0     2    -1.0  -34.585  -58.811   2138.2    781.9
     1     1    19     9    16     1     0     1    -2.0  -34.908  -58.339     14.1   1007.7
     2     1    19     9    16     1     0     1    -2.0  -35.186  -58.159    257.7    979.5
     3     1    19     9    16     1     0     1    -2.0  -35.309  -58.047    639.6    934.3
     4     1    19     9    16     1     0     1    -2.0  -34.991  -58.231   1209.4    876.2
     5     1    19     9    16     1     0     1    -2.0  -34.584  -59.136   2221.3    772.6
     1     1    19     9    16     0     0     0    -3.0  -35.053  -58.269     12.8   1007.2
     2     1    19     9    16     0     0     0    -3.0  -35.475  -58.038    244.3    982.7
     3     1    19     9    16     0     0     0    -3.0  -35.673  -57.901    653.7    937.6
     4     1    19     9    16     0     0     0    -3.0  -35.170  -58.173   1302.6    867.8
     5     1    19     9    16     0     0     0    -3.0  -34.563  -59.486   2238.4    771.9
     1     1    19     9    15    23     0     1    -4.0  -35.173  -58.210     10.9   1007.3
     2     1    19     9    15    23     0     1    -4.0  -35.750  -57.954    242.6    984.2
     3     1    19     9    15    23     0     1    -4.0  -36.007  -57.816    666.4    932.8
     4     1    19     9    15    23     0     1    -4.0  -35.320  -58.186   1436.9    854.5
     5     1    19     9    15    23     0     1    -4.0  -34.498  -59.863   2217.2    774.5
     1     1    19     9    15    22     0     2    -5.0  -35.263  -58.157     10.1   1006.8
     2     1    19     9    15    22     0     2    -5.0  -35.961  -57.928    256.7    979.7
     3     1    19     9    15    22     0     2    -5.0  -36.285  -57.827    667.5    930.1
     4     1    19     9    15    22     0     2    -5.0  -35.418  -58.307   1565.1    835.2
     5     1    19     9    15    22     0     2    -5.0  -34.383  -60.238   2133.7    776.2
     1     1    19     9    15    21     0     3    -6.0  -35.318  -58.113      9.9   1006.0
     2     1    19     9    15    21     0     3    -6.0  -36.093  -57.977    263.4    976.8
     3     1    19     9    15    21     0     3    -6.0  -36.575  -57.924    652.0    933.1
     4     1    19     9    15    21     0     3    -6.0  -35.486  -58.500   1568.4    828.7
     5     1    19     9    15    21     0     3    -6.0  -34.237  -60.562   1931.2    789.9
     1     1    19     9    15    20     0     2    -7.0  -35.341  -58.081      9.4   1006.0
     2     1    19     9    15    20     0     2    -7.0  -36.180  -58.064    265.5    977.8
     3     1    19     9    15    20     0     2    -7.0  -36.918  -58.052    627.4    935.7
     4     1    19     9    15    20     0     2    -7.0  -35.549  -58.682   1449.9    845.8
     5     1    19     9    15    20     0     2    -7.0  -34.063  -60.796   1707.0    820.1
     1     1    19     9    15    19     0     1    -8.0  -35.338  -58.057      7.7   1006.0
     2     1    19     9    15    19     0     1    -8.0  -36.248  -58.144    269.0    976.6
     3     1    19     9    15    19     0     1    -8.0  -37.200  -58.203    584.9    934.9
     4     1    19     9    15    19     0     1    -8.0  -35.598  -58.826   1323.2    862.8
     5     1    19     9    15    19     0     1    -8.0  -33.849  -60.964   1538.9    833.8
     1     1    19     9    15    18     0     0    -9.0  -35.312  -58.043      4.7   1006.0
     2     1    19     9    15    18     0     0    -9.0  -36.261  -58.212    270.6    975.8
     3     1    19     9    15    18     0     0    -9.0  -37.353  -58.375    479.1    939.3
     4     1    19     9    15    18     0     0    -9.0  -35.615  -58.950   1260.9    872.9
     5     1    19     9    15    18     0     0    -9.0  -33.607  -61.080   1414.2    845.0
     1     1    19     9    15    17     0     1   -10.0  -35.270  -58.037      1.0   1006.0
     2     1    19     9    15    17     0     1   -10.0  -36.236  -58.272    271.8    976.0
     3     1    19     9    15    17     0     1   -10.0  -37.436  -58.557    378.5    957.7
     4     1    19     9    15    17     0     1   -10.0  -35.613  -59.069   1240.5    869.4
     5     1    19     9    15    17     0     1   -10.0  -33.350  -61.168   1318.4    853.4
     1     1    19     9    15    16     0     2   -11.0  -35.223  -58.036      0.0   1006.0
     2     1    19     9    15    16     0     2   -11.0  -36.210  -58.329    272.2    976.4
     3     1    19     9    15    16     0     2   -11.0  -37.505  -58.755    338.6    959.9
     4     1    19     9    15    16     0     2   -11.0  -35.605  -59.172   1210.2    872.1
     5     1    19     9    15    16     0     2   -11.0  -33.084  -61.239   1235.1    862.5
     1     1    19     9    15    15     0     3   -12.0  -35.168  -58.042      0.0   1006.0
     2     1    19     9    15    15     0     3   -12.0  -36.182  -58.382    273.0    976.7
     3     1    19     9    15    15     0     3   -12.0  -37.559  -58.949    359.8    956.2
     4     1    19     9    15    15     0     3   -12.0  -35.595  -59.258   1165.9    876.4
     5     1    19     9    15    15     0     3   -12.0  -32.783  -61.308   1157.1    871.7
     1     1    19     9    15    14     0     2   -13.0  -35.111  -58.049      0.0   1006.0
     2     1    19     9    15    14     0     2   -13.0  -36.150  -58.436    271.9    976.5
     3     1    19     9    15    14     0     2   -13.0  -37.594  -59.161    404.0    944.5
     4     1    19     9    15    14     0     2   -13.0  -35.588  -59.334   1118.2    882.1
     5     1    19     9    15    14     0     2   -13.0  -32.461  -61.373   1089.3    881.3
     1     1    19     9    15    13     0     1   -14.0  -35.056  -58.051      0.0   1006.0
     2     1    19     9    15    13     0     1   -14.0  -36.104  -58.493    264.7    977.3
     3     1    19     9    15    13     0     1   -14.0  -37.604  -59.423    422.2    939.8
     4     1    19     9    15    13     0     1   -14.0  -35.587  -59.408   1079.0    885.7
     5     1    19     9    15    13     0     1   -14.0  -32.133  -61.431   1038.5    887.6
     1     1    19     9    15    12     0     0   -15.0  -35.005  -58.049      0.0   1006.0
     2     1    19     9    15    12     0     0   -15.0  -36.045  -58.552    248.6    979.0
     3     1    19     9    15    12     0     0   -15.0  -37.577  -59.731    431.6    937.1
     4     1    19     9    15    12     0     0   -15.0  -35.593  -59.484   1050.6    888.1
     5     1    19     9    15    12     0     0   -15.0  -31.794  -61.478   1001.6    891.9
     1     1    19     9    15    11     0     1   -16.0  -34.957  -58.051      0.2   1005.6
     2     1    19     9    15    11     0     1   -16.0  -35.970  -58.621    232.4    982.0
     3     1    19     9    15    11     0     1   -16.0  -37.506  -60.065    445.7    932.5
     4     1    19     9    15    11     0     1   -16.0  -35.593  -59.590   1041.6    889.1
     5     1    19     9    15    11     0     1   -16.0  -31.453  -61.513    967.5    893.7
     1     1    19     9    15    10     0     2   -17.0  -34.912  -58.062      0.9   1005.3
     2     1    19     9    15    10     0     2   -17.0  -35.872  -58.712    227.9    982.6
     3     1    19     9    15    10     0     2   -17.0  -37.385  -60.395    461.5    931.5
     4     1    19     9    15    10     0     2   -17.0  -35.575  -59.749   1062.1    886.3
     5     1    19     9    15    10     0     2   -17.0  -31.116  -61.533    929.1    897.9
     1     1    19     9    15     9     0     3   -18.0  -34.870  -58.082      2.1   1004.9
     2     1    19     9    15     9     0     3   -18.0  -35.747  -58.828    237.5    981.6
     3     1    19     9    15     9     0     3   -18.0  -37.203  -60.711    487.6    931.6
     4     1    19     9    15     9     0     3   -18.0  -35.544  -59.962   1117.6    879.8
     5     1    19     9    15     9     0     3   -18.0  -30.770  -61.534    894.5    900.7
     1     1    19     9    15     8     0     2   -19.0  -34.826  -58.107      3.5   1004.7
     2     1    19     9    15     8     0     2   -19.0  -35.587  -58.952    251.4    979.1
     3     1    19     9    15     8     0     2   -19.0  -36.968  -60.998    507.1    930.0
     4     1    19     9    15     8     0     2   -19.0  -35.499  -60.210   1179.6    869.4
     5     1    19     9    15     8     0     2   -19.0  -30.410  -61.529    871.1    902.2
     1     1    19     9    15     7     0     1   -20.0  -34.778  -58.131      4.8   1004.4
     2     1    19     9    15     7     0     1   -20.0  -35.393  -59.058    259.7    978.2
     3     1    19     9    15     7     0     1   -20.0  -36.691  -61.241    493.5    933.3
     4     1    19     9    15     7     0     1   -20.0  -35.430  -60.473   1218.6    864.8
     5     1    19     9    15     7     0     1   -20.0  -30.045  -61.522    862.7    901.5
     1     1    19     9    15     6     0     0   -21.0  -34.724  -58.158      6.2   1004.2
     2     1    19     9    15     6     0     0   -21.0  -35.172  -59.143    266.2    977.9
     3     1    19     9    15     6     0     0   -21.0  -36.367  -61.439    468.7    941.6
     4     1    19     9    15     6     0     0   -21.0  -35.332  -60.752   1240.4    861.7
     5     1    19     9    15     6     0     0   -21.0  -29.685  -61.502    867.8    900.7
     1     1    19     9    15     5     0     1   -22.0  -34.664  -58.176      7.4   1004.7
     2     1    19     9    15     5     0     1   -22.0  -34.936  -59.198    275.4    977.6
     3     1    19     9    15     5     0     1   -22.0  -36.007  -61.585    457.3    945.9
     4     1    19     9    15     5     0     1   -22.0  -35.206  -61.030   1248.9    859.8
     5     1    19     9    15     5     0     1   -22.0  -29.321  -61.467    881.9    900.0
     1     1    19     9    15     4     0     2   -23.0  -34.595  -58.172      8.4   1005.1
     2     1    19     9    15     4     0     2   -23.0  -34.696  -59.214    285.8    976.5
     3     1    19     9    15     4     0     2   -23.0  -35.619  -61.666    450.6    946.2
     4     1    19     9    15     4     0     2   -23.0  -35.059  -61.289   1246.1    860.2
     5     1    19     9    15     4     0     2   -23.0  -28.947  -61.425    903.8    898.6
     1     1    19     9    15     3     0     3   -24.0  -34.518  -58.147      9.4   1005.3
     2     1    19     9    15     3     0     3   -24.0  -34.457  -59.190    293.4    976.0
     3     1    19     9    15     3     0     3   -24.0  -35.203  -61.677    446.1    947.8
     4     1    19     9    15     3     0     3   -24.0  -34.888  -61.518   1236.3    862.1
     5     1    19     9    15     3     0     3   -24.0  -28.566  -61.395    934.0    896.1
     1     1    19     9    15     2     0     2   -25.0  -34.434  -58.100     12.0   1004.8
     2     1    19     9    15     2     0     2   -25.0  -34.229  -59.127    302.3    976.0
     3     1    19     9    15     2     0     2   -25.0  -34.790  -61.635    452.3    947.7
     4     1    19     9    15     2     0     2   -25.0  -34.694  -61.726   1230.8    863.4
     5     1    19     9    15     2     0     2   -25.0  -28.189  -61.369    969.1    892.2
     1     1    19     9    15     1     0     1   -26.0  -34.338  -58.025     19.4   1003.0
     2     1    19     9    15     1     0     1   -26.0  -34.018  -59.041    320.3    974.1
     3     1    19     9    15     1     0     1   -26.0  -34.409  -61.569    462.9    945.7
     4     1    19     9    15     1     0     1   -26.0  -34.478  -61.927   1243.9    863.1
     5     1    19     9    15     1     0     1   -26.0  -27.830  -61.331    999.3    888.1
     1     1    19     9    15     0     0     0   -27.0  -34.220  -57.918     35.0    999.8
     2     1    19     9    15     0     0     0   -27.0  -33.820  -58.946    349.9    970.6
     3     1    19     9    15     0     0     0   -27.0  -34.070  -61.473    461.0    945.2
     4     1    19     9    15     0     0     0   -27.0  -34.257  -62.135   1292.7    858.2
     5     1    19     9    15     0     0     0   -27.0  -27.494  -61.282   1007.2    885.8
     1     1    19     9    14    23     0     1   -28.0  -34.087  -57.799     58.5    995.2
     2     1    19     9    14    23     0     1   -28.0  -33.639  -58.852    377.8    965.3
     3     1    19     9    14    23     0     1   -28.0  -33.774  -61.356    454.9    948.1
     4     1    19     9    14    23     0     1   -28.0  -34.044  -62.344   1353.5    847.2
     5     1    19     9    14    23     0     1   -28.0  -27.180  -61.215    980.7    888.0
     1     1    19     9    14    22     0     2   -29.0  -33.955  -57.688     90.7    989.9
     2     1    19     9    14    22     0     2   -29.0  -33.485  -58.754    397.4    964.1
     3     1    19     9    14    22     0     2   -29.0  -33.518  -61.235    469.6    947.5
     4     1    19     9    14    22     0     2   -29.0  -33.830  -62.526   1396.6    842.0
     5     1    19     9    14    22     0     2   -29.0  -26.890  -61.129    919.1    894.2
     1     1    19     9    14    21     0     3   -30.0  -33.826  -57.577    136.5    985.5
     2     1    19     9    14    21     0     3   -30.0  -33.363  -58.649    424.8    961.8
     3     1    19     9    14    21     0     3   -30.0  -33.294  -61.107    518.8    942.4
     4     1    19     9    14    21     0     3   -30.0  -33.605  -62.678   1439.7    838.1
     5     1    19     9    14    21     0     3   -30.0  -26.628  -61.036    833.3    903.2
     1     1    19     9    14    20     0     2   -31.0  -33.689  -57.458    186.7    978.6
     2     1    19     9    14    20     0     2   -31.0  -33.253  -58.548    458.4    957.6
     3     1    19     9    14    20     0     2   -31.0  -33.082  -60.992    595.9    933.1
     4     1    19     9    14    20     0     2   -31.0  -33.363  -62.818   1485.5    831.8
     5     1    19     9    14    20     0     2   -31.0  -26.393  -60.953    762.6    912.2
     1     1    19     9    14    19     0     1   -32.0  -33.534  -57.333    218.2    974.9
     2     1    19     9    14    19     0     1   -32.0  -33.133  -58.462    492.4    954.4
     3     1    19     9    14    19     0     1   -32.0  -32.871  -60.908    675.2    925.0
     4     1    19     9    14    19     0     1   -32.0  -33.093  -62.964   1509.5    826.8
     5     1    19     9    14    19     0     1   -32.0  -26.177  -60.888    724.0    914.5
     1     1    19     9    14    18     0     0   -33.0  -33.361  -57.199    220.7    975.0
     2     1    19     9    14    18     0     0   -33.0  -32.998  -58.388    527.9    951.7
     3     1    19     9    14    18     0     0   -33.0  -32.670  -60.849    759.9    920.1
     4     1    19     9    14    18     0     0   -33.0  -32.787  -63.126   1500.1    825.6
     5     1    19     9    14    18     0     0   -33.0  -25.980  -60.845    703.2    915.7
     1     1    19     9    14    17     0     1   -34.0  -33.182  -57.039    208.4    978.8
     2     1    19     9    14    17     0     1   -34.0  -32.860  -58.301    560.5    948.2
     3     1    19     9    14    17     0     1   -34.0  -32.474  -60.796    851.6    910.4
     4     1    19     9    14    17     0     1   -34.0  -32.475  -63.313   1490.2    826.6
     5     1    19     9    14    17     0     1   -34.0  -25.794  -60.809    684.9    917.8
     1     1    19     9    14    16     0     2   -35.0  -33.016  -56.833    200.4    981.9
     2     1    19     9    14    16     0     2   -35.0  -32.729  -58.180    573.7    946.4
     3     1    19     9    14    16     0     2   -35.0  -32.280  -60.731    924.7    903.4
     4     1    19     9    14    16     0     2   -35.0  -32.164  -63.524   1494.7    822.1
     5     1    19     9    14    16     0     2   -35.0  -25.615  -60.766    665.2    922.3
     1     1    19     9    14    15     0     3   -36.0  -32.865  -56.591    203.8    981.6
     2     1    19     9    14    15     0     3   -36.0  -32.611  -58.020    549.7    948.7
     3     1    19     9    14    15     0     3   -36.0  -32.089  -60.652    974.1    898.9
     4     1    19     9    14    15     0     3   -36.0  -31.828  -63.750   1501.1    816.0
     5     1    19     9    14    15     0     3   -36.0  -25.449  -60.716    660.3    925.1
     1     1    19     9    14    14     0     2   -37.0  -32.716  -56.323    215.0    979.4
     2     1    19     9    14    14     0     2   -37.0  -32.490  -57.828    512.2    954.7
     3     1    19     9    14    14     0     2   -37.0  -31.905  -60.568   1009.5    896.4
     4     1    19     9    14    14     0     2   -37.0  -31.470  -63.970   1513.6    806.5
     5     1    19     9    14    14     0     2   -37.0  -25.281  -60.670    668.4    923.7
     1     1    19     9    14    13     0     1   -38.0  -32.562  -56.034    228.1    977.4
     2     1    19     9    14    13     0     1   -38.0  -32.351  -57.614    488.8    954.7
     3     1    19     9    14    13     0     1   -38.0  -31.734  -60.494   1043.9    893.2
     4     1    19     9    14    13     0     1   -38.0  -31.107  -64.160   1527.0    793.7
     5     1    19     9    14    13     0     1   -38.0  -25.092  -60.638    681.2    922.8
     1     1    19     9    14    12     0     0   -39.0  -32.411  -55.716    236.8    973.9
     2     1    19     9    14    12     0     0   -39.0  -32.198  -57.363    475.0    952.1
     3     1    19     9    14    12     0     0   -39.0  -31.580  -60.429   1081.3    890.2
     4     1    19     9    14    12     0     0   -39.0  -30.741  -64.295   1526.4    789.0
     5     1    19     9    14    12     0     0   -39.0  -24.882  -60.621    699.3    920.8
     1     1    19     9    14    11     0     1   -40.0  -32.275  -55.366    239.3    972.0
     2     1    19     9    14    11     0     1   -40.0  -32.035  -57.068    479.2    947.1
     3     1    19     9    14    11     0     1   -40.0  -31.426  -60.377   1120.7    886.2
     4     1    19     9    14    11     0     1   -40.0  -30.373  -64.383   1532.2    793.1
     5     1    19     9    14    11     0     1   -40.0  -24.668  -60.607    726.7    917.3
     1     1    19     9    14    10     0     2   -41.0  -32.159  -54.985    249.9    971.3
     2     1    19     9    14    10     0     2   -41.0  -31.867  -56.750    503.1    941.3
     3     1    19     9    14    10     0     2   -41.0  -31.254  -60.329   1159.9    883.4
     4     1    19     9    14    10     0     2   -41.0  -30.012  -64.455   1584.3    795.5
     5     1    19     9    14    10     0     2   -41.0  -24.466  -60.585    771.5    912.0
     1     1    19     9    14     9     0     3   -42.0  -32.057  -54.583    269.8    969.4
     2     1    19     9    14     9     0     3   -42.0  -31.707  -56.417    526.1    935.3
     3     1    19     9    14     9     0     3   -42.0  -31.066  -60.273   1205.9    879.9
     4     1    19     9    14     9     0     3   -42.0  -29.674  -64.532   1663.4    795.1
     5     1    19     9    14     9     0     3   -42.0  -24.276  -60.565    841.2    904.3
     1     1    19     9    14     8     0     2   -43.0  -31.965  -54.186    289.3    966.4
     2     1    19     9    14     8     0     2   -43.0  -31.558  -56.060    535.6    931.0
     3     1    19     9    14     8     0     2   -43.0  -30.866  -60.206   1248.4    874.2
     4     1    19     9    14     8     0     2   -43.0  -29.340  -64.629   1709.9    796.3
     5     1    19     9    14     8     0     2   -43.0  -24.089  -60.555    924.5    893.7
     1     1    19     9    14     7     0     1   -44.0  -31.877  -53.803    310.3    964.3
     2     1    19     9    14     7     0     1   -44.0  -31.417  -55.680    547.8    932.2
     3     1    19     9    14     7     0     1   -44.0  -30.657  -60.130   1265.6    871.8
     4     1    19     9    14     7     0     1   -44.0  -28.971  -64.749   1714.5    800.5
     5     1    19     9    14     7     0     1   -44.0  -23.895  -60.560   1003.5    885.2
     1     1    19     9    14     6     0     0   -45.0  -31.797  -53.442    328.8    964.0
     2     1    19     9    14     6     0     0   -45.0  -31.286  -55.287    568.4    931.9
     3     1    19     9    14     6     0     0   -45.0  -30.444  -60.028   1250.4    873.9
     4     1    19     9    14     6     0     0   -45.0  -28.581  -64.889   1725.1    796.6
     5     1    19     9    14     6     0     0   -45.0  -23.689  -60.591   1078.5    878.1
     1     1    19     9    14     5     0     1   -46.0  -31.727  -53.099    330.4    966.6
     2     1    19     9    14     5     0     1   -46.0  -31.158  -54.886    587.1    931.5
     3     1    19     9    14     5     0     1   -46.0  -30.230  -59.888   1223.3    879.9
     4     1    19     9    14     5     0     1   -46.0  -28.214  -65.043   1766.9    780.8
     5     1    19     9    14     5     0     1   -46.0  -23.482  -60.644   1147.8    871.4
     1     1    19     9    14     4     0     2   -47.0  -31.669  -52.768    316.0    973.8
     2     1    19     9    14     4     0     2   -47.0  -31.020  -54.482    640.7    921.7
     3     1    19     9    14     4     0     2   -47.0  -30.015  -59.710   1209.3    882.3
     4     1    19     9    14     4     0     2   -47.0  -27.877  -65.237   1836.6    740.8
     5     1    19     9    14     4     0     2   -47.0  -23.285  -60.701   1204.4    865.6
     1     1    19     9    14     3     0     3   -48.0  -31.624  -52.453    301.8    980.8
     2     1    19     9    14     3     0     3   -48.0  -30.866  -54.079    770.5    902.5
     3     1    19     9    14     3     0     3   -48.0  -29.801  -59.499   1204.1    881.4
     4     1    19     9    14     3     0     3   -48.0  -27.568  -65.559   1995.5    661.0
     5     1    19     9    14     3     0     3   -48.0  -23.099  -60.743   1240.7    861.8
     1     1    19     9    14     2     0     2   -49.0  -31.594  -52.159    288.4    986.1
     2     1    19     9    14     2     0     2   -49.0  -30.714  -53.699    909.5    888.4
     3     1    19     9    14     2     0     2   -49.0  -29.604  -59.263   1201.5    879.4
     4     1    19     9    14     2     0     2   -49.0  -27.252  -66.150   2171.3    535.7
     5     1    19     9    14     2     0     2   -49.0  -22.921  -60.754   1241.0    860.2
     1     1    19     9    14     1     0     1   -50.0  -31.584  -51.888    270.0    991.3
     2     1    19     9    14     1     0     1   -50.0  -30.588  -53.347    999.2    889.1
     3     1    19     9    14     1     0     1   -50.0  -29.444  -58.995   1202.5    878.4
     4     1    19     9    14     1     0     1   -50.0  -26.794  -66.959   2997.4    472.6
     5     1    19     9    14     1     0     1   -50.0  -22.755  -60.717   1196.6    864.4
     1     1    19     9    14     0     0     0   -51.0  -31.593  -51.634    248.8    994.5
     2     1    19     9    14     0     0     0   -51.0  -30.483  -53.016   1067.7    892.0
     3     1    19     9    14     0     0     0   -51.0  -29.325  -58.688   1214.0    875.0
     4     1    19     9    14     0     0     0   -51.0  -26.163  -68.051   3798.7    382.2
     5     1    19     9    14     0     0     0   -51.0  -22.608  -60.619   1115.5    874.0
     1     1    19     9    13    23     0     1   -52.0  -31.632  -51.407    235.3    995.7
     2     1    19     9    13    23     0     1   -52.0  -30.402  -52.706   1125.2    888.7
     3     1    19     9    13    23     0     1   -52.0  -29.243  -58.370   1222.0    872.3
     4     1    19     9    13    23     0     1   -52.0  -25.515  -69.057   3836.2    390.9
     5     1    19     9    13    23     0     1   -52.0  -22.493  -60.478   1042.8    881.8
     1     1    19     9    13    22     0     2   -53.0  -31.716  -51.217    238.2    994.9
     2     1    19     9    13    22     0     2   -53.0  -30.366  -52.417   1155.5    887.5
     3     1    19     9    13    22     0     2   -53.0  -29.193  -58.068   1211.4    872.5
     4     1    19     9    13    22     0     2   -53.0  -24.933  -69.732   3776.2    472.2
     5     1    19     9    13    22     0     2   -53.0  -22.416  -60.325   1008.5    885.1
     1     1    19     9    13    21     0     3   -54.0  -31.845  -51.070    258.3    992.3
     2     1    19     9    13    21     0     3   -54.0  -30.374  -52.145   1161.8    888.2
     3     1    19     9    13    21     0     3   -54.0  -29.177  -57.778   1176.5    876.0
     4     1    19     9    13    21     0     3   -54.0  -24.430  -70.165   3561.5    569.3
     5     1    19     9    13    21     0     3   -54.0  -22.370  -60.176   1003.5    885.7
     1     1    19     9    13    20     0     2   -55.0  -32.002  -50.976    286.2    988.8
     2     1    19     9    13    20     0     2   -55.0  -30.413  -51.910   1160.3    890.3
     3     1    19     9    13    20     0     2   -55.0  -29.178  -57.512   1143.1    882.0
     4     1    19     9    13    20     0     2   -55.0  -23.967  -70.535   3512.3    635.4
     5     1    19     9    13    20     0     2   -55.0  -22.351  -60.041   1009.1    885.9
     1     1    19     9    13    19     0     1   -56.0  -32.170  -50.940    310.4    986.0
     2     1    19     9    13    19     0     1   -56.0  -30.467  -51.730   1167.6    890.4
     3     1    19     9    13    19     0     1   -56.0  -29.176  -57.273   1149.4    882.8
     4     1    19     9    13    19     0     1   -56.0  -23.514  -70.893   3540.9    655.0
     5     1    19     9    13    19     0     1   -56.0  -22.360  -59.921   1010.1    887.2
     1     1    19     9    13    18     0     0   -57.0  -32.346  -50.955    332.6    983.9
     2     1    19     9    13    18     0     0   -57.0  -30.528  -51.605   1189.6    888.5
     3     1    19     9    13    18     0     0   -57.0  -29.170  -57.057   1207.7    877.7
     4     1    19     9    13    18     0     0   -57.0  -23.056  -71.250   3524.6    667.0
     5     1    19     9    13    18     0     0   -57.0  -22.395  -59.813   1005.1    888.8
     1     1    19     9    13    17     0     1   -58.0  -32.517  -51.005    360.0    981.3
     2     1    19     9    13    17     0     1   -58.0  -30.585  -51.517   1222.6    884.6
     3     1    19     9    13    17     0     1   -58.0  -29.151  -56.849   1275.8    866.0
     4     1    19     9    13    17     0     1   -58.0  -22.613  -71.612   3493.6    670.5
     5     1    19     9    13    17     0     1   -58.0  -22.450  -59.715    992.2    891.2
     1     1    19     9    13    16     0     2   -59.0  -32.668  -51.074    396.6    977.4
     2     1    19     9    13    16     0     2   -59.0  -30.633  -51.451   1260.1    880.3
     3     1    19     9    13    16     0     2   -59.0  -29.123  -56.641   1321.3    861.9
     4     1    19     9    13    16     0     2   -59.0  -22.194  -71.986   3484.6    672.2
     5     1    19     9    13    16     0     2   -59.0  -22.519  -59.623    973.9    894.5
     1     1    19     9    13    15     0     3   -60.0  -32.799  -51.162    439.9    972.5
     2     1    19     9    13    15     0     3   -60.0  -30.673  -51.403   1296.9    876.2
     3     1    19     9    13    15     0     3   -60.0  -29.096  -56.433   1353.3    859.5
     4     1    19     9    13    15     0     3   -60.0  -21.784  -72.375   3499.4    670.6
     5     1    19     9    13    15     0     3   -60.0  -22.604  -59.537    957.3    897.8
     1     1    19     9    13    14     0     2   -61.0  -32.914  -51.259    487.6    966.6
     2     1    19     9    13    14     0     2   -61.0  -30.713  -51.374   1333.8    872.8
     3     1    19     9    13    14     0     2   -61.0  -29.074  -56.225   1381.7    857.1
     4     1    19     9    13    14     0     2   -61.0  -21.395  -72.761   3532.2    667.9
     5     1    19     9    13    14     0     2   -61.0  -22.708  -59.446    949.9    899.8
     1     1    19     9    13    13     0     1   -62.0  -33.021  -51.359    538.4    960.5
     2     1    19     9    13    13     0     1   -62.0  -30.761  -51.366   1373.6    868.8
     3     1    19     9    13    13     0     1   -62.0  -29.052  -56.021   1402.9    854.5
     4     1    19     9    13    13     0     1   -62.0  -21.019  -73.152   3575.2    663.3
     5     1    19     9    13    13     0     1   -62.0  -22.834  -59.342    951.1    900.0
     1     1    19     9    13    12     0     0   -63.0  -33.126  -51.462    586.5    954.6
     2     1    19     9    13    12     0     0   -63.0  -30.818  -51.381   1416.2    864.5
     3     1    19     9    13    12     0     0   -63.0  -29.031  -55.824   1414.7    851.2
     4     1    19     9    13    12     0     0   -63.0  -20.663  -73.551   3607.9    659.6
     5     1    19     9    13    12     0     0   -63.0  -22.981  -59.227    948.3    900.6
     1     1    19     9    13    11     0     1   -64.0  -33.239  -51.565    616.3    949.4
     2     1    19     9    13    11     0     1   -64.0  -30.885  -51.421   1453.9    859.3
     3     1    19     9    13    11     0     1   -64.0  -29.017  -55.652   1427.6    846.0
     4     1    19     9    13    11     0     1   -64.0  -20.335  -73.955   3623.2    658.2
     5     1    19     9    13    11     0     1   -64.0  -23.148  -59.101    950.1    902.4
     1     1    19     9    13    10     0     2   -65.0  -33.363  -51.666    620.5    948.4
     2     1    19     9    13    10     0     2   -65.0  -30.962  -51.487   1477.7    856.0
     3     1    19     9    13    10     0     2   -65.0  -29.008  -55.522   1432.3    841.7
     4     1    19     9    13    10     0     2   -65.0  -20.033  -74.372   3636.2    657.7
     5     1    19     9    13    10     0     2   -65.0  -23.327  -58.974    973.5    900.1
     1     1    19     9    13     9     0     3   -66.0  -33.499  -51.766    605.1    949.5
     2     1    19     9    13     9     0     3   -66.0  -31.048  -51.577   1486.4    854.4
     3     1    19     9    13     9     0     3   -66.0  -28.997  -55.434   1416.1    840.5
     4     1    19     9    13     9     0     3   -66.0  -19.757  -74.810   3660.3    655.5
     5     1    19     9    13     9     0     3   -66.0  -23.507  -58.853   1019.7    894.7
     1     1    19     9    13     8     0     2   -67.0  -33.643  -51.877    588.5    952.9
     2     1    19     9    13     8     0     2   -67.0  -31.137  -51.686   1492.6    854.9
     3     1    19     9    13     8     0     2   -67.0  -28.985  -55.373   1386.6    843.5
     4     1    19     9    13     8     0     2   -67.0  -19.486  -75.270   3693.8    652.5
     5     1    19     9    13     8     0     2   -67.0  -23.677  -58.744   1081.6    887.6
     1     1    19     9    13     7     0     1   -68.0  -33.794  -52.003    582.8    953.2
     2     1    19     9    13     7     0     1   -68.0  -31.222  -51.816   1511.3    853.0
     3     1    19     9    13     7     0     1   -68.0  -28.973  -55.327   1353.7    845.8
     4     1    19     9    13     7     0     1   -68.0  -19.205  -75.739   3737.2    649.6
     5     1    19     9    13     7     0     1   -68.0  -23.831  -58.642   1144.8    880.6
     1     1    19     9    13     6     0     0   -69.0  -33.944  -52.143    584.9    952.8
     2     1    19     9    13     6     0     0   -69.0  -31.295  -51.971   1546.6    849.2
     3     1    19     9    13     6     0     0   -69.0  -28.960  -55.292   1314.8    849.1
     4     1    19     9    13     6     0     0   -69.0  -18.920  -76.204   3775.3    645.0
     5     1    19     9    13     6     0     0   -69.0  -23.971  -58.543   1194.6    874.6
     1     1    19     9    13     5     0     1   -70.0  -34.095  -52.293    601.0    951.7
     2     1    19     9    13     5     0     1   -70.0  -31.362  -52.140   1590.8    841.9
     3     1    19     9    13     5     0     1   -70.0  -28.951  -55.249   1295.1    853.1
     4     1    19     9    13     5     0     1   -70.0  -18.639  -76.669   3798.1    644.2
     5     1    19     9    13     5     0     1   -70.0  -24.109  -58.437   1232.9    871.8
     1     1    19     9    13     4     0     2   -71.0  -34.251  -52.455    634.8    947.7
     2     1    19     9    13     4     0     2   -71.0  -31.428  -52.310   1634.0    835.2
     3     1    19     9    13     4     0     2   -71.0  -28.948  -55.191   1318.1    849.8
     4     1    19     9    13     4     0     2   -71.0  -18.362  -77.127   3830.7    643.2
     5     1    19     9    13     4     0     2   -71.0  -24.248  -58.317   1264.6    868.3
     1     1    19     9    13     3     0     3   -72.0  -34.410  -52.636    676.6    941.9
     2     1    19     9    13     3     0     3   -72.0  -31.482  -52.482   1673.7    829.1
     3     1    19     9    13     3     0     3   -72.0  -28.943  -55.126   1386.2    841.9
     4     1    19     9    13     3     0     3   -72.0  -18.097  -77.578   3876.2    639.0
     5     1    19     9    13     3     0     3   -72.0  -24.387  -58.185   1276.6    866.3
