     5     1
    GDAS    19     9     1     0     0
    GDAS    19     9     8     0     0
    GDAS    19     9    15     0     0
    GDAS    19     9    22     0     0
    GDAS    19     9    29     0     0
     5 BACKWARD OMEGA   
    19     9    22     3  -34.572  -58.513    10.0
    19     9    22     3  -34.572  -58.513   200.0
    19     9    22     3  -34.572  -58.513   500.0
    19     9    22     3  -34.572  -58.513  1000.0
    19     9    22     3  -34.572  -58.513  2000.0
     1 PRESSURE
     1     1    19     9    22     3     0     3     0.0  -34.572  -58.513     10.0   1019.5
     2     1    19     9    22     3     0     3     0.0  -34.572  -58.513    200.0    997.2
     3     1    19     9    22     3     0     3     0.0  -34.572  -58.513    500.0    962.5
     4     1    19     9    22     3     0     3     0.0  -34.572  -58.513   1000.0    906.4
     5     1    19     9    22     3     0     3     0.0  -34.572  -58.513   2000.0    801.8
     1     1    19     9    22     2     0     2    -1.0  -34.663  -58.506      8.8   1018.7
     2     1    19     9    22     2     0     2    -1.0  -34.789  -58.465    184.8    999.3
     3     1    19     9    22     2     0     2    -1.0  -34.835  -58.454    489.4    963.6
     4     1    19     9    22     2     0     2    -1.0  -34.809  -58.647   1024.4    904.0
     5     1    19     9    22     2     0     2    -1.0  -34.820  -58.896   2065.5    794.7
     1     1    19     9    22     1     0     1    -2.0  -34.751  -58.531      7.6   1017.9
     2     1    19     9    22     1     0     1    -2.0  -35.004  -58.489    178.1   1001.5
     3     1    19     9    22     1     0     1    -2.0  -35.117  -58.469    474.3    966.9
     4     1    19     9    22     1     0     1    -2.0  -35.069  -58.821   1046.5    903.0
     5     1    19     9    22     1     0     1    -2.0  -35.089  -59.305   2089.3    791.9
     1     1    19     9    22     0     0     0    -3.0  -34.836  -58.591      6.7   1017.0
     2     1    19     9    22     0     0     0    -3.0  -35.230  -58.585    176.7    999.9
     3     1    19     9    22     0     0     0    -3.0  -35.428  -58.546    445.0    967.8
     4     1    19     9    22     0     0     0    -3.0  -35.348  -59.029   1058.2    899.4
     5     1    19     9    22     0     0     0    -3.0  -35.372  -59.741   2104.2    791.2
     1     1    19     9    21    23     0     1    -4.0  -34.917  -58.684      6.2   1016.7
     2     1    19     9    21    23     0     1    -4.0  -35.447  -58.727    171.9    999.8
     3     1    19     9    21    23     0     1    -4.0  -35.728  -58.671    399.4    973.8
     4     1    19     9    21    23     0     1    -4.0  -35.616  -59.287   1069.4    898.5
     5     1    19     9    21    23     0     1    -4.0  -35.679  -60.217   2163.5    782.4
     1     1    19     9    21    22     0     2    -5.0  -35.000  -58.800      6.1   1016.4
     2     1    19     9    21    22     0     2    -5.0  -35.644  -58.922    170.4    999.7
     3     1    19     9    21    22     0     2    -5.0  -35.987  -58.889    374.2    977.6
     4     1    19     9    21    22     0     2    -5.0  -35.863  -59.620   1098.2    890.4
     5     1    19     9    21    22     0     2    -5.0  -36.040  -60.755   2285.0    767.1
     1     1    19     9    21    21     0     3    -6.0  -35.087  -58.936      6.2   1016.1
     2     1    19     9    21    21     0     3    -6.0  -35.830  -59.198    176.4    996.4
     3     1    19     9    21    21     0     3    -6.0  -36.232  -59.219    400.5    970.4
     4     1    19     9    21    21     0     3    -6.0  -36.109  -60.014   1100.2    880.2
     5     1    19     9    21    21     0     3    -6.0  -36.443  -61.377   2390.7    747.8
     1     1    19     9    21    20     0     2    -7.0  -35.167  -59.100      6.3   1014.5
     2     1    19     9    21    20     0     2    -7.0  -35.998  -59.539    184.0    991.0
     3     1    19     9    21    20     0     2    -7.0  -36.467  -59.609    438.4    953.4
     4     1    19     9    21    20     0     2    -7.0  -36.353  -60.430   1097.8    883.1
     5     1    19     9    21    20     0     2    -7.0  -36.824  -62.055   2427.1    742.2
     1     1    19     9    21    19     0     1    -8.0  -35.226  -59.306      6.6   1012.9
     2     1    19     9    21    19     0     1    -8.0  -36.141  -59.914    193.8    983.8
     3     1    19     9    21    19     0     1    -8.0  -36.668  -60.006    435.6    944.0
     4     1    19     9    21    19     0     1    -8.0  -36.573  -60.846   1141.8    877.2
     5     1    19     9    21    19     0     1    -8.0  -37.153  -62.786   2450.0    741.2
     1     1    19     9    21    18     0     0    -9.0  -35.271  -59.558      7.1   1011.8
     2     1    19     9    21    18     0     0    -9.0  -36.267  -60.309    208.6    979.4
     3     1    19     9    21    18     0     0    -9.0  -36.838  -60.396    414.1    949.2
     4     1    19     9    21    18     0     0    -9.0  -36.772  -61.267   1196.6    866.6
     5     1    19     9    21    18     0     0    -9.0  -37.427  -63.576   2496.5    737.0
     1     1    19     9    21    17     0     1   -10.0  -35.310  -59.830      7.6   1012.3
     2     1    19     9    21    17     0     1   -10.0  -36.391  -60.684    226.1    977.2
     3     1    19     9    21    17     0     1   -10.0  -36.995  -60.753    402.5    951.5
     4     1    19     9    21    17     0     1   -10.0  -36.964  -61.688   1256.1    860.3
     5     1    19     9    21    17     0     1   -10.0  -37.656  -64.386   2602.2    721.9
     1     1    19     9    21    16     0     2   -11.0  -35.347  -60.090      8.0   1012.3
     2     1    19     9    21    16     0     2   -11.0  -36.513  -61.010    242.3    975.8
     3     1    19     9    21    16     0     2   -11.0  -37.145  -61.073    403.2    951.9
     4     1    19     9    21    16     0     2   -11.0  -37.161  -62.117   1308.1    848.2
     5     1    19     9    21    16     0     2   -11.0  -37.842  -65.209   2711.7    707.0
     1     1    19     9    21    15     0     3   -12.0  -35.381  -60.329      8.5   1012.1
     2     1    19     9    21    15     0     3   -12.0  -36.621  -61.298    254.3    974.0
     3     1    19     9    21    15     0     3   -12.0  -37.288  -61.370    410.0    947.3
     4     1    19     9    21    15     0     3   -12.0  -37.362  -62.550   1299.2    847.7
     5     1    19     9    21    15     0     3   -12.0  -37.979  -66.036   2897.7    695.9
     1     1    19     9    21    14     0     2   -13.0  -35.410  -60.552      9.5   1011.1
     2     1    19     9    21    14     0     2   -13.0  -36.744  -61.575    264.9    971.8
     3     1    19     9    21    14     0     2   -13.0  -37.462  -61.676    419.4    939.0
     4     1    19     9    21    14     0     2   -13.0  -37.580  -62.958   1286.6    851.5
     5     1    19     9    21    14     0     2   -13.0  -38.119  -66.813   3055.3    670.7
     1     1    19     9    21    13     0     1   -14.0  -35.440  -60.768     11.6   1009.7
     2     1    19     9    21    13     0     1   -14.0  -36.928  -61.860    281.3    967.9
     3     1    19     9    21    13     0     1   -14.0  -37.706  -62.017    469.7    920.8
     4     1    19     9    21    13     0     1   -14.0  -37.819  -63.322   1276.8    852.6
     5     1    19     9    21    13     0     1   -14.0  -38.321  -67.460   2998.9    673.5
     1     1    19     9    21    12     0     0   -15.0  -35.471  -60.980     15.8   1007.7
     2     1    19     9    21    12     0     0   -15.0  -37.190  -62.158    310.3    958.0
     3     1    19     9    21    12     0     0   -15.0  -38.021  -62.397    611.3    908.8
     4     1    19     9    21    12     0     0   -15.0  -38.092  -63.653   1289.8    855.9
     5     1    19     9    21    12     0     0   -15.0  -38.618  -67.991   2723.4    689.8
     1     1    19     9    21    11     0     1   -16.0  -35.486  -61.190     22.3   1006.0
     2     1    19     9    21    11     0     1   -16.0  -37.490  -62.509    364.4    946.9
     3     1    19     9    21    11     0     1   -16.0  -38.376  -62.791    741.2    904.0
     4     1    19     9    21    11     0     1   -16.0  -38.397  -63.975   1320.7    852.2
     5     1    19     9    21    11     0     1   -16.0  -39.007  -68.482   2408.2    724.4
     1     1    19     9    21    10     0     2   -17.0  -35.459  -61.397     28.3   1004.7
     2     1    19     9    21    10     0     2   -17.0  -37.791  -62.944    424.7    941.4
     3     1    19     9    21    10     0     2   -17.0  -38.736  -63.206    798.6    914.1
     4     1    19     9    21    10     0     2   -17.0  -38.726  -64.291   1323.9    850.5
     5     1    19     9    21    10     0     2   -17.0  -39.462  -69.076   2265.0    722.4
     1     1    19     9    21     9     0     3   -18.0  -35.389  -61.604     32.6   1003.7
     2     1    19     9    21     9     0     3   -18.0  -38.103  -63.448    452.9    940.4
     3     1    19     9    21     9     0     3   -18.0  -39.125  -63.631    842.0    910.3
     4     1    19     9    21     9     0     3   -18.0  -39.080  -64.615   1328.9    853.0
     5     1    19     9    21     9     0     3   -18.0  -39.985  -69.854   2281.2    712.5
     1     1    19     9    21     8     0     2   -19.0  -35.293  -61.801     35.5   1003.1
     2     1    19     9    21     8     0     2   -19.0  -38.437  -64.011    458.5    947.6
     3     1    19     9    21     8     0     2   -19.0  -39.528  -64.062    889.4    901.9
     4     1    19     9    21     8     0     2   -19.0  -39.477  -64.962   1395.7    845.0
     5     1    19     9    21     8     0     2   -19.0  -40.510  -70.852   2233.1    677.5
     1     1    19     9    21     7     0     1   -20.0  -35.181  -61.980     38.6   1002.4
     2     1    19     9    21     7     0     1   -20.0  -38.791  -64.622    495.6    940.7
     3     1    19     9    21     7     0     1   -20.0  -39.923  -64.501    965.8    892.5
     4     1    19     9    21     7     0     1   -20.0  -39.893  -65.324   1444.4    835.8
     5     1    19     9    21     7     0     1   -20.0  -40.920  -71.903   2459.4    672.1
     1     1    19     9    21     6     0     0   -21.0  -35.042  -62.141     43.9   1001.8
     2     1    19     9    21     6     0     0   -21.0  -39.132  -65.253    576.8    929.7
     3     1    19     9    21     6     0     0   -21.0  -40.316  -64.956   1033.1    887.2
     4     1    19     9    21     6     0     0   -21.0  -40.342  -65.786   1388.3    834.3
     5     1    19     9    21     6     0     0   -21.0  -41.259  -72.777   3126.0    653.7
     1     1    19     9    21     5     0     1   -22.0  -34.892  -62.279     51.3   1001.6
     2     1    19     9    21     5     0     1   -22.0  -39.462  -65.923    668.5    913.3
     3     1    19     9    21     5     0     1   -22.0  -40.705  -65.474   1073.8    873.2
     4     1    19     9    21     5     0     1   -22.0  -40.848  -66.405   1485.9    804.7
     5     1    19     9    21     5     0     1   -22.0  -41.495  -73.426   3169.2    683.9
     1     1    19     9    21     4     0     2   -23.0  -34.755  -62.387     58.3   1000.9
     2     1    19     9    21     4     0     2   -23.0  -39.768  -66.639    721.7    903.7
     3     1    19     9    21     4     0     2   -23.0  -41.115  -66.117   1172.2    841.9
     4     1    19     9    21     4     0     2   -23.0  -41.368  -67.132   1646.9    734.0
     5     1    19     9    21     4     0     2   -23.0  -41.722  -74.093   3105.5    693.7
     1     1    19     9    21     3     0     3   -24.0  -34.628  -62.461     63.6   1000.0
     2     1    19     9    21     3     0     3   -24.0  -40.061  -67.395    806.7    882.0
     3     1    19     9    21     3     0     3   -24.0  -41.603  -67.006   1192.0    784.1
     4     1    19     9    21     3     0     3   -24.0  -41.896  -68.078   1870.7    698.1
     5     1    19     9    21     3     0     3   -24.0  -41.967  -74.845   2967.2    699.4
     1     1    19     9    21     2     0     2   -25.0  -34.526  -62.513     66.8    999.2
     2     1    19     9    21     2     0     2   -25.0  -40.445  -68.279   1046.4    807.1
     3     1    19     9    21     2     0     2   -25.0  -42.101  -68.171   1492.8    730.5
     4     1    19     9    21     2     0     2   -25.0  -42.406  -69.102   2364.4    649.1
     5     1    19     9    21     2     0     2   -25.0  -42.205  -75.614   2819.3    720.7
     1     1    19     9    21     1     0     1   -26.0  -34.466  -62.558     68.7    998.6
     2     1    19     9    21     1     0     1   -26.0  -40.834  -69.252   1144.4    773.8
     3     1    19     9    21     1     0     1   -26.0  -42.590  -69.336   1916.4    695.2
     4     1    19     9    21     1     0     1   -26.0  -42.864  -70.270   2496.5    660.9
     5     1    19     9    21     1     0     1   -26.0  -42.465  -76.393   2750.1    726.0
     1     1    19     9    21     0     0     0   -27.0  -34.449  -62.596     69.9    998.1
     2     1    19     9    21     0     0     0   -27.0  -41.155  -70.323   1387.6    743.4
     3     1    19     9    21     0     0     0   -27.0  -42.929  -70.730   2069.6    728.6
     4     1    19     9    21     0     0     0   -27.0  -43.260  -71.580   3387.9    578.1
     5     1    19     9    21     0     0     0   -27.0  -42.754  -77.209   2734.3    727.3
     1     1    19     9    20    23     0     1   -28.0  -34.465  -62.646     70.8    997.5
     2     1    19     9    20    23     0     1   -28.0  -41.425  -71.489   1587.1    737.8
     3     1    19     9    20    23     0     1   -28.0  -43.165  -72.053   3063.2    600.2
     4     1    19     9    20    23     0     1   -28.0  -43.569  -72.865   4110.8    551.1
     5     1    19     9    20    23     0     1   -28.0  -43.062  -78.088   2711.9    728.5
     1     1    19     9    20    22     0     2   -29.0  -34.502  -62.726     71.2    996.8
     2     1    19     9    20    22     0     2   -29.0  -41.559  -72.370   1944.5    734.5
     3     1    19     9    20    22     0     2   -29.0  -43.319  -73.064   3252.2    646.9
     4     1    19     9    20    22     0     2   -29.0  -43.804  -73.892   3864.3    622.6
     5     1    19     9    20    22     0     2   -29.0  -43.381  -78.987   2686.2    731.4
     1     1    19     9    20    21     0     3   -30.0  -34.564  -62.833     71.1    996.4
     2     1    19     9    20    21     0     3   -30.0  -41.645  -73.030   1928.5    794.1
     3     1    19     9    20    21     0     3   -30.0  -43.411  -73.912   2760.6    721.7
     4     1    19     9    20    21     0     3   -30.0  -44.036  -74.882   3776.4    629.1
     5     1    19     9    20    21     0     3   -30.0  -43.710  -79.890   2677.0    732.0
     1     1    19     9    20    20     0     2   -31.0  -34.643  -62.970     71.0    996.8
     2     1    19     9    20    20     0     2   -31.0  -41.649  -73.548   1697.6    827.4
     3     1    19     9    20    20     0     2   -31.0  -43.547  -74.770   2764.2    715.6
     4     1    19     9    20    20     0     2   -31.0  -44.298  -75.872   3647.9    642.2
     5     1    19     9    20    20     0     2   -31.0  -44.043  -80.817   2675.4    731.9
     1     1    19     9    20    19     0     1   -32.0  -34.730  -63.147     72.8    996.4
     2     1    19     9    20    19     0     1   -32.0  -41.652  -74.067   1485.9    852.3
     3     1    19     9    20    19     0     1   -32.0  -43.737  -75.601   2625.5    734.5
     4     1    19     9    20    19     0     1   -32.0  -44.578  -76.857   3545.9    650.3
     5     1    19     9    20    19     0     1   -32.0  -44.373  -81.750   2654.3    733.4
     1     1    19     9    20    18     0     0   -33.0  -34.822  -63.366     79.0    995.1
     2     1    19     9    20    18     0     0   -33.0  -41.661  -74.582   1343.2    869.6
     3     1    19     9    20    18     0     0   -33.0  -43.949  -76.455   2513.6    743.1
     4     1    19     9    20    18     0     0   -33.0  -44.872  -77.826   3455.2    658.3
     5     1    19     9    20    18     0     0   -33.0  -44.710  -82.677   2605.2    738.1
     1     1    19     9    20    17     0     1   -34.0  -34.921  -63.596     89.7    993.5
     2     1    19     9    20    17     0     1   -34.0  -41.695  -75.106   1322.1    870.6
     3     1    19     9    20    17     0     1   -34.0  -44.180  -77.322   2347.6    762.0
     4     1    19     9    20    17     0     1   -34.0  -45.187  -78.782   3371.0    665.4
     5     1    19     9    20    17     0     1   -34.0  -45.051  -83.610   2566.6    742.9
     1     1    19     9    20    16     0     2   -35.0  -35.030  -63.814    105.5    991.6
     2     1    19     9    20    16     0     2   -35.0  -41.767  -75.651   1314.2    870.8
     3     1    19     9    20    16     0     2   -35.0  -44.458  -78.202   2272.0    768.7
     4     1    19     9    20    16     0     2   -35.0  -45.531  -79.736   3315.8    671.0
     5     1    19     9    20    16     0     2   -35.0  -45.391  -84.553   2567.9    742.2
     1     1    19     9    20    15     0     3   -36.0  -35.152  -64.022    130.8    988.0
     2     1    19     9    20    15     0     3   -36.0  -41.862  -76.224   1287.8    874.9
     3     1    19     9    20    15     0     3   -36.0  -44.762  -79.087   2265.9    770.2
     4     1    19     9    20    15     0     3   -36.0  -45.904  -80.677   3307.4    671.9
     5     1    19     9    20    15     0     3   -36.0  -45.748  -85.535   2569.1    742.5
     1     1    19     9    20    14     0     2   -37.0  -35.287  -64.216    164.4    980.5
     2     1    19     9    20    14     0     2   -37.0  -41.973  -76.824   1287.1    874.1
     3     1    19     9    20    14     0     2   -37.0  -45.095  -79.982   2295.1    765.4
     4     1    19     9    20    14     0     2   -37.0  -46.283  -81.642   3322.2    668.8
     5     1    19     9    20    14     0     2   -37.0  -46.101  -86.528   2575.6    741.1
     1     1    19     9    20    13     0     1   -38.0  -35.439  -64.404    201.2    973.0
     2     1    19     9    20    13     0     1   -38.0  -42.120  -77.447   1274.8    874.2
     3     1    19     9    20    13     0     1   -38.0  -45.434  -80.943   2305.8    763.2
     4     1    19     9    20    13     0     1   -38.0  -46.679  -82.654   3306.6    670.5
     5     1    19     9    20    13     0     1   -38.0  -46.439  -87.510   2571.4    741.4
     1     1    19     9    20    12     0     0   -39.0  -35.607  -64.595    241.3    965.5
     2     1    19     9    20    12     0     0   -39.0  -42.300  -78.103   1238.0    878.6
     3     1    19     9    20    12     0     0   -39.0  -45.767  -81.951   2281.9    765.7
     4     1    19     9    20    12     0     0   -39.0  -47.094  -83.675   3307.6    669.5
     5     1    19     9    20    12     0     0   -39.0  -46.770  -88.516   2567.2    741.3
     1     1    19     9    20    11     0     1   -40.0  -35.790  -64.805    282.8    957.0
     2     1    19     9    20    11     0     1   -40.0  -42.484  -78.778   1214.3    881.3
     3     1    19     9    20    11     0     1   -40.0  -46.117  -82.965   2238.4    769.6
     4     1    19     9    20    11     0     1   -40.0  -47.506  -84.713   3312.1    669.2
     5     1    19     9    20    11     0     1   -40.0  -47.086  -89.542   2556.8    742.6
     1     1    19     9    20    10     0     2   -41.0  -35.990  -65.048    316.9    948.9
     2     1    19     9    20    10     0     2   -41.0  -42.656  -79.447   1206.6    883.0
     3     1    19     9    20    10     0     2   -41.0  -46.473  -83.991   2205.8    774.5
     4     1    19     9    20    10     0     2   -41.0  -47.901  -85.794   3312.0    669.4
     5     1    19     9    20    10     0     2   -41.0  -47.390  -90.554   2560.9    742.3
     1     1    19     9    20     9     0     3   -42.0  -36.204  -65.317    343.6    943.0
     2     1    19     9    20     9     0     3   -42.0  -42.820  -80.137   1244.8    878.5
     3     1    19     9    20     9     0     3   -42.0  -46.816  -85.008   2198.4    773.1
     4     1    19     9    20     9     0     3   -42.0  -48.306  -86.892   3316.0    668.4
     5     1    19     9    20     9     0     3   -42.0  -47.686  -91.557   2584.0    740.4
     1     1    19     9    20     8     0     2   -43.0  -36.438  -65.602    376.5    938.5
     2     1    19     9    20     8     0     2   -43.0  -42.989  -80.848   1299.4    872.5
     3     1    19     9    20     8     0     2   -43.0  -47.166  -85.997   2168.8    777.4
     4     1    19     9    20     8     0     2   -43.0  -48.720  -88.014   3292.2    670.3
     5     1    19     9    20     8     0     2   -43.0  -47.963  -92.550   2612.0    737.0
     1     1    19     9    20     7     0     1   -44.0  -36.708  -65.906    408.5    936.0
     2     1    19     9    20     7     0     1   -44.0  -43.173  -81.566   1342.7    867.9
     3     1    19     9    20     7     0     1   -44.0  -47.498  -87.038   2177.6    776.8
     4     1    19     9    20     7     0     1   -44.0  -49.117  -89.139   3242.7    675.3
     5     1    19     9    20     7     0     1   -44.0  -48.211  -93.526   2606.1    738.6
     1     1    19     9    20     6     0     0   -45.0  -37.018  -66.250    418.1    937.5
     2     1    19     9    20     6     0     0   -45.0  -43.357  -82.298   1363.0    866.4
     3     1    19     9    20     6     0     0   -45.0  -47.786  -88.083   2154.2    777.4
     4     1    19     9    20     6     0     0   -45.0  -49.503  -90.257   3207.1    678.5
     5     1    19     9    20     6     0     0   -45.0  -48.447  -94.507   2592.2    740.3
     1     1    19     9    20     5     0     1   -46.0  -37.335  -66.627    431.7    935.7
     2     1    19     9    20     5     0     1   -46.0  -43.540  -83.030   1384.6    864.7
     3     1    19     9    20     5     0     1   -46.0  -48.076  -89.069   2079.9    787.0
     4     1    19     9    20     5     0     1   -46.0  -49.890  -91.390   3211.1    678.8
     5     1    19     9    20     5     0     1   -46.0  -48.677  -95.488   2588.0    741.4
     1     1    19     9    20     4     0     2   -47.0  -37.653  -67.030    471.4    926.5
     2     1    19     9    20     4     0     2   -47.0  -43.722  -83.741   1397.4    863.4
     3     1    19     9    20     4     0     2   -47.0  -48.376  -90.121   2046.6    791.0
     4     1    19     9    20     4     0     2   -47.0  -50.290  -92.599   3242.9    674.9
     5     1    19     9    20     4     0     2   -47.0  -48.882  -96.445   2622.1    738.0
     1     1    19     9    20     3     0     3   -48.0  -37.978  -67.513    568.4    913.0
     2     1    19     9    20     3     0     3   -48.0  -43.891  -84.433   1387.1    865.3
     3     1    19     9    20     3     0     3   -48.0  -48.647  -91.211   1998.3    795.5
     4     1    19     9    20     3     0     3   -48.0  -50.693  -93.826   3236.5    676.0
     5     1    19     9    20     3     0     3   -48.0  -49.041  -97.385   2661.9    734.5
     1     1    19     9    20     2     0     2   -49.0  -38.286  -68.062    677.3    899.1
     2     1    19     9    20     2     0     2   -49.0  -44.060  -85.112   1384.3    866.1
     3     1    19     9    20     2     0     2   -49.0  -48.930  -92.226   1931.5    802.9
     4     1    19     9    20     2     0     2   -49.0  -51.091  -95.079   3203.1    678.6
     5     1    19     9    20     2     0     2   -49.0  -49.159  -98.324   2672.7    733.5
     1     1    19     9    20     1     0     1   -50.0  -38.571  -68.607    662.1    892.9
     2     1    19     9    20     1     0     1   -50.0  -44.240  -85.784   1390.4    864.9
     3     1    19     9    20     1     0     1   -50.0  -49.201  -93.295   1889.1    807.3
     4     1    19     9    20     1     0     1   -50.0  -51.460  -96.397   3191.1    679.8
     5     1    19     9    20     1     0     1   -50.0  -49.279  -99.256   2653.4    735.1
     1     1    19     9    20     0     0     0   -51.0  -38.823  -69.153    563.3    887.8
     2     1    19     9    20     0     0     0   -51.0  -44.418  -86.448   1393.8    864.7
     3     1    19     9    20     0     0     0   -51.0  -49.426  -94.445   1854.6    810.0
     4     1    19     9    20     0     0     0   -51.0  -51.806  -97.726   3215.6    677.0
     5     1    19     9    20     0     0     0   -51.0  -49.401 -100.168   2602.5    739.8
     1     1    19     9    19    23     0     1   -52.0  -39.054  -69.712    426.3    871.3
     2     1    19     9    19    23     0     1   -52.0  -44.594  -87.107   1406.6    863.4
     3     1    19     9    19    23     0     1   -52.0  -49.650  -95.566   1793.4    817.6
     4     1    19     9    19    23     0     1   -52.0  -52.131  -99.087   3227.6    676.2
     5     1    19     9    19    23     0     1   -52.0  -49.492 -101.066   2553.4    745.2
     1     1    19     9    19    22     0     2   -53.0  -39.197  -70.231    303.6    872.4
     2     1    19     9    19    22     0     2   -53.0  -44.778  -87.763   1418.5    862.3
     3     1    19     9    19    22     0     2   -53.0  -49.854  -96.699   1768.0    819.4
     4     1    19     9    19    22     0     2   -53.0  -52.439 -100.494   3245.6    674.8
     5     1    19     9    19    22     0     2   -53.0  -49.538 -101.969   2532.3    747.4
     1     1    19     9    19    21     0     3   -54.0  -39.264  -70.726    303.0    853.5
     2     1    19     9    19    21     0     3   -54.0  -44.962  -88.421   1429.5    861.7
     3     1    19     9    19    21     0     3   -54.0  -49.965  -97.861   1752.1    822.5
     4     1    19     9    19    21     0     3   -54.0  -52.734 -101.849   3289.2    671.1
     5     1    19     9    19    21     0     3   -54.0  -49.560 -102.876   2526.0    748.3
     1     1    19     9    19    20     0     2   -55.0  -39.285  -71.210    349.2    848.7
     2     1    19     9    19    20     0     2   -55.0  -45.150  -89.081   1452.4    859.3
     3     1    19     9    19    20     0     2   -55.0  -50.073  -99.044   1742.5    822.8
     4     1    19     9    19    20     0     2   -55.0  -53.005 -103.165   3358.9    664.1
     5     1    19     9    19    20     0     2   -55.0  -49.561 -103.756   2509.6    749.7
     1     1    19     9    19    19     0     1   -56.0  -39.292  -71.567    274.3    878.1
     2     1    19     9    19    19     0     1   -56.0  -45.346  -89.736   1465.8    857.8
     3     1    19     9    19    19     0     1   -56.0  -50.183 -100.177   1713.3    826.9
     4     1    19     9    19    19     0     1   -56.0  -53.237 -104.550   3382.9    662.0
     5     1    19     9    19    19     0     1   -56.0  -49.541 -104.598   2483.2    753.5
     1     1    19     9    19    18     0     0   -57.0  -39.281  -71.796    106.8    912.5
     2     1    19     9    19    18     0     0   -57.0  -45.532  -90.395   1458.9    859.0
     3     1    19     9    19    18     0     0   -57.0  -50.195 -101.308   1683.6    830.6
     4     1    19     9    19    18     0     0   -57.0  -53.495 -105.922   3391.1    663.2
     5     1    19     9    19    18     0     0   -57.0  -49.503 -105.414   2488.0    752.7
     1     1    19     9    19    17     0     1   -58.0  -39.263  -71.927      0.0    934.1
     2     1    19     9    19    17     0     1   -58.0  -45.716  -91.050   1449.3    860.7
     3     1    19     9    19    17     0     1   -58.0  -50.164 -102.398   1656.6    834.7
     4     1    19     9    19    17     0     1   -58.0  -53.751 -107.255   3433.4    657.9
     5     1    19     9    19    17     0     1   -58.0  -49.446 -106.180   2477.8    754.1
     1     1    19     9    19    16     0     2   -59.0  -39.240  -72.019      0.0    941.4
     2     1    19     9    19    16     0     2   -59.0  -45.907  -91.700   1443.1    862.0
     3     1    19     9    19    16     0     2   -59.0  -50.115 -103.365   1650.9    835.5
     4     1    19     9    19    16     0     2   -59.0  -53.978 -108.698   3448.6    656.6
     5     1    19     9    19    16     0     2   -59.0  -49.367 -106.880   2453.3    756.7
     1     1    19     9    19    15     0     3   -60.0  -39.216  -72.105      0.0    948.3
     2     1    19     9    19    15     0     3   -60.0  -46.089  -92.337   1443.3    862.4
     3     1    19     9    19    15     0     3   -60.0  -49.963 -104.211   1630.6    838.2
     4     1    19     9    19    15     0     3   -60.0  -54.246 -110.250   3471.5    655.1
     5     1    19     9    19    15     0     3   -60.0  -49.267 -107.534   2419.2    760.6
     1     1    19     9    19    14     0     2   -61.0  -39.191  -72.180      0.0    953.7
     2     1    19     9    19    14     0     2   -61.0  -46.261  -92.975   1448.4    861.9
     3     1    19     9    19    14     0     2   -61.0  -49.795 -104.996   1613.0    841.1
     4     1    19     9    19    14     0     2   -61.0  -54.550 -111.692   3545.0    648.3
     5     1    19     9    19    14     0     2   -61.0  -49.143 -108.133   2398.2    762.9
     1     1    19     9    19    13     0     1   -62.0  -39.166  -72.235      0.0    957.8
     2     1    19     9    19    13     0     1   -62.0  -46.432  -93.625   1466.1    860.1
     3     1    19     9    19    13     0     1   -62.0  -49.634 -105.710   1609.5    841.8
     4     1    19     9    19    13     0     1   -62.0  -54.766 -113.220   3601.4    642.7
     5     1    19     9    19    13     0     1   -62.0  -49.005 -108.685   2405.3    762.6
     1     1    19     9    19    12     0     0   -63.0  -39.137  -72.268      0.0    960.6
     2     1    19     9    19    12     0     0   -63.0  -46.596  -94.279   1495.8    856.8
     3     1    19     9    19    12     0     0   -63.0  -49.427 -106.323   1621.2    840.7
     4     1    19     9    19    12     0     0   -63.0  -54.966 -114.908   3651.2    638.4
     5     1    19     9    19    12     0     0   -63.0  -48.853 -109.202   2448.4    758.2
     1     1    19     9    19    11     0     1   -64.0  -39.110  -72.291      0.0    962.7
     2     1    19     9    19    11     0     1   -64.0  -46.744  -94.916   1519.6    854.5
     3     1    19     9    19    11     0     1   -64.0  -49.205 -106.897   1620.4    841.5
     4     1    19     9    19    11     0     1   -64.0  -55.214 -116.509   3729.6    631.3
     5     1    19     9    19    11     0     1   -64.0  -48.676 -109.685   2479.9    755.6
     1     1    19     9    19    10     0     2   -65.0  -39.090  -72.317      0.0    964.8
     2     1    19     9    19    10     0     2   -65.0  -46.876  -95.523   1532.8    853.4
     3     1    19     9    19    10     0     2   -65.0  -48.983 -107.420   1626.7    841.9
     4     1    19     9    19    10     0     2   -65.0  -55.378 -118.142   3776.7    627.6
     5     1    19     9    19    10     0     2   -65.0  -48.476 -110.135   2485.7    755.9
     1     1    19     9    19     9     0     3   -66.0  -39.077  -72.346      0.0    966.9
     2     1    19     9    19     9     0     3   -66.0  -46.996  -96.094   1534.9    853.6
     3     1    19     9    19     9     0     3   -66.0  -48.732 -107.837   1654.5    839.5
     4     1    19     9    19     9     0     3   -66.0  -55.536 -119.848   3825.4    622.8
     5     1    19     9    19     9     0     3   -66.0  -48.264 -110.549   2514.1    754.1
     1     1    19     9    19     8     0     2   -67.0  -39.062  -72.375      0.0    968.8
     2     1    19     9    19     8     0     2   -67.0  -47.106  -96.640   1527.9    854.6
     3     1    19     9    19     8     0     2   -67.0  -48.475 -108.202   1676.3    837.9
     4     1    19     9    19     8     0     2   -67.0  -55.726 -121.524   3878.4    618.4
     5     1    19     9    19     8     0     2   -67.0  -48.049 -110.921   2585.1    747.6
     1     1    19     9    19     7     0     1   -68.0  -39.037  -72.399      0.0    970.7
     2     1    19     9    19     7     0     1   -68.0  -47.201  -97.172   1523.2    855.4
     3     1    19     9    19     7     0     1   -68.0  -48.223 -108.540   1707.3    835.1
     4     1    19     9    19     7     0     1   -68.0  -55.849 -123.273   3926.1    613.5
     5     1    19     9    19     7     0     1   -68.0  -47.828 -111.256   2639.7    742.5
     1     1    19     9    19     6     0     0   -69.0  -39.000  -72.419      0.0    972.8
     2     1    19     9    19     6     0     0   -69.0  -47.286  -97.688   1532.1    854.5
     3     1    19     9    19     6     0     0   -69.0  -47.961 -108.814   1729.3    833.1
     4     1    19     9    19     6     0     0   -69.0  -55.997 -125.150   3926.1    613.7
     5     1    19     9    19     6     0     0   -69.0  -47.593 -111.562   2653.2    741.8
     1     1    19     9    19     5     0     1   -70.0  -38.965  -72.444      0.0    972.9
     2     1    19     9    19     5     0     1   -70.0  -47.377  -98.189   1545.2    853.5
     3     1    19     9    19     5     0     1   -70.0  -47.701 -109.042   1732.5    833.7
     4     1    19     9    19     5     0     1   -70.0  -56.149 -126.964   3938.1    611.6
     5     1    19     9    19     5     0     1   -70.0  -47.343 -111.833   2669.8    740.9
     1     1    19     9    19     4     0     2   -71.0  -38.944  -72.481      0.0    973.9
     2     1    19     9    19     4     0     2   -71.0  -47.490  -98.671   1556.8    852.9
     3     1    19     9    19     4     0     2   -71.0  -47.450 -109.248   1728.4    834.9
     4     1    19     9    19     4     0     2   -71.0  -56.233 -128.694   3935.1    611.8
     5     1    19     9    19     4     0     2   -71.0  -47.079 -112.069   2694.0    739.1
     1     1    19     9    19     3     0     3   -72.0  -38.937  -72.528      0.0    975.8
     2     1    19     9    19     3     0     3   -72.0  -47.620  -99.137   1586.7    850.3
     3     1    19     9    19     3     0     3   -72.0  -47.197 -109.418   1715.9    836.8
     4     1    19     9    19     3     0     3   -72.0  -56.342 -130.474   3997.3    606.6
     5     1    19     9    19     3     0     3   -72.0  -46.797 -112.280   2692.2    739.8
