     7     1
    GDAS    19    10    29     0     0
    GDAS    19    11     1     0     0
    GDAS    19    11     8     0     0
    GDAS    19    11    15     0     0
    GDAS    19    11    22     0     0
    GDAS    19    11    29     0     0
    GDAS    19    12     1     0     0
     5 BACKWARD OMEGA   
    19    11     3     9  -34.572  -58.513    10.0
    19    11     3     9  -34.572  -58.513   200.0
    19    11     3     9  -34.572  -58.513   500.0
    19    11     3     9  -34.572  -58.513  1000.0
    19    11     3     9  -34.572  -58.513  2000.0
     1 PRESSURE
     1     1    19    11     3     9     0     3     0.0  -34.572  -58.513     10.0   1008.6
     2     1    19    11     3     9     0     3     0.0  -34.572  -58.513    200.0    987.1
     3     1    19    11     3     9     0     3     0.0  -34.572  -58.513    500.0    952.5
     4     1    19    11     3     9     0     3     0.0  -34.572  -58.513   1000.0    897.3
     5     1    19    11     3     9     0     3     0.0  -34.572  -58.513   2000.0    796.0
     1     1    19    11     3     8     0     2    -1.0  -34.638  -58.451     12.7   1008.0
     2     1    19    11     3     8     0     2    -1.0  -34.741  -58.366    219.6    985.3
     3     1    19    11     3     8     0     2    -1.0  -34.783  -58.377    522.2    950.8
     4     1    19    11     3     8     0     2    -1.0  -34.758  -58.542   1013.7    897.6
     5     1    19    11     3     8     0     2    -1.0  -34.642  -58.796   2005.9    797.7
     1     1    19    11     3     7     0     1    -2.0  -34.730  -58.392     15.8   1007.6
     2     1    19    11     3     7     0     1    -2.0  -34.967  -58.245    241.8    984.2
     3     1    19    11     3     7     0     1    -2.0  -35.031  -58.281    556.2    949.0
     4     1    19    11     3     7     0     1    -2.0  -34.955  -58.605   1045.9    895.2
     5     1    19    11     3     7     0     1    -2.0  -34.720  -59.065   2031.1    795.9
     1     1    19    11     3     6     0     0    -3.0  -34.848  -58.341     19.4   1007.4
     2     1    19    11     3     6     0     0    -3.0  -35.238  -58.159    268.2    981.8
     3     1    19    11     3     6     0     0    -3.0  -35.299  -58.227    604.7    943.3
     4     1    19    11     3     6     0     0    -3.0  -35.154  -58.706   1087.2    890.1
     5     1    19    11     3     6     0     0    -3.0  -34.808  -59.314   2074.1    792.0
     1     1    19    11     3     5     0     1    -4.0  -34.987  -58.302     23.4   1008.1
     2     1    19    11     3     5     0     1    -4.0  -35.540  -58.113    296.3    978.2
     3     1    19    11     3     5     0     1    -4.0  -35.577  -58.213    659.8    937.2
     4     1    19    11     3     5     0     1    -4.0  -35.351  -58.822   1123.7    886.5
     5     1    19    11     3     5     0     1    -4.0  -34.914  -59.543   2122.7    786.6
     1     1    19    11     3     4     0     2    -5.0  -35.141  -58.275     27.4   1008.6
     2     1    19    11     3     4     0     2    -5.0  -35.868  -58.118    330.0    975.6
     3     1    19    11     3     4     0     2    -5.0  -35.863  -58.235    728.5    931.1
     4     1    19    11     3     4     0     2    -5.0  -35.542  -58.929   1162.4    884.0
     5     1    19    11     3     4     0     2    -5.0  -35.049  -59.756   2155.1    783.0
     1     1    19    11     3     3     0     3    -6.0  -35.310  -58.264     31.3   1008.8
     2     1    19    11     3     3     0     3    -6.0  -36.214  -58.180    378.8    970.2
     3     1    19    11     3     3     0     3    -6.0  -36.151  -58.285    822.9    920.9
     4     1    19    11     3     3     0     3    -6.0  -35.728  -59.023   1219.0    879.1
     5     1    19    11     3     3     0     3    -6.0  -35.215  -59.961   2174.2    781.1
     1     1    19    11     3     2     0     2    -7.0  -35.487  -58.275     35.5   1008.1
     2     1    19    11     3     2     0     2    -7.0  -36.566  -58.280    434.6    961.8
     3     1    19    11     3     2     0     2    -7.0  -36.427  -58.360    921.6    906.6
     4     1    19    11     3     2     0     2    -7.0  -35.911  -59.117   1290.3    869.5
     5     1    19    11     3     2     0     2    -7.0  -35.406  -60.178   2209.4    777.0
     1     1    19    11     3     1     0     1    -8.0  -35.667  -58.307     40.2   1007.6
     2     1    19    11     3     1     0     1    -8.0  -36.912  -58.414    494.1    953.0
     3     1    19    11     3     1     0     1    -8.0  -36.706  -58.466   1003.4    895.8
     4     1    19    11     3     1     0     1    -8.0  -36.100  -59.224   1359.5    859.4
     5     1    19    11     3     1     0     1    -8.0  -35.620  -60.429   2261.6    768.6
     1     1    19    11     3     0     0     0    -9.0  -35.855  -58.351     46.4   1007.2
     2     1    19    11     3     0     0     0    -9.0  -37.262  -58.586    568.7    940.0
     3     1    19    11     3     0     0     0    -9.0  -37.021  -58.592   1063.4    886.1
     4     1    19    11     3     0     0     0    -9.0  -36.312  -59.349   1413.6    849.9
     5     1    19    11     3     0     0     0    -9.0  -35.854  -60.718   2305.9    761.9
     1     1    19    11     2    23     0     1   -10.0  -36.046  -58.414     54.8   1005.6
     2     1    19    11     2    23     0     1   -10.0  -37.623  -58.783    636.8    924.5
     3     1    19    11     2    23     0     1   -10.0  -37.372  -58.752   1118.3    877.1
     4     1    19    11     2    23     0     1   -10.0  -36.557  -59.498   1469.0    841.7
     5     1    19    11     2    23     0     1   -10.0  -36.105  -61.044   2349.0    758.0
     1     1    19    11     2    22     0     2   -11.0  -36.229  -58.513     67.4   1002.4
     2     1    19    11     2    22     0     2   -11.0  -37.998  -59.015    647.6    916.1
     3     1    19    11     2    22     0     2   -11.0  -37.751  -58.964   1156.0    865.8
     4     1    19    11     2    22     0     2   -11.0  -36.845  -59.683   1531.9    828.2
     5     1    19    11     2    22     0     2   -11.0  -36.368  -61.407   2421.7    750.4
     1     1    19    11     2    21     0     3   -12.0  -36.416  -58.648     89.1    998.1
     2     1    19    11     2    21     0     3   -12.0  -38.396  -59.263    627.9    929.2
     3     1    19    11     2    21     0     3   -12.0  -38.178  -59.220   1161.6    866.0
     4     1    19    11     2    21     0     3   -12.0  -37.187  -59.903   1592.6    816.5
     5     1    19    11     2    21     0     3   -12.0  -36.633  -61.810   2526.7    737.5
     1     1    19    11     2    20     0     2   -13.0  -36.628  -58.811    124.4    992.4
     2     1    19    11     2    20     0     2   -13.0  -38.828  -59.509    625.8    936.6
     3     1    19    11     2    20     0     2   -13.0  -38.617  -59.501   1184.3    872.7
     4     1    19    11     2    20     0     2   -13.0  -37.563  -60.170   1680.7    809.3
     5     1    19    11     2    20     0     2   -13.0  -36.895  -62.261   2637.8    725.4
     1     1    19    11     2    19     0     1   -14.0  -36.872  -59.000    170.3    983.1
     2     1    19    11     2    19     0     1   -14.0  -39.300  -59.768    633.7    939.1
     3     1    19    11     2    19     0     1   -14.0  -39.050  -59.806   1215.2    873.9
     4     1    19    11     2    19     0     1   -14.0  -37.954  -60.500   1816.5    796.2
     5     1    19    11     2    19     0     1   -14.0  -37.155  -62.756   2739.0    714.1
     1     1    19    11     2    18     0     0   -15.0  -37.144  -59.225    207.9    972.0
     2     1    19    11     2    18     0     0   -15.0  -39.847  -60.005    658.0    936.7
     3     1    19    11     2    18     0     0   -15.0  -39.514  -60.116   1248.6    872.9
     4     1    19    11     2    18     0     0   -15.0  -38.353  -60.889   1962.1    784.6
     5     1    19    11     2    18     0     0   -15.0  -37.415  -63.274   2833.1    706.2
     1     1    19    11     2    17     0     1   -16.0  -37.437  -59.488    229.4    966.0
     2     1    19    11     2    17     0     1   -16.0  -40.419  -60.223    690.0    930.7
     3     1    19    11     2    17     0     1   -16.0  -39.998  -60.411   1311.7    865.6
     4     1    19    11     2    17     0     1   -16.0  -38.739  -61.317   2063.9    781.2
     5     1    19    11     2    17     0     1   -16.0  -37.674  -63.812   2943.5    699.3
     1     1    19    11     2    16     0     2   -17.0  -37.748  -59.782    244.1    961.4
     2     1    19    11     2    16     0     2   -17.0  -40.948  -60.436    727.4    928.1
     3     1    19    11     2    16     0     2   -17.0  -40.473  -60.700   1400.9    856.2
     4     1    19    11     2    16     0     2   -17.0  -39.111  -61.759   2160.4    781.8
     5     1    19    11     2    16     0     2   -17.0  -37.932  -64.381   3076.4    683.6
     1     1    19    11     2    15     0     3   -18.0  -38.075  -60.112    260.6    960.1
     2     1    19    11     2    15     0     3   -18.0  -41.453  -60.605    779.9    921.9
     3     1    19    11     2    15     0     3   -18.0  -40.953  -60.958   1518.2    844.8
     4     1    19    11     2    15     0     3   -18.0  -39.483  -62.194   2262.8    771.8
     5     1    19    11     2    15     0     3   -18.0  -38.194  -64.974   3199.3    666.7
     1     1    19    11     2    14     0     2   -19.0  -38.409  -60.495    278.0    965.5
     2     1    19    11     2    14     0     2   -19.0  -41.946  -60.732    819.7    914.4
     3     1    19    11     2    14     0     2   -19.0  -41.413  -61.202   1623.4    828.8
     4     1    19    11     2    14     0     2   -19.0  -39.840  -62.639   2384.3    760.8
     5     1    19    11     2    14     0     2   -19.0  -38.452  -65.574   3338.7    661.1
     1     1    19    11     2    13     0     1   -20.0  -38.739  -60.915    282.1    972.0
     2     1    19    11     2    13     0     1   -20.0  -42.429  -60.827    872.6    913.5
     3     1    19    11     2    13     0     1   -20.0  -41.844  -61.424   1699.7    822.9
     4     1    19    11     2    13     0     1   -20.0  -40.188  -63.100   2522.2    745.4
     5     1    19    11     2    13     0     1   -20.0  -38.710  -66.180   3513.4    644.3
     1     1    19    11     2    12     0     0   -21.0  -39.052  -61.334    274.1    980.4
     2     1    19    11     2    12     0     0   -21.0  -42.885  -60.897   1073.0    899.5
     3     1    19    11     2    12     0     0   -21.0  -42.272  -61.582   1815.3    814.9
     4     1    19    11     2    12     0     0   -21.0  -40.548  -63.551   2665.5    730.7
     5     1    19    11     2    12     0     0   -21.0  -38.988  -66.802   3699.2    624.8
     1     1    19    11     2    11     0     1   -22.0  -39.347  -61.759    263.2    981.6
     2     1    19    11     2    11     0     1   -22.0  -43.245  -60.965   1316.0    852.6
     3     1    19    11     2    11     0     1   -22.0  -42.653  -61.731   1924.4    793.8
     4     1    19    11     2    11     0     1   -22.0  -40.890  -64.031   2828.5    717.0
     5     1    19    11     2    11     0     1   -22.0  -39.285  -67.426   3916.3    604.4
     1     1    19    11     2    10     0     2   -23.0  -39.637  -62.192    244.6    982.0
     2     1    19    11     2    10     0     2   -23.0  -43.505  -61.023   1403.8    841.7
     3     1    19    11     2    10     0     2   -23.0  -43.003  -61.878   1865.9    793.5
     4     1    19    11     2    10     0     2   -23.0  -41.194  -64.536   3015.2    700.4
     5     1    19    11     2    10     0     2   -23.0  -39.593  -68.060   4142.7    567.9
     1     1    19    11     2     9     0     3   -24.0  -39.947  -62.592    230.3    984.9
     2     1    19    11     2     9     0     3   -24.0  -43.731  -61.049   1366.5    850.4
     3     1    19    11     2     9     0     3   -24.0  -43.356  -61.981   1678.6    820.3
     4     1    19    11     2     9     0     3   -24.0  -41.478  -65.018   3216.8    680.7
     5     1    19    11     2     9     0     3   -24.0  -39.911  -68.702   4202.3    537.8
     1     1    19    11     2     8     0     2   -25.0  -40.263  -62.983    246.2    983.6
     2     1    19    11     2     8     0     2   -25.0  -43.963  -61.038   1327.1    862.1
     3     1    19    11     2     8     0     2   -25.0  -43.670  -62.064   1457.0    845.1
     4     1    19    11     2     8     0     2   -25.0  -41.723  -65.496   3384.1    649.1
     5     1    19    11     2     8     0     2   -25.0  -40.243  -69.318   4188.2    550.4
     1     1    19    11     2     7     0     1   -26.0  -40.569  -63.393    269.9    974.8
     2     1    19    11     2     7     0     1   -26.0  -44.184  -61.022   1342.0    859.7
     3     1    19    11     2     7     0     1   -26.0  -43.955  -62.109   1242.3    869.9
     4     1    19    11     2     7     0     1   -26.0  -41.963  -65.923   3545.5    622.6
     5     1    19    11     2     7     0     1   -26.0  -40.599  -69.898   4337.6    527.7
     1     1    19    11     2     6     0     0   -27.0  -40.886  -63.746    239.1    976.1
     2     1    19    11     2     6     0     0   -27.0  -44.372  -61.042   1395.7    853.3
     3     1    19    11     2     6     0     0   -27.0  -44.256  -62.106   1103.2    891.0
     4     1    19    11     2     6     0     0   -27.0  -42.220  -66.289   3717.8    603.2
     5     1    19    11     2     6     0     0   -27.0  -40.971  -70.463   4652.6    496.2
     1     1    19    11     2     5     0     1   -28.0  -41.199  -63.964    193.1    988.5
     2     1    19    11     2     5     0     1   -28.0  -44.523  -61.149   1475.9    845.4
     3     1    19    11     2     5     0     1   -28.0  -44.528  -62.135   1046.6    892.2
     4     1    19    11     2     5     0     1   -28.0  -42.436  -66.670   3833.6    595.2
     5     1    19    11     2     5     0     1   -28.0  -41.393  -71.027   5247.2    459.7
     1     1    19    11     2     4     0     2   -29.0  -41.486  -64.072    171.8    990.2
     2     1    19    11     2     4     0     2   -29.0  -44.630  -61.342   1569.3    835.9
     3     1    19    11     2     4     0     2   -29.0  -44.754  -62.234   1083.6    892.2
     4     1    19    11     2     4     0     2   -29.0  -42.635  -67.065   3905.7    594.1
     5     1    19    11     2     4     0     2   -29.0  -41.908  -71.504   5680.2    415.1
     1     1    19    11     2     3     0     3   -30.0  -41.764  -64.081    142.5    989.5
     2     1    19    11     2     3     0     3   -30.0  -44.685  -61.572   1672.8    825.5
     3     1    19    11     2     3     0     3   -30.0  -44.946  -62.402   1390.7    873.2
     4     1    19    11     2     3     0     3   -30.0  -42.865  -67.430   3897.8    582.4
     5     1    19    11     2     3     0     3   -30.0  -42.451  -71.906   5843.6    414.9
     1     1    19    11     2     2     0     2   -31.0  -42.050  -64.103    110.0    995.5
     2     1    19    11     2     2     0     2   -31.0  -44.697  -61.817   1729.8    814.4
     3     1    19    11     2     2     0     2   -31.0  -45.032  -62.642   1808.0    796.9
     4     1    19    11     2     2     0     2   -31.0  -43.065  -67.803   3754.5    577.1
     5     1    19    11     2     2     0     2   -31.0  -42.995  -72.313   6106.7    420.6
     1     1    19    11     2     1     0     1   -32.0  -42.292  -64.284     98.3    996.5
     2     1    19    11     2     1     0     1   -32.0  -44.715  -62.067   1701.3    818.0
     3     1    19    11     2     1     0     1   -32.0  -45.063  -62.951   1976.3    773.3
     4     1    19    11     2     1     0     1   -32.0  -43.222  -68.179   3496.1    595.4
     5     1    19    11     2     1     0     1   -32.0  -43.542  -72.725   6432.9    415.6
     1     1    19    11     2     0     0     0   -33.0  -42.498  -64.607    128.7    993.3
     2     1    19    11     2     0     0     0   -33.0  -44.762  -62.318   1581.5    827.6
     3     1    19    11     2     0     0     0   -33.0  -45.137  -63.315   1902.1    791.5
     4     1    19    11     2     0     0     0   -33.0  -43.360  -68.507   3268.4    621.5
     5     1    19    11     2     0     0     0   -33.0  -44.098  -73.167   6683.9    400.8
     1     1    19    11     1    23     0     1   -34.0  -42.727  -64.958    200.8    976.1
     2     1    19    11     1    23     0     1   -34.0  -44.820  -62.558   1418.1    851.1
     3     1    19    11     1    23     0     1   -34.0  -45.232  -63.735   1811.6    816.9
     4     1    19    11     1    23     0     1   -34.0  -43.453  -68.830   3135.8    634.0
     5     1    19    11     1    23     0     1   -34.0  -44.650  -73.650   6877.9    394.9
     1     1    19    11     1    22     0     2   -35.0  -42.935  -65.245    165.1    964.4
     2     1    19    11     1    22     0     2   -35.0  -44.856  -62.791   1274.9    865.8
     3     1    19    11     1    22     0     2   -35.0  -45.284  -64.196   1788.9    810.6
     4     1    19    11     1    22     0     2   -35.0  -43.491  -69.178   3076.8    629.5
     5     1    19    11     1    22     0     2   -35.0  -45.190  -74.163   7096.4    390.2
     1     1    19    11     1    21     0     3   -36.0  -43.128  -65.553     97.2    981.5
     2     1    19    11     1    21     0     3   -36.0  -44.861  -63.017   1156.5    877.9
     3     1    19    11     1    21     0     3   -36.0  -45.314  -64.650   1762.4    814.1
     4     1    19    11     1    21     0     3   -36.0  -43.507  -69.526   3009.6    620.4
     5     1    19    11     1    21     0     3   -36.0  -45.701  -74.731   7271.1    376.7
     1     1    19    11     1    20     0     2   -37.0  -43.323  -65.983     92.3    975.8
     2     1    19    11     1    20     0     2   -37.0  -44.822  -63.218   1071.3    887.5
     3     1    19    11     1    20     0     2   -37.0  -45.323  -65.100   1748.8    815.8
     4     1    19    11     1    20     0     2   -37.0  -43.507  -69.901   2946.6    615.6
     5     1    19    11     1    20     0     2   -37.0  -46.166  -75.356   7353.7    378.0
     1     1    19    11     1    19     0     1   -38.0  -43.459  -66.409    147.2    964.5
     2     1    19    11     1    19     0     1   -38.0  -44.734  -63.387   1024.7    892.1
     3     1    19    11     1    19     0     1   -38.0  -45.282  -65.559   1744.6    815.6
     4     1    19    11     1    19     0     1   -38.0  -43.483  -70.326   2924.5    616.9
     5     1    19    11     1    19     0     1   -38.0  -46.614  -75.997   7428.6    380.7
     1     1    19    11     1    18     0     0   -39.0  -43.521  -66.740    185.5    960.1
     2     1    19    11     1    18     0     0   -39.0  -44.608  -63.552   1013.0    893.7
     3     1    19    11     1    18     0     0   -39.0  -45.181  -66.035   1744.4    814.7
     4     1    19    11     1    18     0     0   -39.0  -43.440  -70.755   2921.9    623.4
     5     1    19    11     1    18     0     0   -39.0  -47.042  -76.691   7471.0    377.8
     1     1    19    11     1    17     0     1   -40.0  -43.545  -67.032    224.0    957.4
     2     1    19    11     1    17     0     1   -40.0  -44.460  -63.734   1007.5    891.6
     3     1    19    11     1    17     0     1   -40.0  -45.058  -66.456   1659.6    799.7
     4     1    19    11     1    17     0     1   -40.0  -43.378  -71.182   2939.7    623.4
     5     1    19    11     1    17     0     1   -40.0  -47.450  -77.443   7514.4    374.4
     1     1    19    11     1    16     0     2   -41.0  -43.544  -67.326    278.3    938.6
     2     1    19    11     1    16     0     2   -41.0  -44.293  -63.917   1008.3    894.7
     3     1    19    11     1    16     0     2   -41.0  -44.955  -66.803   1541.4    805.6
     4     1    19    11     1    16     0     2   -41.0  -43.278  -71.635   2932.1    613.2
     5     1    19    11     1    16     0     2   -41.0  -47.894  -78.200   7572.8    370.8
     1     1    19    11     1    15     0     3   -42.0  -43.513  -67.623    353.8    916.9
     2     1    19    11     1    15     0     3   -42.0  -44.104  -64.112   1064.5    888.1
     3     1    19    11     1    15     0     3   -42.0  -44.859  -67.143   1547.7    797.9
     4     1    19    11     1    15     0     3   -42.0  -43.154  -72.086   2792.5    626.0
     5     1    19    11     1    15     0     3   -42.0  -48.386  -78.982   7599.8    366.9
     1     1    19    11     1    14     0     2   -43.0  -43.458  -67.921    413.5    894.1
     2     1    19    11     1    14     0     2   -43.0  -43.907  -64.340   1135.8    878.8
     3     1    19    11     1    14     0     2   -43.0  -44.754  -67.503   1674.3    781.7
     4     1    19    11     1    14     0     2   -43.0  -43.083  -72.518   2718.3    674.6
     5     1    19    11     1    14     0     2   -43.0  -48.851  -79.823   7571.6    369.8
     1     1    19    11     1    13     0     1   -44.0  -43.395  -68.235    417.5    887.1
     2     1    19    11     1    13     0     1   -44.0  -43.691  -64.570   1111.5    880.2
     3     1    19    11     1    13     0     1   -44.0  -44.645  -67.898   1860.2    762.1
     4     1    19    11     1    13     0     1   -44.0  -43.067  -72.962   2765.3    711.6
     5     1    19    11     1    13     0     1   -44.0  -49.340  -80.719   7635.7    364.7
     1     1    19    11     1    12     0     0   -45.0  -43.308  -68.557    423.4    881.0
     2     1    19    11     1    12     0     0   -45.0  -43.459  -64.795    962.1    893.8
     3     1    19    11     1    12     0     0   -45.0  -44.542  -68.366   2088.3    736.9
     4     1    19    11     1    12     0     0   -45.0  -43.061  -73.438   2781.5    705.1
     5     1    19    11     1    12     0     0   -45.0  -49.874  -81.695   7704.6    358.8
     1     1    19    11     1    11     0     1   -46.0  -43.137  -68.909    493.9    865.1
     2     1    19    11     1    11     0     1   -46.0  -43.251  -65.042    730.6    917.1
     3     1    19    11     1    11     0     1   -46.0  -44.438  -68.893   2193.8    724.9
     4     1    19    11     1    11     0     1   -46.0  -43.015  -73.911   2762.5    698.8
     5     1    19    11     1    11     0     1   -46.0  -50.362  -82.745   7673.9    360.7
     1     1    19    11     1    10     0     2   -47.0  -42.848  -69.338    687.9    826.0
     2     1    19    11     1    10     0     2   -47.0  -43.054  -65.265    524.3    936.6
     3     1    19    11     1    10     0     2   -47.0  -44.298  -69.525   2234.0    698.3
     4     1    19    11     1    10     0     2   -47.0  -42.915  -74.354   2696.4    709.8
     5     1    19    11     1    10     0     2   -47.0  -50.853  -83.803   7660.1    361.6
     1     1    19    11     1     9     0     3   -48.0  -42.562  -69.811    816.5    809.5
     2     1    19    11     1     9     0     3   -48.0  -42.852  -65.412    380.1    951.1
     3     1    19    11     1     9     0     3   -48.0  -44.046  -70.342   2382.6    655.8
     4     1    19    11     1     9     0     3   -48.0  -42.790  -74.734   2596.5    728.5
     5     1    19    11     1     9     0     3   -48.0  -51.388  -84.901   7692.3    358.0
     1     1    19    11     1     8     0     2   -49.0  -42.281  -70.288    860.0    811.2
     2     1    19    11     1     8     0     2   -49.0  -42.700  -65.499    326.5    954.6
     3     1    19    11     1     8     0     2   -49.0  -43.675  -71.199   2750.8    630.5
     4     1    19    11     1     8     0     2   -49.0  -42.662  -75.078   2604.1    732.0
     5     1    19    11     1     8     0     2   -49.0  -51.884  -86.045   7683.0    358.4
     1     1    19    11     1     7     0     1   -50.0  -42.013  -70.813    941.3    799.9
     2     1    19    11     1     7     0     1   -50.0  -42.604  -65.554    331.0    951.8
     3     1    19    11     1     7     0     1   -50.0  -43.239  -72.058   2446.5    636.7
     4     1    19    11     1     7     0     1   -50.0  -42.510  -75.453   2670.4    724.1
     5     1    19    11     1     7     0     1   -50.0  -52.383  -87.211   7686.3    358.0
     1     1    19    11     1     6     0     0   -51.0  -41.741  -71.400    983.7    786.7
     2     1    19    11     1     6     0     0   -51.0  -42.551  -65.586    363.8    946.9
     3     1    19    11     1     6     0     0   -51.0  -42.824  -72.681   1209.8    833.4
     4     1    19    11     1     6     0     0   -51.0  -42.312  -75.880   2679.6    721.9
     5     1    19    11     1     6     0     0   -51.0  -52.908  -88.419   7703.0    356.2
     1     1    19    11     1     5     0     1   -52.0  -41.484  -71.864    785.5    809.1
     2     1    19    11     1     5     0     1   -52.0  -42.552  -65.661    386.5    941.9
     3     1    19    11     1     5     0     1   -52.0  -42.384  -72.988    469.5    969.1
     4     1    19    11     1     5     0     1   -52.0  -42.098  -76.309   2618.5    729.2
     5     1    19    11     1     5     0     1   -52.0  -53.342  -89.688   7755.4    352.6
     1     1    19    11     1     4     0     2   -53.0  -41.261  -72.136    539.6    854.7
     2     1    19    11     1     4     0     2   -53.0  -42.613  -65.839    383.3    939.5
     3     1    19    11     1     4     0     2   -53.0  -41.865  -73.118    355.0    967.2
     4     1    19    11     1     4     0     2   -53.0  -41.910  -76.693   2557.3    734.6
     5     1    19    11     1     4     0     2   -53.0  -53.793  -91.017   7811.2    350.5
     1     1    19    11     1     3     0     3   -54.0  -41.024  -72.311    401.7    885.9
     2     1    19    11     1     3     0     3   -54.0  -42.733  -66.126    369.8    940.1
     3     1    19    11     1     3     0     3   -54.0  -41.371  -73.198    317.3    964.5
     4     1    19    11     1     3     0     3   -54.0  -41.750  -77.045   2495.2    741.1
     5     1    19    11     1     3     0     3   -54.0  -54.342  -92.413   7895.1    345.4
     1     1    19    11     1     2     0     2   -55.0  -40.772  -72.437    331.5    902.2
     2     1    19    11     1     2     0     2   -55.0  -42.843  -66.475    371.6    944.9
     3     1    19    11     1     2     0     2   -55.0  -40.938  -73.244    282.8    964.4
     4     1    19    11     1     2     0     2   -55.0  -41.581  -77.393   2447.1    744.9
     5     1    19    11     1     2     0     2   -55.0  -54.811  -93.848   7918.5    343.3
     1     1    19    11     1     1     0     1   -56.0  -40.514  -72.552    308.9    912.8
     2     1    19    11     1     1     0     1   -56.0  -42.858  -66.916    474.2    936.3
     3     1    19    11     1     1     0     1   -56.0  -40.533  -73.319    269.0    964.4
     4     1    19    11     1     1     0     1   -56.0  -41.379  -77.753   2390.3    750.1
     5     1    19    11     1     1     0     1   -56.0  -55.203  -95.317   7925.4    344.0
     1     1    19    11     1     0     0     0   -57.0  -40.237  -72.710    355.6    919.3
     2     1    19    11     1     0     0     0   -57.0  -42.751  -67.503    717.1    865.1
     3     1    19    11     1     0     0     0   -57.0  -40.121  -73.502    275.3    965.2
     4     1    19    11     1     0     0     0   -57.0  -41.155  -78.144   2343.9    754.9
     5     1    19    11     1     0     0     0   -57.0  -55.603  -96.913   8004.8    339.0
     1     1    19    10    31    23     0     1   -58.0  -39.877  -73.012    614.8    915.0
     2     1    19    10    31    23     0     1   -58.0  -42.533  -68.169    989.8    789.3
     3     1    19    10    31    23     0     1   -58.0  -39.672  -73.776    249.3    977.4
     4     1    19    10    31    23     0     1   -58.0  -40.934  -78.542   2340.7    754.2
     5     1    19    10    31    23     0     1   -58.0  -55.892  -98.530   7983.1    340.0
     1     1    19    10    31    22     0     2   -59.0  -39.457  -73.421    881.9    899.7
     2     1    19    10    31    22     0     2   -59.0  -42.239  -68.817   1131.9    757.2
     3     1    19    10    31    22     0     2   -59.0  -39.199  -74.009    200.3    989.4
     4     1    19    10    31    22     0     2   -59.0  -40.708  -78.925   2291.4    758.8
     5     1    19    10    31    22     0     2   -59.0  -56.158 -100.089   7949.9    342.8
     1     1    19    10    31    21     0     3   -60.0  -39.064  -73.808   1023.1    895.3
     2     1    19    10    31    21     0     3   -60.0  -41.912  -69.462   1132.6    764.8
     3     1    19    10    31    21     0     3   -60.0  -38.737  -74.228    187.6    990.8
     4     1    19    10    31    21     0     3   -60.0  -40.443  -79.304   2204.4    767.7
     5     1    19    10    31    21     0     3   -60.0  -56.454 -101.802   7992.8    339.8
     1     1    19    10    31    20     0     2   -61.0  -38.674  -74.194   1202.1    876.0
     2     1    19    10    31    20     0     2   -61.0  -41.568  -70.064   1066.3    783.1
     3     1    19    10    31    20     0     2   -61.0  -38.310  -74.424    182.2    991.9
     4     1    19    10    31    20     0     2   -61.0  -40.150  -79.704   2189.1    769.3
     5     1    19    10    31    20     0     2   -61.0  -56.576 -103.502   7935.3    342.3
     1     1    19    10    31    19     0     1   -62.0  -38.310  -74.586   1235.6    873.2
     2     1    19    10    31    19     0     1   -62.0  -41.240  -70.662    998.7    785.2
     3     1    19    10    31    19     0     1   -62.0  -37.912  -74.606    184.6    992.0
     4     1    19    10    31    19     0     1   -62.0  -39.861  -80.123   2209.9    766.5
     5     1    19    10    31    19     0     1   -62.0  -56.646 -105.133   7795.3    350.8
     1     1    19    10    31    18     0     0   -63.0  -37.957  -74.983   1199.2    877.8
     2     1    19    10    31    18     0     0   -63.0  -40.946  -71.270   1121.9    775.2
     3     1    19    10    31    18     0     0   -63.0  -37.547  -74.813    188.7    992.0
     4     1    19    10    31    18     0     0   -63.0  -39.555  -80.567   2167.3    770.5
     5     1    19    10    31    18     0     0   -63.0  -56.688 -106.869   7755.7    352.0
     1     1    19    10    31    17     0     1   -64.0  -37.624  -75.377   1149.0    883.5
     2     1    19    10    31    17     0     1   -64.0  -40.654  -71.768   1267.1    765.8
     3     1    19    10    31    17     0     1   -64.0  -37.220  -75.035    195.0    991.5
     4     1    19    10    31    17     0     1   -64.0  -39.237  -81.021   2056.9    781.6
     5     1    19    10    31    17     0     1   -64.0  -56.572 -108.503   7503.6    367.3
     1     1    19    10    31    16     0     2   -65.0  -37.323  -75.763   1099.4    888.7
     2     1    19    10    31    16     0     2   -65.0  -40.369  -72.159   1313.8    774.3
     3     1    19    10    31    16     0     2   -65.0  -36.923  -75.254    203.3    990.7
     4     1    19    10    31    16     0     2   -65.0  -38.963  -81.479   1938.2    794.4
     5     1    19    10    31    16     0     2   -65.0  -56.420 -110.140   7340.4    376.4
     1     1    19    10    31    15     0     3   -66.0  -37.050  -76.147   1037.6    895.2
     2     1    19    10    31    15     0     3   -66.0  -40.073  -72.502   1407.4    789.6
     3     1    19    10    31    15     0     3   -66.0  -36.651  -75.471    212.2    989.9
     4     1    19    10    31    15     0     3   -66.0  -38.717  -81.942   1846.1    803.5
     5     1    19    10    31    15     0     3   -66.0  -56.224 -111.793   7267.9    380.1
     1     1    19    10    31    14     0     2   -67.0  -36.801  -76.531    948.8    905.1
     2     1    19    10    31    14     0     2   -67.0  -39.765  -72.863   1575.8    803.9
     3     1    19    10    31    14     0     2   -67.0  -36.403  -75.700    219.6    988.8
     4     1    19    10    31    14     0     2   -67.0  -38.474  -82.422   1741.8    813.8
     5     1    19    10    31    14     0     2   -67.0  -55.929 -113.234   7030.2    395.3
     1     1    19    10    31    13     0     1   -68.0  -36.566  -76.927    880.6    913.3
     2     1    19    10    31    13     0     1   -68.0  -39.470  -73.244   1697.4    809.2
     3     1    19    10    31    13     0     1   -68.0  -36.178  -75.947    221.5    988.3
     4     1    19    10    31    13     0     1   -68.0  -38.244  -82.932   1629.3    824.2
     5     1    19    10    31    13     0     1   -68.0  -55.648 -114.762   6977.3    398.1
     1     1    19    10    31    12     0     0   -69.0  -36.351  -77.337    871.8    913.4
     2     1    19    10    31    12     0     0   -69.0  -39.205  -73.632   1714.0    817.7
     3     1    19    10    31    12     0     0   -69.0  -35.973  -76.213    223.8    988.0
     4     1    19    10    31    12     0     0   -69.0  -38.027  -83.457   1507.4    837.8
     5     1    19    10    31    12     0     0   -69.0  -55.336 -116.348   6785.8    410.2
     1     1    19    10    31    11     0     1   -70.0  -36.148  -77.755    889.2    910.8
     2     1    19    10    31    11     0     1   -70.0  -39.000  -74.023   1705.5    823.4
     3     1    19    10    31    11     0     1   -70.0  -35.781  -76.490    237.9    986.2
     4     1    19    10    31    11     0     1   -70.0  -37.822  -84.015   1466.4    841.8
     5     1    19    10    31    11     0     1   -70.0  -54.954 -117.738   6604.7    422.6
     1     1    19    10    31    10     0     2   -71.0  -35.956  -78.187    891.5    910.4
     2     1    19    10    31    10     0     2   -71.0  -38.806  -74.423   1711.6    822.7
     3     1    19    10    31    10     0     2   -71.0  -35.598  -76.775    262.2    983.5
     4     1    19    10    31    10     0     2   -71.0  -37.636  -84.603   1429.3    844.9
     5     1    19    10    31    10     0     2   -71.0  -54.639 -119.180   6541.9    426.7
     1     1    19    10    31     9     0     3   -72.0  -35.780  -78.634    894.1    909.9
     2     1    19    10    31     9     0     3   -72.0  -38.620  -74.832   1742.0    819.3
     3     1    19    10    31     9     0     3   -72.0  -35.429  -77.064    292.1    979.4
     4     1    19    10    31     9     0     3   -72.0  -37.457  -85.211   1352.9    853.2
     5     1    19    10    31     9     0     3   -72.0  -54.267 -120.597   6435.2    432.9
