     7     1
    GDAS    19    10    29     0     0
    GDAS    19    11     1     0     0
    GDAS    19    11     8     0     0
    GDAS    19    11    15     0     0
    GDAS    19    11    22     0     0
    GDAS    19    11    29     0     0
    GDAS    19    12     1     0     0
     5 BACKWARD OMEGA   
    19    11    15     3  -34.572  -58.513    10.0
    19    11    15     3  -34.572  -58.513   200.0
    19    11    15     3  -34.572  -58.513   500.0
    19    11    15     3  -34.572  -58.513  1000.0
    19    11    15     3  -34.572  -58.513  2000.0
     1 PRESSURE
     1     1    19    11    15     3     0     3     0.0  -34.572  -58.513     10.0   1008.4
     2     1    19    11    15     3     0     3     0.0  -34.572  -58.513    200.0    987.5
     3     1    19    11    15     3     0     3     0.0  -34.572  -58.513    500.0    953.7
     4     1    19    11    15     3     0     3     0.0  -34.572  -58.513   1000.0    899.7
     5     1    19    11    15     3     0     3     0.0  -34.572  -58.513   2000.0    798.7
     1     1    19    11    15     2     0     2    -1.0  -34.552  -58.411     15.0   1007.3
     2     1    19    11    15     2     0     2    -1.0  -34.548  -58.338    221.3    984.7
     3     1    19    11    15     2     0     2    -1.0  -34.612  -58.385    530.8    949.7
     4     1    19    11    15     2     0     2    -1.0  -34.729  -58.499   1039.9    895.0
     5     1    19    11    15     2     0     2    -1.0  -34.932  -58.722   2153.1    784.5
     1     1    19    11    15     1     0     1    -2.0  -34.543  -58.303     21.9   1005.9
     2     1    19    11    15     1     0     1    -2.0  -34.564  -58.169    251.5    981.1
     3     1    19    11    15     1     0     1    -2.0  -34.693  -58.272    554.0    947.6
     4     1    19    11    15     1     0     1    -2.0  -34.900  -58.490   1058.5    894.3
     5     1    19    11    15     1     0     1    -2.0  -35.262  -58.967   2286.7    772.9
     1     1    19    11    15     0     0     0    -3.0  -34.547  -58.191     30.8   1004.6
     2     1    19    11    15     0     0     0    -3.0  -34.623  -58.018    293.4    976.4
     3     1    19    11    15     0     0     0    -3.0  -34.809  -58.170    571.0    946.4
     4     1    19    11    15     0     0     0    -3.0  -35.083  -58.477   1069.8    894.7
     5     1    19    11    15     0     0     0    -3.0  -35.571  -59.253   2360.5    760.6
     1     1    19    11    14    23     0     1    -4.0  -34.579  -58.081     42.5   1002.8
     2     1    19    11    14    23     0     1    -4.0  -34.730  -57.893    341.0    970.4
     3     1    19    11    14    23     0     1    -4.0  -34.954  -58.079    590.4    945.8
     4     1    19    11    14    23     0     1    -4.0  -35.285  -58.470   1064.8    892.6
     5     1    19    11    14    23     0     1    -4.0  -35.843  -59.533   2288.1    761.5
     1     1    19    11    14    22     0     2    -5.0  -34.653  -57.980     57.5   1001.4
     2     1    19    11    14    22     0     2    -5.0  -34.883  -57.791    392.5    965.9
     3     1    19    11    14    22     0     2    -5.0  -35.133  -58.008    620.9    942.6
     4     1    19    11    14    22     0     2    -5.0  -35.500  -58.471   1021.8    896.5
     5     1    19    11    14    22     0     2    -5.0  -36.066  -59.759   2065.6    780.3
     1     1    19    11    14    21     0     3    -6.0  -34.777  -57.890     77.3    999.6
     2     1    19    11    14    21     0     3    -6.0  -35.081  -57.713    447.2    960.3
     3     1    19    11    14    21     0     3    -6.0  -35.348  -57.967    632.0    937.5
     4     1    19    11    14    21     0     3    -6.0  -35.721  -58.480    947.8    904.4
     5     1    19    11    14    21     0     3    -6.0  -36.262  -59.921   1787.6    810.1
     1     1    19    11    14    20     0     2    -7.0  -34.943  -57.810     98.8    998.3
     2     1    19    11    14    20     0     2    -7.0  -35.316  -57.669    456.9    954.5
     3     1    19    11    14    20     0     2    -7.0  -35.585  -57.957    603.8    941.0
     4     1    19    11    14    20     0     2    -7.0  -35.949  -58.502    877.9    915.2
     5     1    19    11    14    20     0     2    -7.0  -36.464  -60.055   1629.7    832.7
     1     1    19    11    14    19     0     1    -8.0  -35.135  -57.742    110.5    997.3
     2     1    19    11    14    19     0     1    -8.0  -35.567  -57.645    403.5    962.5
     3     1    19    11    14    19     0     1    -8.0  -35.835  -57.971    563.6    947.8
     4     1    19    11    14    19     0     1    -8.0  -36.194  -58.547    831.3    918.5
     5     1    19    11    14    19     0     1    -8.0  -36.685  -60.205   1612.0    825.5
     1     1    19    11    14    18     0     0    -9.0  -35.342  -57.690    107.4    997.6
     2     1    19    11    14    18     0     0    -9.0  -35.816  -57.631    324.7    973.1
     3     1    19    11    14    18     0     0    -9.0  -36.104  -58.015    561.0    950.8
     4     1    19    11    14    18     0     0    -9.0  -36.457  -58.625    783.6    920.0
     5     1    19    11    14    18     0     0    -9.0  -36.912  -60.374   1575.7    818.7
     1     1    19    11    14    17     0     1   -10.0  -35.550  -57.658     97.3    999.1
     2     1    19    11    14    17     0     1   -10.0  -36.062  -57.626    257.0    983.0
     3     1    19    11    14    17     0     1   -10.0  -36.401  -58.081    577.0    944.5
     4     1    19    11    14    17     0     1   -10.0  -36.742  -58.723    732.2    925.1
     5     1    19    11    14    17     0     1   -10.0  -37.145  -60.547   1463.2    832.9
     1     1    19    11    14    16     0     2   -11.0  -35.763  -57.653     89.0   1000.2
     2     1    19    11    14    16     0     2   -11.0  -36.326  -57.645    219.1    987.6
     3     1    19    11    14    16     0     2   -11.0  -36.730  -58.155    584.5    944.2
     4     1    19    11    14    16     0     2   -11.0  -37.055  -58.824    715.6    926.1
     5     1    19    11    14    16     0     2   -11.0  -37.380  -60.725   1359.8    848.1
     1     1    19    11    14    15     0     3   -12.0  -35.999  -57.673     86.2   1000.7
     2     1    19    11    14    15     0     3   -12.0  -36.623  -57.693    203.6    988.0
     3     1    19    11    14    15     0     3   -12.0  -37.091  -58.236    610.9    940.6
     4     1    19    11    14    15     0     3   -12.0  -37.391  -58.934    724.9    918.4
     5     1    19    11    14    15     0     3   -12.0  -37.611  -60.928   1340.5    852.4
     1     1    19    11    14    14     0     2   -13.0  -36.243  -57.714     85.4   1000.1
     2     1    19    11    14    14     0     2   -13.0  -36.923  -57.763    198.8    988.2
     3     1    19    11    14    14     0     2   -13.0  -37.481  -58.348    663.3    927.4
     4     1    19    11    14    14     0     2   -13.0  -37.746  -59.053    716.4    913.8
     5     1    19    11    14    14     0     2   -13.0  -37.849  -61.140   1387.2    838.7
     1     1    19    11    14    13     0     1   -14.0  -36.465  -57.777     84.0   1000.4
     2     1    19    11    14    13     0     1   -14.0  -37.211  -57.866    201.3    984.2
     3     1    19    11    14    13     0     1   -14.0  -37.902  -58.491    721.2    913.3
     4     1    19    11    14    13     0     1   -14.0  -38.120  -59.183    689.6    917.6
     5     1    19    11    14    13     0     1   -14.0  -38.111  -61.331   1431.8    827.7
     1     1    19    11    14    12     0     0   -15.0  -36.667  -57.859     84.4   1000.3
     2     1    19    11    14    12     0     0   -15.0  -37.495  -58.017    203.8    977.6
     3     1    19    11    14    12     0     0   -15.0  -38.355  -58.641    758.8    911.9
     4     1    19    11    14    12     0     0   -15.0  -38.505  -59.331    669.7    926.5
     5     1    19    11    14    12     0     0   -15.0  -38.389  -61.504   1447.2    832.2
     1     1    19    11    14    11     0     1   -16.0  -36.859  -57.959     86.2    999.3
     2     1    19    11    14    11     0     1   -16.0  -37.777  -58.221    209.3    972.1
     3     1    19    11    14    11     0     1   -16.0  -38.800  -58.815    759.5    918.5
     4     1    19    11    14    11     0     1   -16.0  -38.880  -59.515    653.9    933.5
     5     1    19    11    14    11     0     1   -16.0  -38.670  -61.671   1464.1    840.9
     1     1    19    11    14    10     0     2   -17.0  -37.043  -58.077     88.7    996.8
     2     1    19    11    14    10     0     2   -17.0  -38.056  -58.480    219.9    967.2
     3     1    19    11    14    10     0     2   -17.0  -39.230  -59.015    749.8    925.0
     4     1    19    11    14    10     0     2   -17.0  -39.236  -59.733    642.7    937.6
     5     1    19    11    14    10     0     2   -17.0  -38.955  -61.821   1480.0    846.2
     1     1    19    11    14     9     0     3   -18.0  -37.218  -58.224     94.2    991.7
     2     1    19    11    14     9     0     3   -18.0  -38.323  -58.784    215.5    970.5
     3     1    19    11    14     9     0     3   -18.0  -39.671  -59.223    763.1    923.1
     4     1    19    11    14     9     0     3   -18.0  -39.586  -59.965    656.5    936.7
     5     1    19    11    14     9     0     3   -18.0  -39.249  -61.940   1454.7    849.9
     1     1    19    11    14     8     0     2   -19.0  -37.391  -58.409    105.7    987.1
     2     1    19    11    14     8     0     2   -19.0  -38.561  -59.095    196.4    977.7
     3     1    19    11    14     8     0     2   -19.0  -40.109  -59.440    786.4    918.6
     4     1    19    11    14     8     0     2   -19.0  -39.938  -60.187    682.0    930.8
     5     1    19    11    14     8     0     2   -19.0  -39.560  -62.056   1432.6    855.9
     1     1    19    11    14     7     0     1   -20.0  -37.562  -58.623    120.5    982.1
     2     1    19    11    14     7     0     1   -20.0  -38.765  -59.382    178.8    983.6
     3     1    19    11    14     7     0     1   -20.0  -40.537  -59.661    788.8    916.8
     4     1    19    11    14     7     0     1   -20.0  -40.288  -60.395    687.4    929.0
     5     1    19    11    14     7     0     1   -20.0  -39.902  -62.196   1462.4    853.4
     1     1    19    11    14     6     0     0   -21.0  -37.723  -58.862    133.7    978.3
     2     1    19    11    14     6     0     0   -21.0  -38.934  -59.647    163.4    988.3
     3     1    19    11    14     6     0     0   -21.0  -40.974  -59.871    741.2    920.1
     4     1    19    11    14     6     0     0   -21.0  -40.631  -60.591    677.7    931.7
     5     1    19    11    14     6     0     0   -21.0  -40.277  -62.373   1533.0    844.7
     1     1    19    11    14     5     0     1   -22.0  -37.873  -59.099    142.2    974.9
     2     1    19    11    14     5     0     1   -22.0  -39.074  -59.888    149.1    992.0
     3     1    19    11    14     5     0     1   -22.0  -41.374  -60.088    685.9    932.6
     4     1    19    11    14     5     0     1   -22.0  -40.967  -60.783    689.0    933.0
     5     1    19    11    14     5     0     1   -22.0  -40.664  -62.598   1615.1    835.0
     1     1    19    11    14     4     0     2   -23.0  -38.022  -59.307    139.4    973.0
     2     1    19    11    14     4     0     2   -23.0  -39.195  -60.102    139.1    993.5
     3     1    19    11    14     4     0     2   -23.0  -41.729  -60.319    682.4    933.0
     4     1    19    11    14     4     0     2   -23.0  -41.315  -60.979    726.8    926.4
     5     1    19    11    14     4     0     2   -23.0  -41.055  -62.881   1683.1    826.3
     1     1    19    11    14     3     0     3   -24.0  -38.166  -59.481    119.7    976.9
     2     1    19    11    14     3     0     3   -24.0  -39.306  -60.295    134.7    993.8
     3     1    19    11    14     3     0     3   -24.0  -42.075  -60.542    717.6    927.2
     4     1    19    11    14     3     0     3   -24.0  -41.673  -61.172    748.4    921.2
     5     1    19    11    14     3     0     3   -24.0  -41.452  -63.227   1659.5    822.9
     1     1    19    11    14     2     0     2   -25.0  -38.299  -59.606     97.0    983.1
     2     1    19    11    14     2     0     2   -25.0  -39.423  -60.452    132.4    993.7
     3     1    19    11    14     2     0     2   -25.0  -42.406  -60.781    759.4    920.6
     4     1    19    11    14     2     0     2   -25.0  -42.005  -61.367    740.9    923.0
     5     1    19    11    14     2     0     2   -25.0  -41.839  -63.613   1581.2    840.1
     1     1    19    11    14     1     0     1   -26.0  -38.431  -59.674     82.7    986.8
     2     1    19    11    14     1     0     1   -26.0  -39.555  -60.566    130.3    993.8
     3     1    19    11    14     1     0     1   -26.0  -42.725  -61.047    800.8    917.2
     4     1    19    11    14     1     0     1   -26.0  -42.307  -61.573    736.9    926.2
     5     1    19    11    14     1     0     1   -26.0  -42.215  -64.034   1603.3    842.7
     1     1    19    11    14     0     0     0   -27.0  -38.564  -59.691     74.6    990.1
     2     1    19    11    14     0     0     0   -27.0  -39.693  -60.650    130.2    993.8
     3     1    19    11    14     0     0     0   -27.0  -43.045  -61.304    851.0    911.8
     4     1    19    11    14     0     0     0   -27.0  -42.608  -61.778    767.0    922.6
     5     1    19    11    14     0     0     0   -27.0  -42.561  -64.510   1566.8    821.4
     1     1    19    11    13    23     0     1   -28.0  -38.696  -59.719     70.2    993.0
     2     1    19    11    13    23     0     1   -28.0  -39.821  -60.715    136.5    993.0
     3     1    19    11    13    23     0     1   -28.0  -43.328  -61.575    922.2    905.1
     4     1    19    11    13    23     0     1   -28.0  -42.905  -61.995    826.0    915.1
     5     1    19    11    13    23     0     1   -28.0  -42.865  -64.986   1199.5    854.0
     1     1    19    11    13    22     0     2   -29.0  -38.826  -59.799     69.1    995.8
     2     1    19    11    13    22     0     2   -29.0  -39.932  -60.758    148.9    990.7
     3     1    19    11    13    22     0     2   -29.0  -43.587  -61.897   1026.0    893.3
     4     1    19    11    13    22     0     2   -29.0  -43.190  -62.262    901.5    906.0
     5     1    19    11    13    22     0     2   -29.0  -43.121  -65.435    927.7    910.6
     1     1    19    11    13    21     0     3   -30.0  -38.953  -59.931     76.0    997.9
     2     1    19    11    13    21     0     3   -30.0  -40.031  -60.769    159.9    988.3
     3     1    19    11    13    21     0     3   -30.0  -43.856  -62.259   1143.7    878.6
     4     1    19    11    13    21     0     3   -30.0  -43.461  -62.569    980.9    896.4
     5     1    19    11    13    21     0     3   -30.0  -43.358  -65.906    841.4    897.1
     1     1    19    11    13    20     0     2   -31.0  -39.078  -60.076     92.4    997.4
     2     1    19    11    13    20     0     2   -31.0  -40.137  -60.777    167.9    987.9
     3     1    19    11    13    20     0     2   -31.0  -44.071  -62.637   1249.6    867.2
     4     1    19    11    13    20     0     2   -31.0  -43.703  -62.897   1073.1    888.0
     5     1    19    11    13    20     0     2   -31.0  -43.595  -66.413    818.2    895.3
     1     1    19    11    13    19     0     1   -32.0  -39.207  -60.203    113.6    995.4
     2     1    19    11    13    19     0     1   -32.0  -40.264  -60.805    172.1    987.6
     3     1    19    11    13    19     0     1   -32.0  -44.235  -63.052   1369.0    857.6
     4     1    19    11    13    19     0     1   -32.0  -43.909  -63.256   1197.7    875.9
     5     1    19    11    13    19     0     1   -32.0  -43.828  -66.957    789.2    889.0
     1     1    19    11    13    18     0     0   -33.0  -39.346  -60.318    136.5    993.4
     2     1    19    11    13    18     0     0   -33.0  -40.408  -60.844    169.9    988.2
     3     1    19    11    13    18     0     0   -33.0  -44.380  -63.550   1470.4    842.2
     4     1    19    11    13    18     0     0   -33.0  -44.092  -63.676   1313.1    859.2
     5     1    19    11    13    18     0     0   -33.0  -44.034  -67.551    821.6    888.3
     1     1    19    11    13    17     0     1   -34.0  -39.500  -60.452    157.7    990.4
     2     1    19    11    13    17     0     1   -34.0  -40.556  -60.905    167.3    989.5
     3     1    19    11    13    17     0     1   -34.0  -44.495  -64.094   1518.6    838.9
     4     1    19    11    13    17     0     1   -34.0  -44.248  -64.138   1371.4    853.1
     5     1    19    11    13    17     0     1   -34.0  -44.199  -68.219   1001.6    853.7
     1     1    19    11    13    16     0     2   -35.0  -39.667  -60.623    177.2    988.2
     2     1    19    11    13    16     0     2   -35.0  -40.695  -61.004    172.2    989.2
     3     1    19    11    13    16     0     2   -35.0  -44.577  -64.640   1548.9    837.6
     4     1    19    11    13    16     0     2   -35.0  -44.372  -64.614   1385.3    853.0
     5     1    19    11    13    16     0     2   -35.0  -44.333  -68.946    992.5    827.3
     1     1    19    11    13    15     0     3   -36.0  -39.849  -60.829    203.8    985.8
     2     1    19    11    13    15     0     3   -36.0  -40.819  -61.137    188.6    987.7
     3     1    19    11    13    15     0     3   -36.0  -44.652  -65.190   1557.3    833.1
     4     1    19    11    13    15     0     3   -36.0  -44.494  -65.122   1368.9    853.5
     5     1    19    11    13    15     0     3   -36.0  -44.413  -69.665    895.2    833.2
     1     1    19    11    13    14     0     2   -37.0  -40.027  -61.039    231.0    981.6
     2     1    19    11    13    14     0     2   -37.0  -40.918  -61.269    211.0    984.4
     3     1    19    11    13    14     0     2   -37.0  -44.728  -65.733   1506.7    833.6
     4     1    19    11    13    14     0     2   -37.0  -44.616  -65.648   1317.5    852.8
     5     1    19    11    13    14     0     2   -37.0  -44.442  -70.376    933.1    815.2
     1     1    19    11    13    13     0     1   -38.0  -40.178  -61.217    243.6    980.7
     2     1    19    11    13    13     0     1   -38.0  -40.995  -61.359    229.3    982.8
     3     1    19    11    13    13     0     1   -38.0  -44.802  -66.270   1486.7    837.2
     4     1    19    11    13    13     0     1   -38.0  -44.731  -66.190   1300.6    855.9
     5     1    19    11    13    13     0     1   -38.0  -44.452  -71.148   1049.6    795.8
     1     1    19    11    13    12     0     0   -39.0  -40.301  -61.358    242.6    981.7
     2     1    19    11    13    12     0     0   -39.0  -41.054  -61.407    242.9    981.7
     3     1    19    11    13    12     0     0   -39.0  -44.824  -66.827   1649.1    798.3
     4     1    19    11    13    12     0     0   -39.0  -44.810  -66.768   1472.3    818.8
     5     1    19    11    13    12     0     0   -39.0  -44.403  -71.921   1202.3    775.9
     1     1    19    11    13    11     0     1   -40.0  -40.409  -61.447    243.7    981.6
     2     1    19    11    13    11     0     1   -40.0  -41.103  -61.393    254.1    980.3
     3     1    19    11    13    11     0     1   -40.0  -44.755  -67.396   1905.6    762.8
     4     1    19    11    13    11     0     1   -40.0  -44.787  -67.348   1769.2    775.3
     5     1    19    11    13    11     0     1   -40.0  -44.287  -72.589   1360.4    782.5
     1     1    19    11    13    10     0     2   -41.0  -40.507  -61.467    254.9    980.3
     2     1    19    11    13    10     0     2   -41.0  -41.148  -61.301    266.0    978.7
     3     1    19    11    13    10     0     2   -41.0  -44.684  -67.956   2125.5    737.6
     4     1    19    11    13    10     0     2   -41.0  -44.739  -67.916   2000.0    747.5
     5     1    19    11    13    10     0     2   -41.0  -44.132  -73.073   1139.1    814.1
     1     1    19    11    13     9     0     3   -42.0  -40.600  -61.413    271.9    977.9
     2     1    19    11    13     9     0     3   -42.0  -41.190  -61.124    281.0    976.6
     3     1    19    11    13     9     0     3   -42.0  -44.633  -68.505   2220.1    719.8
     4     1    19    11    13     9     0     3   -42.0  -44.713  -68.474   2107.5    731.5
     5     1    19    11    13     9     0     3   -42.0  -43.976  -73.434    702.8    916.1
     1     1    19    11    13     8     0     2   -43.0  -40.699  -61.305    289.0    975.1
     2     1    19    11    13     8     0     2   -43.0  -41.235  -60.893    295.7    974.0
     3     1    19    11    13     8     0     2   -43.0  -44.646  -69.042   2121.0    728.0
     4     1    19    11    13     8     0     2   -43.0  -44.742  -69.020   2041.3    736.1
     5     1    19    11    13     8     0     2   -43.0  -43.835  -73.768    457.8    964.0
     1     1    19    11    13     7     0     1   -44.0  -40.815  -61.161    299.1    973.6
     2     1    19    11    13     7     0     1   -44.0  -41.272  -60.640    302.0    973.4
     3     1    19    11    13     7     0     1   -44.0  -44.676  -69.612   1954.0    738.2
     4     1    19    11    13     7     0     1   -44.0  -44.785  -69.598   1894.6    745.8
     5     1    19    11    13     7     0     1   -44.0  -43.693  -74.110    353.9    970.8
     1     1    19    11    13     6     0     0   -45.0  -40.946  -60.971    297.0    973.5
     2     1    19    11    13     6     0     0   -45.0  -41.277  -60.365    298.8    973.8
     3     1    19    11    13     6     0     0   -45.0  -44.660  -70.251   1827.7    734.7
     4     1    19    11    13     6     0     0   -45.0  -44.781  -70.257   1755.9    744.7
     5     1    19    11    13     6     0     0   -45.0  -43.550  -74.462    293.3    976.6
     1     1    19    11    13     5     0     1   -46.0  -41.044  -60.747    291.0    976.2
     2     1    19    11    13     5     0     1   -46.0  -41.227  -60.076    288.2    976.0
     3     1    19    11    13     5     0     1   -46.0  -44.613  -70.951   1800.6    734.7
     4     1    19    11    13     5     0     1   -46.0  -44.741  -70.983   1705.9    744.8
     5     1    19    11    13     5     0     1   -46.0  -43.411  -74.811    256.8    983.9
     1     1    19    11    13     4     0     2   -47.0  -41.075  -60.518    290.9    976.4
     2     1    19    11    13     4     0     2   -47.0  -41.118  -59.774    280.1    978.3
     3     1    19    11    13     4     0     2   -47.0  -44.512  -71.661   1985.2    719.9
     4     1    19    11    13     4     0     2   -47.0  -44.637  -71.718   1888.8    730.3
     5     1    19    11    13     4     0     2   -47.0  -43.271  -75.172    230.3    988.5
     1     1    19    11    13     3     0     3   -48.0  -41.044  -60.280    289.9    976.5
     2     1    19    11    13     3     0     3   -48.0  -40.956  -59.438    292.5    978.6
     3     1    19    11    13     3     0     3   -48.0  -44.343  -72.348   2277.3    683.7
     4     1    19    11    13     3     0     3   -48.0  -44.461  -72.419   2146.5    692.4
     5     1    19    11    13     3     0     3   -48.0  -43.133  -75.554    204.9    991.7
     1     1    19    11    13     2     0     2   -49.0  -40.956  -60.018    291.0    977.3
     2     1    19    11    13     2     0     2   -49.0  -40.724  -59.115    310.9    973.6
     3     1    19    11    13     2     0     2   -49.0  -44.145  -72.995   2285.7    699.9
     4     1    19    11    13     2     0     2   -49.0  -44.249  -73.044   2132.7    717.5
     5     1    19    11    13     2     0     2   -49.0  -43.008  -75.940    193.8    994.1
     1     1    19    11    13     1     0     1   -50.0  -40.821  -59.739    306.0    976.0
     2     1    19    11    13     1     0     1   -50.0  -40.405  -58.843    308.4    974.3
     3     1    19    11    13     1     0     1   -50.0  -43.940  -73.487   2131.9    767.0
     4     1    19    11    13     1     0     1   -50.0  -44.040  -73.514   1984.6    779.2
     5     1    19    11    13     1     0     1   -50.0  -42.896  -76.312    194.5    992.3
     1     1    19    11    13     0     0     0   -51.0  -40.632  -59.473    324.0    972.5
     2     1    19    11    13     0     0     0   -51.0  -39.980  -58.614    275.4    977.2
     3     1    19    11    13     0     0     0   -51.0  -43.747  -73.857   2033.0    787.0
     4     1    19    11    13     0     0     0   -51.0  -43.849  -73.868   1869.9    803.4
     5     1    19    11    13     0     0     0   -51.0  -42.786  -76.665    193.0    992.0
     1     1    19    11    12    23     0     1   -52.0  -40.374  -59.238    325.4    971.3
     2     1    19    11    12    23     0     1   -52.0  -39.495  -58.357    238.5    984.3
     3     1    19    11    12    23     0     1   -52.0  -43.563  -74.173   1971.1    795.2
     4     1    19    11    12    23     0     1   -52.0  -43.675  -74.163   1779.9    816.1
     5     1    19    11    12    23     0     1   -52.0  -42.674  -77.011    193.4    992.7
     1     1    19    11    12    22     0     2   -53.0  -40.026  -59.049    307.1    973.1
     2     1    19    11    12    22     0     2   -53.0  -38.984  -58.018    197.0    985.9
     3     1    19    11    12    22     0     2   -53.0  -43.390  -74.471   1933.6    797.2
     4     1    19    11    12    22     0     2   -53.0  -43.517  -74.440   1724.6    819.9
     5     1    19    11    12    22     0     2   -53.0  -42.558  -77.377    199.6    991.8
     1     1    19    11    12    21     0     3   -54.0  -39.634  -58.884    268.8    977.3
     2     1    19    11    12    21     0     3   -54.0  -38.538  -57.629    168.2    989.5
     3     1    19    11    12    21     0     3   -54.0  -43.226  -74.743   1882.9    803.9
     4     1    19    11    12    21     0     3   -54.0  -43.370  -74.697   1674.2    825.4
     5     1    19    11    12    21     0     3   -54.0  -42.446  -77.784    211.3    990.6
     1     1    19    11    12    20     0     2   -55.0  -39.253  -58.659    225.5    984.2
     2     1    19    11    12    20     0     2   -55.0  -38.178  -57.226    177.9    990.5
     3     1    19    11    12    20     0     2   -55.0  -43.080  -74.992   1814.8    815.7
     4     1    19    11    12    20     0     2   -55.0  -43.240  -74.937   1618.1    834.7
     5     1    19    11    12    20     0     2   -55.0  -42.327  -78.220    215.5    988.5
     1     1    19    11    12    19     0     1   -56.0  -38.869  -58.351    195.2    987.0
     2     1    19    11    12    19     0     1   -56.0  -37.847  -56.818    198.9    989.6
     3     1    19    11    12    19     0     1   -56.0  -42.959  -75.232   1748.3    824.2
     4     1    19    11    12    19     0     1   -56.0  -43.132  -75.174   1564.7    842.5
     5     1    19    11    12    19     0     1   -56.0  -42.188  -78.648    218.7    990.6
     1     1    19    11    12    18     0     0   -57.0  -38.479  -58.010    186.5    982.6
     2     1    19    11    12    18     0     0   -57.0  -37.529  -56.434    203.0    990.2
     3     1    19    11    12    18     0     0   -57.0  -42.859  -75.463   1691.0    829.1
     4     1    19    11    12    18     0     0   -57.0  -43.044  -75.400   1514.7    847.0
     5     1    19    11    12    18     0     0   -57.0  -42.046  -79.069    261.4    988.4
     1     1    19    11    12    17     0     1   -58.0  -38.122  -57.724    183.5    980.2
     2     1    19    11    12    17     0     1   -58.0  -37.194  -56.093    191.6    992.5
     3     1    19    11    12    17     0     1   -58.0  -42.776  -75.685   1636.4    835.0
     4     1    19    11    12    17     0     1   -58.0  -42.971  -75.618   1462.7    852.7
     5     1    19    11    12    17     0     1   -58.0  -41.910  -79.492    319.9    975.3
     1     1    19    11    12    16     0     2   -59.0  -37.801  -57.494    171.1    987.1
     2     1    19    11    12    16     0     2   -59.0  -36.837  -55.780    173.6    995.9
     3     1    19    11    12    16     0     2   -59.0  -42.699  -75.908   1585.1    840.3
     4     1    19    11    12    16     0     2   -59.0  -42.901  -75.844   1412.7    858.1
     5     1    19    11    12    16     0     2   -59.0  -41.780  -79.902    316.3    973.6
     1     1    19    11    12    15     0     3   -60.0  -37.478  -57.303    150.3    994.8
     2     1    19    11    12    15     0     3   -60.0  -36.481  -55.470    162.2    998.8
     3     1    19    11    12    15     0     3   -60.0  -42.620  -76.132   1539.6    845.5
     4     1    19    11    12    15     0     3   -60.0  -42.825  -76.079   1368.6    862.8
     5     1    19    11    12    15     0     3   -60.0  -41.661  -80.295    271.2    982.9
     1     1    19    11    12    14     0     2   -61.0  -37.166  -57.153    124.3   1001.0
     2     1    19    11    12    14     0     2   -61.0  -36.137  -55.144    166.0    999.4
     3     1    19    11    12    14     0     2   -61.0  -42.549  -76.345   1501.7    849.2
     4     1    19    11    12    14     0     2   -61.0  -42.752  -76.304   1330.5    866.5
     5     1    19    11    12    14     0     2   -61.0  -41.550  -80.674    238.1    989.5
     1     1    19    11    12    13     0     1   -62.0  -36.884  -57.023    102.6   1004.8
     2     1    19    11    12    13     0     1   -62.0  -35.823  -54.814    181.7    997.7
     3     1    19    11    12    13     0     1   -62.0  -42.494  -76.537   1462.5    852.3
     4     1    19    11    12    13     0     1   -62.0  -42.694  -76.505   1293.3    869.8
     5     1    19    11    12    13     0     1   -62.0  -41.447  -81.044    231.6    989.2
     1     1    19    11    12    12     0     0   -63.0  -36.616  -56.880     90.4   1007.3
     2     1    19    11    12    12     0     0   -63.0  -35.548  -54.487    195.9    995.8
     3     1    19    11    12    12     0     0   -63.0  -42.442  -76.707   1411.4    856.8
     4     1    19    11    12    12     0     0   -63.0  -42.642  -76.686   1250.7    873.9
     5     1    19    11    12    12     0     0   -63.0  -41.350  -81.405    235.0    987.3
     1     1    19    11    12    11     0     1   -64.0  -36.337  -56.693     90.4   1007.6
     2     1    19    11    12    11     0     1   -64.0  -35.293  -54.163    199.8    995.8
     3     1    19    11    12    11     0     1   -64.0  -42.398  -76.869   1361.7    863.7
     4     1    19    11    12    11     0     1   -64.0  -42.597  -76.860   1207.7    879.5
     5     1    19    11    12    11     0     1   -64.0  -41.245  -81.772    235.4    987.2
     1     1    19    11    12    10     0     2   -65.0  -36.054  -56.467     96.6   1006.9
     2     1    19    11    12    10     0     2   -65.0  -35.041  -53.854    199.3    996.8
     3     1    19    11    12    10     0     2   -65.0  -42.365  -77.029   1333.8    867.1
     4     1    19    11    12    10     0     2   -65.0  -42.560  -77.031   1174.6    883.5
     5     1    19    11    12    10     0     2   -65.0  -41.138  -82.175    240.3    987.8
     1     1    19    11    12     9     0     3   -66.0  -35.788  -56.227     97.7   1006.7
     2     1    19    11    12     9     0     3   -66.0  -34.798  -53.582    206.2    995.7
     3     1    19    11    12     9     0     3   -66.0  -42.349  -77.182   1329.8    867.4
     4     1    19    11    12     9     0     3   -66.0  -42.537  -77.195   1155.6    885.7
     5     1    19    11    12     9     0     3   -66.0  -41.047  -82.611    259.1    985.6
     1     1    19    11    12     8     0     2   -67.0  -35.539  -55.979     98.5   1007.5
     2     1    19    11    12     8     0     2   -67.0  -34.568  -53.314    222.9    992.9
     3     1    19    11    12     8     0     2   -67.0  -42.350  -77.336   1334.5    865.8
     4     1    19    11    12     8     0     2   -67.0  -42.528  -77.356   1148.2    886.4
     5     1    19    11    12     8     0     2   -67.0  -40.961  -83.046    279.6    981.9
     1     1    19    11    12     7     0     1   -68.0  -35.290  -55.715    114.8   1006.2
     2     1    19    11    12     7     0     1   -68.0  -34.339  -53.020    244.1    991.5
     3     1    19    11    12     7     0     1   -68.0  -42.361  -77.493   1345.0    865.9
     4     1    19    11    12     7     0     1   -68.0  -42.529  -77.514   1156.0    886.5
     5     1    19    11    12     7     0     1   -68.0  -40.860  -83.460    294.7    980.6
     1     1    19    11    12     6     0     0   -69.0  -35.031  -55.438    165.3   1002.0
     2     1    19    11    12     6     0     0   -69.0  -34.106  -52.704    265.7    988.9
     3     1    19    11    12     6     0     0   -69.0  -42.383  -77.650   1381.3    863.4
     4     1    19    11    12     6     0     0   -69.0  -42.539  -77.667   1191.9    883.6
     5     1    19    11    12     6     0     0   -69.0  -40.745  -83.862    311.9    979.0
     1     1    19    11    12     5     0     1   -70.0  -34.745  -55.123    236.0    985.6
     2     1    19    11    12     5     0     1   -70.0  -33.869  -52.369    283.6    987.1
     3     1    19    11    12     5     0     1   -70.0  -42.408  -77.810   1445.9    856.5
     4     1    19    11    12     5     0     1   -70.0  -42.554  -77.820   1252.8    876.3
     5     1    19    11    12     5     0     1   -70.0  -40.636  -84.249    330.4    976.7
     1     1    19    11    12     4     0     2   -71.0  -34.439  -54.753    287.5    972.5
     2     1    19    11    12     4     0     2   -71.0  -33.641  -52.008    295.9    986.3
     3     1    19    11    12     4     0     2   -71.0  -42.428  -77.976   1526.2    848.2
     4     1    19    11    12     4     0     2   -71.0  -42.566  -77.979   1328.6    868.6
     5     1    19    11    12     4     0     2   -71.0  -40.548  -84.615    348.8    975.3
     1     1    19    11    12     3     0     3   -72.0  -34.135  -54.346    308.4    969.9
     2     1    19    11    12     3     0     3   -72.0  -33.428  -51.621    305.4    986.2
     3     1    19    11    12     3     0     3   -72.0  -42.439  -78.153   1595.7    839.1
     4     1    19    11    12     3     0     3   -72.0  -42.572  -78.145   1402.8    859.8
     5     1    19    11    12     3     0     3   -72.0  -40.481  -84.966    375.9    973.2
