     9     1
    GDAS    20     1    29     0     0
    GDAS    20     2     1     0     0
    GDAS    20     2     8     0     0
    GDAS    20     2    15     0     0
    GDAS    20     2    22     0     0
    GDAS    20     2    29     0     0
    GDAS    20     3     1     0     0
    GDAS    20     3     8     0     0
    GDAS    20     3    15     0     0
     5 BACKWARD OMEGA   
    20     2    15    21  -34.572  -58.513    10.0
    20     2    15    21  -34.572  -58.513   200.0
    20     2    15    21  -34.572  -58.513   500.0
    20     2    15    21  -34.572  -58.513  1000.0
    20     2    15    21  -34.572  -58.513  2000.0
     1 PRESSURE
     1     1    20     2    15    21     0     3     0.0  -34.572  -58.513     10.0   1000.9
     2     1    20     2    15    21     0     3     0.0  -34.572  -58.513    200.0    980.0
     3     1    20     2    15    21     0     3     0.0  -34.572  -58.513    500.0    947.5
     4     1    20     2    15    21     0     3     0.0  -34.572  -58.513   1000.0    895.0
     5     1    20     2    15    21     0     3     0.0  -34.572  -58.513   2000.0    796.8
     1     1    20     2    15    20     0     2    -1.0  -34.499  -58.543     10.3   1001.6
     2     1    20     2    15    20     0     2    -1.0  -34.486  -58.559    210.1    978.9
     3     1    20     2    15    20     0     2    -1.0  -34.482  -58.579    549.2    941.7
     4     1    20     2    15    20     0     2    -1.0  -34.505  -58.607   1108.8    883.3
     5     1    20     2    15    20     0     2    -1.0  -34.633  -58.685   2156.4    784.1
     1     1    20     2    15    19     0     1    -2.0  -34.424  -58.583      9.5   1002.7
     2     1    20     2    15    19     0     1    -2.0  -34.397  -58.614    201.5    980.5
     3     1    20     2    15    19     0     1    -2.0  -34.391  -58.650    564.5    940.3
     4     1    20     2    15    19     0     1    -2.0  -34.442  -58.695   1181.2    876.6
     5     1    20     2    15    19     0     1    -2.0  -34.716  -58.891   2322.6    769.5
     1     1    20     2    15    18     0     0    -3.0  -34.347  -58.632      7.3   1003.9
     2     1    20     2    15    18     0     0    -3.0  -34.306  -58.676    173.6    984.8
     3     1    20     2    15    18     0     0    -3.0  -34.295  -58.725    534.4    944.1
     4     1    20     2    15    18     0     0    -3.0  -34.381  -58.780   1207.8    874.4
     5     1    20     2    15    18     0     0    -3.0  -34.816  -59.131   2461.0    754.8
     1     1    20     2    15    17     0     1    -4.0  -34.272  -58.684      4.8   1004.2
     2     1    20     2    15    17     0     1    -4.0  -34.218  -58.740    144.3    990.6
     3     1    20     2    15    17     0     1    -4.0  -34.200  -58.801    487.1    952.9
     4     1    20     2    15    17     0     1    -4.0  -34.326  -58.865   1208.2    877.3
     5     1    20     2    15    17     0     1    -4.0  -34.925  -59.388   2541.6    747.7
     1     1    20     2    15    16     0     2    -5.0  -34.204  -58.734      3.0   1004.5
     2     1    20     2    15    16     0     2    -5.0  -34.140  -58.800    126.2    992.6
     3     1    20     2    15    16     0     2    -5.0  -34.116  -58.872    450.9    957.4
     4     1    20     2    15    16     0     2    -5.0  -34.283  -58.955   1209.0    877.4
     5     1    20     2    15    16     0     2    -5.0  -35.037  -59.644   2583.0    744.8
     1     1    20     2    15    15     0     3    -6.0  -34.144  -58.780      1.9   1004.8
     2     1    20     2    15    15     0     3    -6.0  -34.070  -58.854    116.9    993.8
     3     1    20     2    15    15     0     3    -6.0  -34.041  -58.936    421.8    960.9
     4     1    20     2    15    15     0     3    -6.0  -34.252  -59.052   1205.3    877.7
     5     1    20     2    15    15     0     3    -6.0  -35.145  -59.894   2613.7    742.4
     1     1    20     2    15    14     0     2    -7.0  -34.091  -58.810      1.5   1005.4
     2     1    20     2    15    14     0     2    -7.0  -34.009  -58.888    114.3    994.8
     3     1    20     2    15    14     0     2    -7.0  -33.971  -58.984    405.2    964.2
     4     1    20     2    15    14     0     2    -7.0  -34.234  -59.164   1209.5    879.1
     5     1    20     2    15    14     0     2    -7.0  -35.262  -60.161   2655.3    737.5
     1     1    20     2    15    13     0     1    -8.0  -34.047  -58.814      1.6   1005.9
     2     1    20     2    15    13     0     1    -8.0  -33.955  -58.886    116.8    995.1
     3     1    20     2    15    13     0     1    -8.0  -33.899  -59.006    404.9    964.4
     4     1    20     2    15    13     0     1    -8.0  -34.237  -59.301   1238.6    876.1
     5     1    20     2    15    13     0     1    -8.0  -35.406  -60.470   2722.1    729.9
     1     1    20     2    15    12     0     0    -9.0  -34.010  -58.791      2.2   1006.2
     2     1    20     2    15    12     0     0    -9.0  -33.907  -58.849    123.9    994.8
     3     1    20     2    15    12     0     0    -9.0  -33.823  -59.004    418.2    963.4
     4     1    20     2    15    12     0     0    -9.0  -34.269  -59.463   1288.6    870.8
     5     1    20     2    15    12     0     0    -9.0  -35.573  -60.827   2821.4    719.3
     1     1    20     2    15    11     0     1   -10.0  -33.980  -58.755      3.1   1005.9
     2     1    20     2    15    11     0     1   -10.0  -33.864  -58.795    134.2    992.9
     3     1    20     2    15    11     0     1   -10.0  -33.752  -58.990    436.7    960.1
     4     1    20     2    15    11     0     1   -10.0  -34.318  -59.630   1333.9    863.7
     5     1    20     2    15    11     0     1   -10.0  -35.746  -61.234   2920.3    706.8
     1     1    20     2    15    10     0     2   -11.0  -33.956  -58.721      4.1   1005.6
     2     1    20     2    15    10     0     2   -11.0  -33.826  -58.741    146.2    990.8
     3     1    20     2    15    10     0     2   -11.0  -33.693  -58.970    452.0    957.7
     4     1    20     2    15    10     0     2   -11.0  -34.367  -59.783   1358.9    861.4
     5     1    20     2    15    10     0     2   -11.0  -35.911  -61.670   2988.4    701.0
     1     1    20     2    15     9     0     3   -12.0  -33.938  -58.690      5.3   1005.3
     2     1    20     2    15     9     0     3   -12.0  -33.794  -58.686    160.2    988.2
     3     1    20     2    15     9     0     3   -12.0  -33.645  -58.948    463.1    955.9
     4     1    20     2    15     9     0     3   -12.0  -34.417  -59.922   1373.5    860.1
     5     1    20     2    15     9     0     3   -12.0  -36.073  -62.128   3044.8    696.7
     1     1    20     2    15     8     0     2   -13.0  -33.929  -58.658      6.3   1005.1
     2     1    20     2    15     8     0     2   -13.0  -33.777  -58.633    173.0    986.0
     3     1    20     2    15     8     0     2   -13.0  -33.614  -58.926    467.6    955.1
     4     1    20     2    15     8     0     2   -13.0  -34.468  -60.051   1393.7    858.8
     5     1    20     2    15     8     0     2   -13.0  -36.246  -62.628   3093.0    690.8
     1     1    20     2    15     7     0     1   -14.0  -33.931  -58.623      6.7   1004.9
     2     1    20     2    15     7     0     1   -14.0  -33.782  -58.583    182.1    984.7
     3     1    20     2    15     7     0     1   -14.0  -33.607  -58.911    464.7    955.6
     4     1    20     2    15     7     0     1   -14.0  -34.525  -60.176   1426.1    854.2
     5     1    20     2    15     7     0     1   -14.0  -36.431  -63.185   3135.5    686.7
     1     1    20     2    15     6     0     0   -15.0  -33.943  -58.587      6.6   1004.7
     2     1    20     2    15     6     0     0   -15.0  -33.812  -58.535    188.5    983.7
     3     1    20     2    15     6     0     0   -15.0  -33.625  -58.902    455.6    956.7
     4     1    20     2    15     6     0     0   -15.0  -34.600  -60.299   1465.7    849.3
     5     1    20     2    15     6     0     0   -15.0  -36.626  -63.795   3198.4    680.2
     1     1    20     2    15     5     0     1   -16.0  -33.961  -58.550      6.3   1004.6
     2     1    20     2    15     5     0     1   -16.0  -33.858  -58.490    193.0    982.7
     3     1    20     2    15     5     0     1   -16.0  -33.660  -58.895    450.2    958.5
     4     1    20     2    15     5     0     1   -16.0  -34.696  -60.436   1516.1    843.6
     5     1    20     2    15     5     0     1   -16.0  -36.837  -64.468   3289.5    665.6
     1     1    20     2    15     4     0     2   -17.0  -33.982  -58.515      5.8   1004.5
     2     1    20     2    15     4     0     2   -17.0  -33.916  -58.448    195.8    981.7
     3     1    20     2    15     4     0     2   -17.0  -33.701  -58.893    458.9    957.5
     4     1    20     2    15     4     0     2   -17.0  -34.820  -60.606   1588.9    835.4
     5     1    20     2    15     4     0     2   -17.0  -37.073  -65.221   3416.8    647.5
     1     1    20     2    15     3     0     3   -18.0  -34.005  -58.481      5.3   1004.4
     2     1    20     2    15     3     0     3   -18.0  -33.990  -58.404    195.9    981.0
     3     1    20     2    15     3     0     3   -18.0  -33.751  -58.894    484.3    954.8
     4     1    20     2    15     3     0     3   -18.0  -34.997  -60.804   1706.0    823.5
     5     1    20     2    15     3     0     3   -18.0  -37.290  -66.036   3534.3    642.0
     1     1    20     2    15     2     0     2   -19.0  -34.035  -58.451      4.8   1003.7
     2     1    20     2    15     2     0     2   -19.0  -34.087  -58.370    200.6    980.7
     3     1    20     2    15     2     0     2   -19.0  -33.819  -58.900    521.1    949.7
     4     1    20     2    15     2     0     2   -19.0  -35.220  -61.031   1867.8    803.9
     5     1    20     2    15     2     0     2   -19.0  -37.437  -66.876   3627.2    632.6
     1     1    20     2    15     1     0     1   -20.0  -34.077  -58.431      4.9   1003.0
     2     1    20     2    15     1     0     1   -20.0  -34.205  -58.367    219.8    979.0
     3     1    20     2    15     1     0     1   -20.0  -33.909  -58.914    572.4    944.4
     4     1    20     2    15     1     0     1   -20.0  -35.440  -61.313   2026.1    787.9
     5     1    20     2    15     1     0     1   -20.0  -37.507  -67.757   3766.4    610.1
     1     1    20     2    15     0     0     0   -21.0  -34.128  -58.424      5.7   1002.5
     2     1    20     2    15     0     0     0   -21.0  -34.342  -58.411    258.2    976.1
     3     1    20     2    15     0     0     0   -21.0  -34.014  -58.952    658.9    935.7
     4     1    20     2    15     0     0     0   -21.0  -35.666  -61.637   2151.9    775.9
     5     1    20     2    15     0     0     0   -21.0  -37.508  -68.602   3853.2    584.5
     1     1    20     2    14    23     0     1   -22.0  -34.191  -58.437      6.9   1002.3
     2     1    20     2    14    23     0     1   -22.0  -34.478  -58.506    298.4    971.2
     3     1    20     2    14    23     0     1   -22.0  -34.116  -59.028    688.6    929.7
     4     1    20     2    14    23     0     1   -22.0  -35.902  -61.997   2249.5    767.1
     5     1    20     2    14    23     0     1   -22.0  -37.468  -69.317   3586.1    577.6
     1     1    20     2    14    22     0     2   -23.0  -34.267  -58.476      8.2   1002.1
     2     1    20     2    14    22     0     2   -23.0  -34.602  -58.633    297.5    969.1
     3     1    20     2    14    22     0     2   -23.0  -34.230  -59.119    599.0    935.6
     4     1    20     2    14    22     0     2   -23.0  -36.090  -62.384   2310.7    757.6
     5     1    20     2    14    22     0     2   -23.0  -37.451  -69.979   3151.0    579.0
     1     1    20     2    14    21     0     3   -24.0  -34.357  -58.542      9.1   1002.0
     2     1    20     2    14    21     0     3   -24.0  -34.723  -58.782    248.1    975.4
     3     1    20     2    14    21     0     3   -24.0  -34.361  -59.228    454.2    954.0
     4     1    20     2    14    21     0     3   -24.0  -36.196  -62.749   2251.3    756.8
     5     1    20     2    14    21     0     3   -24.0  -37.439  -70.662   3051.9    587.9
     1     1    20     2    14    20     0     2   -25.0  -34.447  -58.633      8.9   1003.1
     2     1    20     2    14    20     0     2   -25.0  -34.832  -58.948    197.2    986.3
     3     1    20     2    14    20     0     2   -25.0  -34.486  -59.353    345.4    973.3
     4     1    20     2    14    20     0     2   -25.0  -36.250  -63.063   2056.2    780.7
     5     1    20     2    14    20     0     2   -25.0  -37.430  -71.357   3182.7    588.9
     1     1    20     2    14    19     0     1   -26.0  -34.523  -58.743      7.7   1004.1
     2     1    20     2    14    19     0     1   -26.0  -34.921  -59.119    171.1    989.9
     3     1    20     2    14    19     0     1   -26.0  -34.589  -59.480    293.9    977.5
     4     1    20     2    14    19     0     1   -26.0  -36.290  -63.344   1886.2    804.3
     5     1    20     2    14    19     0     1   -26.0  -37.393  -71.959   3283.7    637.2
     1     1    20     2    14    18     0     0   -27.0  -34.585  -58.868      6.2   1005.1
     2     1    20     2    14    18     0     0   -27.0  -34.994  -59.285    163.6    990.8
     3     1    20     2    14    18     0     0   -27.0  -34.675  -59.602    275.1    979.3
     4     1    20     2    14    18     0     0   -27.0  -36.327  -63.605   1819.6    806.9
     5     1    20     2    14    18     0     0   -27.0  -37.338  -72.463   3224.8    665.6
     1     1    20     2    14    17     0     1   -28.0  -34.645  -58.990      4.8   1005.6
     2     1    20     2    14    17     0     1   -28.0  -35.075  -59.428    162.8    990.0
     3     1    20     2    14    17     0     1   -28.0  -34.764  -59.709    273.7    978.8
     4     1    20     2    14    17     0     1   -28.0  -36.363  -63.871   1786.7    805.8
     5     1    20     2    14    17     0     1   -28.0  -37.318  -72.936   3232.5    671.6
     1     1    20     2    14    16     0     2   -29.0  -34.720  -59.097      4.1   1005.7
     2     1    20     2    14    16     0     2   -29.0  -35.182  -59.541    162.0    989.9
     3     1    20     2    14    16     0     2   -29.0  -34.881  -59.795    283.6    978.1
     4     1    20     2    14    16     0     2   -29.0  -36.398  -64.162   1748.1    806.3
     5     1    20     2    14    16     0     2   -29.0  -37.340  -73.395   3285.2    672.1
     1     1    20     2    14    15     0     3   -30.0  -34.812  -59.186      3.9   1005.6
     2     1    20     2    14    15     0     3   -30.0  -35.308  -59.633    164.5    989.1
     3     1    20     2    14    15     0     3   -30.0  -35.027  -59.862    313.0    975.2
     4     1    20     2    14    15     0     3   -30.0  -36.426  -64.480   1705.7    805.9
     5     1    20     2    14    15     0     3   -30.0  -37.390  -73.838   3317.6    677.6
     1     1    20     2    14    14     0     2   -31.0  -34.914  -59.268      3.9   1005.1
     2     1    20     2    14    14     0     2   -31.0  -35.441  -59.717    172.4    987.2
     3     1    20     2    14    14     0     2   -31.0  -35.188  -59.926    358.5    967.6
     4     1    20     2    14    14     0     2   -31.0  -36.453  -64.814   1692.4    804.7
     5     1    20     2    14    14     0     2   -31.0  -37.463  -74.273   3326.5    681.9
     1     1    20     2    14    13     0     1   -32.0  -35.013  -59.355      3.9   1004.6
     2     1    20     2    14    13     0     1   -32.0  -35.572  -59.803    186.5    984.5
     3     1    20     2    14    13     0     1   -32.0  -35.361  -59.992    412.6    960.1
     4     1    20     2    14    13     0     1   -32.0  -36.491  -65.175   1753.4    797.2
     5     1    20     2    14    13     0     1   -32.0  -37.562  -74.709   3335.2    680.9
     1     1    20     2    14    12     0     0   -33.0  -35.105  -59.447      3.9   1004.4
     2     1    20     2    14    12     0     0   -33.0  -35.703  -59.886    208.1    980.7
     3     1    20     2    14    12     0     0   -33.0  -35.559  -60.051    474.1    950.7
     4     1    20     2    14    12     0     0   -33.0  -36.534  -65.575   1897.9    782.9
     5     1    20     2    14    12     0     0   -33.0  -37.683  -75.146   3351.3    679.4
     1     1    20     2    14    11     0     1   -34.0  -35.186  -59.537      4.0   1004.0
     2     1    20     2    14    11     0     1   -34.0  -35.847  -59.978    235.8    974.8
     3     1    20     2    14    11     0     1   -34.0  -35.781  -60.125    534.4    940.6
     4     1    20     2    14    11     0     1   -34.0  -36.582  -65.989   2066.5    763.0
     5     1    20     2    14    11     0     1   -34.0  -37.824  -75.592   3385.6    677.1
     1     1    20     2    14    10     0     2   -35.0  -35.256  -59.625      4.2   1003.6
     2     1    20     2    14    10     0     2   -35.0  -36.019  -60.094    268.6    969.0
     3     1    20     2    14    10     0     2   -35.0  -36.020  -60.227    595.9    932.6
     4     1    20     2    14    10     0     2   -35.0  -36.628  -66.394   2199.4    749.6
     5     1    20     2    14    10     0     2   -35.0  -37.988  -76.065   3424.5    671.9
     1     1    20     2    14     9     0     3   -36.0  -35.316  -59.713      4.5   1003.2
     2     1    20     2    14     9     0     3   -36.0  -36.228  -60.222    311.4    961.1
     3     1    20     2    14     9     0     3   -36.0  -36.272  -60.349    669.6    921.5
     4     1    20     2    14     9     0     3   -36.0  -36.667  -66.788   2283.1    742.1
     5     1    20     2    14     9     0     3   -36.0  -38.164  -76.569   3439.5    670.0
     1     1    20     2    14     8     0     2   -37.0  -35.361  -59.788      4.8   1003.0
     2     1    20     2    14     8     0     2   -37.0  -36.443  -60.352    355.3    952.4
     3     1    20     2    14     8     0     2   -37.0  -36.513  -60.502    732.4    909.8
     4     1    20     2    14     8     0     2   -37.0  -36.716  -67.172   2332.4    733.2
     5     1    20     2    14     8     0     2   -37.0  -38.340  -77.082   3448.6    671.3
     1     1    20     2    14     7     0     1   -38.0  -35.385  -59.834      5.1   1002.9
     2     1    20     2    14     7     0     1   -38.0  -36.639  -60.498    382.9    947.8
     3     1    20     2    14     7     0     1   -38.0  -36.740  -60.679    764.3    905.7
     4     1    20     2    14     7     0     1   -38.0  -36.798  -67.586   2378.5    716.6
     5     1    20     2    14     7     0     1   -38.0  -38.506  -77.596   3489.1    669.3
     1     1    20     2    14     6     0     0   -39.0  -35.387  -59.849      5.1   1002.7
     2     1    20     2    14     6     0     0   -39.0  -36.838  -60.661    392.2    945.8
     3     1    20     2    14     6     0     0   -39.0  -36.975  -60.856    773.5    904.1
     4     1    20     2    14     6     0     0   -39.0  -36.881  -68.087   2467.4    692.8
     5     1    20     2    14     6     0     0   -39.0  -38.659  -78.115   3574.1    662.3
     1     1    20     2    14     5     0     1   -40.0  -35.392  -59.839      5.1   1002.8
     2     1    20     2    14     5     0     1   -40.0  -37.023  -60.821    389.8    946.2
     3     1    20     2    14     5     0     1   -40.0  -37.194  -61.029    779.5    904.6
     4     1    20     2    14     5     0     1   -40.0  -36.973  -68.673   2572.0    655.3
     5     1    20     2    14     5     0     1   -40.0  -38.801  -78.646   3665.1    652.3
     1     1    20     2    14     4     0     2   -41.0  -35.421  -59.812      5.4   1002.9
     2     1    20     2    14     4     0     2   -41.0  -37.145  -60.977    378.1    947.4
     3     1    20     2    14     4     0     2   -41.0  -37.358  -61.204    791.4    900.0
     4     1    20     2    14     4     0     2   -41.0  -37.073  -69.297   2745.5    620.5
     5     1    20     2    14     4     0     2   -41.0  -38.935  -79.191   3740.3    647.7
     1     1    20     2    14     3     0     3   -42.0  -35.476  -59.771      5.9   1003.1
     2     1    20     2    14     3     0     3   -42.0  -37.197  -61.139    353.1    948.9
     3     1    20     2    14     3     0     3   -42.0  -37.479  -61.377    797.6    895.1
     4     1    20     2    14     3     0     3   -42.0  -37.200  -69.926   3168.2    569.3
     5     1    20     2    14     3     0     3   -42.0  -39.068  -79.729   3804.2    641.9
     1     1    20     2    14     2     0     2   -43.0  -35.544  -59.736      6.6   1003.1
     2     1    20     2    14     2     0     2   -43.0  -37.212  -61.278    333.5    952.2
     3     1    20     2    14     2     0     2   -43.0  -37.577  -61.531    800.9    891.7
     4     1    20     2    14     2     0     2   -43.0  -37.379  -70.503   3510.5    516.3
     5     1    20     2    14     2     0     2   -43.0  -39.199  -80.252   3853.4    638.3
     1     1    20     2    14     1     0     1   -44.0  -35.618  -59.728      7.6   1003.1
     2     1    20     2    14     1     0     1   -44.0  -37.222  -61.368    336.6    950.9
     3     1    20     2    14     1     0     1   -44.0  -37.664  -61.661    802.1    886.3
     4     1    20     2    14     1     0     1   -44.0  -37.559  -70.987   3389.1    522.7
     5     1    20     2    14     1     0     1   -44.0  -39.327  -80.777   3907.9    635.0
     1     1    20     2    14     0     0     0   -45.0  -35.699  -59.749      9.3   1003.0
     2     1    20     2    14     0     0     0   -45.0  -37.222  -61.414    361.1    947.8
     3     1    20     2    14     0     0     0   -45.0  -37.744  -61.767    783.8    883.2
     4     1    20     2    14     0     0     0   -45.0  -37.730  -71.395   3279.6    587.3
     5     1    20     2    14     0     0     0   -45.0  -39.463  -81.301   4000.3    628.9
     1     1    20     2    13    23     0     1   -46.0  -35.783  -59.804     10.8   1002.1
     2     1    20     2    13    23     0     1   -46.0  -37.207  -61.437    392.8    942.7
     3     1    20     2    13    23     0     1   -46.0  -37.820  -61.832    736.9    883.9
     4     1    20     2    13    23     0     1   -46.0  -37.888  -71.775   3322.8    616.3
     5     1    20     2    13    23     0     1   -46.0  -39.611  -81.797   4143.9    617.0
     1     1    20     2    13    22     0     2   -47.0  -35.863  -59.896     11.2   1001.3
     2     1    20     2    13    22     0     2   -47.0  -37.179  -61.445    413.8    940.8
     3     1    20     2    13    22     0     2   -47.0  -37.895  -61.850    659.6    889.3
     4     1    20     2    13    22     0     2   -47.0  -38.046  -72.154   3480.5    620.4
     5     1    20     2    13    22     0     2   -47.0  -39.775  -82.256   4293.9    602.6
     1     1    20     2    13    21     0     3   -48.0  -35.953  -60.026     10.0   1000.8
     2     1    20     2    13    21     0     3   -48.0  -37.132  -61.437    424.3    940.4
     3     1    20     2    13    21     0     3   -48.0  -37.970  -61.830    553.1    898.7
     4     1    20     2    13    21     0     3   -48.0  -38.219  -72.530   3670.3    613.5
     5     1    20     2    13    21     0     3   -48.0  -39.961  -82.681   4384.6    593.0
     1     1    20     2    13    20     0     2   -49.0  -36.019  -60.154      9.8   1000.4
     2     1    20     2    13    20     0     2   -49.0  -37.059  -61.437    396.9    942.1
     3     1    20     2    13    20     0     2   -49.0  -38.045  -61.802    474.5    915.6
     4     1    20     2    13    20     0     2   -49.0  -38.412  -72.892   3840.2    612.0
     5     1    20     2    13    20     0     2   -49.0  -40.158  -83.092   4429.6    593.1
     1     1    20     2    13    19     0     1   -50.0  -36.028  -60.263     12.5   1000.2
     2     1    20     2    13    19     0     1   -50.0  -36.978  -61.465    304.4    953.9
     3     1    20     2    13    19     0     1   -50.0  -38.118  -61.784    463.3    919.9
     4     1    20     2    13    19     0     1   -50.0  -38.628  -73.238   3978.7    613.8
     5     1    20     2    13    19     0     1   -50.0  -40.370  -83.503   4482.2    589.4
     1     1    20     2    13    18     0     0   -51.0  -35.981  -60.359     21.0    999.8
     2     1    20     2    13    18     0     0   -51.0  -36.899  -61.521    186.1    971.5
     3     1    20     2    13    18     0     0   -51.0  -38.192  -61.774    507.5    918.5
     4     1    20     2    13    18     0     0   -51.0  -38.873  -73.573   4128.9    610.5
     5     1    20     2    13    18     0     0   -51.0  -40.612  -83.920   4530.8    584.4
     1     1    20     2    13    17     0     1   -52.0  -35.884  -60.433     35.2    997.8
     2     1    20     2    13    17     0     1   -52.0  -36.816  -61.580    105.8    986.7
     3     1    20     2    13    17     0     1   -52.0  -38.246  -61.778    564.3    910.7
     4     1    20     2    13    17     0     1   -52.0  -39.159  -73.912   4301.3    598.6
     5     1    20     2    13    17     0     1   -52.0  -40.888  -84.349   4588.7    581.7
     1     1    20     2    13    16     0     2   -53.0  -35.752  -60.480     49.1    996.9
     2     1    20     2    13    16     0     2   -53.0  -36.703  -61.619     66.7    989.6
     3     1    20     2    13    16     0     2   -53.0  -38.256  -61.806    586.9    908.5
     4     1    20     2    13    16     0     2   -53.0  -39.476  -74.272   4463.2    585.2
     5     1    20     2    13    16     0     2   -53.0  -41.192  -84.790   4650.4    574.6
     1     1    20     2    13    15     0     3   -54.0  -35.594  -60.500     63.1    996.1
     2     1    20     2    13    15     0     3   -54.0  -36.558  -61.642     51.9    990.9
     3     1    20     2    13    15     0     3   -54.0  -38.220  -61.860    573.4    907.2
     4     1    20     2    13    15     0     3   -54.0  -39.809  -74.667   4603.1    574.4
     5     1    20     2    13    15     0     3   -54.0  -41.524  -85.247   4663.1    571.7
     1     1    20     2    13    14     0     2   -55.0  -35.421  -60.487     74.2    994.9
     2     1    20     2    13    14     0     2   -55.0  -36.395  -61.637     48.3    991.7
     3     1    20     2    13    14     0     2   -55.0  -38.137  -61.925    540.6    906.9
     4     1    20     2    13    14     0     2   -55.0  -40.146  -75.096   4716.0    564.8
     5     1    20     2    13    14     0     2   -55.0  -41.875  -85.725   4659.4    575.1
     1     1    20     2    13    13     0     1   -56.0  -35.237  -60.432     75.7    995.7
     2     1    20     2    13    13     0     1   -56.0  -36.228  -61.599     46.6    993.0
     3     1    20     2    13    13     0     1   -56.0  -37.999  -61.979    497.2    902.8
     4     1    20     2    13    13     0     1   -56.0  -40.474  -75.553   4812.8    558.7
     5     1    20     2    13    13     0     1   -56.0  -42.233  -86.242   4688.8    572.6
     1     1    20     2    13    12     0     0   -57.0  -35.038  -60.344     69.7    998.2
     2     1    20     2    13    12     0     0   -57.0  -36.059  -61.529     42.0    994.5
     3     1    20     2    13    12     0     0   -57.0  -37.812  -61.997    453.1    914.7
     4     1    20     2    13    12     0     0   -57.0  -40.794  -76.048   4939.5    550.8
     5     1    20     2    13    12     0     0   -57.0  -42.603  -86.808   4743.3    567.5
     1     1    20     2    13    11     0     1   -58.0  -34.838  -60.234     63.4   1000.4
     2     1    20     2    13    11     0     1   -58.0  -35.895  -61.441     34.6    996.0
     3     1    20     2    13    11     0     1   -58.0  -37.623  -61.997    433.4    924.9
     4     1    20     2    13    11     0     1   -58.0  -41.115  -76.551   5075.6    537.7
     5     1    20     2    13    11     0     1   -58.0  -42.982  -87.400   4833.4    562.1
     1     1    20     2    13    10     0     2   -59.0  -34.653  -60.107     59.6   1001.7
     2     1    20     2    13    10     0     2   -59.0  -35.740  -61.346     27.9    997.1
     3     1    20     2    13    10     0     2   -59.0  -37.449  -62.018    437.1    929.2
     4     1    20     2    13    10     0     2   -59.0  -41.413  -77.052   5174.6    530.0
     5     1    20     2    13    10     0     2   -59.0  -43.367  -88.010   4942.2    551.6
     1     1    20     2    13     9     0     3   -60.0  -34.491  -59.963     56.8   1002.6
     2     1    20     2    13     9     0     3   -60.0  -35.593  -61.245     23.1    998.1
     3     1    20     2    13     9     0     3   -60.0  -37.252  -62.049    448.1    933.9
     4     1    20     2    13     9     0     3   -60.0  -41.683  -77.569   5255.7    525.6
     5     1    20     2    13     9     0     3   -60.0  -43.767  -88.646   5036.7    544.9
     1     1    20     2    13     8     0     2   -61.0  -34.347  -59.807     54.6   1003.2
     2     1    20     2    13     8     0     2   -61.0  -35.447  -61.136     20.2    998.9
     3     1    20     2    13     8     0     2   -61.0  -36.968  -62.076    442.8    941.3
     4     1    20     2    13     8     0     2   -61.0  -41.953  -78.091   5340.6    519.7
     5     1    20     2    13     8     0     2   -61.0  -44.171  -89.308   5108.5    538.8
     1     1    20     2    13     7     0     1   -62.0  -34.211  -59.647     53.2   1003.8
     2     1    20     2    13     7     0     1   -62.0  -35.297  -61.019     18.8    999.6
     3     1    20     2    13     7     0     1   -62.0  -36.569  -62.075    409.5    948.7
     4     1    20     2    13     7     0     1   -62.0  -42.219  -78.608   5421.4    513.5
     5     1    20     2    13     7     0     1   -62.0  -44.568  -89.977   5156.8    536.3
     1     1    20     2    13     6     0     0   -63.0  -34.077  -59.484     52.8   1004.4
     2     1    20     2    13     6     0     0   -63.0  -35.149  -60.893     18.1   1000.4
     3     1    20     2    13     6     0     0   -63.0  -36.087  -62.023    380.6    957.4
     4     1    20     2    13     6     0     0   -63.0  -42.464  -79.118   5478.1    508.7
     5     1    20     2    13     6     0     0   -63.0  -44.973  -90.634   5194.1    533.6
     1     1    20     2    13     5     0     1   -64.0  -33.954  -59.315     51.5   1004.7
     2     1    20     2    13     5     0     1   -64.0  -35.007  -60.761     17.9   1001.3
     3     1    20     2    13     5     0     1   -64.0  -35.567  -61.905    375.5    957.3
     4     1    20     2    13     5     0     1   -64.0  -42.713  -79.632   5502.6    507.2
     5     1    20     2    13     5     0     1   -64.0  -45.396  -91.303   5226.4    531.5
     1     1    20     2    13     4     0     2   -65.0  -33.851  -59.138     48.5   1005.2
     2     1    20     2    13     4     0     2   -65.0  -34.874  -60.627     17.8   1002.1
     3     1    20     2    13     4     0     2   -65.0  -35.078  -61.729    370.9    958.1
     4     1    20     2    13     4     0     2   -65.0  -42.977  -80.160   5503.8    507.4
     5     1    20     2    13     4     0     2   -65.0  -45.846  -92.006   5239.8    528.8
     1     1    20     2    13     3     0     3   -66.0  -33.765  -58.949     46.8   1005.2
     2     1    20     2    13     3     0     3   -66.0  -34.752  -60.487     17.5   1003.0
     3     1    20     2    13     3     0     3   -66.0  -34.631  -61.508    362.4    958.6
     4     1    20     2    13     3     0     3   -66.0  -43.237  -80.695   5526.7    508.2
     5     1    20     2    13     3     0     3   -66.0  -46.339  -92.742   5221.1    530.4
     1     1    20     2    13     2     0     2   -67.0  -33.686  -58.742     54.2   1004.0
     2     1    20     2    13     2     0     2   -67.0  -34.646  -60.345     16.7   1003.9
     3     1    20     2    13     2     0     2   -67.0  -34.254  -61.244    350.1    960.7
     4     1    20     2    13     2     0     2   -67.0  -43.508  -81.238   5578.6    502.3
     5     1    20     2    13     2     0     2   -67.0  -46.866  -93.536   5226.5    530.6
     1     1    20     2    13     1     0     1   -68.0  -33.608  -58.511     75.0    999.8
     2     1    20     2    13     1     0     1   -68.0  -34.553  -60.204     15.5   1004.8
     3     1    20     2    13     1     0     1   -68.0  -33.956  -60.937    339.8    962.8
     4     1    20     2    13     1     0     1   -68.0  -43.782  -81.818   5610.3    499.9
     5     1    20     2    13     1     0     1   -68.0  -47.388  -94.388   5253.8    527.2
     1     1    20     2    13     0     0     0   -69.0  -33.534  -58.265     98.2    996.1
     2     1    20     2    13     0     0     0   -69.0  -34.469  -60.064     14.1   1005.9
     3     1    20     2    13     0     0     0   -69.0  -33.730  -60.610    336.8    966.6
     4     1    20     2    13     0     0     0   -69.0  -44.065  -82.440   5636.2    498.6
     5     1    20     2    13     0     0     0   -69.0  -47.922  -95.345   5246.5    528.4
     1     1    20     2    12    23     0     1   -70.0  -33.456  -58.026    111.1    994.2
     2     1    20     2    12    23     0     1   -70.0  -34.383  -59.927     12.5   1005.7
     3     1    20     2    12    23     0     1   -70.0  -33.562  -60.307    325.6    970.3
     4     1    20     2    12    23     0     1   -70.0  -44.386  -83.053   5699.3    493.7
     5     1    20     2    12    23     0     1   -70.0  -48.460  -96.386   5265.1    526.2
     1     1    20     2    12    22     0     2   -71.0  -33.371  -57.802    119.9    992.8
     2     1    20     2    12    22     0     2   -71.0  -34.288  -59.794     11.2   1005.5
     3     1    20     2    12    22     0     2   -71.0  -33.439  -60.056    292.7    976.8
     4     1    20     2    12    22     0     2   -71.0  -44.681  -83.699   5739.3    490.5
     5     1    20     2    12    22     0     2   -71.0  -48.979  -97.460   5286.9    524.4
     1     1    20     2    12    21     0     3   -72.0  -33.294  -57.592    148.6    989.4
     2     1    20     2    12    21     0     3   -72.0  -34.185  -59.664     10.6   1005.6
     3     1    20     2    12    21     0     3   -72.0  -33.348  -59.862    263.3    981.2
     4     1    20     2    12    21     0     3   -72.0  -44.945  -84.421   5731.9    491.1
     5     1    20     2    12    21     0     3   -72.0  -49.469  -98.597   5316.6    522.3
