     5     1
    GDAS    19     7     1     0     0
    GDAS    19     7     8     0     0
    GDAS    19     7    15     0     0
    GDAS    19     7    22     0     0
    GDAS    19     7    29     0     0
     5 BACKWARD OMEGA   
    19     7    22     9  -34.572  -58.513    10.0
    19     7    22     9  -34.572  -58.513   200.0
    19     7    22     9  -34.572  -58.513   500.0
    19     7    22     9  -34.572  -58.513  1000.0
    19     7    22     9  -34.572  -58.513  2000.0
     1 PRESSURE
     1     1    19     7    22     9     0     3     0.0  -34.572  -58.513     10.0   1010.2
     2     1    19     7    22     9     0     3     0.0  -34.572  -58.513    200.0    988.1
     3     1    19     7    22     9     0     3     0.0  -34.572  -58.513    500.0    953.2
     4     1    19     7    22     9     0     3     0.0  -34.572  -58.513   1000.0    897.2
     5     1    19     7    22     9     0     3     0.0  -34.572  -58.513   2000.0    794.1
     1     1    19     7    22     8     0     2    -1.0  -34.699  -58.495     11.7   1009.6
     2     1    19     7    22     8     0     2    -1.0  -34.846  -58.430    226.2    986.1
     3     1    19     7    22     8     0     2    -1.0  -34.948  -58.355    549.8    949.0
     4     1    19     7    22     8     0     2    -1.0  -34.987  -58.413   1099.7    888.5
     5     1    19     7    22     8     0     2    -1.0  -34.859  -58.671   2093.4    783.7
     1     1    19     7    22     7     0     1    -2.0  -34.840  -58.482     12.9   1009.2
     2     1    19     7    22     7     0     1    -2.0  -35.139  -58.357    249.5    983.5
     3     1    19     7    22     7     0     1    -2.0  -35.338  -58.238    581.0    943.3
     4     1    19     7    22     7     0     1    -2.0  -35.403  -58.393   1164.0    877.3
     5     1    19     7    22     7     0     1    -2.0  -35.135  -58.881   2142.4    779.6
     1     1    19     7    22     6     0     0    -3.0  -34.993  -58.478     13.4   1009.1
     2     1    19     7    22     6     0     0    -3.0  -35.452  -58.301    261.2    981.5
     3     1    19     7    22     6     0     0    -3.0  -35.745  -58.165    588.3    943.3
     4     1    19     7    22     6     0     0    -3.0  -35.826  -58.444   1188.4    877.4
     5     1    19     7    22     6     0     0    -3.0  -35.410  -59.141   2184.7    777.6
     1     1    19     7    22     5     0     1    -4.0  -35.144  -58.480     13.2   1008.5
     2     1    19     7    22     5     0     1    -4.0  -35.776  -58.258    265.9    980.9
     3     1    19     7    22     5     0     1    -4.0  -36.162  -58.130    602.5    942.7
     4     1    19     7    22     5     0     1    -4.0  -36.247  -58.565   1213.6    873.7
     5     1    19     7    22     5     0     1    -4.0  -35.663  -59.456   2224.3    769.0
     1     1    19     7    22     4     0     2    -5.0  -35.285  -58.480     12.9   1008.0
     2     1    19     7    22     4     0     2    -5.0  -36.112  -58.220    279.1    979.3
     3     1    19     7    22     4     0     2    -5.0  -36.584  -58.134    646.6    937.4
     4     1    19     7    22     4     0     2    -5.0  -36.654  -58.769   1226.5    865.9
     5     1    19     7    22     4     0     2    -5.0  -35.896  -59.825   2235.0    763.6
     1     1    19     7    22     3     0     3    -6.0  -35.418  -58.475     12.6   1007.5
     2     1    19     7    22     3     0     3    -6.0  -36.468  -58.187    314.6    973.9
     3     1    19     7    22     3     0     3    -6.0  -37.019  -58.193    734.0    925.9
     4     1    19     7    22     3     0     3    -6.0  -37.046  -59.068   1161.8    862.0
     5     1    19     7    22     3     0     3    -6.0  -36.124  -60.265   2228.9    761.0
     1     1    19     7    22     2     0     2    -7.0  -35.556  -58.463     12.4   1006.5
     2     1    19     7    22     2     0     2    -7.0  -36.843  -58.200    359.7    964.9
     3     1    19     7    22     2     0     2    -7.0  -37.458  -58.371    820.4    903.2
     4     1    19     7    22     2     0     2    -7.0  -37.431  -59.420   1127.0    874.1
     5     1    19     7    22     2     0     2    -7.0  -36.370  -60.773   2225.1    760.8
     1     1    19     7    22     1     0     1    -8.0  -35.703  -58.448     12.3   1005.4
     2     1    19     7    22     1     0     1    -8.0  -37.234  -58.315    396.0    955.5
     3     1    19     7    22     1     0     1    -8.0  -37.866  -58.686    896.9    892.8
     4     1    19     7    22     1     0     1    -8.0  -37.788  -59.852   1231.9    853.6
     5     1    19     7    22     1     0     1    -8.0  -36.629  -61.355   2276.7    758.5
     1     1    19     7    22     0     0     0    -9.0  -35.850  -58.430     11.6   1004.4
     2     1    19     7    22     0     0     0    -9.0  -37.633  -58.546    439.0    945.1
     3     1    19     7    22     0     0     0    -9.0  -38.230  -59.096    973.7    882.5
     4     1    19     7    22     0     0     0    -9.0  -38.087  -60.374   1378.7    832.2
     5     1    19     7    22     0     0     0    -9.0  -36.839  -62.060   2516.8    741.4
     1     1    19     7    21    23     0     1   -10.0  -36.008  -58.424     10.8   1003.5
     2     1    19     7    21    23     0     1   -10.0  -38.020  -58.848    490.0    933.0
     3     1    19     7    21    23     0     1   -10.0  -38.542  -59.556   1056.4    880.0
     4     1    19     7    21    23     0     1   -10.0  -38.342  -60.934   1456.2    826.0
     5     1    19     7    21    23     0     1   -10.0  -36.959  -62.830   2757.9    704.1
     1     1    19     7    21    22     0     2   -11.0  -36.203  -58.444     10.8   1001.4
     2     1    19     7    21    22     0     2   -11.0  -38.380  -59.178    541.6    932.1
     3     1    19     7    21    22     0     2   -11.0  -38.810  -60.069   1121.1    872.8
     4     1    19     7    21    22     0     2   -11.0  -38.581  -61.548   1530.5    823.2
     5     1    19     7    21    22     0     2   -11.0  -37.052  -63.650   2945.0    690.3
     1     1    19     7    21    21     0     3   -12.0  -36.433  -58.484     13.1    998.5
     2     1    19     7    21    21     0     3   -12.0  -38.700  -59.550    597.6    928.8
     3     1    19     7    21    21     0     3   -12.0  -39.057  -60.630   1111.0    880.4
     4     1    19     7    21    21     0     3   -12.0  -38.775  -62.286   1773.1    804.0
     5     1    19     7    21    21     0     3   -12.0  -37.043  -64.581   3168.1    654.0
     1     1    19     7    21    20     0     2   -13.0  -36.640  -58.547     18.0    994.4
     2     1    19     7    21    20     0     2   -13.0  -38.989  -59.978    572.6    936.2
     3     1    19     7    21    20     0     2   -13.0  -39.275  -61.261   1192.3    870.2
     4     1    19     7    21    20     0     2   -13.0  -38.922  -63.053   2044.9    778.6
     5     1    19     7    21    20     0     2   -13.0  -36.972  -65.609   3343.4    648.8
     1     1    19     7    21    19     0     1   -14.0  -36.804  -58.640     25.1    990.1
     2     1    19     7    21    19     0     1   -14.0  -39.250  -60.471    521.4    943.3
     3     1    19     7    21    19     0     1   -14.0  -39.432  -61.924   1310.2    856.6
     4     1    19     7    21    19     0     1   -14.0  -39.058  -63.831   2195.1    762.0
     5     1    19     7    21    19     0     1   -14.0  -36.726  -66.564   3557.8    602.6
     1     1    19     7    21    18     0     0   -15.0  -36.989  -58.747     40.2    985.1
     2     1    19     7    21    18     0     0   -15.0  -39.466  -61.038    518.6    942.8
     3     1    19     7    21    18     0     0   -15.0  -39.549  -62.578   1433.6    843.0
     4     1    19     7    21    18     0     0   -15.0  -39.169  -64.674   2502.3    726.7
     5     1    19     7    21    18     0     0   -15.0  -36.549  -67.395   2835.7    670.8
     1     1    19     7    21    17     0     1   -16.0  -37.161  -58.877     67.9    980.5
     2     1    19     7    21    17     0     1   -16.0  -39.644  -61.614    537.5    939.2
     3     1    19     7    21    17     0     1   -16.0  -39.644  -63.250   1550.8    827.4
     4     1    19     7    21    17     0     1   -16.0  -39.215  -65.655   2746.4    696.3
     5     1    19     7    21    17     0     1   -16.0  -36.290  -68.113   2303.6    681.9
     1     1    19     7    21    16     0     2   -17.0  -37.204  -59.060    100.7    974.7
     2     1    19     7    21    16     0     2   -17.0  -39.812  -62.187    497.9    942.9
     3     1    19     7    21    16     0     2   -17.0  -39.730  -63.988   1661.5    812.1
     4     1    19     7    21    16     0     2   -17.0  -39.210  -66.682   2983.8    672.4
     5     1    19     7    21    16     0     2   -17.0  -35.967  -68.765   1294.4    705.5
     1     1    19     7    21    15     0     3   -18.0  -37.055  -59.305    110.6    971.1
     2     1    19     7    21    15     0     3   -18.0  -40.009  -62.794    419.5    953.3
     3     1    19     7    21    15     0     3   -18.0  -39.820  -64.752   1959.2    780.7
     4     1    19     7    21    15     0     3   -18.0  -39.073  -67.790   3394.0    627.5
     5     1    19     7    21    15     0     3   -18.0  -35.909  -69.490    204.2    802.2
     1     1    19     7    21    14     0     2   -19.0  -36.782  -59.533     91.6    973.3
     2     1    19     7    21    14     0     2   -19.0  -40.201  -63.450    405.4    951.3
     3     1    19     7    21    14     0     2   -19.0  -39.865  -65.575   2242.4    742.0
     4     1    19     7    21    14     0     2   -19.0  -38.861  -68.893   3251.0    610.6
     5     1    19     7    21    14     0     2   -19.0  -35.876  -69.907    200.4    751.4
     1     1    19     7    21    13     0     1   -20.0  -36.507  -59.690     71.3    977.5
     2     1    19     7    21    13     0     1   -20.0  -40.311  -64.167    455.0    941.5
     3     1    19     7    21    13     0     1   -20.0  -39.861  -66.450   2392.4    727.8
     4     1    19     7    21    13     0     1   -20.0  -38.683  -69.990   3031.6    624.6
     5     1    19     7    21    13     0     1   -20.0  -35.792  -70.250    516.0    722.5
     1     1    19     7    21    12     0     0   -21.0  -36.232  -59.776     56.3    982.0
     2     1    19     7    21    12     0     0   -21.0  -40.354  -64.921    521.4    933.5
     3     1    19     7    21    12     0     0   -21.0  -39.847  -67.283   2734.8    685.7
     4     1    19     7    21    12     0     0   -21.0  -38.368  -71.196   3692.6    511.2
     5     1    19     7    21    12     0     0   -21.0  -35.677  -70.618    711.4    735.5
     1     1    19     7    21    11     0     1   -22.0  -35.960  -59.812     45.3    986.6
     2     1    19     7    21    11     0     1   -22.0  -40.357  -65.708    656.9    903.7
     3     1    19     7    21    11     0     1   -22.0  -39.701  -68.295   3063.4    616.4
     4     1    19     7    21    11     0     1   -22.0  -38.058  -72.312   3767.9    579.4
     5     1    19     7    21    11     0     1   -22.0  -35.577  -70.939    496.2    799.1
     1     1    19     7    21    10     0     2   -23.0  -35.693  -59.817     38.2    988.6
     2     1    19     7    21    10     0     2   -23.0  -40.350  -66.520    904.4    859.0
     3     1    19     7    21    10     0     2   -23.0  -39.457  -69.438   2406.2    685.1
     4     1    19     7    21    10     0     2   -23.0  -37.857  -73.291   4054.5    580.3
     5     1    19     7    21    10     0     2   -23.0  -35.506  -71.130    129.9    880.3
     1     1    19     7    21     9     0     3   -24.0  -35.430  -59.800     34.3    990.3
     2     1    19     7    21     9     0     3   -24.0  -40.389  -67.341   1263.0    799.2
     3     1    19     7    21     9     0     3   -24.0  -39.250  -70.530   2338.4    647.5
     4     1    19     7    21     9     0     3   -24.0  -37.807  -74.275   4156.4    588.3
     5     1    19     7    21     9     0     3   -24.0  -35.449  -71.249      0.0    906.3
     1     1    19     7    21     8     0     2   -25.0  -35.175  -59.771     31.9    991.5
     2     1    19     7    21     8     0     2   -25.0  -40.372  -68.169   1437.4    753.5
     3     1    19     7    21     8     0     2   -25.0  -38.906  -71.612   2154.2    673.1
     4     1    19     7    21     8     0     2   -25.0  -37.885  -75.251   4148.1    592.6
     5     1    19     7    21     8     0     2   -25.0  -35.389  -71.350      0.0    922.6
     1     1    19     7    21     7     0     1   -26.0  -34.927  -59.736     30.4    992.5
     2     1    19     7    21     7     0     1   -26.0  -40.296  -69.092   1135.8    772.9
     3     1    19     7    21     7     0     1   -26.0  -38.594  -72.477   1579.6    792.7
     4     1    19     7    21     7     0     1   -26.0  -38.087  -76.276   4295.3    578.1
     5     1    19     7    21     7     0     1   -26.0  -35.317  -71.440      0.0    936.9
     1     1    19     7    21     6     0     0   -27.0  -34.680  -59.691     29.1    994.3
     2     1    19     7    21     6     0     0   -27.0  -40.206  -69.932    931.4    822.9
     3     1    19     7    21     6     0     0   -27.0  -38.343  -73.336   1636.4    805.3
     4     1    19     7    21     6     0     0   -27.0  -38.473  -77.309   4494.3    562.3
     5     1    19     7    21     6     0     0   -27.0  -35.232  -71.522      0.0    949.5
     1     1    19     7    21     5     0     1   -28.0  -34.432  -59.636     28.5    996.8
     2     1    19     7    21     5     0     1   -28.0  -40.090  -70.673   1135.6    782.7
     3     1    19     7    21     5     0     1   -28.0  -38.142  -74.195   1744.5    804.6
     4     1    19     7    21     5     0     1   -28.0  -38.911  -78.245   4685.3    546.1
     5     1    19     7    21     5     0     1   -28.0  -35.129  -71.589      0.0    960.4
     1     1    19     7    21     4     0     2   -29.0  -34.186  -59.573     29.2    998.5
     2     1    19     7    21     4     0     2   -29.0  -39.886  -71.381   1260.5    743.5
     3     1    19     7    21     4     0     2   -29.0  -38.034  -75.062   1726.1    811.0
     4     1    19     7    21     4     0     2   -29.0  -39.456  -79.102   4922.1    528.5
     5     1    19     7    21     4     0     2   -29.0  -35.001  -71.626      0.0    969.2
     1     1    19     7    21     3     0     3   -30.0  -33.942  -59.510     31.9    999.5
     2     1    19     7    21     3     0     3   -30.0  -39.649  -72.033    582.1    832.9
     3     1    19     7    21     3     0     3   -30.0  -37.982  -75.995   1723.7    808.3
     4     1    19     7    21     3     0     3   -30.0  -40.138  -79.848   5193.1    504.7
     5     1    19     7    21     3     0     3   -30.0  -34.845  -71.627      0.0    969.7
     1     1    19     7    21     2     0     2   -31.0  -33.709  -59.445     36.0    999.5
     2     1    19     7    21     2     0     2   -31.0  -39.511  -72.391    142.4    926.4
     3     1    19     7    21     2     0     2   -31.0  -37.998  -76.965   1676.2    814.7
     4     1    19     7    21     2     0     2   -31.0  -40.810  -80.463   5319.2    496.2
     5     1    19     7    21     2     0     2   -31.0  -34.683  -71.607      0.0    968.5
     1     1    19     7    21     1     0     1   -32.0  -33.498  -59.363     41.6    999.3
     2     1    19     7    21     1     0     1   -32.0  -39.429  -72.592     22.8    950.6
     3     1    19     7    21     1     0     1   -32.0  -38.123  -77.926   1654.6    816.4
     4     1    19     7    21     1     0     1   -32.0  -41.521  -80.897   5414.6    489.5
     5     1    19     7    21     1     0     1   -32.0  -34.541  -71.578      0.0    966.4
     1     1    19     7    21     0     0     0   -33.0  -33.302  -59.257     51.0    998.8
     2     1    19     7    21     0     0     0   -33.0  -39.373  -72.714      0.0    960.5
     3     1    19     7    21     0     0     0   -33.0  -38.322  -78.905   1703.2    813.0
     4     1    19     7    21     0     0     0   -33.0  -42.204  -81.156   5556.0    478.4
     5     1    19     7    21     0     0     0   -33.0  -34.418  -71.547      0.0    963.8
     1     1    19     7    20    23     0     1   -34.0  -33.114  -59.127     65.6    997.8
     2     1    19     7    20    23     0     1   -34.0  -39.324  -72.825      0.0    968.6
     3     1    19     7    20    23     0     1   -34.0  -38.606  -79.875   1790.6    801.2
     4     1    19     7    20    23     0     1   -34.0  -42.839  -81.279   5683.9    468.5
     5     1    19     7    20    23     0     1   -34.0  -34.314  -71.533      0.0    962.6
     1     1    19     7    20    22     0     2   -35.0  -32.915  -58.985     84.0    996.1
     2     1    19     7    20    22     0     2   -35.0  -39.278  -72.932      0.0    975.8
     3     1    19     7    20    22     0     2   -35.0  -38.994  -80.856   1850.7    796.6
     4     1    19     7    20    22     0     2   -35.0  -43.365  -81.255   5795.4    459.7
     5     1    19     7    20    22     0     2   -35.0  -34.228  -71.549      0.0    963.8
     1     1    19     7    20    21     0     3   -36.0  -32.703  -58.847    101.8    995.0
     2     1    19     7    20    21     0     3   -36.0  -39.235  -73.036      0.0    980.7
     3     1    19     7    20    21     0     3   -36.0  -39.448  -81.900   1940.7    784.9
     4     1    19     7    20    21     0     3   -36.0  -43.764  -81.189   5862.0    454.4
     5     1    19     7    20    21     0     3   -36.0  -34.163  -71.591      0.0    967.8
     1     1    19     7    20    20     0     2   -37.0  -32.472  -58.720    120.1    993.9
     2     1    19     7    20    20     0     2   -37.0  -39.183  -73.172      0.0    983.0
     3     1    19     7    20    20     0     2   -37.0  -39.975  -82.932   1888.1    788.0
     4     1    19     7    20    20     0     2   -37.0  -44.032  -81.168   5892.2    452.7
     5     1    19     7    20    20     0     2   -37.0  -34.117  -71.646      0.0    973.0
     1     1    19     7    20    19     0     1   -38.0  -32.220  -58.596    141.2    992.8
     2     1    19     7    20    19     0     1   -38.0  -39.121  -73.353      0.0    986.1
     3     1    19     7    20    19     0     1   -38.0  -40.598  -83.888   1844.9    797.2
     4     1    19     7    20    19     0     1   -38.0  -44.166  -81.185   5944.4    448.7
     5     1    19     7    20    19     0     1   -38.0  -34.088  -71.699      0.0    978.3
     1     1    19     7    20    18     0     0   -39.0  -31.948  -58.467    166.4    990.0
     2     1    19     7    20    18     0     0   -39.0  -39.075  -73.580      0.0    989.8
     3     1    19     7    20    18     0     0   -39.0  -41.309  -84.813   1912.5    785.5
     4     1    19     7    20    18     0     0   -39.0  -44.173  -81.229   6012.3    443.5
     5     1    19     7    20    18     0     0   -39.0  -34.078  -71.748      0.0    983.1
     1     1    19     7    20    17     0     1   -40.0  -31.673  -58.340    187.7    987.9
     2     1    19     7    20    17     0     1   -40.0  -39.055  -73.857      0.0    995.1
     3     1    19     7    20    17     0     1   -40.0  -42.094  -85.602   1945.1    782.8
     4     1    19     7    20    17     0     1   -40.0  -44.070  -81.344   6068.2    439.5
     5     1    19     7    20    17     0     1   -40.0  -34.083  -71.787      0.0    987.4
     1     1    19     7    20    16     0     2   -41.0  -31.408  -58.215    199.8    987.7
     2     1    19     7    20    16     0     2   -41.0  -39.043  -74.182      0.0    997.8
     3     1    19     7    20    16     0     2   -41.0  -42.860  -86.230   1969.0    780.4
     4     1    19     7    20    16     0     2   -41.0  -43.880  -81.587   6092.4    437.7
     5     1    19     7    20    16     0     2   -41.0  -34.095  -71.816      0.0    990.5
     1     1    19     7    20    15     0     3   -42.0  -31.156  -58.084    204.1    989.1
     2     1    19     7    20    15     0     3   -42.0  -39.045  -74.470      0.0    998.3
     3     1    19     7    20    15     0     3   -42.0  -43.656  -86.765   1984.2    779.1
     4     1    19     7    20    15     0     3   -42.0  -43.622  -82.004   6103.0    437.7
     5     1    19     7    20    15     0     3   -42.0  -34.115  -71.835      0.1    992.6
     1     1    19     7    20    14     0     2   -43.0  -30.917  -57.951    199.2    989.4
     2     1    19     7    20    14     0     2   -43.0  -39.081  -74.699      0.0    999.3
     3     1    19     7    20    14     0     2   -43.0  -44.532  -87.139   2031.2    769.7
     4     1    19     7    20    14     0     2   -43.0  -43.368  -82.610   6085.2    437.8
     5     1    19     7    20    14     0     2   -43.0  -34.150  -71.849      1.5    993.2
     1     1    19     7    20    13     0     1   -44.0  -30.670  -57.836    195.3    987.0
     2     1    19     7    20    13     0     1   -44.0  -39.163  -74.866      0.0   1000.2
     3     1    19     7    20    13     0     1   -44.0  -45.348  -87.334   1912.1    776.9
     4     1    19     7    20    13     0     1   -44.0  -43.197  -83.414   5982.0    446.3
     5     1    19     7    20    13     0     1   -44.0  -34.205  -71.859      3.9    993.3
     1     1    19     7    20    12     0     0   -45.0  -30.403  -57.741    199.1    984.5
     2     1    19     7    20    12     0     0   -45.0  -39.294  -74.968      0.0   1001.1
     3     1    19     7    20    12     0     0   -45.0  -46.174  -87.434   1406.0    834.1
     4     1    19     7    20    12     0     0   -45.0  -43.114  -84.404   5967.2    448.1
     5     1    19     7    20    12     0     0   -45.0  -34.278  -71.865      7.4    992.7
     1     1    19     7    20    11     0     1   -46.0  -30.114  -57.657    216.7    980.5
     2     1    19     7    20    11     0     1   -46.0  -39.397  -75.047      0.0   1002.5
     3     1    19     7    20    11     0     1   -46.0  -46.917  -87.479   1156.5    864.5
     4     1    19     7    20    11     0     1   -46.0  -43.106  -85.520   6049.3    441.6
     5     1    19     7    20    11     0     1   -46.0  -34.356  -71.866     11.4    991.5
     1     1    19     7    20    10     0     2   -47.0  -29.804  -57.578    249.9    975.8
     2     1    19     7    20    10     0     2   -47.0  -39.421  -75.156      0.0   1003.9
     3     1    19     7    20    10     0     2   -47.0  -47.525  -87.459   1060.7    871.2
     4     1    19     7    20    10     0     2   -47.0  -43.250  -86.656   6110.8    438.8
     5     1    19     7    20    10     0     2   -47.0  -34.433  -71.864     16.8    989.5
     1     1    19     7    20     9     0     3   -48.0  -29.481  -57.500    283.2    971.7
     2     1    19     7    20     9     0     3   -48.0  -39.389  -75.298      0.0   1005.2
     3     1    19     7    20     9     0     3   -48.0  -48.128  -87.267   1041.0    874.5
     4     1    19     7    20     9     0     3   -48.0  -43.502  -87.794   6175.2    434.4
     5     1    19     7    20     9     0     3   -48.0  -34.506  -71.860     24.3    987.3
     1     1    19     7    20     8     0     2   -49.0  -29.163  -57.422    308.6    968.7
     2     1    19     7    20     8     0     2   -49.0  -39.325  -75.459      0.0   1006.3
     3     1    19     7    20     8     0     2   -49.0  -48.658  -87.026   1146.9    862.8
     4     1    19     7    20     8     0     2   -49.0  -43.876  -88.871   6216.9    431.8
     5     1    19     7    20     8     0     2   -49.0  -34.578  -71.855     34.3    985.6
     1     1    19     7    20     7     0     1   -50.0  -28.859  -57.348    316.2    968.4
     2     1    19     7    20     7     0     1   -50.0  -39.229  -75.627      0.0   1007.4
     3     1    19     7    20     7     0     1   -50.0  -49.114  -86.805   1358.2    835.5
     4     1    19     7    20     7     0     1   -50.0  -44.341  -89.879   6248.6    430.5
     5     1    19     7    20     7     0     1   -50.0  -34.649  -71.850     47.4    984.0
     1     1    19     7    20     6     0     0   -51.0  -28.569  -57.288    313.1    969.1
     2     1    19     7    20     6     0     0   -51.0  -39.075  -75.790      0.0   1008.8
     3     1    19     7    20     6     0     0   -51.0  -49.488  -86.647   1465.9    823.3
     4     1    19     7    20     6     0     0   -51.0  -44.897  -90.851   6295.5    426.5
     5     1    19     7    20     6     0     0   -51.0  -34.717  -71.843     64.3    981.8
     1     1    19     7    20     5     0     1   -52.0  -28.278  -57.224    301.4    970.5
     2     1    19     7    20     5     0     1   -52.0  -38.879  -75.958      0.0   1010.3
     3     1    19     7    20     5     0     1   -52.0  -49.797  -86.602   1460.9    825.3
     4     1    19     7    20     5     0     1   -52.0  -45.530  -91.705   6342.8    424.2
     5     1    19     7    20     5     0     1   -52.0  -34.782  -71.828     87.5    978.0
     1     1    19     7    20     4     0     2   -53.0  -27.972  -57.136    283.6    972.7
     2     1    19     7    20     4     0     2   -53.0  -38.705  -76.163      0.2   1011.6
     3     1    19     7    20     4     0     2   -53.0  -50.080  -86.595   1432.2    829.3
     4     1    19     7    20     4     0     2   -53.0  -46.229  -92.434   6435.9    418.6
     5     1    19     7    20     4     0     2   -53.0  -34.844  -71.802    117.8    973.3
     1     1    19     7    20     3     0     3   -54.0  -27.652  -57.021    284.0    973.4
     2     1    19     7    20     3     0     3   -54.0  -38.570  -76.364      1.5   1013.0
     3     1    19     7    20     3     0     3   -54.0  -50.342  -86.606   1429.5    829.6
     4     1    19     7    20     3     0     3   -54.0  -46.986  -93.005   6599.3    407.0
     5     1    19     7    20     3     0     3   -54.0  -34.905  -71.768    153.8    967.6
     1     1    19     7    20     2     0     2   -55.0  -27.344  -56.905    325.7    967.8
     2     1    19     7    20     2     0     2   -55.0  -38.457  -76.550      3.0   1012.8
     3     1    19     7    20     2     0     2   -55.0  -50.575  -86.698   1441.9    827.4
     4     1    19     7    20     2     0     2   -55.0  -47.770  -93.389   6758.2    396.6
     5     1    19     7    20     2     0     2   -55.0  -34.964  -71.730    190.9    961.6
     1     1    19     7    20     1     0     1   -56.0  -27.057  -56.802    390.4    960.0
     2     1    19     7    20     1     0     1   -56.0  -38.355  -76.739      4.0   1012.6
     3     1    19     7    20     1     0     1   -56.0  -50.792  -86.868   1447.8    826.0
     4     1    19     7    20     1     0     1   -56.0  -48.549  -93.587   6889.5    387.8
     5     1    19     7    20     1     0     1   -56.0  -35.017  -71.685    230.2    954.9
     1     1    19     7    20     0     0     0   -57.0  -26.779  -56.705    461.6    949.9
     2     1    19     7    20     0     0     0   -57.0  -38.266  -76.934      4.6   1012.4
     3     1    19     7    20     0     0     0   -57.0  -51.004  -87.060   1426.0    827.7
     4     1    19     7    20     0     0     0   -57.0  -49.326  -93.634   6997.2    380.5
     5     1    19     7    20     0     0     0   -57.0  -35.068  -71.633    273.8    945.6
     1     1    19     7    19    23     0     1   -58.0  -26.491  -56.628    530.5    939.5
     2     1    19     7    19    23     0     1   -58.0  -38.200  -77.139      5.3   1013.4
     3     1    19     7    19    23     0     1   -58.0  -51.198  -87.291   1426.1    828.1
     4     1    19     7    19    23     0     1   -58.0  -50.029  -93.618   7063.3    376.4
     5     1    19     7    19    23     0     1   -58.0  -35.119  -71.585    310.9    935.6
     1     1    19     7    19    22     0     2   -59.0  -26.196  -56.577    604.2    929.6
     2     1    19     7    19    22     0     2   -59.0  -38.159  -77.358      5.9   1014.3
     3     1    19     7    19    22     0     2   -59.0  -51.357  -87.582   1456.5    824.1
     4     1    19     7    19    22     0     2   -59.0  -50.643  -93.572   7126.2    372.7
     5     1    19     7    19    22     0     2   -59.0  -35.169  -71.548    335.7    927.5
     1     1    19     7    19    21     0     3   -60.0  -25.899  -56.549    677.3    918.6
     2     1    19     7    19    21     0     3   -60.0  -38.141  -77.594      6.6   1015.3
     3     1    19     7    19    21     0     3   -60.0  -51.483  -87.904   1467.1    820.5
     4     1    19     7    19    21     0     3   -60.0  -51.211  -93.490   7199.6    367.9
     5     1    19     7    19    21     0     3   -60.0  -35.215  -71.524    350.6    921.8
     1     1    19     7    19    20     0     2   -61.0  -25.603  -56.538    730.7    911.3
     2     1    19     7    19    20     0     2   -61.0  -38.145  -77.842      7.7   1015.3
     3     1    19     7    19    20     0     2   -61.0  -51.597  -88.229   1454.8    823.5
     4     1    19     7    19    20     0     2   -61.0  -51.724  -93.415   7279.8    362.9
     5     1    19     7    19    20     0     2   -61.0  -35.253  -71.520    338.8    919.0
     1     1    19     7    19    19     0     1   -62.0  -25.305  -56.524    764.7    908.1
     2     1    19     7    19    19     0     1   -62.0  -38.173  -78.097      8.9   1015.2
     3     1    19     7    19    19     0     1   -62.0  -51.707  -88.540   1436.4    824.9
     4     1    19     7    19    19     0     1   -62.0  -52.176  -93.382   7360.3    357.5
     5     1    19     7    19    19     0     1   -62.0  -35.281  -71.543    280.5    926.1
     1     1    19     7    19    18     0     0   -63.0  -25.008  -56.486    798.0    904.0
     2     1    19     7    19    18     0     0   -63.0  -38.224  -78.359     10.0   1015.2
     3     1    19     7    19    18     0     0   -63.0  -51.801  -88.834   1406.7    827.4
     4     1    19     7    19    18     0     0   -63.0  -52.606  -93.335   7437.0    352.8
     5     1    19     7    19    18     0     0   -63.0  -35.300  -71.590    187.9    941.3
     1     1    19     7    19    17     0     1   -64.0  -24.710  -56.449    827.0    901.4
     2     1    19     7    19    17     0     1   -64.0  -38.294  -78.623     11.2   1015.4
     3     1    19     7    19    17     0     1   -64.0  -51.884  -89.144   1378.5    832.3
     4     1    19     7    19    17     0     1   -64.0  -53.019  -93.288   7491.0    348.4
     5     1    19     7    19    17     0     1   -64.0  -35.316  -71.636    122.6    957.1
     1     1    19     7    19    16     0     2   -65.0  -24.423  -56.435    888.9    903.1
     2     1    19     7    19    16     0     2   -65.0  -38.376  -78.894     12.4   1015.6
     3     1    19     7    19    16     0     2   -65.0  -51.964  -89.502   1366.1    833.6
     4     1    19     7    19    16     0     2   -65.0  -53.386  -93.273   7503.6    347.6
     5     1    19     7    19    16     0     2   -65.0  -35.336  -71.661     99.5    959.5
     1     1    19     7    19    15     0     3   -66.0  -24.178  -56.448   1062.9    891.3
     2     1    19     7    19    15     0     3   -66.0  -38.460  -79.184     13.8   1015.8
     3     1    19     7    19    15     0     3   -66.0  -52.039  -89.898   1374.7    833.5
     4     1    19     7    19    15     0     3   -66.0  -53.702  -93.254   7497.8    348.7
     5     1    19     7    19    15     0     3   -66.0  -35.360  -71.668    105.5    958.1
     1     1    19     7    19    14     0     2   -67.0  -23.981  -56.502   1321.8    861.5
     2     1    19     7    19    14     0     2   -67.0  -38.533  -79.516     14.3   1015.5
     3     1    19     7    19    14     0     2   -67.0  -52.120  -90.335   1393.4    829.2
     4     1    19     7    19    14     0     2   -67.0  -53.981  -93.246   7495.4    348.6
     5     1    19     7    19    14     0     2   -67.0  -35.384  -71.662    124.4    953.3
     1     1    19     7    19    13     0     1   -68.0  -23.811  -56.599   1644.5    827.7
     2     1    19     7    19    13     0     1   -68.0  -38.595  -79.907     12.7   1015.7
     3     1    19     7    19    13     0     1   -68.0  -52.208  -90.832   1412.6    828.1
     4     1    19     7    19    13     0     1   -68.0  -54.226  -93.313   7492.5    347.7
     5     1    19     7    19    13     0     1   -68.0  -35.407  -71.649    139.7    949.5
     1     1    19     7    19    12     0     0   -69.0  -23.659  -56.719   2104.4    791.3
     2     1    19     7    19    12     0     0   -69.0  -38.668  -80.345     10.8   1016.3
     3     1    19     7    19    12     0     0   -69.0  -52.291  -91.391   1433.8    824.5
     4     1    19     7    19    12     0     0   -69.0  -54.433  -93.441   7479.8    347.9
     5     1    19     7    19    12     0     0   -69.0  -35.426  -71.633    149.2    945.7
     1     1    19     7    19    11     0     1   -70.0  -23.503  -56.861   2539.1    731.2
     2     1    19     7    19    11     0     1   -70.0  -38.769  -80.797     10.2   1016.3
     3     1    19     7    19    11     0     1   -70.0  -52.401  -91.974   1439.1    823.3
     4     1    19     7    19    11     0     1   -70.0  -54.621  -93.627   7456.9    348.9
     5     1    19     7    19    11     0     1   -70.0  -35.448  -71.616    159.1    942.2
     1     1    19     7    19    10     0     2   -71.0  -23.319  -56.998   2751.1    714.6
     2     1    19     7    19    10     0     2   -71.0  -38.900  -81.238     11.0   1016.6
     3     1    19     7    19    10     0     2   -71.0  -52.525  -92.586   1419.4    824.4
     4     1    19     7    19    10     0     2   -71.0  -54.800  -93.879   7415.1    350.4
     5     1    19     7    19    10     0     2   -71.0  -35.479  -71.605    176.6    936.9
     1     1    19     7    19     9     0     3   -72.0  -23.113  -57.118   2800.7    713.5
     2     1    19     7    19     9     0     3   -72.0  -39.065  -81.665     10.6   1016.1
     3     1    19     7    19     9     0     3   -72.0  -52.636  -93.274   1309.5    830.7
     4     1    19     7    19     9     0     3   -72.0  -54.941  -94.201   7344.4    353.7
     5     1    19     7    19     9     0     3   -72.0  -35.522  -71.599    201.5    930.9
