     5     1
    GDAS    19     7    22     0     0
    GDAS    19     7    29     0     0
    GDAS    19     8     1     0     0
    GDAS    19     8     8     0     0
    GDAS    19     8    15     0     0
     3 BACKWARD OMEGA   
    19     8    11     9  -34.572  -58.513    10.0
    19     8    11     9  -34.572  -58.513   200.0
    19     8    11     9  -34.572  -58.513   500.0
     1 PRESSURE
     1     1    19     8    11     9     0     3     0.0  -34.572  -58.513     10.0   1011.0
     2     1    19     8    11     9     0     3     0.0  -34.572  -58.513    200.0    990.1
     3     1    19     8    11     9     0     3     0.0  -34.572  -58.513    500.0    954.2
     1     1    19     8    11     8     0     2    -1.0  -34.466  -58.548     11.0   1011.4
     2     1    19     8    11     8     0     2    -1.0  -34.329  -58.671    209.2    988.9
     3     1    19     8    11     8     0     2    -1.0  -34.340  -58.746    496.5    955.1
     1     1    19     8    11     7     0     1    -2.0  -34.354  -58.589     11.8   1012.1
     2     1    19     8    11     7     0     1    -2.0  -34.074  -58.831    213.1    989.7
     3     1    19     8    11     7     0     1    -2.0  -34.097  -58.974    488.6    958.4
     1     1    19     8    11     6     0     0    -3.0  -34.239  -58.635     12.1   1013.0
     2     1    19     8    11     6     0     0    -3.0  -33.816  -58.988    217.7    992.0
     3     1    19     8    11     6     0     0    -3.0  -33.847  -59.194    490.8    960.4
     1     1    19     8    11     5     0     1    -4.0  -34.125  -58.679     12.4   1013.3
     2     1    19     8    11     5     0     1    -4.0  -33.558  -59.135    230.2    990.7
     3     1    19     8    11     5     0     1    -4.0  -33.599  -59.398    509.1    957.5
     1     1    19     8    11     4     0     2    -5.0  -34.012  -58.717     13.0   1013.4
     2     1    19     8    11     4     0     2    -5.0  -33.297  -59.265    250.0    987.8
     3     1    19     8    11     4     0     2    -5.0  -33.357  -59.582    530.8    954.4
     1     1    19     8    11     3     0     3    -6.0  -33.899  -58.750     13.9   1013.4
     2     1    19     8    11     3     0     3    -6.0  -33.034  -59.378    270.1    985.1
     3     1    19     8    11     3     0     3    -6.0  -33.120  -59.746    547.2    952.5
     1     1    19     8    11     2     0     2    -7.0  -33.786  -58.784     15.2   1013.4
     2     1    19     8    11     2     0     2    -7.0  -32.781  -59.483    292.4    982.4
     3     1    19     8    11     2     0     2    -7.0  -32.893  -59.900    570.3    951.0
     1     1    19     8    11     1     0     1    -8.0  -33.675  -58.822     17.1   1013.4
     2     1    19     8    11     1     0     1    -8.0  -32.550  -59.593    323.5    977.8
     3     1    19     8    11     1     0     1    -8.0  -32.692  -60.053    614.4    944.3
     1     1    19     8    11     0     0     0    -9.0  -33.565  -58.869     19.8   1013.2
     2     1    19     8    11     0     0     0    -9.0  -32.347  -59.706    365.2    971.8
     3     1    19     8    11     0     0     0    -9.0  -32.522  -60.205    672.5    935.6
     1     1    19     8    10    23     0     1   -10.0  -33.459  -58.926     22.4   1012.4
     2     1    19     8    10    23     0     1   -10.0  -32.163  -59.824    413.6    962.9
     3     1    19     8    10    23     0     1   -10.0  -32.366  -60.359    724.9    927.1
     1     1    19     8    10    22     0     2   -11.0  -33.357  -58.993     23.6   1011.9
     2     1    19     8    10    22     0     2   -11.0  -31.984  -59.952    471.8    954.0
     3     1    19     8    10    22     0     2   -11.0  -32.199  -60.521    764.2    923.5
     1     1    19     8    10    21     0     3   -12.0  -33.259  -59.066     23.0   1011.6
     2     1    19     8    10    21     0     3   -12.0  -31.804  -60.094    540.5    946.8
     3     1    19     8    10    21     0     3   -12.0  -32.021  -60.696    802.9    921.2
     1     1    19     8    10    20     0     2   -13.0  -33.167  -59.147     21.8   1011.9
     2     1    19     8    10    20     0     2   -13.0  -31.634  -60.233    599.0    942.6
     3     1    19     8    10    20     0     2   -13.0  -31.846  -60.870    845.5    919.1
     1     1    19     8    10    19     0     1   -14.0  -33.081  -59.239     20.7   1012.1
     2     1    19     8    10    19     0     1   -14.0  -31.486  -60.359    640.8    940.7
     3     1    19     8    10    19     0     1   -14.0  -31.685  -61.024    889.1    915.9
     1     1    19     8    10    18     0     0   -15.0  -33.003  -59.340     19.5   1012.5
     2     1    19     8    10    18     0     0   -15.0  -31.359  -60.476    668.7    939.2
     3     1    19     8    10    18     0     0   -15.0  -31.534  -61.158    923.9    910.8
     1     1    19     8    10    17     0     1   -16.0  -32.932  -59.440     18.4   1013.8
     2     1    19     8    10    17     0     1   -16.0  -31.250  -60.586    684.0    938.6
     3     1    19     8    10    17     0     1   -16.0  -31.397  -61.270    941.3    907.9
     1     1    19     8    10    16     0     2   -17.0  -32.863  -59.534     17.6   1014.9
     2     1    19     8    10    16     0     2   -17.0  -31.162  -60.689    687.5    938.9
     3     1    19     8    10    16     0     2   -17.0  -31.281  -61.359    944.4    907.5
     1     1    19     8    10    15     0     3   -18.0  -32.799  -59.621     17.3   1015.7
     2     1    19     8    10    15     0     3   -18.0  -31.090  -60.787    678.2    940.5
     3     1    19     8    10    15     0     3   -18.0  -31.189  -61.427    939.3    907.9
     1     1    19     8    10    14     0     2   -19.0  -32.742  -59.707     17.3   1015.6
     2     1    19     8    10    14     0     2   -19.0  -31.042  -60.887    664.8    943.7
     3     1    19     8    10    14     0     2   -19.0  -31.130  -61.483    936.1    909.0
     1     1    19     8    10    13     0     1   -20.0  -32.697  -59.794     17.3   1015.6
     2     1    19     8    10    13     0     1   -20.0  -31.026  -60.996    655.9    945.1
     3     1    19     8    10    13     0     1   -20.0  -31.115  -61.535    944.6    907.9
     1     1    19     8    10    12     0     0   -21.0  -32.662  -59.886     17.3   1015.8
     2     1    19     8    10    12     0     0   -21.0  -31.042  -61.111    653.9    944.8
     3     1    19     8    10    12     0     0   -21.0  -31.144  -61.586    965.9    905.2
     1     1    19     8    10    11     0     1   -22.0  -32.637  -59.983     17.6   1014.5
     2     1    19     8    10    11     0     1   -22.0  -31.085  -61.233    661.5    941.8
     3     1    19     8    10    11     0     1   -22.0  -31.215  -61.651    997.8    900.0
     1     1    19     8    10    10     0     2   -23.0  -32.625  -60.085     18.5   1013.0
     2     1    19     8    10    10     0     2   -23.0  -31.151  -61.369    679.0    937.7
     3     1    19     8    10    10     0     2   -23.0  -31.322  -61.745   1040.1    893.7
     1     1    19     8    10     9     0     3   -24.0  -32.624  -60.197     20.4   1011.5
     2     1    19     8    10     9     0     3   -24.0  -31.242  -61.525    709.0    932.1
     3     1    19     8    10     9     0     3   -24.0  -31.470  -61.865   1097.1    885.9
     1     1    19     8    10     8     0     2   -25.0  -32.631  -60.318     23.1   1011.7
     2     1    19     8    10     8     0     2   -25.0  -31.357  -61.690    749.2    925.7
     3     1    19     8    10     8     0     2   -25.0  -31.659  -62.003   1167.4    876.9
     1     1    19     8    10     7     0     1   -26.0  -32.641  -60.448     26.5   1011.6
     2     1    19     8    10     7     0     1   -26.0  -31.493  -61.856    794.0    919.4
     3     1    19     8    10     7     0     1   -26.0  -31.878  -62.162   1242.6    868.2
     1     1    19     8    10     6     0     0   -27.0  -32.652  -60.587     30.8   1011.2
     2     1    19     8    10     6     0     0   -27.0  -31.648  -62.030    841.5    913.0
     3     1    19     8    10     6     0     0   -27.0  -32.119  -62.346   1322.8    859.2
     1     1    19     8    10     5     0     1   -28.0  -32.663  -60.723     35.6   1009.8
     2     1    19     8    10     5     0     1   -28.0  -31.813  -62.192    888.2    906.6
     3     1    19     8    10     5     0     1   -28.0  -32.353  -62.553   1397.7    847.8
     1     1    19     8    10     4     0     2   -29.0  -32.675  -60.841     40.1   1008.5
     2     1    19     8    10     4     0     2   -29.0  -31.979  -62.329    926.1    900.7
     3     1    19     8    10     4     0     2   -29.0  -32.564  -62.783   1449.2    840.3
     1     1    19     8    10     3     0     3   -30.0  -32.689  -60.933     42.9   1007.6
     2     1    19     8    10     3     0     3   -30.0  -32.142  -62.450    945.2    896.7
     3     1    19     8    10     3     0     3   -30.0  -32.767  -63.046   1466.1    835.4
     1     1    19     8    10     2     0     2   -31.0  -32.715  -60.999     44.7   1007.3
     2     1    19     8    10     2     0     2   -31.0  -32.314  -62.565    943.5    896.6
     3     1    19     8    10     2     0     2   -31.0  -32.956  -63.333   1452.3    832.5
     1     1    19     8    10     1     0     1   -32.0  -32.766  -61.040     46.1   1006.9
     2     1    19     8    10     1     0     1   -32.0  -32.506  -62.683    919.7    898.2
     3     1    19     8    10     1     0     1   -32.0  -33.124  -63.636   1451.9    830.8
     1     1    19     8    10     0     0     0   -33.0  -32.842  -61.056     47.3   1006.3
     2     1    19     8    10     0     0     0   -33.0  -32.709  -62.805    866.8    902.5
     3     1    19     8    10     0     0     0   -33.0  -33.275  -63.967   1526.4    822.2
     1     1    19     8     9    23     0     1   -34.0  -32.942  -61.075     40.0   1004.5
     2     1    19     8     9    23     0     1   -34.0  -32.906  -62.921    802.8    910.2
     3     1    19     8     9    23     0     1   -34.0  -33.415  -64.299   1645.2    791.5
     1     1    19     8     9    22     0     2   -35.0  -33.044  -61.118     23.9   1006.3
     2     1    19     8     9    22     0     2   -35.0  -33.085  -63.028    757.8    914.2
     3     1    19     8     9    22     0     2   -35.0  -33.543  -64.583   1731.7    774.2
     1     1    19     8     9    21     0     3   -36.0  -33.134  -61.170     12.0   1008.4
     2     1    19     8     9    21     0     3   -36.0  -33.246  -63.124    741.9    914.2
     3     1    19     8     9    21     0     3   -36.0  -33.643  -64.837   1782.8    765.9
     1     1    19     8     9    20     0     2   -37.0  -33.228  -61.225      5.7   1008.4
     2     1    19     8     9    20     0     2   -37.0  -33.389  -63.217    755.0    911.2
     3     1    19     8     9    20     0     2   -37.0  -33.722  -65.057   1826.5    762.7
     1     1    19     8     9    19     0     1   -38.0  -33.334  -61.279      4.4   1008.7
     2     1    19     8     9    19     0     1   -38.0  -33.514  -63.313    786.3    906.9
     3     1    19     8     9    19     0     1   -38.0  -33.798  -65.237   1893.5    757.8
     1     1    19     8     9    18     0     0   -39.0  -33.454  -61.336      5.7   1009.2
     2     1    19     8     9    18     0     0   -39.0  -33.623  -63.412    828.2    901.6
     3     1    19     8     9    18     0     0   -39.0  -33.878  -65.391   1995.9    750.1
     1     1    19     8     9    17     0     1   -40.0  -33.577  -61.382      7.7   1009.4
     2     1    19     8     9    17     0     1   -40.0  -33.720  -63.493    870.6    896.4
     3     1    19     8     9    17     0     1   -40.0  -33.968  -65.530   2103.1    739.7
     1     1    19     8     9    16     0     2   -41.0  -33.698  -61.401      9.0   1009.8
     2     1    19     8     9    16     0     2   -41.0  -33.809  -63.535    901.9    893.1
     3     1    19     8     9    16     0     2   -41.0  -34.063  -65.651   2171.8    733.0
     1     1    19     8     9    15     0     3   -42.0  -33.819  -61.392      9.5   1010.2
     2     1    19     8     9    15     0     3   -42.0  -33.893  -63.537    917.3    892.2
     3     1    19     8     9    15     0     3   -42.0  -34.148  -65.757   2197.7    729.7
     1     1    19     8     9    14     0     2   -43.0  -33.935  -61.357      9.8   1010.6
     2     1    19     8     9    14     0     2   -43.0  -33.982  -63.514    918.7    893.4
     3     1    19     8     9    14     0     2   -43.0  -34.219  -65.859   2211.2    729.9
     1     1    19     8     9    13     0     1   -44.0  -34.042  -61.296     10.3   1011.0
     2     1    19     8     9    13     0     1   -44.0  -34.084  -63.482    910.7    896.1
     3     1    19     8     9    13     0     1   -44.0  -34.280  -65.966   2239.8    726.0
     1     1    19     8     9    12     0     0   -45.0  -34.139  -61.209     11.2   1011.4
     2     1    19     8     9    12     0     0   -45.0  -34.199  -63.440    904.3    898.6
     3     1    19     8     9    12     0     0   -45.0  -34.328  -66.080   2289.1    722.6
     1     1    19     8     9    11     0     1   -46.0  -34.229  -61.101     11.8   1010.8
     2     1    19     8     9    11     0     1   -46.0  -34.308  -63.392    916.5    899.6
     3     1    19     8     9    11     0     1   -46.0  -34.362  -66.203   2352.0    717.8
     1     1    19     8     9    10     0     2   -47.0  -34.315  -60.987     11.0   1010.8
     2     1    19     8     9    10     0     2   -47.0  -34.400  -63.346    952.6    895.9
     3     1    19     8     9    10     0     2   -47.0  -34.380  -66.340   2417.5    713.2
     1     1    19     8     9     9     0     3   -48.0  -34.397  -60.872      9.6   1011.6
     2     1    19     8     9     9     0     3   -48.0  -34.476  -63.315   1004.2    890.0
     3     1    19     8     9     9     0     3   -48.0  -34.373  -66.491   2480.5    708.6
     1     1    19     8     9     8     0     2   -49.0  -34.478  -60.760      8.2   1013.7
     2     1    19     8     9     8     0     2   -49.0  -34.545  -63.291   1056.9    884.2
     3     1    19     8     9     8     0     2   -49.0  -34.339  -66.639   2537.3    705.5
     1     1    19     8     9     7     0     1   -50.0  -34.559  -60.652      7.2   1015.5
     2     1    19     8     9     7     0     1   -50.0  -34.611  -63.263   1101.4    881.1
     3     1    19     8     9     7     0     1   -50.0  -34.276  -66.764   2590.8    702.7
     1     1    19     8     9     6     0     0   -51.0  -34.639  -60.546      6.0   1016.8
     2     1    19     8     9     6     0     0   -51.0  -34.669  -63.230   1142.9    878.3
     3     1    19     8     9     6     0     0   -51.0  -34.177  -66.859   2640.4    699.6
     1     1    19     8     9     5     0     1   -52.0  -34.716  -60.437      4.8   1017.4
     2     1    19     8     9     5     0     1   -52.0  -34.722  -63.185   1188.8    875.0
     3     1    19     8     9     5     0     1   -52.0  -34.071  -66.919   2663.0    696.9
     1     1    19     8     9     4     0     2   -53.0  -34.787  -60.321      3.8   1017.8
     2     1    19     8     9     4     0     2   -53.0  -34.779  -63.119   1245.9    870.2
     3     1    19     8     9     4     0     2   -53.0  -33.988  -66.938   2650.0    698.9
     1     1    19     8     9     3     0     3   -54.0  -34.854  -60.198      3.0   1018.2
     2     1    19     8     9     3     0     3   -54.0  -34.840  -63.029   1316.2    864.3
     3     1    19     8     9     3     0     3   -54.0  -33.927  -66.918   2610.1    702.1
     1     1    19     8     9     2     0     2   -55.0  -34.918  -60.077      2.5   1018.6
     2     1    19     8     9     2     0     2   -55.0  -34.902  -62.925   1383.0    856.1
     3     1    19     8     9     2     0     2   -55.0  -33.881  -66.885   2572.0    706.0
     1     1    19     8     9     1     0     1   -56.0  -34.985  -59.966      2.1   1019.0
     2     1    19     8     9     1     0     1   -56.0  -34.960  -62.816   1430.8    851.8
     3     1    19     8     9     1     0     1   -56.0  -33.846  -66.861   2554.4    706.5
     1     1    19     8     9     0     0     0   -57.0  -35.055  -59.868      2.1   1019.6
     2     1    19     8     9     0     0     0   -57.0  -35.013  -62.692   1460.4    849.2
     3     1    19     8     9     0     0     0   -57.0  -33.822  -66.846   2555.5    705.8
     1     1    19     8     8    23     0     1   -58.0  -35.125  -59.773      2.1   1019.7
     2     1    19     8     8    23     0     1   -58.0  -35.065  -62.548   1472.8    847.7
     3     1    19     8     8    23     0     1   -58.0  -33.792  -66.837   2568.2    702.9
     1     1    19     8     8    22     0     2   -59.0  -35.194  -59.676      1.9   1019.7
     2     1    19     8     8    22     0     2   -59.0  -35.121  -62.384   1473.6    847.6
     3     1    19     8     8    22     0     2   -59.0  -33.743  -66.836   2585.4    699.8
     1     1    19     8     8    21     0     3   -60.0  -35.262  -59.577      2.0   1019.6
     2     1    19     8     8    21     0     3   -60.0  -35.182  -62.200   1470.5    848.0
     3     1    19     8     8    21     0     3   -60.0  -33.671  -66.844   2602.2    696.6
     1     1    19     8     8    20     0     2   -61.0  -35.337  -59.469      2.3   1020.1
     2     1    19     8     8    20     0     2   -61.0  -35.259  -62.009   1459.1    848.6
     3     1    19     8     8    20     0     2   -61.0  -33.579  -66.857   2603.3    694.7
     1     1    19     8     8    19     0     1   -62.0  -35.420  -59.346      2.8   1020.7
     2     1    19     8     8    19     0     1   -62.0  -35.364  -61.823   1428.5    852.0
     3     1    19     8     8    19     0     1   -62.0  -33.475  -66.868   2575.0    696.0
     1     1    19     8     8    18     0     0   -63.0  -35.513  -59.210      3.3   1021.5
     2     1    19     8     8    18     0     0   -63.0  -35.498  -61.642   1380.5    858.0
     3     1    19     8     8    18     0     0   -63.0  -33.359  -66.876   2514.9    700.0
     1     1    19     8     8    17     0     1   -64.0  -35.611  -59.069      3.5   1022.6
     2     1    19     8     8    17     0     1   -64.0  -35.652  -61.467   1334.2    865.0
     3     1    19     8     8    17     0     1   -64.0  -33.242  -66.872   2431.8    706.0
     1     1    19     8     8    16     0     2   -65.0  -35.711  -58.930      3.5   1023.7
     2     1    19     8     8    16     0     2   -65.0  -35.827  -61.303   1306.0    868.5
     3     1    19     8     8    16     0     2   -65.0  -33.130  -66.843   2332.0    711.0
     1     1    19     8     8    15     0     3   -66.0  -35.809  -58.793      3.0   1024.5
     2     1    19     8     8    15     0     3   -66.0  -36.029  -61.151   1302.0    869.4
     3     1    19     8     8    15     0     3   -66.0  -33.028  -66.779   2202.1    715.9
     1     1    19     8     8    14     0     2   -67.0  -35.907  -58.666      2.4   1024.6
     2     1    19     8     8    14     0     2   -67.0  -36.246  -61.025   1342.9    864.8
     3     1    19     8     8    14     0     2   -67.0  -32.955  -66.690   2051.7    725.5
     1     1    19     8     8    13     0     1   -68.0  -36.007  -58.554      1.8   1024.5
     2     1    19     8     8    13     0     1   -68.0  -36.465  -60.950   1428.0    851.9
     3     1    19     8     8    13     0     1   -68.0  -32.929  -66.592   1900.9    734.2
     1     1    19     8     8    12     0     0   -69.0  -36.106  -58.459      1.2   1023.6
     2     1    19     8     8    12     0     0   -69.0  -36.694  -60.940   1538.8    837.5
     3     1    19     8     8    12     0     0   -69.0  -32.943  -66.489   1754.7    740.8
     1     1    19     8     8    11     0     1   -70.0  -36.201  -58.388      0.9   1022.9
     2     1    19     8     8    11     0     1   -70.0  -36.938  -60.999   1640.2    822.6
     3     1    19     8     8    11     0     1   -70.0  -32.974  -66.393   1642.9    745.6
     1     1    19     8     8    10     0     2   -71.0  -36.291  -58.346      1.4   1022.3
     2     1    19     8     8    10     0     2   -71.0  -37.172  -61.128   1706.6    813.7
     3     1    19     8     8    10     0     2   -71.0  -32.997  -66.319   1594.7    743.2
     1     1    19     8     8     9     0     3   -72.0  -36.376  -58.327      2.4   1021.6
     2     1    19     8     8     9     0     3   -72.0  -37.372  -61.329   1760.9    806.2
     3     1    19     8     8     9     0     3   -72.0  -33.008  -66.279   1608.9    738.4
