     5     1
    GDAS    19     4     1     0     0
    GDAS    19     4     8     0     0
    GDAS    19     4    15     0     0
    GDAS    19     4    22     0     0
    GDAS    19     4    29     0     0
     5 BACKWARD OMEGA   
    19     4    12    21  -34.572  -58.513    10.0
    19     4    12    21  -34.572  -58.513   200.0
    19     4    12    21  -34.572  -58.513   500.0
    19     4    12    21  -34.572  -58.513  1000.0
    19     4    12    21  -34.572  -58.513  2000.0
     1 PRESSURE
     1     1    19     4    12    21     0     3     0.0  -34.572  -58.513     10.0   1008.5
     2     1    19     4    12    21     0     3     0.0  -34.572  -58.513    200.0    985.9
     3     1    19     4    12    21     0     3     0.0  -34.572  -58.513    500.0    951.9
     4     1    19     4    12    21     0     3     0.0  -34.572  -58.513   1000.0    897.0
     5     1    19     4    12    21     0     3     0.0  -34.572  -58.513   2000.0    795.7
     1     1    19     4    12    20     0     2    -1.0  -34.499  -58.517      9.4   1008.8
     2     1    19     4    12    20     0     2    -1.0  -34.443  -58.527    196.7    986.0
     3     1    19     4    12    20     0     2    -1.0  -34.432  -58.542    507.4    950.6
     4     1    19     4    12    20     0     2    -1.0  -34.450  -58.586   1010.7    895.5
     5     1    19     4    12    20     0     2    -1.0  -34.531  -58.744   2045.4    791.4
     1     1    19     4    12    19     0     1    -2.0  -34.426  -58.536      7.5   1009.2
     2     1    19     4    12    19     0     1    -2.0  -34.331  -58.556    181.6    988.2
     3     1    19     4    12    19     0     1    -2.0  -34.312  -58.578    499.7    951.9
     4     1    19     4    12    19     0     1    -2.0  -34.342  -58.654   1007.9    896.5
     5     1    19     4    12    19     0     1    -2.0  -34.492  -58.965   2079.4    788.6
     1     1    19     4    12    18     0     0    -3.0  -34.353  -58.568      4.4   1009.7
     2     1    19     4    12    18     0     0    -3.0  -34.235  -58.598    153.8    992.1
     3     1    19     4    12    18     0     0    -3.0  -34.209  -58.621    475.8    955.1
     4     1    19     4    12    18     0     0    -3.0  -34.245  -58.717    992.7    898.6
     5     1    19     4    12    18     0     0    -3.0  -34.454  -59.174   2098.8    786.8
     1     1    19     4    12    17     0     1    -4.0  -34.283  -58.605      1.2   1010.8
     2     1    19     4    12    17     0     1    -4.0  -34.150  -58.644    125.6    997.7
     3     1    19     4    12    17     0     1    -4.0  -34.117  -58.667    447.4    960.6
     4     1    19     4    12    17     0     1    -4.0  -34.157  -58.776    973.2    902.3
     5     1    19     4    12    17     0     1    -4.0  -34.420  -59.364   2109.0    786.7
     1     1    19     4    12    16     0     2    -5.0  -34.217  -58.642      0.0   1011.9
     2     1    19     4    12    16     0     2    -5.0  -34.071  -58.685    109.1   1000.4
     3     1    19     4    12    16     0     2    -5.0  -34.028  -58.709    426.9    963.9
     4     1    19     4    12    16     0     2    -5.0  -34.072  -58.831    959.9    904.6
     5     1    19     4    12    16     0     2    -5.0  -34.391  -59.529   2115.9    786.2
     1     1    19     4    12    15     0     3    -6.0  -34.154  -58.676      0.0   1012.9
     2     1    19     4    12    15     0     3    -6.0  -33.995  -58.721    103.7   1001.8
     3     1    19     4    12    15     0     3    -6.0  -33.941  -58.745    416.7    966.0
     4     1    19     4    12    15     0     3    -6.0  -33.987  -58.884    955.0    906.0
     5     1    19     4    12    15     0     3    -6.0  -34.365  -59.669   2118.4    786.2
     1     1    19     4    12    14     0     2    -7.0  -34.098  -58.707      0.0   1013.4
     2     1    19     4    12    14     0     2    -7.0  -33.926  -58.751    103.7   1001.7
     3     1    19     4    12    14     0     2    -7.0  -33.859  -58.769    413.2    966.3
     4     1    19     4    12    14     0     2    -7.0  -33.909  -58.929    955.7    905.7
     5     1    19     4    12    14     0     2    -7.0  -34.351  -59.788   2118.0    786.4
     1     1    19     4    12    13     0     1    -8.0  -34.055  -58.737      0.0   1013.8
     2     1    19     4    12    13     0     1    -8.0  -33.871  -58.778    103.8   1002.2
     3     1    19     4    12    13     0     1    -8.0  -33.789  -58.775    411.9    966.7
     4     1    19     4    12    13     0     1    -8.0  -33.843  -58.963    957.8    905.7
     5     1    19     4    12    13     0     1    -8.0  -34.360  -59.891   2116.5    786.5
     1     1    19     4    12    12     0     0    -9.0  -34.024  -58.767      0.0   1014.3
     2     1    19     4    12    12     0     0    -9.0  -33.829  -58.800    103.8   1002.7
     3     1    19     4    12    12     0     0    -9.0  -33.728  -58.764    412.5    966.8
     4     1    19     4    12    12     0     0    -9.0  -33.791  -58.985    962.0    905.4
     5     1    19     4    12    12     0     0    -9.0  -34.388  -59.980   2113.4    786.6
     1     1    19     4    12    11     0     1   -10.0  -34.002  -58.794      0.2   1014.2
     2     1    19     4    12    11     0     1   -10.0  -33.800  -58.814    106.1   1002.6
     3     1    19     4    12    11     0     1   -10.0  -33.685  -58.733    416.9    966.4
     4     1    19     4    12    11     0     1   -10.0  -33.761  -58.999    968.9    904.6
     5     1    19     4    12    11     0     1   -10.0  -34.432  -60.064   2113.3    786.6
     1     1    19     4    12    10     0     2   -11.0  -33.988  -58.816      0.9   1014.2
     2     1    19     4    12    10     0     2   -11.0  -33.782  -58.818    113.4   1001.6
     3     1    19     4    12    10     0     2   -11.0  -33.667  -58.683    427.0    965.1
     4     1    19     4    12    10     0     2   -11.0  -33.757  -59.008    978.8    903.5
     5     1    19     4    12    10     0     2   -11.0  -34.486  -60.157   2121.3    785.3
     1     1    19     4    12     9     0     3   -12.0  -33.981  -58.833      2.1   1014.1
     2     1    19     4    12     9     0     3   -12.0  -33.778  -58.812    126.4   1000.1
     3     1    19     4    12     9     0     3   -12.0  -33.676  -58.617    442.4    962.9
     4     1    19     4    12     9     0     3   -12.0  -33.779  -59.015    991.5    902.0
     5     1    19     4    12     9     0     3   -12.0  -34.548  -60.259   2138.3    783.2
     1     1    19     4    12     8     0     2   -13.0  -33.980  -58.848      3.2   1014.6
     2     1    19     4    12     8     0     2   -13.0  -33.784  -58.797    140.4    998.1
     3     1    19     4    12     8     0     2   -13.0  -33.709  -58.545    456.4    960.3
     4     1    19     4    12     8     0     2   -13.0  -33.819  -59.021   1003.5    900.5
     5     1    19     4    12     8     0     2   -13.0  -34.616  -60.370   2154.8    780.6
     1     1    19     4    12     7     0     1   -14.0  -33.982  -58.862      3.9   1015.0
     2     1    19     4    12     7     0     1   -14.0  -33.801  -58.778    148.9    997.0
     3     1    19     4    12     7     0     1   -14.0  -33.762  -58.474    462.3    959.4
     4     1    19     4    12     7     0     1   -14.0  -33.871  -59.028   1010.7    899.8
     5     1    19     4    12     7     0     1   -14.0  -34.690  -60.487   2161.0    779.9
     1     1    19     4    12     6     0     0   -15.0  -33.988  -58.876      4.1   1015.5
     2     1    19     4    12     6     0     0   -15.0  -33.828  -58.757    151.3    996.7
     3     1    19     4    12     6     0     0   -15.0  -33.832  -58.408    459.2    959.5
     4     1    19     4    12     6     0     0   -15.0  -33.935  -59.035   1013.2    899.8
     5     1    19     4    12     6     0     0   -15.0  -34.768  -60.610   2156.7    780.4
     1     1    19     4    12     5     0     1   -16.0  -33.996  -58.886      4.3   1015.5
     2     1    19     4    12     5     0     1   -16.0  -33.858  -58.731    152.8    997.1
     3     1    19     4    12     5     0     1   -16.0  -33.911  -58.346    451.8    960.7
     4     1    19     4    12     5     0     1   -16.0  -34.006  -59.040   1017.8    900.1
     5     1    19     4    12     5     0     1   -16.0  -34.845  -60.734   2152.5    781.9
     1     1    19     4    12     4     0     2   -17.0  -34.003  -58.891      4.8   1015.5
     2     1    19     4    12     4     0     2   -17.0  -33.890  -58.697    158.4    996.2
     3     1    19     4    12     4     0     2   -17.0  -33.996  -58.289    443.9    961.1
     4     1    19     4    12     4     0     2   -17.0  -34.083  -59.040   1031.3    898.7
     5     1    19     4    12     4     0     2   -17.0  -34.917  -60.857   2159.1    781.5
     1     1    19     4    12     3     0     3   -18.0  -34.010  -58.891      5.7   1015.4
     2     1    19     4    12     3     0     3   -18.0  -33.924  -58.654    167.8    994.8
     3     1    19     4    12     3     0     3   -18.0  -34.084  -58.232    435.8    962.4
     4     1    19     4    12     3     0     3   -18.0  -34.165  -59.037   1051.8    896.5
     5     1    19     4    12     3     0     3   -18.0  -34.984  -60.978   2175.4    780.3
     1     1    19     4    12     2     0     2   -19.0  -34.020  -58.884      6.5   1015.5
     2     1    19     4    12     2     0     2   -19.0  -33.969  -58.602    176.3    992.9
     3     1    19     4    12     2     0     2   -19.0  -34.181  -58.171    431.0    963.3
     4     1    19     4    12     2     0     2   -19.0  -34.259  -59.028   1078.1    893.7
     5     1    19     4    12     2     0     2   -19.0  -35.053  -61.087   2194.7    777.6
     1     1    19     4    12     1     0     1   -20.0  -34.036  -58.867      6.9   1015.5
     2     1    19     4    12     1     0     1   -20.0  -34.031  -58.543    179.2    992.2
     3     1    19     4    12     1     0     1   -20.0  -34.291  -58.107    431.5    963.4
     4     1    19     4    12     1     0     1   -20.0  -34.368  -59.013   1112.0    890.3
     5     1    19     4    12     1     0     1   -20.0  -35.126  -61.178   2210.8    775.6
     1     1    19     4    12     0     0     0   -21.0  -34.057  -58.842      7.0   1015.5
     2     1    19     4    12     0     0     0   -21.0  -34.108  -58.478    177.7    992.3
     3     1    19     4    12     0     0     0   -21.0  -34.417  -58.044    437.7    962.8
     4     1    19     4    12     0     0     0   -21.0  -34.496  -58.989   1156.1    885.8
     5     1    19     4    12     0     0     0   -21.0  -35.202  -61.252   2222.6    774.0
     1     1    19     4    11    23     0     1   -22.0  -34.089  -58.814      6.8   1015.1
     2     1    19     4    11    23     0     1   -22.0  -34.202  -58.419    176.4    992.7
     3     1    19     4    11    23     0     1   -22.0  -34.560  -57.991    450.9    961.6
     4     1    19     4    11    23     0     1   -22.0  -34.639  -58.968   1202.2    879.7
     5     1    19     4    11    23     0     1   -22.0  -35.288  -61.316   2241.0    773.1
     1     1    19     4    11    22     0     2   -23.0  -34.134  -58.789      6.3   1014.6
     2     1    19     4    11    22     0     2   -23.0  -34.319  -58.375    178.7    992.2
     3     1    19     4    11    22     0     2   -23.0  -34.719  -57.961    467.0    959.4
     4     1    19     4    11    22     0     2   -23.0  -34.796  -58.965   1243.5    875.5
     5     1    19     4    11    22     0     2   -23.0  -35.387  -61.378   2278.5    769.3
     1     1    19     4    11    21     0     3   -24.0  -34.195  -58.769      5.8   1014.2
     2     1    19     4    11    21     0     3   -24.0  -34.459  -58.349    183.7    991.5
     3     1    19     4    11    21     0     3   -24.0  -34.892  -57.960    474.1    958.3
     4     1    19     4    11    21     0     3   -24.0  -34.969  -58.984   1285.9    871.3
     5     1    19     4    11    21     0     3   -24.0  -35.501  -61.439   2335.0    763.5
     1     1    19     4    11    20     0     2   -25.0  -34.271  -58.756      5.3   1014.1
     2     1    19     4    11    20     0     2   -25.0  -34.613  -58.342    188.3    991.2
     3     1    19     4    11    20     0     2   -25.0  -35.071  -57.978    468.3    959.8
     4     1    19     4    11    20     0     2   -25.0  -35.154  -59.016   1324.8    866.3
     5     1    19     4    11    20     0     2   -25.0  -35.632  -61.500   2393.6    756.4
     1     1    19     4    11    19     0     1   -26.0  -34.360  -58.754      5.0   1014.0
     2     1    19     4    11    19     0     1   -26.0  -34.772  -58.348    190.4    991.6
     3     1    19     4    11    19     0     1   -26.0  -35.251  -57.999    456.3    961.7
     4     1    19     4    11    19     0     1   -26.0  -35.343  -59.047   1352.8    863.6
     5     1    19     4    11    19     0     1   -26.0  -35.784  -61.556   2438.8    752.0
     1     1    19     4    11    18     0     0   -27.0  -34.462  -58.762      4.7   1013.9
     2     1    19     4    11    18     0     0   -27.0  -34.934  -58.364    190.9    992.1
     3     1    19     4    11    18     0     0   -27.0  -35.435  -58.021    444.4    963.4
     4     1    19     4    11    18     0     0   -27.0  -35.534  -59.075   1375.5    861.6
     5     1    19     4    11    18     0     0   -27.0  -35.958  -61.604   2471.0    748.9
     1     1    19     4    11    17     0     1   -28.0  -34.581  -58.770      4.7   1014.2
     2     1    19     4    11    17     0     1   -28.0  -35.111  -58.374    194.2    992.5
     3     1    19     4    11    17     0     1   -28.0  -35.638  -58.035    440.9    964.7
     4     1    19     4    11    17     0     1   -28.0  -35.731  -59.106   1398.7    859.2
     5     1    19     4    11    17     0     1   -28.0  -36.159  -61.655   2501.8    746.2
     1     1    19     4    11    16     0     2   -29.0  -34.719  -58.769      5.0   1014.7
     2     1    19     4    11    16     0     2   -29.0  -35.319  -58.368    203.3    991.4
     3     1    19     4    11    16     0     2   -29.0  -35.875  -58.030    449.5    963.4
     4     1    19     4    11    16     0     2   -29.0  -35.934  -59.149   1422.9    856.4
     5     1    19     4    11    16     0     2   -29.0  -36.393  -61.720   2542.9    740.9
     1     1    19     4    11    15     0     3   -30.0  -34.877  -58.758      5.7   1015.6
     2     1    19     4    11    15     0     3   -30.0  -35.557  -58.346    215.8    990.1
     3     1    19     4    11    15     0     3   -30.0  -36.140  -58.012    465.7    961.2
     4     1    19     4    11    15     0     3   -30.0  -36.143  -59.206   1441.3    852.3
     5     1    19     4    11    15     0     3   -30.0  -36.654  -61.795   2593.4    734.7
     1     1    19     4    11    14     0     2   -31.0  -35.053  -58.739      6.6   1014.7
     2     1    19     4    11    14     0     2   -31.0  -35.827  -58.310    227.5    988.2
     3     1    19     4    11    14     0     2   -31.0  -36.438  -57.985    482.7    958.3
     4     1    19     4    11    14     0     2   -31.0  -36.366  -59.263   1453.4    848.6
     5     1    19     4    11    14     0     2   -31.0  -36.929  -61.880   2643.9    727.7
     1     1    19     4    11    13     0     1   -32.0  -35.245  -58.717      7.4   1014.0
     2     1    19     4    11    13     0     1   -32.0  -36.130  -58.265    235.6    986.7
     3     1    19     4    11    13     0     1   -32.0  -36.773  -57.958    501.3    956.5
     4     1    19     4    11    13     0     1   -32.0  -36.601  -59.311   1460.4    844.7
     5     1    19     4    11    13     0     1   -32.0  -37.201  -61.977   2677.1    717.9
     1     1    19     4    11    12     0     0   -33.0  -35.452  -58.693      8.1   1013.9
     2     1    19     4    11    12     0     0   -33.0  -36.469  -58.221    245.3    985.1
     3     1    19     4    11    12     0     0   -33.0  -37.143  -57.945    531.1    951.7
     4     1    19     4    11    12     0     0   -33.0  -36.844  -59.353   1459.5    841.5
     5     1    19     4    11    12     0     0   -33.0  -37.462  -62.079   2693.7    709.0
     1     1    19     4    11    11     0     1   -34.0  -35.663  -58.663      9.0   1013.5
     2     1    19     4    11    11     0     1   -34.0  -36.826  -58.181    260.7    982.5
     3     1    19     4    11    11     0     1   -34.0  -37.527  -57.954    562.9    942.4
     4     1    19     4    11    11     0     1   -34.0  -37.085  -59.384   1456.1    840.1
     5     1    19     4    11    11     0     1   -34.0  -37.712  -62.179   2703.4    703.2
     1     1    19     4    11    10     0     2   -35.0  -35.869  -58.624      9.9   1012.6
     2     1    19     4    11    10     0     2   -35.0  -37.186  -58.142    276.7    978.0
     3     1    19     4    11    10     0     2   -35.0  -37.900  -57.989    590.7    935.7
     4     1    19     4    11    10     0     2   -35.0  -37.325  -59.401   1468.5    839.6
     5     1    19     4    11    10     0     2   -35.0  -37.948  -62.270   2709.1    697.8
     1     1    19     4    11     9     0     3   -36.0  -36.071  -58.573     11.1   1010.6
     2     1    19     4    11     9     0     3   -36.0  -37.542  -58.118    288.0    973.0
     3     1    19     4    11     9     0     3   -36.0  -38.253  -58.043    624.4    934.3
     4     1    19     4    11     9     0     3   -36.0  -37.573  -59.417   1505.1    835.2
     5     1    19     4    11     9     0     3   -36.0  -38.182  -62.353   2731.0    703.7
     1     1    19     4    11     8     0     2   -37.0  -36.274  -58.513     12.8   1009.5
     2     1    19     4    11     8     0     2   -37.0  -37.887  -58.114    287.3    969.2
     3     1    19     4    11     8     0     2   -37.0  -38.585  -58.094    656.1    934.3
     4     1    19     4    11     8     0     2   -37.0  -37.836  -59.432   1563.3    829.4
     5     1    19     4    11     8     0     2   -37.0  -38.426  -62.430   2772.1    709.5
     1     1    19     4    11     7     0     1   -38.0  -36.482  -58.450     15.1   1008.5
     2     1    19     4    11     7     0     1   -38.0  -38.216  -58.121    273.1    973.8
     3     1    19     4    11     7     0     1   -38.0  -38.899  -58.137    681.3    936.5
     4     1    19     4    11     7     0     1   -38.0  -38.110  -59.445   1639.6    822.7
     5     1    19     4    11     7     0     1   -38.0  -38.687  -62.502   2835.4    712.8
     1     1    19     4    11     6     0     0   -39.0  -36.696  -58.381     18.1   1007.7
     2     1    19     4    11     6     0     0   -39.0  -38.531  -58.126    257.0    981.2
     3     1    19     4    11     6     0     0   -39.0  -39.201  -58.178    708.3    935.2
     4     1    19     4    11     6     0     0   -39.0  -38.378  -59.466   1718.3    818.0
     5     1    19     4    11     6     0     0   -39.0  -38.962  -62.573   2927.7    712.7
     1     1    19     4    11     5     0     1   -40.0  -36.916  -58.312     22.1   1006.9
     2     1    19     4    11     5     0     1   -40.0  -38.843  -58.120    251.4    986.9
     3     1    19     4    11     5     0     1   -40.0  -39.500  -58.217    736.6    931.7
     4     1    19     4    11     5     0     1   -40.0  -38.632  -59.510   1780.2    815.0
     5     1    19     4    11     5     0     1   -40.0  -39.250  -62.645   3019.2    703.2
     1     1    19     4    11     4     0     2   -41.0  -37.142  -58.246     25.2   1005.6
     2     1    19     4    11     4     0     2   -41.0  -39.162  -58.098    260.9    988.0
     3     1    19     4    11     4     0     2   -41.0  -39.807  -58.257    762.3    928.9
     4     1    19     4    11     4     0     2   -41.0  -38.878  -59.581   1818.9    815.5
     5     1    19     4    11     4     0     2   -41.0  -39.549  -62.730   3088.3    696.6
     1     1    19     4    11     3     0     3   -42.0  -37.367  -58.183     22.8   1004.5
     2     1    19     4    11     3     0     3   -42.0  -39.491  -58.070    279.2    985.4
     3     1    19     4    11     3     0     3   -42.0  -40.128  -58.302    785.3    926.4
     4     1    19     4    11     3     0     3   -42.0  -39.123  -59.678   1842.6    816.0
     5     1    19     4    11     3     0     3   -42.0  -39.856  -62.830   3133.6    692.4
     1     1    19     4    11     2     0     2   -43.0  -37.585  -58.124     14.6   1004.0
     2     1    19     4    11     2     0     2   -43.0  -39.832  -58.055    296.5    982.4
     3     1    19     4    11     2     0     2   -43.0  -40.463  -58.364    806.7    924.0
     4     1    19     4    11     2     0     2   -43.0  -39.374  -59.791   1868.7    814.3
     5     1    19     4    11     2     0     2   -43.0  -40.163  -62.947   3159.1    690.2
     1     1    19     4    11     1     0     1   -44.0  -37.793  -58.070      3.8   1003.1
     2     1    19     4    11     1     0     1   -44.0  -40.182  -58.069    307.1    980.7
     3     1    19     4    11     1     0     1   -44.0  -40.810  -58.453    827.1    921.4
     4     1    19     4    11     1     0     1   -44.0  -39.634  -59.919   1916.1    810.0
     5     1    19     4    11     1     0     1   -44.0  -40.469  -63.082   3176.0    689.8
     1     1    19     4    11     0     0     0   -45.0  -37.995  -58.020      0.0   1000.4
     2     1    19     4    11     0     0     0   -45.0  -40.538  -58.112    311.8    980.1
     3     1    19     4    11     0     0     0   -45.0  -41.169  -58.575    846.2    919.3
     4     1    19     4    11     0     0     0   -45.0  -39.899  -60.064   1994.6    802.4
     5     1    19     4    11     0     0     0   -45.0  -40.779  -63.239   3194.7    688.6
     1     1    19     4    10    23     0     1   -46.0  -38.209  -57.961      0.0   1003.9
     2     1    19     4    10    23     0     1   -46.0  -40.891  -58.192    314.2    980.0
     3     1    19     4    10    23     0     1   -46.0  -41.533  -58.734    873.3    917.2
     4     1    19     4    10    23     0     1   -46.0  -40.164  -60.241   2075.7    791.5
     5     1    19     4    10    23     0     1   -46.0  -41.083  -63.421   3224.6    686.9
     1     1    19     4    10    22     0     2   -47.0  -38.446  -57.886      0.0   1007.9
     2     1    19     4    10    22     0     2   -47.0  -41.242  -58.312    319.5    979.6
     3     1    19     4    10    22     0     2   -47.0  -41.896  -58.931    917.3    912.3
     4     1    19     4    10    22     0     2   -47.0  -40.427  -60.446   2136.2    786.6
     5     1    19     4    10    22     0     2   -47.0  -41.371  -63.631   3269.2    683.2
     1     1    19     4    10    21     0     3   -48.0  -38.697  -57.795      0.0   1011.6
     2     1    19     4    10    21     0     3   -48.0  -41.600  -58.478    333.7    978.1
     3     1    19     4    10    21     0     3   -48.0  -42.254  -59.155    967.0    905.1
     4     1    19     4    10    21     0     3   -48.0  -40.691  -60.676   2199.5    781.8
     5     1    19     4    10    21     0     3   -48.0  -41.644  -63.870   3325.0    679.0
     1     1    19     4    10    20     0     2   -49.0  -38.955  -57.691      0.0   1014.8
     2     1    19     4    10    20     0     2   -49.0  -41.962  -58.687    357.4    975.0
     3     1    19     4    10    20     0     2   -49.0  -42.610  -59.399   1009.2    900.2
     4     1    19     4    10    20     0     2   -49.0  -40.966  -60.923   2276.1    774.4
     5     1    19     4    10    20     0     2   -49.0  -41.902  -64.124   3390.9    674.4
     1     1    19     4    10    19     0     1   -50.0  -39.219  -57.588      0.0   1015.4
     2     1    19     4    10    19     0     1   -50.0  -42.325  -58.925    382.1    971.5
     3     1    19     4    10    19     0     1   -50.0  -42.971  -59.666   1042.6    896.5
     4     1    19     4    10    19     0     1   -50.0  -41.255  -61.177   2352.5    765.9
     5     1    19     4    10    19     0     1   -50.0  -42.148  -64.376   3460.6    668.4
     1     1    19     4    10    18     0     0   -51.0  -39.481  -57.507      0.7   1015.5
     2     1    19     4    10    18     0     0   -51.0  -42.688  -59.189    404.0    969.3
     3     1    19     4    10    18     0     0   -51.0  -43.339  -59.958   1068.3    894.0
     4     1    19     4    10    18     0     0   -51.0  -41.555  -61.449   2418.5    759.7
     5     1    19     4    10    18     0     0   -51.0  -42.386  -64.619   3533.6    661.6
     1     1    19     4    10    17     0     1   -52.0  -39.725  -57.457      1.4   1015.6
     2     1    19     4    10    17     0     1   -52.0  -43.057  -59.477    426.2    967.2
     3     1    19     4    10    17     0     1   -52.0  -43.708  -60.264   1092.2    891.8
     4     1    19     4    10    17     0     1   -52.0  -41.854  -61.760   2475.4    754.5
     5     1    19     4    10    17     0     1   -52.0  -42.620  -64.853   3602.2    653.7
     1     1    19     4    10    16     0     2   -53.0  -39.948  -57.423      2.0   1015.8
     2     1    19     4    10    16     0     2   -53.0  -43.439  -59.773    447.2    964.2
     3     1    19     4    10    16     0     2   -53.0  -44.078  -60.574   1118.8    889.1
     4     1    19     4    10    16     0     2   -53.0  -42.140  -62.099   2523.9    750.2
     5     1    19     4    10    16     0     2   -53.0  -42.853  -65.081   3658.1    646.8
     1     1    19     4    10    15     0     3   -54.0  -40.159  -57.386      2.8   1015.9
     2     1    19     4    10    15     0     3   -54.0  -43.834  -60.086    460.3    962.1
     3     1    19     4    10    15     0     3   -54.0  -44.449  -60.892   1153.2    885.8
     4     1    19     4    10    15     0     3   -54.0  -42.409  -62.444   2570.5    746.5
     5     1    19     4    10    15     0     3   -54.0  -43.092  -65.310   3707.9    640.6
     1     1    19     4    10    14     0     2   -55.0  -40.354  -57.377      3.7   1014.8
     2     1    19     4    10    14     0     2   -55.0  -44.233  -60.421    471.4    961.6
     3     1    19     4    10    14     0     2   -55.0  -44.819  -61.219   1197.5    880.6
     4     1    19     4    10    14     0     2   -55.0  -42.673  -62.801   2629.4    741.7
     5     1    19     4    10    14     0     2   -55.0  -43.346  -65.544   3752.3    633.2
     1     1    19     4    10    13     0     1   -56.0  -40.536  -57.410      4.5   1013.7
     2     1    19     4    10    13     0     1   -56.0  -44.630  -60.766    489.3    959.0
     3     1    19     4    10    13     0     1   -56.0  -45.188  -61.546   1248.4    874.5
     4     1    19     4    10    13     0     1   -56.0  -42.945  -63.175   2706.1    734.3
     5     1    19     4    10    13     0     1   -56.0  -43.619  -65.787   3791.8    624.0
     1     1    19     4    10    12     0     0   -57.0  -40.712  -57.468      5.5   1012.6
     2     1    19     4    10    12     0     0   -57.0  -45.023  -61.109    511.0    955.9
     3     1    19     4    10    12     0     0   -57.0  -45.562  -61.870   1296.0    868.2
     4     1    19     4    10    12     0     0   -57.0  -43.218  -63.550   2777.9    725.6
     5     1    19     4    10    12     0     0   -57.0  -43.919  -66.034   3836.6    613.2
     1     1    19     4    10    11     0     1   -58.0  -40.879  -57.535      6.6   1012.5
     2     1    19     4    10    11     0     1   -58.0  -45.417  -61.458    535.7    952.6
     3     1    19     4    10    11     0     1   -58.0  -45.945  -62.204   1334.7    863.8
     4     1    19     4    10    11     0     1   -58.0  -43.480  -63.918   2823.8    721.0
     5     1    19     4    10    11     0     1   -58.0  -44.233  -66.290   3904.9    609.4
     1     1    19     4    10    10     0     2   -59.0  -41.034  -57.601      7.3   1012.4
     2     1    19     4    10    10     0     2   -59.0  -45.825  -61.827    558.3    948.8
     3     1    19     4    10    10     0     2   -59.0  -46.334  -62.563   1375.6    859.9
     4     1    19     4    10    10     0     2   -59.0  -43.737  -64.291   2843.5    718.7
     5     1    19     4    10    10     0     2   -59.0  -44.548  -66.561   3956.8    605.4
     1     1    19     4    10     9     0     3   -60.0  -41.179  -57.669      7.6   1012.3
     2     1    19     4    10     9     0     3   -60.0  -46.247  -62.219    577.2    946.7
     3     1    19     4    10     9     0     3   -60.0  -46.734  -62.950   1432.8    854.0
     4     1    19     4    10     9     0     3   -60.0  -43.996  -64.679   2844.1    719.3
     5     1    19     4    10     9     0     3   -60.0  -44.877  -66.850   3998.3    595.9
     1     1    19     4    10     8     0     2   -61.0  -41.310  -57.746      7.5   1012.4
     2     1    19     4    10     8     0     2   -61.0  -46.675  -62.626    602.9    944.1
     3     1    19     4    10     8     0     2   -61.0  -47.139  -63.350   1497.3    845.7
     4     1    19     4    10     8     0     2   -61.0  -44.256  -65.052   2848.6    719.5
     5     1    19     4    10     8     0     2   -61.0  -45.223  -67.161   4051.1    590.5
     1     1    19     4    10     7     0     1   -62.0  -41.430  -57.830      7.4   1012.5
     2     1    19     4    10     7     0     1   -62.0  -47.105  -63.037    640.0    939.9
     3     1    19     4    10     7     0     1   -62.0  -47.537  -63.743   1557.1    839.6
     4     1    19     4    10     7     0     1   -62.0  -44.514  -65.404   2877.7    712.2
     5     1    19     4    10     7     0     1   -62.0  -45.580  -67.505   4104.7    589.0
     1     1    19     4    10     6     0     0   -63.0  -41.546  -57.912      7.3   1012.6
     2     1    19     4    10     6     0     0   -63.0  -47.536  -63.442    675.2    933.9
     3     1    19     4    10     6     0     0   -63.0  -47.933  -64.137   1618.9    833.3
     4     1    19     4    10     6     0     0   -63.0  -44.777  -65.782   2944.8    705.9
     5     1    19     4    10     6     0     0   -63.0  -45.958  -67.886   4175.0    579.3
     1     1    19     4    10     5     0     1   -64.0  -41.645  -58.011      7.2   1012.5
     2     1    19     4    10     5     0     1   -64.0  -47.966  -63.830    691.7    931.2
     3     1    19     4    10     5     0     1   -64.0  -48.316  -64.523   1680.9    826.1
     4     1    19     4    10     5     0     1   -64.0  -45.048  -66.202   3026.1    694.7
     5     1    19     4    10     5     0     1   -64.0  -46.354  -68.308   4285.9    567.4
     1     1    19     4    10     4     0     2   -65.0  -41.720  -58.144      6.9   1012.4
     2     1    19     4    10     4     0     2   -65.0  -48.382  -64.195    702.8    931.4
     3     1    19     4    10     4     0     2   -65.0  -48.683  -64.892   1730.6    820.0
     4     1    19     4    10     4     0     2   -65.0  -45.309  -66.630   3089.6    680.5
     5     1    19     4    10     4     0     2   -65.0  -46.749  -68.762   4383.7    555.6
     1     1    19     4    10     3     0     3   -66.0  -41.781  -58.302      6.5   1012.3
     2     1    19     4    10     3     0     3   -66.0  -48.786  -64.537    719.5    928.6
     3     1    19     4    10     3     0     3   -66.0  -49.044  -65.248   1756.8    816.7
     4     1    19     4    10     3     0     3   -66.0  -45.555  -67.072   3149.6    674.4
     5     1    19     4    10     3     0     3   -66.0  -47.147  -69.248   4479.5    537.4
     1     1    19     4    10     2     0     2   -67.0  -41.827  -58.469      6.2   1011.2
     2     1    19     4    10     2     0     2   -67.0  -49.193  -64.868    736.2    925.9
     3     1    19     4    10     2     0     2   -67.0  -49.408  -65.599   1776.4    816.4
     4     1    19     4    10     2     0     2   -67.0  -45.790  -67.552   3198.4    662.9
     5     1    19     4    10     2     0     2   -67.0  -47.553  -69.756   4582.6    522.9
     1     1    19     4    10     1     0     1   -68.0  -41.856  -58.636      6.1   1010.1
     2     1    19     4    10     1     0     1   -68.0  -49.606  -65.202    751.5    923.5
     3     1    19     4    10     1     0     1   -68.0  -49.775  -65.947   1814.7    812.4
     4     1    19     4    10     1     0     1   -68.0  -46.003  -68.077   3240.9    646.4
     5     1    19     4    10     1     0     1   -68.0  -47.971  -70.281   4686.1    514.8
     1     1    19     4    10     0     0     0   -69.0  -41.873  -58.806      6.1   1009.1
     2     1    19     4    10     0     0     0   -69.0  -50.023  -65.535    769.5    921.4
     3     1    19     4    10     0     0     0   -69.0  -50.141  -66.285   1871.8    806.0
     4     1    19     4    10     0     0     0   -69.0  -46.189  -68.609   3312.6    640.2
     5     1    19     4    10     0     0     0   -69.0  -48.396  -70.842   4792.8    513.6
     1     1    19     4     9    23     0     1   -70.0  -41.861  -58.983      6.1   1008.9
     2     1    19     4     9    23     0     1   -70.0  -50.434  -65.875    788.5    917.9
     3     1    19     4     9    23     0     1   -70.0  -50.494  -66.630   1937.0    798.1
     4     1    19     4     9    23     0     1   -70.0  -46.361  -69.108   3354.2    628.8
     5     1    19     4     9    23     0     1   -70.0  -48.832  -71.456   4819.8    497.3
     1     1    19     4     9    22     0     2   -71.0  -41.795  -59.169      6.1   1008.8
     2     1    19     4     9    22     0     2   -71.0  -50.813  -66.222    809.9    915.5
     3     1    19     4     9    22     0     2   -71.0  -50.827  -66.994   2005.2    790.9
     4     1    19     4     9    22     0     2   -71.0  -46.524  -69.573   3333.7    621.7
     5     1    19     4     9    22     0     2   -71.0  -49.270  -72.138   4886.6    486.1
     1     1    19     4     9    21     0     3   -72.0  -41.673  -59.362      6.1   1008.6
     2     1    19     4     9    21     0     3   -72.0  -51.154  -66.546    841.6    911.4
     3     1    19     4     9    21     0     3   -72.0  -51.136  -67.364   2076.0    783.1
     4     1    19     4     9    21     0     3   -72.0  -46.673  -70.020   3263.0    620.1
     5     1    19     4     9    21     0     3   -72.0  -49.697  -72.931   5122.2    474.7
