     5     1
    GDAS    19     7     1     0     0
    GDAS    19     7     8     0     0
    GDAS    19     7    15     0     0
    GDAS    19     7    22     0     0
    GDAS    19     7    29     0     0
     5 BACKWARD OMEGA   
    19     7    14    15  -34.572  -58.513    10.0
    19     7    14    15  -34.572  -58.513   200.0
    19     7    14    15  -34.572  -58.513   500.0
    19     7    14    15  -34.572  -58.513  1000.0
    19     7    14    15  -34.572  -58.513  2000.0
     1 PRESSURE
     1     1    19     7    14    15     0     3     0.0  -34.572  -58.513     10.0   1014.9
     2     1    19     7    14    15     0     3     0.0  -34.572  -58.513    200.0    992.9
     3     1    19     7    14    15     0     3     0.0  -34.572  -58.513    500.0    957.8
     4     1    19     7    14    15     0     3     0.0  -34.572  -58.513   1000.0    901.5
     5     1    19     7    14    15     0     3     0.0  -34.572  -58.513   2000.0    797.4
     1     1    19     7    14    14     0     2    -1.0  -34.556  -58.494     10.6   1015.0
     2     1    19     7    14    14     0     2    -1.0  -34.559  -58.478    209.0    991.9
     3     1    19     7    14    14     0     2    -1.0  -34.597  -58.448    520.3    955.4
     4     1    19     7    14    14     0     2    -1.0  -34.673  -58.466   1030.3    898.8
     5     1    19     7    14    14     0     2    -1.0  -34.681  -58.711   2037.8    794.8
     1     1    19     7    14    13     0     1    -2.0  -34.542  -58.478     11.5   1014.9
     2     1    19     7    14    13     0     1    -2.0  -34.559  -58.443    220.2    990.6
     3     1    19     7    14    13     0     1    -2.0  -34.649  -58.383    540.2    953.1
     4     1    19     7    14    13     0     1    -2.0  -34.805  -58.424   1061.6    895.8
     5     1    19     7    14    13     0     1    -2.0  -34.790  -58.918   2080.5    791.6
     1     1    19     7    14    12     0     0    -3.0  -34.531  -58.467     13.0   1014.8
     2     1    19     7    14    12     0     0    -3.0  -34.572  -58.408    233.4    989.1
     3     1    19     7    14    12     0     0    -3.0  -34.726  -58.322    557.3    951.4
     4     1    19     7    14    12     0     0    -3.0  -34.966  -58.386   1088.3    893.5
     5     1    19     7    14    12     0     0    -3.0  -34.897  -59.132   2132.7    786.8
     1     1    19     7    14    11     0     1    -4.0  -34.526  -58.455     15.2   1013.4
     2     1    19     7    14    11     0     1    -4.0  -34.602  -58.373    249.1    986.8
     3     1    19     7    14    11     0     1    -4.0  -34.825  -58.273    575.1    949.9
     4     1    19     7    14    11     0     1    -4.0  -35.154  -58.361   1113.5    891.0
     5     1    19     7    14    11     0     1    -4.0  -35.002  -59.352   2184.4    780.1
     1     1    19     7    14    10     0     2    -5.0  -34.533  -58.440     18.0   1012.0
     2     1    19     7    14    10     0     2    -5.0  -34.651  -58.340    268.9    984.3
     3     1    19     7    14    10     0     2    -5.0  -34.946  -58.239    601.8    947.3
     4     1    19     7    14    10     0     2    -5.0  -35.367  -58.366   1146.1    886.9
     5     1    19     7    14    10     0     2    -5.0  -35.106  -59.572   2223.5    775.2
     1     1    19     7    14     9     0     3    -6.0  -34.551  -58.420     21.8   1010.6
     2     1    19     7    14     9     0     3    -6.0  -34.722  -58.310    295.1    980.7
     3     1    19     7    14     9     0     3    -6.0  -35.091  -58.222    640.4    943.0
     4     1    19     7    14     9     0     3    -6.0  -35.608  -58.394   1185.0    881.8
     5     1    19     7    14     9     0     3    -6.0  -35.211  -59.787   2245.1    771.2
     1     1    19     7    14     8     0     2    -7.0  -34.575  -58.399     26.3   1010.9
     2     1    19     7    14     8     0     2    -7.0  -34.805  -58.286    326.9    977.6
     3     1    19     7    14     8     0     2    -7.0  -35.256  -58.225    681.1    937.5
     4     1    19     7    14     8     0     2    -7.0  -35.864  -58.452   1225.3    877.5
     5     1    19     7    14     8     0     2    -7.0  -35.313  -59.997   2260.2    770.6
     1     1    19     7    14     7     0     1    -8.0  -34.598  -58.382     31.1   1011.3
     2     1    19     7    14     7     0     1    -8.0  -34.889  -58.268    361.7    974.8
     3     1    19     7    14     7     0     1    -8.0  -35.425  -58.252    715.9    934.1
     4     1    19     7    14     7     0     1    -8.0  -36.120  -58.548   1261.9    873.2
     5     1    19     7    14     7     0     1    -8.0  -35.409  -60.211   2289.9    766.9
     1     1    19     7    14     6     0     0    -9.0  -34.621  -58.367     36.1   1011.6
     2     1    19     7    14     6     0     0    -9.0  -34.971  -58.252    400.2    971.8
     3     1    19     7    14     6     0     0    -9.0  -35.598  -58.310    747.7    931.2
     4     1    19     7    14     6     0     0    -9.0  -36.375  -58.677   1297.8    868.7
     5     1    19     7    14     6     0     0    -9.0  -35.506  -60.434   2341.0    760.9
     1     1    19     7    14     5     0     1   -10.0  -34.645  -58.351     41.8   1010.8
     2     1    19     7    14     5     0     1   -10.0  -35.059  -58.233    436.8    966.8
     3     1    19     7    14     5     0     1   -10.0  -35.770  -58.384    782.2    927.5
     4     1    19     7    14     5     0     1   -10.0  -36.620  -58.829   1344.8    861.7
     5     1    19     7    14     5     0     1   -10.0  -35.603  -60.665   2393.1    752.5
     1     1    19     7    14     4     0     2   -11.0  -34.675  -58.326     48.5   1009.9
     2     1    19     7    14     4     0     2   -11.0  -35.163  -58.211    466.3    962.9
     3     1    19     7    14     4     0     2   -11.0  -35.935  -58.462    822.3    922.7
     4     1    19     7    14     4     0     2   -11.0  -36.853  -58.998   1412.6    851.7
     5     1    19     7    14     4     0     2   -11.0  -35.699  -60.904   2422.1    748.5
     1     1    19     7    14     3     0     3   -12.0  -34.711  -58.292     56.0   1008.9
     2     1    19     7    14     3     0     3   -12.0  -35.278  -58.189    494.2    959.5
     3     1    19     7    14     3     0     3   -12.0  -36.092  -58.544    864.8    917.1
     4     1    19     7    14     3     0     3   -12.0  -37.080  -59.189   1492.1    837.6
     5     1    19     7    14     3     0     3   -12.0  -35.792  -61.147   2432.9    747.6
     1     1    19     7    14     2     0     2   -13.0  -34.754  -58.256     64.1   1008.1
     2     1    19     7    14     2     0     2   -13.0  -35.402  -58.182    526.9    956.1
     3     1    19     7    14     2     0     2   -13.0  -36.252  -58.630    911.7    911.5
     4     1    19     7    14     2     0     2   -13.0  -37.296  -59.401   1550.7    826.0
     5     1    19     7    14     2     0     2   -13.0  -35.877  -61.393   2448.2    747.9
     1     1    19     7    14     1     0     1   -14.0  -34.802  -58.225     72.6   1007.3
     2     1    19     7    14     1     0     1   -14.0  -35.533  -58.195    569.0    951.7
     3     1    19     7    14     1     0     1   -14.0  -36.425  -58.720    962.8    903.7
     4     1    19     7    14     1     0     1   -14.0  -37.506  -59.619   1587.2    820.9
     5     1    19     7    14     1     0     1   -14.0  -35.950  -61.646   2481.2    744.6
     1     1    19     7    14     0     0     0   -15.0  -34.858  -58.203     81.2   1006.7
     2     1    19     7    14     0     0     0   -15.0  -35.672  -58.216    626.0    946.0
     3     1    19     7    14     0     0     0   -15.0  -36.606  -58.817   1001.8    896.6
     4     1    19     7    14     0     0     0   -15.0  -37.728  -59.836   1630.8    815.5
     5     1    19     7    14     0     0     0   -15.0  -36.010  -61.901   2527.1    740.3
     1     1    19     7    13    23     0     1   -16.0  -34.923  -58.192     86.9   1005.5
     2     1    19     7    13    23     0     1   -16.0  -35.820  -58.241    702.7    936.5
     3     1    19     7    13    23     0     1   -16.0  -36.786  -58.927   1012.3    892.0
     4     1    19     7    13    23     0     1   -16.0  -37.967  -60.068   1692.3    807.0
     5     1    19     7    13    23     0     1   -16.0  -36.051  -62.165   2567.6    734.2
     1     1    19     7    13    22     0     2   -17.0  -34.996  -58.190     86.2   1005.2
     2     1    19     7    13    22     0     2   -17.0  -35.981  -58.270    803.0    924.8
     3     1    19     7    13    22     0     2   -17.0  -36.959  -59.057    981.1    891.0
     4     1    19     7    13    22     0     2   -17.0  -38.193  -60.344   1770.5    802.8
     5     1    19     7    13    22     0     2   -17.0  -36.068  -62.443   2580.2    732.1
     1     1    19     7    13    21     0     3   -18.0  -35.069  -58.197     81.0   1005.2
     2     1    19     7    13    21     0     3   -18.0  -36.159  -58.307    911.6    909.6
     3     1    19     7    13    21     0     3   -18.0  -37.118  -59.195    916.0    896.2
     4     1    19     7    13    21     0     3   -18.0  -38.393  -60.659   1887.0    797.3
     5     1    19     7    13    21     0     3   -18.0  -36.056  -62.735   2565.9    733.3
     1     1    19     7    13    20     0     2   -19.0  -35.135  -58.213     76.6   1006.6
     2     1    19     7    13    20     0     2   -19.0  -36.351  -58.375    990.9    898.1
     3     1    19     7    13    20     0     2   -19.0  -37.266  -59.327    865.6    903.3
     4     1    19     7    13    20     0     2   -19.0  -38.571  -61.009   2012.9    783.3
     5     1    19     7    13    20     0     2   -19.0  -36.019  -63.031   2530.5    736.9
     1     1    19     7    13    19     0     1   -20.0  -35.194  -58.235     74.8   1007.2
     2     1    19     7    13    19     0     1   -20.0  -36.552  -58.478   1041.3    893.1
     3     1    19     7    13    19     0     1   -20.0  -37.413  -59.452    859.7    901.3
     4     1    19     7    13    19     0     1   -20.0  -38.717  -61.387   2072.7    776.3
     5     1    19     7    13    19     0     1   -20.0  -35.967  -63.322   2481.0    740.4
     1     1    19     7    13    18     0     0   -21.0  -35.250  -58.261     74.0   1007.6
     2     1    19     7    13    18     0     0   -21.0  -36.759  -58.608   1094.8    887.3
     3     1    19     7    13    18     0     0   -21.0  -37.563  -59.573    886.4    896.0
     4     1    19     7    13    18     0     0   -21.0  -38.822  -61.779   2087.1    780.2
     5     1    19     7    13    18     0     0   -21.0  -35.901  -63.606   2418.5    744.1
     1     1    19     7    13    17     0     1   -22.0  -35.306  -58.287     74.2   1007.9
     2     1    19     7    13    17     0     1   -22.0  -36.964  -58.767   1164.1    877.3
     3     1    19     7    13    17     0     1   -22.0  -37.719  -59.713    919.8    888.7
     4     1    19     7    13    17     0     1   -22.0  -38.886  -62.180   2112.0    782.2
     5     1    19     7    13    17     0     1   -22.0  -35.803  -63.865   2347.0    750.6
     1     1    19     7    13    16     0     2   -23.0  -35.365  -58.311     76.3   1008.0
     2     1    19     7    13    16     0     2   -23.0  -37.159  -58.958   1239.1    865.6
     3     1    19     7    13    16     0     2   -23.0  -37.876  -59.884    937.1    885.1
     4     1    19     7    13    16     0     2   -23.0  -38.914  -62.585   2152.8    779.2
     5     1    19     7    13    16     0     2   -23.0  -35.673  -64.086   2282.0    755.8
     1     1    19     7    13    15     0     3   -24.0  -35.428  -58.332     81.0   1007.9
     2     1    19     7    13    15     0     3   -24.0  -37.349  -59.176   1311.7    854.2
     3     1    19     7    13    15     0     3   -24.0  -38.027  -60.086    937.1    885.4
     4     1    19     7    13    15     0     3   -24.0  -38.912  -62.990   2171.0    776.0
     5     1    19     7    13    15     0     3   -24.0  -35.517  -64.280   2229.9    759.0
     1     1    19     7    13    14     0     2   -25.0  -35.496  -58.350     86.6   1007.0
     2     1    19     7    13    14     0     2   -25.0  -37.540  -59.414   1375.2    843.9
     3     1    19     7    13    14     0     2   -25.0  -38.167  -60.289    944.5    890.2
     4     1    19     7    13    14     0     2   -25.0  -38.883  -63.376   2151.2    776.2
     5     1    19     7    13    14     0     2   -25.0  -35.353  -64.467   2190.5    759.9
     1     1    19     7    13    13     0     1   -26.0  -35.567  -58.364     89.7   1006.7
     2     1    19     7    13    13     0     1   -26.0  -37.731  -59.664   1426.5    835.8
     3     1    19     7    13    13     0     1   -26.0  -38.297  -60.478    968.8    889.6
     4     1    19     7    13    13     0     1   -26.0  -38.838  -63.737   2123.4    777.2
     5     1    19     7    13    13     0     1   -26.0  -35.195  -64.660   2163.1    760.5
     1     1    19     7    13    12     0     0   -27.0  -35.640  -58.374     89.2   1006.8
     2     1    19     7    13    12     0     0   -27.0  -37.909  -59.915   1465.8    829.8
     3     1    19     7    13    12     0     0   -27.0  -38.417  -60.662    996.4    888.9
     4     1    19     7    13    12     0     0   -27.0  -38.777  -64.079   2103.6    777.2
     5     1    19     7    13    12     0     0   -27.0  -35.045  -64.871   2156.8    758.9
     1     1    19     7    13    11     0     1   -28.0  -35.726  -58.384     87.4   1006.7
     2     1    19     7    13    11     0     1   -28.0  -38.075  -60.168   1500.2    827.3
     3     1    19     7    13    11     0     1   -28.0  -38.531  -60.844   1021.8    888.2
     4     1    19     7    13    11     0     1   -28.0  -38.703  -64.405   2076.2    774.2
     5     1    19     7    13    11     0     1   -28.0  -34.892  -65.086   2161.1    753.6
     1     1    19     7    13    10     0     2   -29.0  -35.838  -58.403     86.9   1006.1
     2     1    19     7    13    10     0     2   -29.0  -38.235  -60.425   1540.6    826.8
     3     1    19     7    13    10     0     2   -29.0  -38.642  -61.026   1043.0    887.6
     4     1    19     7    13    10     0     2   -29.0  -38.611  -64.710   2028.3    775.6
     5     1    19     7    13    10     0     2   -29.0  -34.718  -65.269   2161.2    749.0
     1     1    19     7    13     9     0     3   -30.0  -35.979  -58.430     88.6   1005.3
     2     1    19     7    13     9     0     3   -30.0  -38.387  -60.682   1590.7    824.4
     3     1    19     7    13     9     0     3   -30.0  -38.751  -61.204   1063.3    886.9
     4     1    19     7    13     9     0     3   -30.0  -38.497  -64.996   1966.9    777.3
     5     1    19     7    13     9     0     3   -30.0  -34.522  -65.429   2152.6    744.7
     1     1    19     7    13     8     0     2   -31.0  -36.140  -58.469     92.9   1004.2
     2     1    19     7    13     8     0     2   -31.0  -38.529  -60.931   1628.0    821.8
     3     1    19     7    13     8     0     2   -31.0  -38.861  -61.384   1082.3    887.2
     4     1    19     7    13     8     0     2   -31.0  -38.370  -65.273   1917.4    783.9
     5     1    19     7    13     8     0     2   -31.0  -34.314  -65.586   2140.9    741.6
     1     1    19     7    13     7     0     1   -32.0  -36.308  -58.523    100.4   1002.5
     2     1    19     7    13     7     0     1   -32.0  -38.663  -61.168   1638.5    823.6
     3     1    19     7    13     7     0     1   -32.0  -38.968  -61.567   1096.2    889.7
     4     1    19     7    13     7     0     1   -32.0  -38.242  -65.552   1912.8    785.8
     5     1    19     7    13     7     0     1   -32.0  -34.100  -65.753   2139.8    736.1
     1     1    19     7    13     6     0     0   -33.0  -36.486  -58.589    111.4   1000.3
     2     1    19     7    13     6     0     0   -33.0  -38.788  -61.395   1637.1    826.7
     3     1    19     7    13     6     0     0   -33.0  -39.064  -61.753   1110.0    890.4
     4     1    19     7    13     6     0     0   -33.0  -38.114  -65.823   1975.6    781.8
     5     1    19     7    13     6     0     0   -33.0  -33.877  -65.940   2145.8    722.3
     1     1    19     7    13     5     0     1   -34.0  -36.677  -58.662    127.8    997.1
     2     1    19     7    13     5     0     1   -34.0  -38.903  -61.612   1640.4    830.6
     3     1    19     7    13     5     0     1   -34.0  -39.155  -61.944   1125.9    888.2
     4     1    19     7    13     5     0     1   -34.0  -37.993  -66.082   2061.9    767.8
     5     1    19     7    13     5     0     1   -34.0  -33.666  -66.145   2134.4    711.0
     1     1    19     7    13     4     0     2   -35.0  -36.887  -58.741    152.4    992.2
     2     1    19     7    13     4     0     2   -35.0  -39.009  -61.819   1653.3    832.0
     3     1    19     7    13     4     0     2   -35.0  -39.245  -62.140   1139.7    886.4
     4     1    19     7    13     4     0     2   -35.0  -37.885  -66.325   2097.4    759.8
     5     1    19     7    13     4     0     2   -35.0  -33.487  -66.338   2095.6    714.2
     1     1    19     7    13     3     0     3   -36.0  -37.127  -58.828    183.8    984.6
     2     1    19     7    13     3     0     3   -36.0  -39.111  -62.013   1666.6    830.5
     3     1    19     7    13     3     0     3   -36.0  -39.332  -62.337   1152.0    885.1
     4     1    19     7    13     3     0     3   -36.0  -37.784  -66.550   2077.9    760.1
     5     1    19     7    13     3     0     3   -36.0  -33.330  -66.514   2046.6    721.4
     1     1    19     7    13     2     0     2   -37.0  -37.390  -58.933    206.9    977.8
     2     1    19     7    13     2     0     2   -37.0  -39.227  -62.216   1680.5    829.0
     3     1    19     7    13     2     0     2   -37.0  -39.417  -62.535   1167.0    883.9
     4     1    19     7    13     2     0     2   -37.0  -37.689  -66.764   2041.2    764.7
     5     1    19     7    13     2     0     2   -37.0  -33.185  -66.679   2019.4    730.7
     1     1    19     7    13     1     0     1   -38.0  -37.656  -59.065    205.7    974.4
     2     1    19     7    13     1     0     1   -38.0  -39.359  -62.442   1693.0    827.9
     3     1    19     7    13     1     0     1   -38.0  -39.501  -62.740   1184.1    882.0
     4     1    19     7    13     1     0     1   -38.0  -37.607  -66.976   2016.3    765.8
     5     1    19     7    13     1     0     1   -38.0  -33.047  -66.835   2035.1    735.6
     1     1    19     7    13     0     0     0   -39.0  -37.916  -59.222    180.1    975.1
     2     1    19     7    13     0     0     0   -39.0  -39.498  -62.680   1698.9    827.0
     3     1    19     7    13     0     0     0   -39.0  -39.586  -62.959   1198.1    880.2
     4     1    19     7    13     0     0     0   -39.0  -37.543  -67.192   2004.1    764.6
     5     1    19     7    13     0     0     0   -39.0  -32.922  -66.963   2080.2    738.8
     1     1    19     7    12    23     0     1   -40.0  -38.157  -59.383    150.9    981.9
     2     1    19     7    12    23     0     1   -40.0  -39.635  -62.932   1689.7    827.1
     3     1    19     7    12    23     0     1   -40.0  -39.672  -63.192   1207.0    877.2
     4     1    19     7    12    23     0     1   -40.0  -37.477  -67.428   2008.9    759.2
     5     1    19     7    12    23     0     1   -40.0  -32.814  -67.088   2117.9    735.0
     1     1    19     7    12    22     0     2   -41.0  -38.377  -59.538    129.5    987.3
     2     1    19     7    12    22     0     2   -41.0  -39.764  -63.202   1666.4    827.8
     3     1    19     7    12    22     0     2   -41.0  -39.757  -63.436   1208.7    873.7
     4     1    19     7    12    22     0     2   -41.0  -37.396  -67.691   2028.4    750.6
     5     1    19     7    12    22     0     2   -41.0  -32.728  -67.228   2138.9    732.9
     1     1    19     7    12    21     0     3   -42.0  -38.581  -59.699    112.2    992.1
     2     1    19     7    12    21     0     3   -42.0  -39.876  -63.490   1635.4    828.0
     3     1    19     7    12    21     0     3   -42.0  -39.831  -63.689   1191.2    872.0
     4     1    19     7    12    21     0     3   -42.0  -37.323  -67.994   2068.0    738.3
     5     1    19     7    12    21     0     3   -42.0  -32.661  -67.387   2160.0    730.8
     1     1    19     7    12    20     0     2   -43.0  -38.769  -59.876     99.1    998.1
     2     1    19     7    12    20     0     2   -43.0  -39.960  -63.783   1603.6    829.6
     3     1    19     7    12    20     0     2   -43.0  -39.892  -63.955   1158.9    874.7
     4     1    19     7    12    20     0     2   -43.0  -37.255  -68.328   2094.9    718.2
     5     1    19     7    12    20     0     2   -43.0  -32.607  -67.549   2187.6    728.0
     1     1    19     7    12    19     0     1   -44.0  -38.945  -60.076     92.2   1003.2
     2     1    19     7    12    19     0     1   -44.0  -40.026  -64.082   1586.9    830.7
     3     1    19     7    12    19     0     1   -44.0  -39.946  -64.238   1140.6    878.1
     4     1    19     7    12    19     0     1   -44.0  -37.177  -68.670   2064.2    701.7
     5     1    19     7    12    19     0     1   -44.0  -32.554  -67.705   2217.7    724.7
     1     1    19     7    12    18     0     0   -45.0  -39.108  -60.284     92.1   1004.9
     2     1    19     7    12    18     0     0   -45.0  -40.081  -64.394   1603.5    830.8
     3     1    19     7    12    18     0     0   -45.0  -39.987  -64.528   1148.8    877.0
     4     1    19     7    12    18     0     0   -45.0  -37.105  -69.018   1963.5    689.5
     5     1    19     7    12    18     0     0   -45.0  -32.500  -67.858   2243.2    721.9
     1     1    19     7    12    17     0     1   -46.0  -39.264  -60.481     94.5   1004.1
     2     1    19     7    12    17     0     1   -46.0  -40.123  -64.705   1655.7    825.0
     3     1    19     7    12    17     0     1   -46.0  -40.021  -64.800   1180.5    874.3
     4     1    19     7    12    17     0     1   -46.0  -37.014  -69.380   1897.7    673.6
     5     1    19     7    12    17     0     1   -46.0  -32.444  -68.017   2266.8    718.7
     1     1    19     7    12    16     0     2   -47.0  -39.421  -60.658     93.4   1004.1
     2     1    19     7    12    16     0     2   -47.0  -40.157  -65.001   1725.1    817.3
     3     1    19     7    12    16     0     2   -47.0  -40.060  -65.054   1236.8    867.6
     4     1    19     7    12    16     0     2   -47.0  -36.871  -69.830   1959.1    634.8
     5     1    19     7    12    16     0     2   -47.0  -32.370  -68.227   2362.0    691.8
     1     1    19     7    12    15     0     3   -48.0  -39.589  -60.820     88.1   1004.7
     2     1    19     7    12    15     0     3   -48.0  -40.185  -65.286   1772.6    805.5
     3     1    19     7    12    15     0     3   -48.0  -40.106  -65.300   1300.6    855.6
     4     1    19     7    12    15     0     3   -48.0  -36.674  -70.375   2105.0    610.4
     5     1    19     7    12    15     0     3   -48.0  -32.221  -68.608   2703.0    616.2
     1     1    19     7    12    14     0     2   -49.0  -39.770  -60.972     80.9   1005.8
     2     1    19     7    12    14     0     2   -49.0  -40.207  -65.580   1793.7    800.1
     3     1    19     7    12    14     0     2   -49.0  -40.153  -65.550   1353.3    845.7
     4     1    19     7    12    14     0     2   -49.0  -36.419  -70.893   2257.9    607.3
     5     1    19     7    12    14     0     2   -49.0  -32.026  -69.376   3477.9    466.0
     1     1    19     7    12    13     0     1   -50.0  -39.967  -61.122     76.0   1006.6
     2     1    19     7    12    13     0     1   -50.0  -40.218  -65.887   1809.6    793.9
     3     1    19     7    12    13     0     1   -50.0  -40.195  -65.818   1395.2    837.2
     4     1    19     7    12    13     0     1   -50.0  -36.140  -71.312   2434.1    641.1
     5     1    19     7    12    13     0     1   -50.0  -31.839  -70.682   4338.3    447.4
     1     1    19     7    12    12     0     0   -51.0  -40.176  -61.272     74.2   1006.8
     2     1    19     7    12    12     0     0   -51.0  -40.219  -66.182   1837.3    787.6
     3     1    19     7    12    12     0     0   -51.0  -40.238  -66.090   1432.3    828.7
     4     1    19     7    12    12     0     0   -51.0  -35.881  -71.622   2565.7    679.2
     5     1    19     7    12    12     0     0   -51.0  -31.582  -71.484   4414.3    546.5
     1     1    19     7    12    11     0     1   -52.0  -40.367  -61.412     71.6   1006.9
     2     1    19     7    12    11     0     1   -52.0  -40.203  -66.467   1861.5    782.5
     3     1    19     7    12    11     0     1   -52.0  -40.271  -66.376   1445.2    822.8
     4     1    19     7    12    11     0     1   -52.0  -35.637  -71.849   2621.4    708.3
     5     1    19     7    12    11     0     1   -52.0  -31.311  -71.983   4331.3    596.5
     1     1    19     7    12    10     0     2   -53.0  -40.523  -61.541     68.4   1007.1
     2     1    19     7    12    10     0     2   -53.0  -40.178  -66.741   1894.8    778.9
     3     1    19     7    12    10     0     2   -53.0  -40.290  -66.684   1446.7    818.5
     4     1    19     7    12    10     0     2   -53.0  -35.401  -72.041   2646.0    723.3
     5     1    19     7    12    10     0     2   -53.0  -31.058  -72.392   4219.7    605.7
     1     1    19     7    12     9     0     3   -54.0  -40.646  -61.664     65.6   1007.3
     2     1    19     7    12     9     0     3   -54.0  -40.153  -66.992   1964.7    772.4
     3     1    19     7    12     9     0     3   -54.0  -40.303  -66.998   1476.8    812.6
     4     1    19     7    12     9     0     3   -54.0  -35.163  -72.238   2663.3    724.5
     5     1    19     7    12     9     0     3   -54.0  -30.839  -72.808   4133.8    612.9
     1     1    19     7    12     8     0     2   -55.0  -40.752  -61.779     63.7   1007.9
     2     1    19     7    12     8     0     2   -55.0  -40.137  -67.235   2031.0    753.5
     3     1    19     7    12     8     0     2   -55.0  -40.317  -67.310   1526.5    793.6
     4     1    19     7    12     8     0     2   -55.0  -34.919  -72.446   2680.7    725.5
     5     1    19     7    12     8     0     2   -55.0  -30.663  -73.245   4092.9    616.8
     1     1    19     7    12     7     0     1   -56.0  -40.854  -61.882     62.6   1008.3
     2     1    19     7    12     7     0     1   -56.0  -40.138  -67.480   2069.3    742.9
     3     1    19     7    12     7     0     1   -56.0  -40.339  -67.620   1583.9    779.1
     4     1    19     7    12     7     0     1   -56.0  -34.679  -72.647   2689.0    728.9
     5     1    19     7    12     7     0     1   -56.0  -30.524  -73.705   4085.3    616.1
     1     1    19     7    12     6     0     0   -57.0  -40.954  -61.982     62.1   1008.6
     2     1    19     7    12     6     0     0   -57.0  -40.155  -67.718   2124.3    730.5
     3     1    19     7    12     6     0     0   -57.0  -40.377  -67.923   1686.1    760.6
     4     1    19     7    12     6     0     0   -57.0  -34.446  -72.836   2691.5    731.4
     5     1    19     7    12     6     0     0   -57.0  -30.420  -74.183   4091.2    615.4
     1     1    19     7    12     5     0     1   -58.0  -41.049  -62.082     61.7   1008.4
     2     1    19     7    12     5     0     1   -58.0  -40.181  -67.973   2223.5    712.4
     3     1    19     7    12     5     0     1   -58.0  -40.414  -68.252   1830.2    737.9
     4     1    19     7    12     5     0     1   -58.0  -34.229  -73.015   2701.9    732.6
     5     1    19     7    12     5     0     1   -58.0  -30.330  -74.683   4118.7    614.1
     1     1    19     7    12     4     0     2   -59.0  -41.135  -62.179     60.9   1008.2
     2     1    19     7    12     4     0     2   -59.0  -40.197  -68.293   2354.1    692.6
     3     1    19     7    12     4     0     2   -59.0  -40.427  -68.659   1978.2    715.0
     4     1    19     7    12     4     0     2   -59.0  -34.034  -73.190   2716.0    729.9
     5     1    19     7    12     4     0     2   -59.0  -30.238  -75.221   4178.8    609.4
     1     1    19     7    12     3     0     3   -60.0  -41.214  -62.270     59.3   1008.2
     2     1    19     7    12     3     0     3   -60.0  -40.183  -68.701   2479.7    675.9
     3     1    19     7    12     3     0     3   -60.0  -40.410  -69.137   2105.2    698.7
     4     1    19     7    12     3     0     3   -60.0  -33.851  -73.364   2723.5    729.8
     5     1    19     7    12     3     0     3   -60.0  -30.153  -75.803   4228.3    602.4
     1     1    19     7    12     2     0     2   -61.0  -41.282  -62.353     57.0   1008.6
     2     1    19     7    12     2     0     2   -61.0  -40.138  -69.164   2577.5    664.8
     3     1    19     7    12     2     0     2   -61.0  -40.359  -69.630   2193.5    695.2
     4     1    19     7    12     2     0     2   -61.0  -33.684  -73.541   2739.0    729.2
     5     1    19     7    12     2     0     2   -61.0  -30.079  -76.412   4255.7    602.4
     1     1    19     7    12     1     0     1   -62.0  -41.338  -62.429     54.8   1009.0
     2     1    19     7    12     1     0     1   -62.0  -40.070  -69.623   2602.5    669.2
     3     1    19     7    12     1     0     1   -62.0  -40.279  -70.106   2199.4    698.8
     4     1    19     7    12     1     0     1   -62.0  -33.539  -73.731   2771.3    726.0
     5     1    19     7    12     1     0     1   -62.0  -30.016  -77.046   4305.8    599.2
     1     1    19     7    12     0     0     0   -63.0  -41.383  -62.508     53.0   1009.2
     2     1    19     7    12     0     0     0   -63.0  -39.980  -70.061   2493.5    684.2
     3     1    19     7    12     0     0     0   -63.0  -40.166  -70.608   2176.3    702.0
     4     1    19     7    12     0     0     0   -63.0  -33.413  -73.938   2817.8    721.4
     5     1    19     7    12     0     0     0   -63.0  -29.972  -77.712   4346.5    592.6
     1     1    19     7    11    23     0     1   -64.0  -41.424  -62.592     52.1   1008.3
     2     1    19     7    11    23     0     1   -64.0  -39.854  -70.543   2371.0    691.4
     3     1    19     7    11    23     0     1   -64.0  -39.993  -71.188   2277.2    686.6
     4     1    19     7    11    23     0     1   -64.0  -33.301  -74.178   2851.9    715.8
     5     1    19     7    11    23     0     1   -64.0  -29.932  -78.392   4366.7    592.9
     1     1    19     7    11    22     0     2   -65.0  -41.464  -62.677     52.4   1007.3
     2     1    19     7    11    22     0     2   -65.0  -39.664  -71.132   2429.3    662.5
     3     1    19     7    11    22     0     2   -65.0  -39.731  -71.753   2240.0    664.9
     4     1    19     7    11    22     0     2   -65.0  -33.199  -74.457   2860.7    715.8
     5     1    19     7    11    22     0     2   -65.0  -29.890  -79.088   4382.6    590.5
     1     1    19     7    11    21     0     3   -66.0  -41.503  -62.765     54.6   1006.2
     2     1    19     7    11    21     0     3   -66.0  -39.409  -71.698   2339.3    661.2
     3     1    19     7    11    21     0     3   -66.0  -39.447  -72.224   1947.2    729.2
     4     1    19     7    11    21     0     3   -66.0  -33.103  -74.764   2878.6    716.2
     5     1    19     7    11    21     0     3   -66.0  -29.864  -79.797   4387.9    590.4
     1     1    19     7    11    20     0     2   -67.0  -41.533  -62.865     58.8   1005.7
     2     1    19     7    11    20     0     2   -67.0  -39.135  -72.153   2002.9    734.2
     3     1    19     7    11    20     0     2   -67.0  -39.177  -72.617   1619.3    808.7
     4     1    19     7    11    20     0     2   -67.0  -33.008  -75.098   2922.3    711.6
     5     1    19     7    11    20     0     2   -67.0  -29.838  -80.507   4399.6    590.5
     1     1    19     7    11    19     0     1   -68.0  -41.550  -62.988     64.4   1004.9
     2     1    19     7    11    19     0     1   -68.0  -38.876  -72.515   1666.6    803.7
     3     1    19     7    11    19     0     1   -68.0  -38.922  -72.966   1431.1    849.1
     4     1    19     7    11    19     0     1   -68.0  -32.914  -75.459   2971.6    705.8
     5     1    19     7    11    19     0     1   -68.0  -29.810  -81.219   4440.6    588.3
     1     1    19     7    11    18     0     0   -69.0  -41.556  -63.129     69.8   1004.2
     2     1    19     7    11    18     0     0   -69.0  -38.633  -72.832   1500.8    830.1
     3     1    19     7    11    18     0     0   -69.0  -38.672  -73.282   1315.2    854.1
     4     1    19     7    11    18     0     0   -69.0  -32.813  -75.835   3028.9    701.9
     5     1    19     7    11    18     0     0   -69.0  -29.795  -81.950   4522.0    582.2
     1     1    19     7    11    17     0     1   -70.0  -41.561  -63.281     72.9   1003.9
     2     1    19     7    11    17     0     1   -70.0  -38.395  -73.120   1439.9    832.0
     3     1    19     7    11    17     0     1   -70.0  -38.421  -73.551   1184.0    865.6
     4     1    19     7    11    17     0     1   -70.0  -32.707  -76.233   3083.5    695.0
     5     1    19     7    11    17     0     1   -70.0  -29.783  -82.709   4590.9    572.8
     1     1    19     7    11    16     0     2   -71.0  -41.573  -63.437     73.8   1004.1
     2     1    19     7    11    16     0     2   -71.0  -38.164  -73.374   1373.1    840.0
     3     1    19     7    11    16     0     2   -71.0  -38.172  -73.788    995.4    893.4
     4     1    19     7    11    16     0     2   -71.0  -32.605  -76.649   3106.6    694.0
     5     1    19     7    11    16     0     2   -71.0  -29.765  -83.482   4608.0    574.2
     1     1    19     7    11    15     0     3   -72.0  -41.590  -63.597     73.0   1004.3
     2     1    19     7    11    15     0     3   -72.0  -37.940  -73.616   1265.6    857.7
     3     1    19     7    11    15     0     3   -72.0  -37.922  -73.991    754.0    927.8
     4     1    19     7    11    15     0     3   -72.0  -32.505  -77.063   3111.0    694.1
     5     1    19     7    11    15     0     3   -72.0  -29.770  -84.283   4628.5    572.5
