     7     1
    GDAS    19    10    29     0     0
    GDAS    19    11     1     0     0
    GDAS    19    11     8     0     0
    GDAS    19    11    15     0     0
    GDAS    19    11    22     0     0
    GDAS    19    11    29     0     0
    GDAS    19    12     1     0     0
     5 BACKWARD OMEGA   
    19    11     5    21  -34.572  -58.513    10.0
    19    11     5    21  -34.572  -58.513   200.0
    19    11     5    21  -34.572  -58.513   500.0
    19    11     5    21  -34.572  -58.513  1000.0
    19    11     5    21  -34.572  -58.513  2000.0
     1 PRESSURE
     1     1    19    11     5    21     0     3     0.0  -34.572  -58.513     10.0   1009.4
     2     1    19    11     5    21     0     3     0.0  -34.572  -58.513    200.0    988.8
     3     1    19    11     5    21     0     3     0.0  -34.572  -58.513    500.0    955.0
     4     1    19    11     5    21     0     3     0.0  -34.572  -58.513   1000.0    900.4
     5     1    19    11     5    21     0     3     0.0  -34.572  -58.513   2000.0    798.7
     1     1    19    11     5    20     0     2    -1.0  -34.585  -58.576     12.1   1009.5
     2     1    19    11     5    20     0     2    -1.0  -34.594  -58.622    234.5    985.7
     3     1    19    11     5    20     0     2    -1.0  -34.609  -58.674    575.6    947.3
     4     1    19    11     5    20     0     2    -1.0  -34.658  -58.771   1122.3    888.6
     5     1    19    11     5    20     0     2    -1.0  -34.790  -58.989   2161.4    785.7
     1     1    19    11     5    19     0     1    -2.0  -34.595  -58.645     14.2   1009.5
     2     1    19    11     5    19     0     1    -2.0  -34.608  -58.738    268.6    983.2
     3     1    19    11     5    19     0     1    -2.0  -34.638  -58.840    651.0    940.9
     4     1    19    11     5    19     0     1    -2.0  -34.747  -59.046   1242.8    877.2
     5     1    19    11     5    19     0     1    -2.0  -35.018  -59.512   2326.5    768.6
     1     1    19    11     5    18     0     0    -3.0  -34.601  -58.718     16.6   1009.5
     2     1    19    11     5    18     0     0    -3.0  -34.612  -58.861    311.6    979.3
     3     1    19    11     5    18     0     0    -3.0  -34.660  -59.010    745.0    932.2
     4     1    19    11     5    18     0     0    -3.0  -34.839  -59.353   1364.7    864.3
     5     1    19    11     5    18     0     0    -3.0  -35.238  -60.082   2472.1    752.0
     1     1    19    11     5    17     0     1    -4.0  -34.612  -58.788     18.9   1009.8
     2     1    19    11     5    17     0     1    -4.0  -34.625  -58.975    368.5    973.1
     3     1    19    11     5    17     0     1    -4.0  -34.696  -59.167    858.8    918.8
     4     1    19    11     5    17     0     1    -4.0  -34.934  -59.685   1488.8    852.2
     5     1    19    11     5    17     0     1    -4.0  -35.457  -60.687   2609.1    736.2
     1     1    19    11     5    16     0     2    -5.0  -34.639  -58.850     20.7   1010.3
     2     1    19    11     5    16     0     2    -5.0  -34.663  -59.066    431.7    966.3
     3     1    19    11     5    16     0     2    -5.0  -34.762  -59.301    973.6    905.7
     4     1    19    11     5    16     0     2    -5.0  -35.037  -60.050   1595.3    838.0
     5     1    19    11     5    16     0     2    -5.0  -35.684  -61.312   2713.2    721.7
     1     1    19    11     5    15     0     3    -6.0  -34.684  -58.903     22.4   1011.0
     2     1    19    11     5    15     0     3    -6.0  -34.725  -59.130    502.1    958.2
     3     1    19    11     5    15     0     3    -6.0  -34.849  -59.417   1084.9    893.6
     4     1    19    11     5    15     0     3    -6.0  -35.158  -60.451   1685.1    826.9
     5     1    19    11     5    15     0     3    -6.0  -35.910  -61.963   2774.9    718.7
     1     1    19    11     5    14     0     2    -7.0  -34.732  -58.943     24.2   1010.5
     2     1    19    11     5    14     0     2    -7.0  -34.807  -59.175    571.2    948.9
     3     1    19    11     5    14     0     2    -7.0  -34.960  -59.543   1179.2    882.1
     4     1    19    11     5    14     0     2    -7.0  -35.314  -60.893   1775.8    814.1
     5     1    19    11     5    14     0     2    -7.0  -36.139  -62.650   2820.2    713.3
     1     1    19    11     5    13     0     1    -8.0  -34.771  -58.963     26.0   1009.9
     2     1    19    11     5    13     0     1    -8.0  -34.904  -59.213    619.8    943.0
     3     1    19    11     5    13     0     1    -8.0  -35.101  -59.700   1242.8    874.4
     4     1    19    11     5    13     0     1    -8.0  -35.500  -61.372   1841.2    804.7
     5     1    19    11     5    13     0     1    -8.0  -36.361  -63.358   2847.8    708.6
     1     1    19    11     5    12     0     0    -9.0  -34.803  -58.964     27.0   1009.2
     2     1    19    11     5    12     0     0    -9.0  -35.018  -59.252    638.4    940.0
     3     1    19    11     5    12     0     0    -9.0  -35.273  -59.883   1285.8    869.0
     4     1    19    11     5    12     0     0    -9.0  -35.691  -61.880   1851.8    802.7
     5     1    19    11     5    12     0     0    -9.0  -36.560  -64.061   2875.7    703.9
     1     1    19    11     5    11     0     1   -10.0  -34.839  -58.944     27.6   1007.8
     2     1    19    11     5    11     0     1   -10.0  -35.145  -59.286    649.1    940.4
     3     1    19    11     5    11     0     1   -10.0  -35.470  -60.096   1320.1    862.2
     4     1    19    11     5    11     0     1   -10.0  -35.882  -62.405   1815.4    807.1
     5     1    19    11     5    11     0     1   -10.0  -36.767  -64.737   2902.5    690.1
     1     1    19    11     5    10     0     2   -11.0  -34.891  -58.906     27.9   1006.4
     2     1    19    11     5    10     0     2   -11.0  -35.293  -59.308    672.9    935.4
     3     1    19    11     5    10     0     2   -11.0  -35.681  -60.344   1346.4    855.9
     4     1    19    11     5    10     0     2   -11.0  -36.081  -62.922   1794.8    812.5
     5     1    19    11     5    10     0     2   -11.0  -37.030  -65.387   2965.9    682.7
     1     1    19    11     5     9     0     3   -12.0  -34.958  -58.848     28.4   1005.2
     2     1    19    11     5     9     0     3   -12.0  -35.459  -59.315    695.7    930.3
     3     1    19    11     5     9     0     3   -12.0  -35.899  -60.615   1362.4    851.6
     4     1    19    11     5     9     0     3   -12.0  -36.316  -63.431   1835.1    804.9
     5     1    19    11     5     9     0     3   -12.0  -37.333  -66.014   3099.1    676.7
     1     1    19    11     5     8     0     2   -13.0  -35.036  -58.787     29.3   1005.2
     2     1    19    11     5     8     0     2   -13.0  -35.632  -59.320    706.5    928.0
     3     1    19    11     5     8     0     2   -13.0  -36.121  -60.911   1370.4    850.0
     4     1    19    11     5     8     0     2   -13.0  -36.571  -63.927   1908.6    792.0
     5     1    19    11     5     8     0     2   -13.0  -37.627  -66.633   3250.7    657.5
     1     1    19    11     5     7     0     1   -14.0  -35.123  -58.742     30.5   1005.2
     2     1    19    11     5     7     0     1   -14.0  -35.812  -59.337    706.5    927.6
     3     1    19    11     5     7     0     1   -14.0  -36.344  -61.233   1389.4    848.0
     4     1    19    11     5     7     0     1   -14.0  -36.826  -64.460   1987.2    776.9
     5     1    19    11     5     7     0     1   -14.0  -37.897  -67.279   3384.7    641.5
     1     1    19    11     5     6     0     0   -15.0  -35.216  -58.710     32.1   1005.0
     2     1    19    11     5     6     0     0   -15.0  -36.005  -59.373    703.8    927.3
     3     1    19    11     5     6     0     0   -15.0  -36.557  -61.564   1442.0    842.1
     4     1    19    11     5     6     0     0   -15.0  -37.106  -65.143   2125.4    757.9
     5     1    19    11     5     6     0     0   -15.0  -38.161  -67.935   3482.7    631.2
     1     1    19    11     5     5     0     1   -16.0  -35.330  -58.674     33.6   1004.6
     2     1    19    11     5     5     0     1   -16.0  -36.215  -59.408    712.0    924.3
     3     1    19    11     5     5     0     1   -16.0  -36.751  -61.885   1480.1    831.2
     4     1    19    11     5     5     0     1   -16.0  -37.373  -65.902   2271.3    745.5
     5     1    19    11     5     5     0     1   -16.0  -38.395  -68.572   3565.5    626.3
     1     1    19    11     5     4     0     2   -17.0  -35.476  -58.623     34.9   1004.2
     2     1    19    11     5     4     0     2   -17.0  -36.443  -59.441    742.8    916.6
     3     1    19    11     5     4     0     2   -17.0  -36.934  -62.191   1435.6    837.8
     4     1    19    11     5     4     0     2   -17.0  -37.594  -66.591   2391.6    734.9
     5     1    19    11     5     4     0     2   -17.0  -38.621  -69.169   3702.9    600.7
     1     1    19    11     5     3     0     3   -18.0  -35.652  -58.561     36.7   1003.7
     2     1    19    11     5     3     0     3   -18.0  -36.678  -59.522    794.5    907.8
     3     1    19    11     5     3     0     3   -18.0  -37.140  -62.523   1383.6    842.5
     4     1    19    11     5     3     0     3   -18.0  -37.791  -67.268   2663.4    711.3
     5     1    19    11     5     3     0     3   -18.0  -38.896  -69.722   3795.7    566.7
     1     1    19    11     5     2     0     2   -19.0  -35.845  -58.484     40.9   1003.1
     2     1    19    11     5     2     0     2   -19.0  -36.905  -59.673    842.1    895.6
     3     1    19    11     5     2     0     2   -19.0  -37.379  -62.885   1362.7    841.6
     4     1    19    11     5     2     0     2   -19.0  -37.934  -67.981   2868.0    669.4
     5     1    19    11     5     2     0     2   -19.0  -39.223  -70.240   3885.1    556.2
     1     1    19    11     5     1     0     1   -20.0  -36.059  -58.377     50.0   1002.1
     2     1    19    11     5     1     0     1   -20.0  -37.121  -59.840    869.8    889.2
     3     1    19    11     5     1     0     1   -20.0  -37.642  -63.286   1331.9    843.2
     4     1    19    11     5     1     0     1   -20.0  -38.047  -68.644   2871.1    680.3
     5     1    19    11     5     1     0     1   -20.0  -39.615  -70.722   3917.8    539.8
     1     1    19    11     5     0     0     0   -21.0  -36.312  -58.243     64.7    999.9
     2     1    19    11     5     0     0     0   -21.0  -37.334  -59.992    888.9    885.3
     3     1    19    11     5     0     0     0   -21.0  -37.927  -63.743   1314.9    850.0
     4     1    19    11     5     0     0     0   -21.0  -38.160  -69.228   2767.2    679.1
     5     1    19    11     5     0     0     0   -21.0  -40.067  -71.115   3735.8    559.9
     1     1    19    11     4    23     0     1   -22.0  -36.572  -58.130     79.2    996.2
     2     1    19    11     4    23     0     1   -22.0  -37.527  -60.132    902.1    883.1
     3     1    19    11     4    23     0     1   -22.0  -38.214  -64.219   1403.5    845.7
     4     1    19    11     4    23     0     1   -22.0  -38.313  -69.748   2623.4    662.5
     5     1    19    11     4    23     0     1   -22.0  -40.551  -71.512   3548.1    583.2
     1     1    19    11     4    22     0     2   -23.0  -36.819  -58.047     83.3    994.6
     2     1    19    11     4    22     0     2   -23.0  -37.683  -60.256    925.4    882.4
     3     1    19    11     4    22     0     2   -23.0  -38.467  -64.703   1547.4    817.7
     4     1    19    11     4    22     0     2   -23.0  -38.517  -70.269   2598.1    650.0
     5     1    19    11     4    22     0     2   -23.0  -41.077  -72.071   3849.3    576.6
     1     1    19    11     4    21     0     3   -24.0  -37.084  -57.960     74.1    993.8
     2     1    19    11     4    21     0     3   -24.0  -37.794  -60.354   1002.5    875.3
     3     1    19    11     4    21     0     3   -24.0  -38.707  -65.231   1665.5    806.3
     4     1    19    11     4    21     0     3   -24.0  -38.784  -70.866   2764.5    609.0
     5     1    19    11     4    21     0     3   -24.0  -41.659  -72.678   4284.7    551.5
     1     1    19    11     4    20     0     2   -25.0  -37.319  -57.931     60.1    992.8
     2     1    19    11     4    20     0     2   -25.0  -37.861  -60.458   1095.0    859.3
     3     1    19    11     4    20     0     2   -25.0  -38.962  -65.798   1925.2    794.6
     4     1    19    11     4    20     0     2   -25.0  -39.060  -71.503   2880.9    618.2
     5     1    19    11     4    20     0     2   -25.0  -42.187  -73.292   4515.7    572.3
     1     1    19    11     4    19     0     1   -26.0  -37.490  -57.992     44.6    991.1
     2     1    19    11     4    19     0     1   -26.0  -37.939  -60.560   1098.1    855.3
     3     1    19    11     4    19     0     1   -26.0  -39.214  -66.417   2359.7    736.6
     4     1    19    11     4    19     0     1   -26.0  -39.237  -72.089   2969.2    655.0
     5     1    19    11     4    19     0     1   -26.0  -42.720  -73.920   4690.9    552.1
     1     1    19    11     4    18     0     0   -27.0  -37.636  -58.111     27.8    990.2
     2     1    19    11     4    18     0     0   -27.0  -38.057  -60.644    971.9    867.7
     3     1    19    11     4    18     0     0   -27.0  -39.428  -67.088   2623.9    693.8
     4     1    19    11     4    18     0     0   -27.0  -39.398  -72.601   3111.3    652.9
     5     1    19    11     4    18     0     0   -27.0  -43.320  -74.532   4891.4    536.1
     1     1    19    11     4    17     0     1   -28.0  -37.775  -58.259     16.9    991.1
     2     1    19    11     4    17     0     1   -28.0  -38.225  -60.733    824.5    898.3
     3     1    19    11     4    17     0     1   -28.0  -39.597  -67.798   2721.3    681.8
     4     1    19    11     4    17     0     1   -28.0  -39.556  -73.023   3184.4    665.0
     5     1    19    11     4    17     0     1   -28.0  -43.923  -75.142   5028.2    532.4
     1     1    19    11     4    16     0     2   -29.0  -37.903  -58.432     10.7    990.0
     2     1    19    11     4    16     0     2   -29.0  -38.445  -60.860    732.0    911.6
     3     1    19    11     4    16     0     2   -29.0  -39.713  -68.604   2862.4    654.1
     4     1    19    11     4    16     0     2   -29.0  -39.709  -73.402   3199.2    671.2
     5     1    19    11     4    16     0     2   -29.0  -44.509  -75.764   5099.8    525.2
     1     1    19    11     4    15     0     3   -30.0  -38.013  -58.632      8.0    989.3
     2     1    19    11     4    15     0     3   -30.0  -38.722  -61.033    659.1    923.2
     3     1    19    11     4    15     0     3   -30.0  -39.830  -69.483   3065.3    619.6
     4     1    19    11     4    15     0     3   -30.0  -39.883  -73.795   3213.1    676.1
     5     1    19    11     4    15     0     3   -30.0  -45.125  -76.353   5155.4    523.4
     1     1    19    11     4    14     0     2   -31.0  -38.088  -58.855      7.4    989.5
     2     1    19    11     4    14     0     2   -31.0  -39.040  -61.256    566.3    939.8
     3     1    19    11     4    14     0     2   -31.0  -39.995  -70.328   2614.7    673.3
     4     1    19    11     4    14     0     2   -31.0  -40.083  -74.205   3214.6    680.1
     5     1    19    11     4    14     0     2   -31.0  -45.780  -76.952   5248.8    514.7
     1     1    19    11     4    13     0     1   -32.0  -38.114  -59.098      8.5    988.1
     2     1    19    11     4    13     0     1   -32.0  -39.360  -61.527    498.0    947.5
     3     1    19    11     4    13     0     1   -32.0  -40.064  -71.237   2356.8    671.0
     4     1    19    11     4    13     0     1   -32.0  -40.290  -74.645   3213.4    679.4
     5     1    19    11     4    13     0     1   -32.0  -46.445  -77.572   5327.9    507.9
     1     1    19    11     4    12     0     0   -33.0  -38.098  -59.356     10.7    985.0
     2     1    19    11     4    12     0     0   -33.0  -39.668  -61.866    462.8    950.5
     3     1    19    11     4    12     0     0   -33.0  -40.031  -72.006   2196.8    673.7
     4     1    19    11     4    12     0     0   -33.0  -40.516  -75.139   3209.8    679.0
     5     1    19    11     4    12     0     0   -33.0  -47.162  -78.182   5365.4    503.9
     1     1    19    11     4    11     0     1   -34.0  -38.049  -59.611     15.5    981.1
     2     1    19    11     4    11     0     1   -34.0  -39.964  -62.253    425.1    954.5
     3     1    19    11     4    11     0     1   -34.0  -39.975  -72.568   1993.7    735.9
     4     1    19    11     4    11     0     1   -34.0  -40.759  -75.685   3194.7    679.6
     5     1    19    11     4    11     0     1   -34.0  -47.917  -78.847   5394.4    500.9
     1     1    19    11     4    10     0     2   -35.0  -37.951  -59.866     29.2    976.1
     2     1    19    11     4    10     0     2   -35.0  -40.243  -62.656    398.1    956.6
     3     1    19    11     4    10     0     2   -35.0  -39.955  -73.028   1870.2    780.4
     4     1    19    11     4    10     0     2   -35.0  -41.005  -76.290   3172.4    681.3
     5     1    19    11     4    10     0     2   -35.0  -48.692  -79.557   5441.6    496.9
     1     1    19    11     4     9     0     3   -36.0  -37.783  -60.152     57.4    972.4
     2     1    19    11     4     9     0     3   -36.0  -40.468  -63.116    382.2    956.8
     3     1    19    11     4     9     0     3   -36.0  -39.984  -73.452   1791.6    797.7
     4     1    19    11     4     9     0     3   -36.0  -41.258  -76.929   3189.4    679.4
     5     1    19    11     4     9     0     3   -36.0  -49.507  -80.312   5507.0    489.9
     1     1    19    11     4     8     0     2   -37.0  -37.581  -60.430     84.1    969.5
     2     1    19    11     4     8     0     2   -37.0  -40.691  -63.646    366.6    956.0
     3     1    19    11     4     8     0     2   -37.0  -40.053  -73.866   1709.3    817.1
     4     1    19    11     4     8     0     2   -37.0  -41.523  -77.581   3232.0    674.3
     5     1    19    11     4     8     0     2   -37.0  -50.321  -81.159   5497.4    492.2
     1     1    19    11     4     7     0     1   -38.0  -37.350  -60.632     94.2    969.9
     2     1    19    11     4     7     0     1   -38.0  -40.913  -64.196    283.6    967.5
     3     1    19    11     4     7     0     1   -38.0  -40.150  -74.250   1610.9    830.7
     4     1    19    11     4     7     0     1   -38.0  -41.789  -78.253   3261.1    671.5
     5     1    19    11     4     7     0     1   -38.0  -51.157  -82.003   5555.3    485.6
     1     1    19    11     4     6     0     0   -39.0  -37.081  -60.731     82.4    972.8
     2     1    19    11     4     6     0     0   -39.0  -41.064  -64.714    264.8    972.2
     3     1    19    11     4     6     0     0   -39.0  -40.243  -74.632   1492.0    842.9
     4     1    19    11     4     6     0     0   -39.0  -42.069  -78.965   3271.6    669.6
     5     1    19    11     4     6     0     0   -39.0  -52.010  -82.886   5568.7    483.9
     1     1    19    11     4     5     0     1   -40.0  -36.825  -60.746     56.6    979.5
     2     1    19    11     4     5     0     1   -40.0  -41.226  -65.279    386.4    945.6
     3     1    19    11     4     5     0     1   -40.0  -40.340  -75.038   1385.2    855.4
     4     1    19    11     4     5     0     1   -40.0  -42.398  -79.688   3255.7    671.3
     5     1    19    11     4     5     0     1   -40.0  -52.852  -83.856   5591.6    483.2
     1     1    19    11     4     4     0     2   -41.0  -36.606  -60.735     39.4    983.8
     2     1    19    11     4     4     0     2   -41.0  -41.422  -65.952    642.2    892.2
     3     1    19    11     4     4     0     2   -41.0  -40.461  -75.465   1346.1    859.3
     4     1    19    11     4     4     0     2   -41.0  -42.764  -80.426   3225.0    674.2
     5     1    19    11     4     4     0     2   -41.0  -53.725  -84.880   5655.9    476.9
     1     1    19    11     4     3     0     3   -42.0  -36.413  -60.708     29.4    987.4
     2     1    19    11     4     3     0     3   -42.0  -41.602  -66.771   1036.2    817.8
     3     1    19    11     4     3     0     3   -42.0  -40.608  -75.902   1349.0    858.8
     4     1    19    11     4     3     0     3   -42.0  -43.150  -81.228   3211.0    675.0
     5     1    19    11     4     3     0     3   -42.0  -54.590  -86.030   5719.8    472.8
     1     1    19    11     4     2     0     2   -43.0  -36.243  -60.668     25.2    990.6
     2     1    19    11     4     2     0     2   -43.0  -41.697  -67.788   1374.0    744.7
     3     1    19    11     4     2     0     2   -43.0  -40.772  -76.369   1365.5    856.2
     4     1    19    11     4     2     0     2   -43.0  -43.563  -82.054   3219.1    673.8
     5     1    19    11     4     2     0     2   -43.0  -55.419  -87.238   5773.4    468.2
     1     1    19    11     4     1     0     1   -44.0  -36.093  -60.623     26.4    993.0
     2     1    19    11     4     1     0     1   -44.0  -41.709  -68.954   1708.9    694.0
     3     1    19    11     4     1     0     1   -44.0  -40.955  -76.885   1370.5    854.9
     4     1    19    11     4     1     0     1   -44.0  -43.992  -82.893   3266.2    669.8
     5     1    19    11     4     1     0     1   -44.0  -56.259  -88.543   5787.2    466.6
     1     1    19    11     4     0     0     0   -45.0  -35.962  -60.575     33.7    994.1
     2     1    19    11     4     0     0     0   -45.0  -41.630  -70.146   1897.9    696.4
     3     1    19    11     4     0     0     0   -45.0  -41.158  -77.443   1355.1    856.1
     4     1    19    11     4     0     0     0   -45.0  -44.442  -83.776   3363.6    659.8
     5     1    19    11     4     0     0     0   -45.0  -57.037  -90.038   5758.3    469.2
     1     1    19    11     3    23     0     1   -46.0  -35.842  -60.524     42.9    993.3
     2     1    19    11     3    23     0     1   -46.0  -41.498  -71.411   1802.5    711.0
     3     1    19    11     3    23     0     1   -46.0  -41.361  -78.042   1338.2    857.7
     4     1    19    11     3    23     0     1   -46.0  -44.930  -84.687   3447.0    651.8
     5     1    19    11     3    23     0     1   -46.0  -57.757  -91.528   5740.0    469.4
     1     1    19    11     3    22     0     2   -47.0  -35.731  -60.475     49.4    993.0
     2     1    19    11     3    22     0     2   -47.0  -41.341  -72.384   1909.6    732.9
     3     1    19    11     3    22     0     2   -47.0  -41.565  -78.685   1345.2    856.8
     4     1    19    11     3    22     0     2   -47.0  -45.429  -85.607   3474.7    648.8
     5     1    19    11     3    22     0     2   -47.0  -58.446  -93.094   5693.2    473.5
     1     1    19    11     3    21     0     3   -48.0  -35.628  -60.430     53.5    993.1
     2     1    19    11     3    21     0     3   -48.0  -41.168  -73.103   1724.1    806.7
     3     1    19    11     3    21     0     3   -48.0  -41.786  -79.342   1394.9    851.1
     4     1    19    11     3    21     0     3   -48.0  -45.912  -86.537   3423.3    652.7
     5     1    19    11     3    21     0     3   -48.0  -59.049  -94.820   5620.8    477.7
     1     1    19    11     3    20     0     2   -49.0  -35.523  -60.399     56.1    994.1
     2     1    19    11     3    20     0     2   -49.0  -41.001  -73.702   1410.2    844.9
     3     1    19    11     3    20     0     2   -49.0  -42.008  -80.006   1424.5    847.5
     4     1    19    11     3    20     0     2   -49.0  -46.421  -87.461   3365.5    658.1
     5     1    19    11     3    20     0     2   -49.0  -59.611  -96.638   5473.3    486.6
     1     1    19    11     3    19     0     1   -50.0  -35.407  -60.393     58.0    995.1
     2     1    19    11     3    19     0     1   -50.0  -40.859  -74.232    943.0    903.9
     3     1    19    11     3    19     0     1   -50.0  -42.213  -80.726   1431.3    847.0
     4     1    19    11     3    19     0     1   -50.0  -46.978  -88.326   3394.1    654.5
     5     1    19    11     3    19     0     1   -50.0  -60.081  -98.394   5350.7    495.7
     1     1    19    11     3    18     0     0   -51.0  -35.280  -60.412     60.1    996.1
     2     1    19    11     3    18     0     0   -51.0  -40.742  -74.760    708.4    929.6
     3     1    19    11     3    18     0     0   -51.0  -42.438  -81.499   1476.8    842.0
     4     1    19    11     3    18     0     0   -51.0  -47.564  -89.152   3434.8    649.9
     5     1    19    11     3    18     0     0   -51.0  -60.483 -100.316   5130.8    513.7
     1     1    19    11     3    17     0     1   -52.0  -35.148  -60.426     62.4    996.8
     2     1    19    11     3    17     0     1   -52.0  -40.673  -75.332    680.6    931.4
     3     1    19    11     3    17     0     1   -52.0  -42.695  -82.273   1535.3    835.5
     4     1    19    11     3    17     0     1   -52.0  -48.180  -89.953   3461.1    647.1
     5     1    19    11     3    17     0     1   -52.0  -60.846 -102.462   5110.5    512.3
     1     1    19    11     3    16     0     2   -53.0  -35.015  -60.405     64.2    997.8
     2     1    19    11     3    16     0     2   -53.0  -40.652  -75.893    655.0    934.3
     3     1    19    11     3    16     0     2   -53.0  -42.955  -83.070   1568.0    831.9
     4     1    19    11     3    16     0     2   -53.0  -48.855  -90.747   3512.8    642.1
     5     1    19    11     3    16     0     2   -53.0  -61.166 -104.570   5020.3    521.0
     1     1    19    11     3    15     0     3   -54.0  -34.881  -60.347     64.9    998.6
     2     1    19    11     3    15     0     3   -54.0  -40.653  -76.474    569.4    944.1
     3     1    19    11     3    15     0     3   -54.0  -43.195  -83.911   1577.7    831.3
     4     1    19    11     3    15     0     3   -54.0  -49.588  -91.522   3585.8    634.6
     5     1    19    11     3    15     0     3   -54.0  -61.385 -106.760   4963.8    525.3
     1     1    19    11     3    14     0     2   -55.0  -34.761  -60.260     64.4   1000.0
     2     1    19    11     3    14     0     2   -55.0  -40.641  -77.086    462.2    957.5
     3     1    19    11     3    14     0     2   -55.0  -43.468  -84.785   1601.4    827.8
     4     1    19    11     3    14     0     2   -55.0  -50.336  -92.273   3616.8    631.0
     5     1    19    11     3    14     0     2   -55.0  -61.504 -109.030   4818.1    536.4
     1     1    19    11     3    13     0     1   -56.0  -34.671  -60.149     63.1   1001.6
     2     1    19    11     3    13     0     1   -56.0  -40.645  -77.685    420.7    962.7
     3     1    19    11     3    13     0     1   -56.0  -43.759  -85.716   1573.0    830.2
     4     1    19    11     3    13     0     1   -56.0  -51.090  -93.038   3632.5    628.4
     5     1    19    11     3    13     0     1   -56.0  -61.618 -111.368   4711.7    544.5
     1     1    19    11     3    12     0     0   -57.0  -34.614  -60.015     60.8   1003.6
     2     1    19    11     3    12     0     0   -57.0  -40.661  -78.305    439.1    960.0
     3     1    19    11     3    12     0     0   -57.0  -44.050  -86.670   1534.3    835.0
     4     1    19    11     3    12     0     0   -57.0  -51.859  -93.813   3665.1    624.9
     5     1    19    11     3    12     0     0   -57.0  -61.639 -113.751   4600.3    553.5
     1     1    19    11     3    11     0     1   -58.0  -34.587  -59.874     58.9   1004.3
     2     1    19    11     3    11     0     1   -58.0  -40.684  -78.967    442.7    959.8
     3     1    19    11     3    11     0     1   -58.0  -44.358  -87.649   1553.6    832.1
     4     1    19    11     3    11     0     1   -58.0  -52.650  -94.569   3738.1    617.6
     5     1    19    11     3    11     0     1   -58.0  -61.582 -116.152   4496.9    561.4
     1     1    19    11     3    10     0     2   -59.0  -34.586  -59.741     58.3   1004.7
     2     1    19    11     3    10     0     2   -59.0  -40.745  -79.633    442.6    960.0
     3     1    19    11     3    10     0     2   -59.0  -44.662  -88.662   1537.3    833.9
     4     1    19    11     3    10     0     2   -59.0  -53.424  -95.276   3803.3    611.2
     5     1    19    11     3    10     0     2   -59.0  -61.474 -118.547   4366.5    572.0
     1     1    19    11     3     9     0     3   -60.0  -34.612  -59.617     58.3   1004.9
     2     1    19    11     3     9     0     3   -60.0  -40.801  -80.339    442.1    960.1
     3     1    19    11     3     9     0     3   -60.0  -44.969  -89.660   1542.8    833.5
     4     1    19    11     3     9     0     3   -60.0  -54.189  -95.952   3862.9    605.2
     5     1    19    11     3     9     0     3   -60.0  -61.246 -120.892   4282.6    578.9
     1     1    19    11     3     8     0     2   -61.0  -34.665  -59.500     57.8   1004.7
     2     1    19    11     3     8     0     2   -61.0  -40.841  -81.096    435.3    961.7
     3     1    19    11     3     8     0     2   -61.0  -45.269  -90.660   1602.4    826.8
     4     1    19    11     3     8     0     2   -61.0  -54.950  -96.599   3886.7    602.2
     5     1    19    11     3     8     0     2   -61.0  -60.989 -123.294   4211.4    584.9
     1     1    19    11     3     7     0     1   -62.0  -34.746  -59.391     56.5   1004.7
     2     1    19    11     3     7     0     1   -62.0  -40.890  -81.898    458.9    959.7
     3     1    19    11     3     7     0     1   -62.0  -45.569  -91.703   1634.2    823.4
     4     1    19    11     3     7     0     1   -62.0  -55.713  -97.202   3890.3    601.1
     5     1    19    11     3     7     0     1   -62.0  -60.688 -125.590   4156.9    589.4
     1     1    19    11     3     6     0     0   -63.0  -34.856  -59.291     55.1   1004.7
     2     1    19    11     3     6     0     0   -63.0  -40.937  -82.728    498.7    955.0
     3     1    19    11     3     6     0     0   -63.0  -45.872  -92.724   1603.9    827.5
     4     1    19    11     3     6     0     0   -63.0  -56.467  -97.756   3911.5    598.4
     5     1    19    11     3     6     0     0   -63.0  -60.247 -127.779   4120.0    593.0
     1     1    19    11     3     5     0     1   -64.0  -34.991  -59.199     54.2   1005.0
     2     1    19    11     3     5     0     1   -64.0  -40.966  -83.587    495.1    956.6
     3     1    19    11     3     5     0     1   -64.0  -46.208  -93.672   1622.9    825.0
     4     1    19    11     3     5     0     1   -64.0  -57.221  -98.273   3981.0    591.4
     5     1    19    11     3     5     0     1   -64.0  -59.760 -129.968   4102.4    594.7
     1     1    19    11     3     4     0     2   -65.0  -35.146  -59.118     54.5   1005.1
     2     1    19    11     3     4     0     2   -65.0  -40.993  -84.487    488.6    957.7
     3     1    19    11     3     4     0     2   -65.0  -46.540  -94.649   1607.0    827.0
     4     1    19    11     3     4     0     2   -65.0  -57.947  -98.790   4031.0    586.6
     5     1    19    11     3     4     0     2   -65.0  -59.297 -132.075   4067.4    598.4
     1     1    19    11     3     3     0     3   -66.0  -35.320  -59.055     57.1   1005.0
     2     1    19    11     3     3     0     3   -66.0  -40.996  -85.399    442.7    964.9
     3     1    19    11     3     3     0     3   -66.0  -46.918  -95.589   1615.7    827.0
     4     1    19    11     3     3     0     3   -66.0  -58.658  -99.308   4064.3    583.3
     5     1    19    11     3     3     0     3   -66.0  -58.766 -133.887   4017.0    602.9
     1     1    19    11     3     2     0     2   -67.0  -35.508  -59.018     63.5   1004.4
     2     1    19    11     3     2     0     2   -67.0  -40.953  -86.326    428.1    966.9
     3     1    19    11     3     2     0     2   -67.0  -47.371  -96.480   1674.1    818.9
     4     1    19    11     3     2     0     2   -67.0  -59.319  -99.804   4103.4    579.3
     5     1    19    11     3     2     0     2   -67.0  -58.166 -135.654   3979.3    606.4
     1     1    19    11     3     1     0     1   -68.0  -35.707  -59.008     75.9   1003.3
     2     1    19    11     3     1     0     1   -68.0  -40.873  -87.253    431.1    966.8
     3     1    19    11     3     1     0     1   -68.0  -47.828  -97.453   1697.9    815.9
     4     1    19    11     3     1     0     1   -68.0  -59.923 -100.302   4192.8    571.1
     5     1    19    11     3     1     0     1   -68.0  -57.605 -137.365   3923.6    611.4
     1     1    19    11     3     0     0     0   -69.0  -35.933  -59.015     99.1   1001.2
     2     1    19    11     3     0     0     0   -69.0  -40.765  -88.188    428.5    967.5
     3     1    19    11     3     0     0     0   -69.0  -48.300  -98.468   1676.7    818.4
     4     1    19    11     3     0     0     0   -69.0  -60.483 -100.787   4315.3    560.8
     5     1    19    11     3     0     0     0   -69.0  -57.058 -138.931   3864.2    616.5
     1     1    19    11     2    23     0     1   -70.0  -36.183  -59.051    139.7    995.0
     2     1    19    11     2    23     0     1   -70.0  -40.623  -89.109    423.2    969.0
     3     1    19    11     2    23     0     1   -70.0  -48.835  -99.434   1692.8    815.2
     4     1    19    11     2    23     0     1   -70.0  -61.005 -101.235   4430.0    551.0
     5     1    19    11     2    23     0     1   -70.0  -56.441 -140.334   3849.9    618.1
     1     1    19    11     2    22     0     2   -71.0  -36.440  -59.135    204.6    982.9
     2     1    19    11     2    22     0     2   -71.0  -40.463  -90.007    427.0    969.8
     3     1    19    11     2    22     0     2   -71.0  -49.341 -100.432   1674.2    817.0
     4     1    19    11     2    22     0     2   -71.0  -61.471 -101.632   4510.7    544.0
     5     1    19    11     2    22     0     2   -71.0  -55.824 -141.765   3877.1    615.0
     1     1    19    11     2    21     0     3   -72.0  -36.725  -59.254    304.4    966.3
     2     1    19    11     2    21     0     3   -72.0  -40.296  -90.891    451.3    967.5
     3     1    19    11     2    21     0     3   -72.0  -49.848 -101.407   1656.5    818.0
     4     1    19    11     2    21     0     3   -72.0  -61.902 -101.941   4578.4    538.0
     5     1    19    11     2    21     0     3   -72.0  -55.265 -143.125   3876.2    615.6
