     7     1
    GDAS    19    12    29     0     0
    GDAS    20     1     1     0     0
    GDAS    20     1     8     0     0
    GDAS    20     1    15     0     0
    GDAS    20     1    22     0     0
    GDAS    20     1    29     0     0
    GDAS    20     2     1     0     0
     5 BACKWARD OMEGA   
    20     1    10    15  -34.572  -58.513    10.0
    20     1    10    15  -34.572  -58.513   200.0
    20     1    10    15  -34.572  -58.513   500.0
    20     1    10    15  -34.572  -58.513  1000.0
    20     1    10    15  -34.572  -58.513  2000.0
     1 PRESSURE
     1     1    20     1    10    15     0     3     0.0  -34.572  -58.513     10.0   1005.1
     2     1    20     1    10    15     0     3     0.0  -34.572  -58.513    200.0    985.0
     3     1    20     1    10    15     0     3     0.0  -34.572  -58.513    500.0    951.9
     4     1    20     1    10    15     0     3     0.0  -34.572  -58.513   1000.0    898.6
     5     1    20     1    10    15     0     3     0.0  -34.572  -58.513   2000.0    798.9
     1     1    20     1    10    14     0     2    -1.0  -34.647  -58.521      8.2   1005.4
     2     1    20     1    10    14     0     2    -1.0  -34.658  -58.519    162.9    992.1
     3     1    20     1    10    14     0     2    -1.0  -34.657  -58.523    431.4    961.9
     4     1    20     1    10    14     0     2    -1.0  -34.667  -58.554    962.1    903.7
     5     1    20     1    10    14     0     2    -1.0  -34.595  -58.726   2076.8    791.0
     1     1    20     1    10    13     0     1    -2.0  -34.688  -58.483      7.5   1005.7
     2     1    20     1    10    13     0     1    -2.0  -34.703  -58.467    147.4    993.3
     3     1    20     1    10    13     0     1    -2.0  -34.692  -58.480    393.7    966.0
     4     1    20     1    10    13     0     1    -2.0  -34.725  -58.598    944.5    906.5
     5     1    20     1    10    13     0     1    -2.0  -34.621  -58.936   2134.4    787.2
     1     1    20     1    10    12     0     0    -3.0  -34.697  -58.398      7.6   1005.8
     2     1    20     1    10    12     0     0    -3.0  -34.712  -58.356    146.8    993.0
     3     1    20     1    10    12     0     0    -3.0  -34.681  -58.381    386.1    966.1
     4     1    20     1    10    12     0     0    -3.0  -34.743  -58.643    956.2    905.7
     5     1    20     1    10    12     0     0    -3.0  -34.648  -59.138   2192.9    782.7
     1     1    20     1    10    11     0     1    -4.0  -34.697  -58.286      8.1   1005.9
     2     1    20     1    10    11     0     1    -4.0  -34.706  -58.195    155.1    990.6
     3     1    20     1    10    11     0     1    -4.0  -34.647  -58.227    399.6    962.8
     4     1    20     1    10    11     0     1    -4.0  -34.745  -58.679    987.9    900.8
     5     1    20     1    10    11     0     1    -4.0  -34.675  -59.362   2245.4    776.2
     1     1    20     1    10    10     0     2    -5.0  -34.709  -58.171      8.8   1006.3
     2     1    20     1    10    10     0     2    -5.0  -34.706  -57.998    168.7    988.2
     3     1    20     1    10    10     0     2    -5.0  -34.606  -58.020    429.1    958.6
     4     1    20     1    10    10     0     2    -5.0  -34.745  -58.695   1026.3    896.2
     5     1    20     1    10    10     0     2    -5.0  -34.707  -59.627   2271.9    773.0
     1     1    20     1    10     9     0     3    -6.0  -34.733  -58.053      9.7   1007.0
     2     1    20     1    10     9     0     3    -6.0  -34.709  -57.753    188.9    985.0
     3     1    20     1    10     9     0     3    -6.0  -34.553  -57.769    476.6    951.4
     4     1    20     1    10     9     0     3    -6.0  -34.740  -58.701   1068.7    891.4
     5     1    20     1    10     9     0     3    -6.0  -34.752  -59.917   2262.6    773.0
     1     1    20     1    10     8     0     2    -7.0  -34.764  -57.927     10.4   1006.2
     2     1    20     1    10     8     0     2    -7.0  -34.715  -57.459    204.6    981.3
     3     1    20     1    10     8     0     2    -7.0  -34.501  -57.501    521.0    942.5
     4     1    20     1    10     8     0     2    -7.0  -34.723  -58.704   1098.7    886.6
     5     1    20     1    10     8     0     2    -7.0  -34.791  -60.208   2249.2    776.2
     1     1    20     1    10     7     0     1    -8.0  -34.797  -57.781     10.5   1005.8
     2     1    20     1    10     7     0     1    -8.0  -34.729  -57.127    207.4    980.6
     3     1    20     1    10     7     0     1    -8.0  -34.461  -57.218    545.7    938.4
     4     1    20     1    10     7     0     1    -8.0  -34.687  -58.695   1102.1    886.1
     5     1    20     1    10     7     0     1    -8.0  -34.799  -60.505   2270.8    771.4
     1     1    20     1    10     6     0     0    -9.0  -34.833  -57.603     10.2   1006.1
     2     1    20     1    10     6     0     0    -9.0  -34.753  -56.766    203.2    981.9
     3     1    20     1    10     6     0     0    -9.0  -34.434  -56.911    556.5    936.6
     4     1    20     1    10     6     0     0    -9.0  -34.632  -58.663   1079.1    888.0
     5     1    20     1    10     6     0     0    -9.0  -34.792  -60.827   2311.3    763.9
     1     1    20     1    10     5     0     1   -10.0  -34.876  -57.386      9.8   1007.1
     2     1    20     1    10     5     0     1   -10.0  -34.797  -56.402    195.4    984.3
     3     1    20     1    10     5     0     1   -10.0  -34.427  -56.599    561.1    937.9
     4     1    20     1    10     5     0     1   -10.0  -34.581  -58.592   1054.8    892.7
     5     1    20     1    10     5     0     1   -10.0  -34.788  -61.161   2342.9    758.0
     1     1    20     1    10     4     0     2   -11.0  -34.933  -57.122      9.7   1008.4
     2     1    20     1    10     4     0     2   -11.0  -34.865  -56.044    178.6    987.2
     3     1    20     1    10     4     0     2   -11.0  -34.448  -56.294    557.7    939.3
     4     1    20     1    10     4     0     2   -11.0  -34.554  -58.486   1053.1    892.4
     5     1    20     1    10     4     0     2   -11.0  -34.785  -61.484   2351.8    757.7
     1     1    20     1    10     3     0     3   -12.0  -35.012  -56.814      9.5   1009.7
     2     1    20     1    10     3     0     3   -12.0  -34.950  -55.697    156.0    991.8
     3     1    20     1    10     3     0     3   -12.0  -34.498  -55.977    533.9    942.9
     4     1    20     1    10     3     0     3   -12.0  -34.551  -58.357   1073.1    890.0
     5     1    20     1    10     3     0     3   -12.0  -34.761  -61.792   2341.4    758.9
     1     1    20     1    10     2     0     2   -13.0  -35.094  -56.495      8.6   1009.0
     2     1    20     1    10     2     0     2   -13.0  -35.043  -55.368    139.6    995.1
     3     1    20     1    10     2     0     2   -13.0  -34.572  -55.665    517.0    947.0
     4     1    20     1    10     2     0     2   -13.0  -34.569  -58.242   1093.5    885.4
     5     1    20     1    10     2     0     2   -13.0  -34.731  -62.094   2348.1    761.5
     1     1    20     1    10     1     0     1   -14.0  -35.163  -56.186      6.9   1008.5
     2     1    20     1    10     1     0     1   -14.0  -35.141  -55.059    136.1    995.1
     3     1    20     1    10     1     0     1   -14.0  -34.670  -55.392    532.0    944.8
     4     1    20     1    10     1     0     1   -14.0  -34.614  -58.160   1086.4    885.6
     5     1    20     1    10     1     0     1   -14.0  -34.727  -62.412   2394.9    754.2
     1     1    20     1    10     0     0     0   -15.0  -35.224  -55.892      4.6   1008.2
     2     1    20     1    10     0     0     0   -15.0  -35.262  -54.771    145.2    993.8
     3     1    20     1    10     0     0     0   -15.0  -34.794  -55.156    572.3    941.4
     4     1    20     1    10     0     0     0   -15.0  -34.693  -58.103   1033.4    890.1
     5     1    20     1    10     0     0     0   -15.0  -34.742  -62.744   2414.3    748.6
     1     1    20     1     9    23     0     1   -16.0  -35.310  -55.630      2.5   1007.5
     2     1    20     1     9    23     0     1   -16.0  -35.435  -54.536    161.5    990.6
     3     1    20     1     9    23     0     1   -16.0  -34.926  -55.007    609.9    937.1
     4     1    20     1     9    23     0     1   -16.0  -34.788  -58.050    832.3    902.5
     5     1    20     1     9    23     0     1   -16.0  -34.741  -63.072   2383.5    751.7
     1     1    20     1     9    22     0     2   -17.0  -35.453  -55.416      1.1   1006.9
     2     1    20     1     9    22     0     2   -17.0  -35.672  -54.372    180.9    988.1
     3     1    20     1     9    22     0     2   -17.0  -35.040  -54.973    618.9    937.1
     4     1    20     1     9    22     0     2   -17.0  -34.843  -57.947    464.1    947.3
     5     1    20     1     9    22     0     2   -17.0  -34.706  -63.391   2368.5    754.8
     1     1    20     1     9    21     0     3   -18.0  -35.653  -55.248      0.2   1006.2
     2     1    20     1     9    21     0     3   -18.0  -35.970  -54.258    212.9    984.8
     3     1    20     1     9    21     0     3   -18.0  -35.142  -55.039    601.3    939.2
     4     1    20     1     9    21     0     3   -18.0  -34.849  -57.797    236.4    992.8
     5     1    20     1     9    21     0     3   -18.0  -34.655  -63.732   2418.8    747.9
     1     1    20     1     9    20     0     2   -19.0  -35.878  -55.129      0.0   1006.5
     2     1    20     1     9    20     0     2   -19.0  -36.281  -54.244    238.8    979.1
     3     1    20     1     9    20     0     2   -19.0  -35.243  -55.146    599.6    943.2
     4     1    20     1     9    20     0     2   -19.0  -34.871  -57.657    122.9   1002.2
     5     1    20     1     9    20     0     2   -19.0  -34.580  -64.093   2508.2    734.3
     1     1    20     1     9    19     0     1   -20.0  -36.107  -55.074      0.1   1006.8
     2     1    20     1     9    19     0     1   -20.0  -36.557  -54.359    236.6    980.0
     3     1    20     1     9    19     0     1   -20.0  -35.315  -55.286    637.6    938.3
     4     1    20     1     9    19     0     1   -20.0  -34.950  -57.537     88.7    999.5
     5     1    20     1     9    19     0     1   -20.0  -34.471  -64.453   2592.7    721.4
     1     1    20     1     9    18     0     0   -21.0  -36.340  -55.096      0.6   1007.1
     2     1    20     1     9    18     0     0   -21.0  -36.825  -54.564    233.1    982.2
     3     1    20     1     9    18     0     0   -21.0  -35.352  -55.466    697.7    930.8
     4     1    20     1     9    18     0     0   -21.0  -35.083  -57.444     87.7    998.8
     5     1    20     1     9    18     0     0   -21.0  -34.336  -64.808   2657.7    710.9
     1     1    20     1     9    17     0     1   -22.0  -36.544  -55.200      1.6   1006.8
     2     1    20     1     9    17     0     1   -22.0  -37.081  -54.840    238.8    980.8
     3     1    20     1     9    17     0     1   -22.0  -35.359  -55.683    745.6    922.9
     4     1    20     1     9    17     0     1   -22.0  -35.224  -57.405    107.9    995.7
     5     1    20     1     9    17     0     1   -22.0  -34.179  -65.158   2700.3    701.4
     1     1    20     1     9    16     0     2   -23.0  -36.710  -55.370      2.6   1006.5
     2     1    20     1     9    16     0     2   -23.0  -37.332  -55.176    246.3    979.4
     3     1    20     1     9    16     0     2   -23.0  -35.363  -55.920    736.8    922.2
     4     1    20     1     9    16     0     2   -23.0  -35.345  -57.432    136.0    993.0
     5     1    20     1     9    16     0     2   -23.0  -34.013  -65.519   2733.1    690.5
     1     1    20     1     9    15     0     3   -24.0  -36.875  -55.595      3.8   1006.2
     2     1    20     1     9    15     0     3   -24.0  -37.576  -55.570    266.4    978.0
     3     1    20     1     9    15     0     3   -24.0  -35.379  -56.157    680.2    931.3
     4     1    20     1     9    15     0     3   -24.0  -35.461  -57.512    168.1    989.1
     5     1    20     1     9    15     0     3   -24.0  -33.848  -65.917   2771.6    671.2
     1     1    20     1     9    14     0     2   -25.0  -37.037  -55.849      5.2   1006.3
     2     1    20     1     9    14     0     2   -25.0  -37.770  -55.992    300.6    972.8
     3     1    20     1     9    14     0     2   -25.0  -35.389  -56.377    634.6    939.5
     4     1    20     1     9    14     0     2   -25.0  -35.571  -57.601    195.1    985.0
     5     1    20     1     9    14     0     2   -25.0  -33.685  -66.319   2830.4    662.4
     1     1    20     1     9    13     0     1   -26.0  -37.153  -56.106      6.5   1006.5
     2     1    20     1     9    13     0     1   -26.0  -37.912  -56.415    335.0    968.3
     3     1    20     1     9    13     0     1   -26.0  -35.376  -56.568    604.8    939.5
     4     1    20     1     9    13     0     1   -26.0  -35.674  -57.672    209.7    983.4
     5     1    20     1     9    13     0     1   -26.0  -33.524  -66.663   2886.4    665.9
     1     1    20     1     9    12     0     0   -27.0  -37.214  -56.356      6.9   1006.6
     2     1    20     1     9    12     0     0   -27.0  -38.068  -56.868    348.2    964.8
     3     1    20     1     9    12     0     0   -27.0  -35.337  -56.718    544.4    943.2
     4     1    20     1     9    12     0     0   -27.0  -35.789  -57.728    216.2    982.9
     5     1    20     1     9    12     0     0   -27.0  -33.379  -66.945   2951.1    669.0
     1     1    20     1     9    11     0     1   -28.0  -37.242  -56.556      7.1   1005.9
     2     1    20     1     9    11     0     1   -28.0  -38.223  -57.303    349.8    962.4
     3     1    20     1     9    11     0     1   -28.0  -35.237  -56.859    466.7    954.9
     4     1    20     1     9    11     0     1   -28.0  -35.909  -57.786    217.1    981.8
     5     1    20     1     9    11     0     1   -28.0  -33.234  -67.191   2962.3    663.8
     1     1    20     1     9    10     0     2   -29.0  -37.248  -56.683      7.7   1005.2
     2     1    20     1     9    10     0     2   -29.0  -38.338  -57.716    349.0    956.2
     3     1    20     1     9    10     0     2   -29.0  -35.082  -57.031    409.4    961.9
     4     1    20     1     9    10     0     2   -29.0  -36.010  -57.865    206.3    981.4
     5     1    20     1     9    10     0     2   -29.0  -33.086  -67.414   2885.3    667.1
     1     1    20     1     9     9     0     3   -30.0  -37.235  -56.744      8.7   1004.6
     2     1    20     1     9     9     0     3   -30.0  -38.413  -58.195    328.4    955.3
     3     1    20     1     9     9     0     3   -30.0  -34.923  -57.243    409.1    962.7
     4     1    20     1     9     9     0     3   -30.0  -36.099  -57.961    184.8    983.5
     5     1    20     1     9     9     0     3   -30.0  -32.970  -67.627   2733.4    678.6
     1     1    20     1     9     8     0     2   -31.0  -37.208  -56.772      9.6   1003.9
     2     1    20     1     9     8     0     2   -31.0  -38.471  -58.706    295.1    961.7
     3     1    20     1     9     8     0     2   -31.0  -34.761  -57.457    434.9    951.9
     4     1    20     1     9     8     0     2   -31.0  -36.164  -58.069    171.1    986.3
     5     1    20     1     9     8     0     2   -31.0  -32.907  -67.795   2531.6    697.0
     1     1    20     1     9     7     0     1   -32.0  -37.176  -56.791     10.1   1003.2
     2     1    20     1     9     7     0     1   -32.0  -38.507  -59.182    263.3    965.7
     3     1    20     1     9     7     0     1   -32.0  -34.530  -57.613    438.5    949.1
     4     1    20     1     9     7     0     1   -32.0  -36.192  -58.196    176.2    985.0
     5     1    20     1     9     7     0     1   -32.0  -32.869  -67.852   2290.4    717.1
     1     1    20     1     9     6     0     0   -33.0  -37.132  -56.805     10.3   1002.4
     2     1    20     1     9     6     0     0   -33.0  -38.525  -59.633    241.7    967.2
     3     1    20     1     9     6     0     0   -33.0  -34.212  -57.715    446.4    947.3
     4     1    20     1     9     6     0     0   -33.0  -36.190  -58.359    204.4    981.4
     5     1    20     1     9     6     0     0   -33.0  -32.836  -67.793   1979.9    741.9
     1     1    20     1     9     5     0     1   -34.0  -37.064  -56.808     10.3   1003.1
     2     1    20     1     9     5     0     1   -34.0  -38.543  -60.062    239.8    967.1
     3     1    20     1     9     5     0     1   -34.0  -33.848  -57.785    479.4    942.4
     4     1    20     1     9     5     0     1   -34.0  -36.124  -58.541    247.3    974.9
     5     1    20     1     9     5     0     1   -34.0  -32.819  -67.657   1537.2    779.8
     1     1    20     1     9     4     0     2   -35.0  -36.963  -56.790     10.2   1003.8
     2     1    20     1     9     4     0     2   -35.0  -38.546  -60.429    257.4    964.8
     3     1    20     1     9     4     0     2   -35.0  -33.494  -57.836    517.7    940.7
     4     1    20     1     9     4     0     2   -35.0  -35.911  -58.697    275.8    970.8
     5     1    20     1     9     4     0     2   -35.0  -32.808  -67.443   1125.2    835.5
     1     1    20     1     9     3     0     3   -36.0  -36.831  -56.743     10.2   1004.5
     2     1    20     1     9     3     0     3   -36.0  -38.517  -60.704    286.8    960.9
     3     1    20     1     9     3     0     3   -36.0  -33.174  -57.857    551.1    940.7
     4     1    20     1     9     3     0     3   -36.0  -35.529  -58.771    263.4    970.9
     5     1    20     1     9     3     0     3   -36.0  -32.743  -67.172    942.8    858.1
     1     1    20     1     9     2     0     2   -37.0  -36.670  -56.675     10.2   1004.2
     2     1    20     1     9     2     0     2   -37.0  -38.468  -60.911    303.4    954.2
     3     1    20     1     9     2     0     2   -37.0  -32.872  -57.849    591.0    939.0
     4     1    20     1     9     2     0     2   -37.0  -35.110  -58.747    256.9    976.6
     5     1    20     1     9     2     0     2   -37.0  -32.636  -66.920    892.3    848.6
     1     1    20     1     9     1     0     1   -38.0  -36.487  -56.597     10.2   1004.3
     2     1    20     1     9     1     0     1   -38.0  -38.397  -61.073    286.7    951.8
     3     1    20     1     9     1     0     1   -38.0  -32.561  -57.822    651.4    932.6
     4     1    20     1     9     1     0     1   -38.0  -34.719  -58.686    276.5    972.4
     5     1    20     1     9     1     0     1   -38.0  -32.534  -66.720    812.4    842.9
     1     1    20     1     9     0     0     0   -39.0  -36.301  -56.500     10.2   1004.6
     2     1    20     1     9     0     0     0   -39.0  -38.299  -61.173    250.7    952.4
     3     1    20     1     9     0     0     0   -39.0  -32.234  -57.776    723.9    921.9
     4     1    20     1     9     0     0     0   -39.0  -34.358  -58.606    300.9    966.7
     5     1    20     1     9     0     0     0   -39.0  -32.432  -66.546    660.0    857.8
     1     1    20     1     8    23     0     1   -40.0  -36.129  -56.402     10.7   1004.7
     2     1    20     1     8    23     0     1   -40.0  -38.228  -61.211    224.0    953.8
     3     1    20     1     8    23     0     1   -40.0  -31.925  -57.714    768.6    913.3
     4     1    20     1     8    23     0     1   -40.0  -34.030  -58.523    322.7    962.9
     5     1    20     1     8    23     0     1   -40.0  -32.298  -66.396    512.5    881.0
     1     1    20     1     8    22     0     2   -41.0  -35.979  -56.321     12.1   1004.1
     2     1    20     1     8    22     0     2   -41.0  -38.225  -61.214    214.5    954.1
     3     1    20     1     8    22     0     2   -41.0  -31.661  -57.645    807.8    912.9
     4     1    20     1     8    22     0     2   -41.0  -33.730  -58.446    359.9    960.9
     5     1    20     1     8    22     0     2   -41.0  -32.112  -66.284    442.6    899.8
     1     1    20     1     8    21     0     3   -42.0  -35.852  -56.249     13.0   1003.4
     2     1    20     1     8    21     0     3   -42.0  -38.281  -61.185    220.4    955.6
     3     1    20     1     8    21     0     3   -42.0  -31.434  -57.565    913.9    904.4
     4     1    20     1     8    21     0     3   -42.0  -33.444  -58.373    421.2    955.4
     5     1    20     1     8    21     0     3   -42.0  -31.906  -66.197    452.9    905.7
     1     1    20     1     8    20     0     2   -43.0  -35.732  -56.178     11.5   1003.9
     2     1    20     1     8    20     0     2   -43.0  -38.329  -61.178    238.4    954.7
     3     1    20     1     8    20     0     2   -43.0  -31.220  -57.473   1078.3    882.6
     4     1    20     1     8    20     0     2   -43.0  -33.164  -58.289    453.1    948.7
     5     1    20     1     8    20     0     2   -43.0  -31.673  -66.115    485.9    898.7
     1     1    20     1     8    19     0     1   -44.0  -35.612  -56.111      8.5   1004.8
     2     1    20     1     8    19     0     1   -44.0  -38.301  -61.253    250.2    950.9
     3     1    20     1     8    19     0     1   -44.0  -31.011  -57.373   1263.5    862.3
     4     1    20     1     8    19     0     1   -44.0  -32.897  -58.185    402.7    955.9
     5     1    20     1     8    19     0     1   -44.0  -31.370  -66.006    484.1    900.9
     1     1    20     1     8    18     0     0   -45.0  -35.494  -56.054      4.4   1005.2
     2     1    20     1     8    18     0     0   -45.0  -38.206  -61.403    234.4    944.7
     3     1    20     1     8    18     0     0   -45.0  -30.819  -57.271   1432.4    842.1
     4     1    20     1     8    18     0     0   -45.0  -32.657  -58.058    307.7    970.8
     5     1    20     1     8    18     0     0   -45.0  -31.011  -65.866    449.7    901.1
     1     1    20     1     8    17     0     1   -46.0  -35.383  -56.017      0.0   1005.9
     2     1    20     1     8    17     0     1   -46.0  -38.093  -61.584    184.3    942.3
     3     1    20     1     8    17     0     1   -46.0  -30.660  -57.176   1557.6    829.1
     4     1    20     1     8    17     0     1   -46.0  -32.451  -57.919    245.8    982.4
     5     1    20     1     8    17     0     1   -46.0  -30.647  -65.700    393.0    910.2
     1     1    20     1     8    16     0     2   -47.0  -35.283  -56.010      0.0   1006.6
     2     1    20     1     8    16     0     2   -47.0  -37.989  -61.760    128.0    941.7
     3     1    20     1     8    16     0     2   -47.0  -30.540  -57.090   1648.8    821.1
     4     1    20     1     8    16     0     2   -47.0  -32.269  -57.772    241.0    979.4
     5     1    20     1     8    16     0     2   -47.0  -30.305  -65.521    327.1    927.4
     1     1    20     1     8    15     0     3   -48.0  -35.197  -56.035      0.0   1007.3
     2     1    20     1     8    15     0     3   -48.0  -37.867  -61.919     80.3    947.4
     3     1    20     1     8    15     0     3   -48.0  -30.456  -57.012   1718.5    814.7
     4     1    20     1     8    15     0     3   -48.0  -32.105  -57.611    283.1    972.7
     5     1    20     1     8    15     0     3   -48.0  -29.960  -65.335    297.1    947.8
     1     1    20     1     8    14     0     2   -49.0  -35.107  -56.084      0.0   1007.7
     2     1    20     1     8    14     0     2   -49.0  -37.725  -62.053     49.1    955.8
     3     1    20     1     8    14     0     2   -49.0  -30.408  -56.944   1769.6    809.7
     4     1    20     1     8    14     0     2   -49.0  -31.948  -57.442    349.3    960.0
     5     1    20     1     8    14     0     2   -49.0  -29.580  -65.140    297.3    944.4
     1     1    20     1     8    13     0     1   -50.0  -34.996  -56.145      0.0   1008.0
     2     1    20     1     8    13     0     1   -50.0  -37.582  -62.163     32.5    964.5
     3     1    20     1     8    13     0     1   -50.0  -30.399  -56.884   1802.6    806.6
     4     1    20     1     8    13     0     1   -50.0  -31.786  -57.280    405.9    950.9
     5     1    20     1     8    13     0     1   -50.0  -29.165  -64.943    304.2    941.0
     1     1    20     1     8    12     0     0   -51.0  -34.854  -56.224      0.0   1007.1
     2     1    20     1     8    12     0     0   -51.0  -37.446  -62.247     23.6    971.7
     3     1    20     1     8    12     0     0   -51.0  -30.432  -56.824   1818.3    804.5
     4     1    20     1     8    12     0     0   -51.0  -31.625  -57.131    439.8    944.7
     5     1    20     1     8    12     0     0   -51.0  -28.753  -64.759    308.9    938.3
     1     1    20     1     8    11     0     1   -52.0  -34.685  -56.311      0.5   1005.0
     2     1    20     1     8    11     0     1   -52.0  -37.315  -62.302     15.6    976.9
     3     1    20     1     8    11     0     1   -52.0  -30.502  -56.767   1835.9    803.2
     4     1    20     1     8    11     0     1   -52.0  -31.468  -56.988    458.9    941.1
     5     1    20     1     8    11     0     1   -52.0  -28.374  -64.572    296.4    939.5
     1     1    20     1     8    10     0     2   -53.0  -34.506  -56.389      1.6   1002.8
     2     1    20     1     8    10     0     2   -53.0  -37.183  -62.323      8.2    982.1
     3     1    20     1     8    10     0     2   -53.0  -30.611  -56.724   1877.3    797.7
     4     1    20     1     8    10     0     2   -53.0  -31.325  -56.845    471.8    937.4
     5     1    20     1     8    10     0     2   -53.0  -28.030  -64.361    268.4    946.3
     1     1    20     1     8     9     0     3   -54.0  -34.330  -56.452      3.5   1000.5
     2     1    20     1     8     9     0     3   -54.0  -37.044  -62.315      1.2    985.7
     3     1    20     1     8     9     0     3   -54.0  -30.765  -56.705   1953.3    789.2
     4     1    20     1     8     9     0     3   -54.0  -31.195  -56.695    476.8    934.6
     5     1    20     1     8     9     0     3   -54.0  -27.714  -64.126    234.5    954.5
     1     1    20     1     8     8     0     2   -55.0  -34.164  -56.492      5.8    997.9
     2     1    20     1     8     8     0     2   -55.0  -36.893  -62.298      0.0    987.2
     3     1    20     1     8     8     0     2   -55.0  -30.955  -56.719   2061.9    776.5
     4     1    20     1     8     8     0     2   -55.0  -31.085  -56.522    498.2    932.1
     5     1    20     1     8     8     0     2   -55.0  -27.419  -63.882    210.9    960.4
     1     1    20     1     8     7     0     1   -56.0  -34.010  -56.507      7.9    995.3
     2     1    20     1     8     7     0     1   -56.0  -36.736  -62.288      0.0    987.8
     3     1    20     1     8     7     0     1   -56.0  -31.161  -56.770   2176.8    765.3
     4     1    20     1     8     7     0     1   -56.0  -31.004  -56.321    567.3    922.4
     5     1    20     1     8     7     0     1   -56.0  -27.141  -63.617    209.0    960.8
     1     1    20     1     8     6     0     0   -57.0  -33.865  -56.499      9.5    994.9
     2     1    20     1     8     6     0     0   -57.0  -36.578  -62.282      0.0    988.5
     3     1    20     1     8     6     0     0   -57.0  -31.377  -56.851   2270.5    757.0
     4     1    20     1     8     6     0     0   -57.0  -30.948  -56.108    697.8    906.7
     5     1    20     1     8     6     0     0   -57.0  -26.881  -63.325    225.6    959.9
     1     1    20     1     8     5     0     1   -58.0  -33.731  -56.473     10.9    995.2
     2     1    20     1     8     5     0     1   -58.0  -36.422  -62.276      0.0    990.3
     3     1    20     1     8     5     0     1   -58.0  -31.598  -56.937   2342.9    752.3
     4     1    20     1     8     5     0     1   -58.0  -30.910  -55.923    832.3    886.8
     5     1    20     1     8     5     0     1   -58.0  -26.647  -63.045    243.7    957.6
     1     1    20     1     8     4     0     2   -59.0  -33.616  -56.430     12.9    995.2
     2     1    20     1     8     4     0     2   -59.0  -36.269  -62.269      0.2    992.1
     3     1    20     1     8     4     0     2   -59.0  -31.824  -57.015   2409.7    747.0
     4     1    20     1     8     4     0     2   -59.0  -30.902  -55.755    922.5    879.6
     5     1    20     1     8     4     0     2   -59.0  -26.470  -62.805    240.9    957.7
     1     1    20     1     8     3     0     3   -60.0  -33.522  -56.367     16.2    994.9
     2     1    20     1     8     3     0     3   -60.0  -36.120  -62.259      2.3    994.0
     3     1    20     1     8     3     0     3   -60.0  -32.055  -57.088   2473.5    742.7
     4     1    20     1     8     3     0     3   -60.0  -30.929  -55.581    977.7    877.5
     5     1    20     1     8     3     0     3   -60.0  -26.361  -62.574    219.6    961.1
     1     1    20     1     8     2     0     2   -61.0  -33.452  -56.291     21.2    994.4
     2     1    20     1     8     2     0     2   -61.0  -35.978  -62.255      5.7    994.0
     3     1    20     1     8     2     0     2   -61.0  -32.303  -57.175   2552.3    739.1
     4     1    20     1     8     2     0     2   -61.0  -30.996  -55.405   1022.6    875.5
     5     1    20     1     8     2     0     2   -61.0  -26.297  -62.333    191.5    965.6
     1     1    20     1     8     1     0     1   -62.0  -33.411  -56.214     28.1    993.5
     2     1    20     1     8     1     0     1   -62.0  -35.847  -62.260      9.1    993.2
     3     1    20     1     8     1     0     1   -62.0  -32.580  -57.300   2651.2    731.7
     4     1    20     1     8     1     0     1   -62.0  -31.097  -55.246   1079.1    872.9
     5     1    20     1     8     1     0     1   -62.0  -26.260  -62.077    165.5    970.2
     1     1    20     1     8     0     0     0   -63.0  -33.398  -56.142     38.6    992.3
     2     1    20     1     8     0     0     0   -63.0  -35.721  -62.272     12.0    992.1
     3     1    20     1     8     0     0     0   -63.0  -32.878  -57.469   2742.8    724.5
     4     1    20     1     8     0     0     0   -63.0  -31.222  -55.109   1155.5    867.1
     5     1    20     1     8     0     0     0   -63.0  -26.251  -61.814    144.9    973.3
     1     1    20     1     7    23     0     1   -64.0  -33.416  -56.098     50.2    990.6
     2     1    20     1     7    23     0     1   -64.0  -35.602  -62.304     14.0    991.4
     3     1    20     1     7    23     0     1   -64.0  -33.198  -57.687   2812.1    718.9
     4     1    20     1     7    23     0     1   -64.0  -31.355  -55.012   1235.1    857.8
     5     1    20     1     7    23     0     1   -64.0  -26.259  -61.575    129.7    974.8
     1     1    20     1     7    22     0     2   -65.0  -33.462  -56.103     55.6    989.5
     2     1    20     1     7    22     0     2   -65.0  -35.497  -62.368     13.9    991.0
     3     1    20     1     7    22     0     2   -65.0  -33.543  -57.966   2861.5    713.5
     4     1    20     1     7    22     0     2   -65.0  -31.493  -54.969   1286.7    850.3
     5     1    20     1     7    22     0     2   -65.0  -26.275  -61.371    119.6    975.7
     1     1    20     1     7    21     0     3   -66.0  -33.531  -56.157     52.7    989.6
     2     1    20     1     7    21     0     3   -66.0  -35.416  -62.462     12.6    990.9
     3     1    20     1     7    21     0     3   -66.0  -33.904  -58.322   2914.2    710.3
     4     1    20     1     7    21     0     3   -66.0  -31.649  -54.979   1274.3    849.7
     5     1    20     1     7    21     0     3   -66.0  -26.300  -61.190    114.7    976.2
     1     1    20     1     7    20     0     2   -67.0  -33.613  -56.255     48.1    991.0
     2     1    20     1     7    20     0     2   -67.0  -35.354  -62.576     11.7    991.7
     3     1    20     1     7    20     0     2   -67.0  -34.272  -58.751   3008.2    704.9
     4     1    20     1     7    20     0     2   -67.0  -31.812  -55.027   1166.8    860.5
     5     1    20     1     7    20     0     2   -67.0  -26.333  -61.016    113.3    977.7
     1     1    20     1     7    19     0     1   -68.0  -33.700  -56.382     45.9    991.3
     2     1    20     1     7    19     0     1   -68.0  -35.304  -62.697     11.2    992.4
     3     1    20     1     7    19     0     1   -68.0  -34.649  -59.259   3091.3    695.7
     4     1    20     1     7    19     0     1   -68.0  -31.969  -55.098   1010.7    880.8
     5     1    20     1     7    19     0     1   -68.0  -26.370  -60.837    111.8    979.4
     1     1    20     1     7    18     0     0   -69.0  -33.788  -56.532     44.5    991.3
     2     1    20     1     7    18     0     0   -69.0  -35.261  -62.824     10.6    993.5
     3     1    20     1     7    18     0     0   -69.0  -35.035  -59.846   3185.5    692.5
     4     1    20     1     7    18     0     0   -69.0  -32.118  -55.186    889.0    897.6
     5     1    20     1     7    18     0     0   -69.0  -26.411  -60.660    106.9    981.5
     1     1    20     1     7    17     0     1   -70.0  -33.874  -56.691     43.3    990.5
     2     1    20     1     7    17     0     1   -70.0  -35.225  -62.955     10.0    993.8
     3     1    20     1     7    17     0     1   -70.0  -35.400  -60.481   3297.4    672.6
     4     1    20     1     7    17     0     1   -70.0  -32.269  -55.289    827.5    902.7
     5     1    20     1     7    17     0     1   -70.0  -26.457  -60.487    100.6    983.8
     1     1    20     1     7    16     0     2   -71.0  -33.959  -56.849     42.8    989.2
     2     1    20     1     7    16     0     2   -71.0  -35.200  -63.088      9.7    993.3
     3     1    20     1     7    16     0     2   -71.0  -35.726  -61.151   3366.1    664.4
     4     1    20     1     7    16     0     2   -71.0  -32.433  -55.412    807.3    903.6
     5     1    20     1     7    16     0     2   -71.0  -26.510  -60.319     96.1    985.6
     1     1    20     1     7    15     0     3   -72.0  -34.050  -57.008     42.6    988.9
     2     1    20     1     7    15     0     3   -72.0  -35.188  -63.227      9.6    992.5
     3     1    20     1     7    15     0     3   -72.0  -36.047  -61.887   3451.3    662.0
     4     1    20     1     7    15     0     3   -72.0  -32.603  -55.556    802.0    903.7
     5     1    20     1     7    15     0     3   -72.0  -26.571  -60.153     94.4    986.8
