     5     1
    GDAS    19     7     1     0     0
    GDAS    19     7     8     0     0
    GDAS    19     7    15     0     0
    GDAS    19     7    22     0     0
    GDAS    19     7    29     0     0
     5 BACKWARD OMEGA   
    19     7     9     9  -34.572  -58.513    10.0
    19     7     9     9  -34.572  -58.513   200.0
    19     7     9     9  -34.572  -58.513   500.0
    19     7     9     9  -34.572  -58.513  1000.0
    19     7     9     9  -34.572  -58.513  2000.0
     1 PRESSURE
     1     1    19     7     9     9     0     3     0.0  -34.572  -58.513     10.0   1016.4
     2     1    19     7     9     9     0     3     0.0  -34.572  -58.513    200.0    993.8
     3     1    19     7     9     9     0     3     0.0  -34.572  -58.513    500.0    958.8
     4     1    19     7     9     9     0     3     0.0  -34.572  -58.513   1000.0    903.0
     5     1    19     7     9     9     0     3     0.0  -34.572  -58.513   2000.0    800.4
     1     1    19     7     9     8     0     2    -1.0  -34.500  -58.516     10.4   1016.3
     2     1    19     7     9     8     0     2    -1.0  -34.376  -58.605    194.0    994.3
     3     1    19     7     9     8     0     2    -1.0  -34.310  -58.751    466.4    962.8
     4     1    19     7     9     8     0     2    -1.0  -34.326  -58.788    939.4    910.1
     5     1    19     7     9     8     0     2    -1.0  -34.311  -58.700   1937.0    807.8
     1     1    19     7     9     7     0     1    -2.0  -34.424  -58.516     11.0   1016.3
     2     1    19     7     9     7     0     1    -2.0  -34.166  -58.670    185.3    994.7
     3     1    19     7     9     7     0     1    -2.0  -34.009  -58.928    403.9    968.9
     4     1    19     7     9     7     0     1    -2.0  -34.027  -59.033    849.6    919.0
     5     1    19     7     9     7     0     1    -2.0  -34.052  -58.891   1879.7    813.4
     1     1    19     7     9     6     0     0    -3.0  -34.346  -58.514     11.7   1016.2
     2     1    19     7     9     6     0     0    -3.0  -33.952  -58.713    170.4    996.7
     3     1    19     7     9     6     0     0    -3.0  -33.694  -59.033    337.8    981.6
     4     1    19     7     9     6     0     0    -3.0  -33.665  -59.234    746.7    935.0
     5     1    19     7     9     6     0     0    -3.0  -33.799  -59.089   1806.1    821.0
     1     1    19     7     9     5     0     1    -4.0  -34.260  -58.500     12.9   1015.8
     2     1    19     7     9     5     0     1    -4.0  -33.726  -58.711    163.8    999.8
     3     1    19     7     9     5     0     1    -4.0  -33.358  -59.057    311.9    986.5
     4     1    19     7     9     5     0     1    -4.0  -33.275  -59.356    698.6    942.8
     5     1    19     7     9     5     0     1    -4.0  -33.539  -59.276   1745.7    830.7
     1     1    19     7     9     4     0     2    -5.0  -34.156  -58.463     16.2   1014.7
     2     1    19     7     9     4     0     2    -5.0  -33.465  -58.650    176.2    998.1
     3     1    19     7     9     4     0     2    -5.0  -32.996  -59.007    336.8    982.7
     4     1    19     7     9     4     0     2    -5.0  -32.889  -59.396    704.7    939.3
     5     1    19     7     9     4     0     2    -5.0  -33.264  -59.440   1725.3    831.4
     1     1    19     7     9     3     0     3    -6.0  -34.021  -58.395     25.1   1012.4
     2     1    19     7     9     3     0     3    -6.0  -33.180  -58.544    200.7    995.4
     3     1    19     7     9     3     0     3    -6.0  -32.617  -58.900    384.1    974.3
     4     1    19     7     9     3     0     3    -6.0  -32.514  -59.376    730.1    933.1
     5     1    19     7     9     3     0     3    -6.0  -32.968  -59.599   1723.8    830.5
     1     1    19     7     9     2     0     2    -7.0  -33.862  -58.293     43.8   1010.0
     2     1    19     7     9     2     0     2    -7.0  -32.902  -58.401    226.6    993.2
     3     1    19     7     9     2     0     2    -7.0  -32.257  -58.748    418.2    970.4
     4     1    19     7     9     2     0     2    -7.0  -32.161  -59.325    750.6    929.3
     5     1    19     7     9     2     0     2    -7.0  -32.653  -59.762   1727.6    827.4
     1     1    19     7     9     1     0     1    -8.0  -33.704  -58.159     71.7   1007.0
     2     1    19     7     9     1     0     1    -8.0  -32.649  -58.222    253.0    991.2
     3     1    19     7     9     1     0     1    -8.0  -31.944  -58.569    440.3    968.1
     4     1    19     7     9     1     0     1    -8.0  -31.845  -59.262    759.0    927.9
     5     1    19     7     9     1     0     1    -8.0  -32.322  -59.930   1727.9    823.8
     1     1    19     7     9     0     0     0    -9.0  -33.547  -57.989    110.5   1003.0
     2     1    19     7     9     0     0     0    -9.0  -32.421  -58.012    287.9    988.0
     3     1    19     7     9     0     0     0    -9.0  -31.680  -58.372    454.5    965.8
     4     1    19     7     9     0     0     0    -9.0  -31.568  -59.184    759.5    927.4
     5     1    19     7     9     0     0     0    -9.0  -31.978  -60.102   1721.5    822.3
     1     1    19     7     8    23     0     1   -10.0  -33.387  -57.808    152.9    996.6
     2     1    19     7     8    23     0     1   -10.0  -32.214  -57.811    332.1    978.9
     3     1    19     7     8    23     0     1   -10.0  -31.450  -58.181    469.9    964.9
     4     1    19     7     8    23     0     1   -10.0  -31.313  -59.106    760.2    925.4
     5     1    19     7     8    23     0     1   -10.0  -31.618  -60.260   1715.7    826.3
     1     1    19     7     8    22     0     2   -11.0  -33.241  -57.651    185.9    991.8
     2     1    19     7     8    22     0     2   -11.0  -32.020  -57.647    386.5    969.6
     3     1    19     7     8    22     0     2   -11.0  -31.236  -58.023    496.4    962.3
     4     1    19     7     8    22     0     2   -11.0  -31.057  -59.051    762.5    922.0
     5     1    19     7     8    22     0     2   -11.0  -31.231  -60.389   1707.3    829.1
     1     1    19     7     8    21     0     3   -12.0  -33.120  -57.518    206.0    989.1
     2     1    19     7     8    21     0     3   -12.0  -31.837  -57.524    449.6    959.4
     3     1    19     7     8    21     0     3   -12.0  -31.034  -57.913    532.4    956.0
     4     1    19     7     8    21     0     3   -12.0  -30.803  -59.013    769.7    922.1
     5     1    19     7     8    21     0     3   -12.0  -30.813  -60.486   1699.1    830.2
     1     1    19     7     8    20     0     2   -13.0  -33.012  -57.403    215.2    988.4
     2     1    19     7     8    20     0     2   -13.0  -31.659  -57.449    501.1    950.3
     3     1    19     7     8    20     0     2   -13.0  -30.836  -57.849    565.6    949.0
     4     1    19     7     8    20     0     2   -13.0  -30.556  -58.982    782.5    923.1
     5     1    19     7     8    20     0     2   -13.0  -30.371  -60.553   1697.4    828.3
     1     1    19     7     8    19     0     1   -14.0  -32.903  -57.303    220.4    987.2
     2     1    19     7     8    19     0     1   -14.0  -31.480  -57.416    530.3    947.1
     3     1    19     7     8    19     0     1   -14.0  -30.638  -57.817    587.5    945.5
     4     1    19     7     8    19     0     1   -14.0  -30.315  -58.950    794.0    923.8
     5     1    19     7     8    19     0     1   -14.0  -29.913  -60.583   1704.7    825.4
     1     1    19     7     8    18     0     0   -15.0  -32.792  -57.222    227.5    985.2
     2     1    19     7     8    18     0     0   -15.0  -31.299  -57.416    545.7    946.2
     3     1    19     7     8    18     0     0   -15.0  -30.436  -57.812    601.9    943.0
     4     1    19     7     8    18     0     0   -15.0  -30.081  -58.919    795.2    925.3
     5     1    19     7     8    18     0     0   -15.0  -29.443  -60.576   1719.6    822.3
     1     1    19     7     8    17     0     1   -16.0  -32.675  -57.164    233.4    983.2
     2     1    19     7     8    17     0     1   -16.0  -31.099  -57.442    557.2    946.5
     3     1    19     7     8    17     0     1   -16.0  -30.209  -57.836    612.8    941.3
     4     1    19     7     8    17     0     1   -16.0  -29.834  -58.906    793.5    926.6
     5     1    19     7     8    17     0     1   -16.0  -28.981  -60.545   1735.0    819.3
     1     1    19     7     8    16     0     2   -17.0  -32.549  -57.132    234.6    982.5
     2     1    19     7     8    16     0     2   -17.0  -30.865  -57.490    571.0    946.2
     3     1    19     7     8    16     0     2   -17.0  -29.933  -57.894    626.0    939.2
     4     1    19     7     8    16     0     2   -17.0  -29.549  -58.926    802.0    923.6
     5     1    19     7     8    16     0     2   -17.0  -28.543  -60.500   1743.0    818.7
     1     1    19     7     8    15     0     3   -18.0  -32.410  -57.125    231.6    982.3
     2     1    19     7     8    15     0     3   -18.0  -30.589  -57.564    585.0    945.3
     3     1    19     7     8    15     0     3   -18.0  -29.608  -57.986    652.4    937.3
     4     1    19     7     8    15     0     3   -18.0  -29.223  -58.979    812.9    919.7
     5     1    19     7     8    15     0     3   -18.0  -28.136  -60.444   1745.8    820.0
     1     1    19     7     8    14     0     2   -19.0  -32.250  -57.125    230.9    982.0
     2     1    19     7     8    14     0     2   -19.0  -30.286  -57.642    592.9    943.6
     3     1    19     7     8    14     0     2   -19.0  -29.261  -58.071    682.2    932.1
     4     1    19     7     8    14     0     2   -19.0  -28.880  -59.035    806.5    917.7
     5     1    19     7     8    14     0     2   -19.0  -27.764  -60.385   1743.7    819.5
     1     1    19     7     8    13     0     1   -20.0  -32.054  -57.115    237.3    979.8
     2     1    19     7     8    13     0     1   -20.0  -29.974  -57.695    592.0    942.7
     3     1    19     7     8    13     0     1   -20.0  -28.913  -58.124    696.7    930.0
     4     1    19     7     8    13     0     1   -20.0  -28.531  -59.068    778.5    924.6
     5     1    19     7     8    13     0     1   -20.0  -27.428  -60.332   1731.4    821.0
     1     1    19     7     8    12     0     0   -21.0  -31.815  -57.087    248.3    977.4
     2     1    19     7     8    12     0     0   -21.0  -29.653  -57.720    584.2    943.5
     3     1    19     7     8    12     0     0   -21.0  -28.558  -58.147    699.9    930.8
     4     1    19     7     8    12     0     0   -21.0  -28.164  -59.077    740.4    932.5
     5     1    19     7     8    12     0     0   -21.0  -27.126  -60.287   1712.8    823.0
     1     1    19     7     8    11     0     1   -22.0  -31.541  -57.044    257.0    975.0
     2     1    19     7     8    11     0     1   -22.0  -29.328  -57.718    577.0    944.8
     3     1    19     7     8    11     0     1   -22.0  -28.204  -58.137    707.6    931.2
     4     1    19     7     8    11     0     1   -22.0  -27.786  -59.052    723.2    937.1
     5     1    19     7     8    11     0     1   -22.0  -26.838  -60.255   1701.1    824.7
     1     1    19     7     8    10     0     2   -23.0  -31.251  -56.976    257.7    973.3
     2     1    19     7     8    10     0     2   -23.0  -29.015  -57.687    580.4    944.5
     3     1    19     7     8    10     0     2   -23.0  -27.868  -58.103    721.7    928.5
     4     1    19     7     8    10     0     2   -23.0  -27.432  -58.996    747.1    930.4
     5     1    19     7     8    10     0     2   -23.0  -26.544  -60.239   1707.1    823.3
     1     1    19     7     8     9     0     3   -24.0  -30.964  -56.865    251.3    972.4
     2     1    19     7     8     9     0     3   -24.0  -28.727  -57.623    592.6    942.5
     3     1    19     7     8     9     0     3   -24.0  -27.559  -58.046    735.7    926.1
     4     1    19     7     8     9     0     3   -24.0  -27.110  -58.925    796.5    920.4
     5     1    19     7     8     9     0     3   -24.0  -26.242  -60.238   1728.2    820.3
     1     1    19     7     8     8     0     2   -25.0  -30.696  -56.718    252.9    974.5
     2     1    19     7     8     8     0     2   -25.0  -28.458  -57.533    610.1    940.9
     3     1    19     7     8     8     0     2   -25.0  -27.270  -57.961    752.5    924.5
     4     1    19     7     8     8     0     2   -25.0  -26.807  -58.844    842.1    912.6
     5     1    19     7     8     8     0     2   -25.0  -25.929  -60.247   1758.4    816.6
     1     1    19     7     8     7     0     1   -26.0  -30.444  -56.554    267.8    973.6
     2     1    19     7     8     7     0     1   -26.0  -28.203  -57.418    631.5    938.8
     3     1    19     7     8     7     0     1   -26.0  -26.990  -57.850    773.6    922.1
     4     1    19     7     8     7     0     1   -26.0  -26.507  -58.741    868.3    910.7
     5     1    19     7     8     7     0     1   -26.0  -25.605  -60.263   1786.4    813.4
     1     1    19     7     8     6     0     0   -27.0  -30.211  -56.373    290.1    971.9
     2     1    19     7     8     6     0     0   -27.0  -27.963  -57.275    655.9    936.1
     3     1    19     7     8     6     0     0   -27.0  -26.718  -57.720    791.2    919.2
     4     1    19     7     8     6     0     0   -27.0  -26.210  -58.616    885.3    909.4
     5     1    19     7     8     6     0     0   -27.0  -25.271  -60.288   1802.2    811.6
     1     1    19     7     8     5     0     1   -28.0  -30.007  -56.165    315.3    969.7
     2     1    19     7     8     5     0     1   -28.0  -27.737  -57.121    678.9    933.3
     3     1    19     7     8     5     0     1   -28.0  -26.451  -57.568    805.0    917.3
     4     1    19     7     8     5     0     1   -28.0  -25.915  -58.473    897.9    908.3
     5     1    19     7     8     5     0     1   -28.0  -24.924  -60.312   1797.1    811.3
     1     1    19     7     8     4     0     2   -29.0  -29.834  -55.927    338.3    967.5
     2     1    19     7     8     4     0     2   -29.0  -27.523  -56.971    696.9    931.2
     3     1    19     7     8     4     0     2   -29.0  -26.185  -57.402    823.1    914.2
     4     1    19     7     8     4     0     2   -29.0  -25.621  -58.309    907.0    907.4
     5     1    19     7     8     4     0     2   -29.0  -24.570  -60.326   1777.4    812.9
     1     1    19     7     8     3     0     3   -30.0  -29.686  -55.666    356.8    966.0
     2     1    19     7     8     3     0     3   -30.0  -27.317  -56.822    711.2    929.0
     3     1    19     7     8     3     0     3   -30.0  -25.920  -57.233    855.3    910.1
     4     1    19     7     8     3     0     3   -30.0  -25.331  -58.122    918.2    907.0
     5     1    19     7     8     3     0     3   -30.0  -24.209  -60.324   1763.2    813.7
     1     1    19     7     8     2     0     2   -31.0  -29.560  -55.388    373.6    962.6
     2     1    19     7     8     2     0     2   -31.0  -27.112  -56.670    726.4    926.5
     3     1    19     7     8     2     0     2   -31.0  -25.674  -57.061    904.4    905.1
     4     1    19     7     8     2     0     2   -31.0  -25.060  -57.914    937.6    905.0
     5     1    19     7     8     2     0     2   -31.0  -23.855  -60.305   1756.2    813.1
     1     1    19     7     8     1     0     1   -32.0  -29.461  -55.097    401.2    957.1
     2     1    19     7     8     1     0     1   -32.0  -26.909  -56.508    742.6    922.7
     3     1    19     7     8     1     0     1   -32.0  -25.454  -56.876    960.0    897.3
     4     1    19     7     8     1     0     1   -32.0  -24.826  -57.695    962.6    902.0
     5     1    19     7     8     1     0     1   -32.0  -23.519  -60.271   1742.7    813.6
     1     1    19     7     8     0     0     0   -33.0  -29.380  -54.792    456.0    946.4
     2     1    19     7     8     0     0     0   -33.0  -26.719  -56.340    754.8    918.6
     3     1    19     7     8     0     0     0   -33.0  -25.254  -56.673   1012.7    887.9
     4     1    19     7     8     0     0     0   -33.0  -24.628  -57.469    987.3    899.2
     5     1    19     7     8     0     0     0   -33.0  -23.200  -60.220   1716.8    816.4
     1     1    19     7     7    23     0     1   -34.0  -29.308  -54.524    527.6    930.2
     2     1    19     7     7    23     0     1   -34.0  -26.551  -56.173    760.2    915.5
     3     1    19     7     7    23     0     1   -34.0  -25.072  -56.467   1059.8    877.5
     4     1    19     7     7    23     0     1   -34.0  -24.457  -57.255   1012.1    896.7
     5     1    19     7     7    23     0     1   -34.0  -22.899  -60.154   1694.8    819.5
     1     1    19     7     7    22     0     2   -35.0  -29.241  -54.323    588.9    917.0
     2     1    19     7     7    22     0     2   -35.0  -26.409  -56.008    766.6    913.4
     3     1    19     7     7    22     0     2   -35.0  -24.903  -56.275   1106.2    868.6
     4     1    19     7     7    22     0     2   -35.0  -24.307  -57.065   1032.9    893.7
     5     1    19     7     7    22     0     2   -35.0  -22.617  -60.079   1697.4    819.8
     1     1    19     7     7    21     0     3   -36.0  -29.181  -54.176    621.7    907.7
     2     1    19     7     7    21     0     3   -36.0  -26.294  -55.846    786.4    910.3
     3     1    19     7     7    21     0     3   -36.0  -24.741  -56.093   1165.4    860.6
     4     1    19     7     7    21     0     3   -36.0  -24.169  -56.894   1043.4    890.9
     5     1    19     7     7    21     0     3   -36.0  -22.343  -59.995   1735.1    816.2
     1     1    19     7     7    20     0     2   -37.0  -29.125  -54.057    642.4    903.8
     2     1    19     7     7    20     0     2   -37.0  -26.197  -55.690    809.5    905.6
     3     1    19     7     7    20     0     2   -37.0  -24.593  -55.920   1224.3    852.1
     4     1    19     7     7    20     0     2   -37.0  -24.035  -56.729   1055.5    889.0
     5     1    19     7     7    20     0     2   -37.0  -22.083  -59.909   1798.1    809.9
     1     1    19     7     7    19     0     1   -38.0  -29.072  -53.949    675.1    897.5
     2     1    19     7     7    19     0     1   -38.0  -26.106  -55.544    819.2    904.0
     3     1    19     7     7    19     0     1   -38.0  -24.465  -55.751   1257.8    849.2
     4     1    19     7     7    19     0     1   -38.0  -23.901  -56.562   1078.2    883.4
     5     1    19     7     7    19     0     1   -38.0  -21.853  -59.830   1865.6    803.5
     1     1    19     7     7    18     0     0   -39.0  -29.028  -53.851    720.0    891.2
     2     1    19     7     7    18     0     0   -39.0  -26.021  -55.406    807.4    904.8
     3     1    19     7     7    18     0     0   -39.0  -24.353  -55.584   1262.2    848.9
     4     1    19     7     7    18     0     0   -39.0  -23.768  -56.395   1102.3    876.7
     5     1    19     7     7    18     0     0   -39.0  -21.654  -59.755   1923.7    797.9
     1     1    19     7     7    17     0     1   -40.0  -28.996  -53.755    768.9    885.1
     2     1    19     7     7    17     0     1   -40.0  -25.934  -55.260    790.0    908.7
     3     1    19     7     7    17     0     1   -40.0  -24.257  -55.414   1253.0    850.7
     4     1    19     7     7    17     0     1   -40.0  -23.639  -56.216   1118.9    870.8
     5     1    19     7     7    17     0     1   -40.0  -21.481  -59.682   1965.8    794.8
     1     1    19     7     7    16     0     2   -41.0  -28.976  -53.655    818.7    881.3
     2     1    19     7     7    16     0     2   -41.0  -25.838  -55.087    789.2    908.5
     3     1    19     7     7    16     0     2   -41.0  -24.179  -55.239   1244.0    850.6
     4     1    19     7     7    16     0     2   -41.0  -23.518  -56.014   1122.3    865.8
     5     1    19     7     7    16     0     2   -41.0  -21.328  -59.611   1998.1    793.3
     1     1    19     7     7    15     0     3   -42.0  -28.971  -53.549    871.2    876.9
     2     1    19     7     7    15     0     3   -42.0  -25.735  -54.891    793.9    904.6
     3     1    19     7     7    15     0     3   -42.0  -24.120  -55.061   1239.8    849.8
     4     1    19     7     7    15     0     3   -42.0  -23.410  -55.793   1112.5    863.7
     5     1    19     7     7    15     0     3   -42.0  -21.192  -59.536   2030.7    791.5
     1     1    19     7     7    14     0     2   -43.0  -28.991  -53.446    918.1    871.3
     2     1    19     7     7    14     0     2   -43.0  -25.647  -54.688    797.2    899.6
     3     1    19     7     7    14     0     2   -43.0  -24.076  -54.881   1243.8    848.7
     4     1    19     7     7    14     0     2   -43.0  -23.324  -55.558   1105.7    862.6
     5     1    19     7     7    14     0     2   -43.0  -21.076  -59.453   2059.0    788.3
     1     1    19     7     7    13     0     1   -44.0  -29.041  -53.353    952.5    869.9
     2     1    19     7     7    13     0     1   -44.0  -25.589  -54.491    807.4    894.5
     3     1    19     7     7    13     0     1   -44.0  -24.042  -54.697   1258.5    848.3
     4     1    19     7     7    13     0     1   -44.0  -23.265  -55.315   1110.9    859.0
     5     1    19     7     7    13     0     1   -44.0  -20.984  -59.363   2073.5    787.3
     1     1    19     7     7    12     0     0   -45.0  -29.117  -53.271    974.7    871.1
     2     1    19     7     7    12     0     0   -45.0  -25.557  -54.304    834.2    888.0
     3     1    19     7     7    12     0     0   -45.0  -24.014  -54.510   1290.6    846.5
     4     1    19     7     7    12     0     0   -45.0  -23.226  -55.064   1118.6    855.2
     5     1    19     7     7    12     0     0   -45.0  -20.920  -59.265   2075.4    787.7
     1     1    19     7     7    11     0     1   -46.0  -29.203  -53.205    993.8    873.9
     2     1    19     7     7    11     0     1   -46.0  -25.553  -54.129    874.0    878.8
     3     1    19     7     7    11     0     1   -46.0  -24.007  -54.323   1335.0    841.7
     4     1    19     7     7    11     0     1   -46.0  -23.213  -54.813   1126.6    854.8
     5     1    19     7     7    11     0     1   -46.0  -20.882  -59.169   2074.2    788.8
     1     1    19     7     7    10     0     2   -47.0  -29.289  -53.161   1023.2    874.6
     2     1    19     7     7    10     0     2   -47.0  -25.571  -53.961    917.3    870.0
     3     1    19     7     7    10     0     2   -47.0  -24.032  -54.140   1377.2    837.4
     4     1    19     7     7    10     0     2   -47.0  -23.238  -54.571   1137.3    855.0
     5     1    19     7     7    10     0     2   -47.0  -20.866  -59.080   2078.2    788.6
     1     1    19     7     7     9     0     3   -48.0  -29.379  -53.136   1067.6    873.6
     2     1    19     7     7     9     0     3   -48.0  -25.614  -53.796    970.1    860.9
     3     1    19     7     7     9     0     3   -48.0  -24.087  -53.964   1409.4    832.7
     4     1    19     7     7     9     0     3   -48.0  -23.300  -54.336   1150.4    855.2
     5     1    19     7     7     9     0     3   -48.0  -20.871  -58.998   2088.8    787.8
     1     1    19     7     7     8     0     2   -49.0  -29.473  -53.131   1121.8    871.7
     2     1    19     7     7     8     0     2   -49.0  -25.687  -53.645   1038.6    851.4
     3     1    19     7     7     8     0     2   -49.0  -24.166  -53.805   1444.5    827.3
     4     1    19     7     7     8     0     2   -49.0  -23.384  -54.118   1164.3    856.0
     5     1    19     7     7     8     0     2   -49.0  -20.890  -58.922   2097.2    786.5
     1     1    19     7     7     7     0     1   -50.0  -29.572  -53.144   1173.7    870.4
     2     1    19     7     7     7     0     1   -50.0  -25.788  -53.523   1114.0    841.9
     3     1    19     7     7     7     0     1   -50.0  -24.263  -53.675   1500.3    817.8
     4     1    19     7     7     7     0     1   -50.0  -23.475  -53.931   1183.9    855.6
     5     1    19     7     7     7     0     1   -50.0  -20.915  -58.851   2092.8    787.2
     1     1    19     7     7     6     0     0   -51.0  -29.676  -53.177   1218.0    869.9
     2     1    19     7     7     6     0     0   -51.0  -25.918  -53.425   1180.5    833.9
     3     1    19     7     7     6     0     0   -51.0  -24.382  -53.572   1570.3    806.2
     4     1    19     7     7     6     0     0   -51.0  -23.577  -53.776   1216.9    851.8
     5     1    19     7     7     6     0     0   -51.0  -20.945  -58.782   2074.0    789.2
     1     1    19     7     7     5     0     1   -52.0  -29.790  -53.221   1262.0    870.9
     2     1    19     7     7     5     0     1   -52.0  -26.062  -53.343   1238.9    829.1
     3     1    19     7     7     5     0     1   -52.0  -24.521  -53.496   1643.1    793.5
     4     1    19     7     7     5     0     1   -52.0  -23.685  -53.645   1263.4    845.7
     5     1    19     7     7     5     0     1   -52.0  -20.976  -58.716   2049.8    792.7
     1     1    19     7     7     4     0     2   -53.0  -29.919  -53.267   1319.9    870.5
     2     1    19     7     7     4     0     2   -53.0  -26.212  -53.272   1299.0    824.0
     3     1    19     7     7     4     0     2   -53.0  -24.676  -53.442   1711.5    782.2
     4     1    19     7     7     4     0     2   -53.0  -23.796  -53.533   1317.6    839.2
     5     1    19     7     7     4     0     2   -53.0  -21.002  -58.657   2030.6    794.9
     1     1    19     7     7     3     0     3   -54.0  -30.069  -53.309   1397.1    864.3
     2     1    19     7     7     3     0     3   -54.0  -26.374  -53.210   1358.1    819.5
     3     1    19     7     7     3     0     3   -54.0  -24.854  -53.411   1777.9    770.9
     4     1    19     7     7     3     0     3   -54.0  -23.909  -53.441   1376.5    832.4
     5     1    19     7     7     3     0     3   -54.0  -21.024  -58.605   2017.5    796.5
     1     1    19     7     7     2     0     2   -55.0  -30.241  -53.355   1474.2    850.0
     2     1    19     7     7     2     0     2   -55.0  -26.561  -53.149   1407.9    816.3
     3     1    19     7     7     2     0     2   -55.0  -25.058  -53.392   1832.8    761.1
     4     1    19     7     7     2     0     2   -55.0  -24.032  -53.357   1424.8    824.8
     5     1    19     7     7     2     0     2   -55.0  -21.051  -58.551   2015.9    797.2
     1     1    19     7     7     1     0     1   -56.0  -30.427  -53.418   1529.0    838.8
     2     1    19     7     7     1     0     1   -56.0  -26.780  -53.086   1436.5    816.1
     3     1    19     7     7     1     0     1   -56.0  -25.288  -53.372   1865.4    759.5
     4     1    19     7     7     1     0     1   -56.0  -24.169  -53.266   1448.3    817.5
     5     1    19     7     7     1     0     1   -56.0  -21.089  -58.488   2031.3    796.0
     1     1    19     7     7     0     0     0   -57.0  -30.623  -53.500   1555.4    830.1
     2     1    19     7     7     0     0     0   -57.0  -27.021  -53.027   1431.4    819.2
     3     1    19     7     7     0     0     0   -57.0  -25.542  -53.348   1874.0    760.8
     4     1    19     7     7     0     0     0   -57.0  -24.324  -53.167   1447.2    811.5
     5     1    19     7     7     0     0     0   -57.0  -21.136  -58.419   2065.4    793.0
     1     1    19     7     6    23     0     1   -58.0  -30.830  -53.610   1559.5    823.9
     2     1    19     7     6    23     0     1   -58.0  -27.267  -52.983   1425.3    821.0
     3     1    19     7     6    23     0     1   -58.0  -25.827  -53.326   1887.8    763.7
     4     1    19     7     6    23     0     1   -58.0  -24.502  -53.064   1439.1    806.3
     5     1    19     7     6    23     0     1   -58.0  -21.200  -58.350   2112.5    787.2
     1     1    19     7     6    22     0     2   -59.0  -31.049  -53.753   1565.4    818.6
     2     1    19     7     6    22     0     2   -59.0  -27.516  -52.964   1447.8    815.1
     3     1    19     7     6    22     0     2   -59.0  -26.146  -53.319   1937.9    762.5
     4     1    19     7     6    22     0     2   -59.0  -24.713  -52.964   1436.6    797.3
     5     1    19     7     6    22     0     2   -59.0  -21.289  -58.289   2162.6    781.7
     1     1    19     7     6    21     0     3   -60.0  -31.277  -53.921   1601.8    816.5
     2     1    19     7     6    21     0     3   -60.0  -27.773  -52.968   1474.7    809.4
     3     1    19     7     6    21     0     3   -60.0  -26.492  -53.343   2018.1    758.6
     4     1    19     7     6    21     0     3   -60.0  -24.958  -52.863   1432.6    788.0
     5     1    19     7     6    21     0     3   -60.0  -21.408  -58.234   2212.1    776.3
     1     1    19     7     6    20     0     2   -61.0  -31.508  -54.105   1646.7    813.2
     2     1    19     7     6    20     0     2   -61.0  -28.041  -53.001   1489.9    806.8
     3     1    19     7     6    20     0     2   -61.0  -26.854  -53.407   2099.3    754.8
     4     1    19     7     6    20     0     2   -61.0  -25.229  -52.772   1444.7    787.6
     5     1    19     7     6    20     0     2   -61.0  -21.553  -58.193   2253.3    772.3
     1     1    19     7     6    19     0     1   -62.0  -31.741  -54.299   1677.0    815.9
     2     1    19     7     6    19     0     1   -62.0  -28.317  -53.074   1501.2    808.7
     3     1    19     7     6    19     0     1   -62.0  -27.236  -53.507   2167.0    750.1
     4     1    19     7     6    19     0     1   -62.0  -25.517  -52.708   1481.8    785.0
     5     1    19     7     6    19     0     1   -62.0  -21.716  -58.168   2273.9    770.2
     1     1    19     7     6    18     0     0   -63.0  -31.977  -54.497   1710.0    816.8
     2     1    19     7     6    18     0     0   -63.0  -28.604  -53.186   1522.3    808.2
     3     1    19     7     6    18     0     0   -63.0  -27.647  -53.647   2232.2    742.7
     4     1    19     7     6    18     0     0   -63.0  -25.827  -52.676   1546.6    780.0
     5     1    19     7     6    18     0     0   -63.0  -21.896  -58.155   2260.9    771.1
     1     1    19     7     6    17     0     1   -64.0  -32.218  -54.704   1773.4    812.3
     2     1    19     7     6    17     0     1   -64.0  -28.905  -53.328   1549.6    805.4
     3     1    19     7     6    17     0     1   -64.0  -28.084  -53.827   2303.2    734.9
     4     1    19     7     6    17     0     1   -64.0  -26.164  -52.686   1622.1    774.7
     5     1    19     7     6    17     0     1   -64.0  -22.104  -58.147   2232.2    776.5
     1     1    19     7     6    16     0     2   -65.0  -32.470  -54.916   1911.3    798.7
     2     1    19     7     6    16     0     2   -65.0  -29.217  -53.493   1577.3    810.3
     3     1    19     7     6    16     0     2   -65.0  -28.531  -54.041   2382.7    726.7
     4     1    19     7     6    16     0     2   -65.0  -26.529  -52.742   1688.9    775.5
     5     1    19     7     6    16     0     2   -65.0  -22.339  -58.145   2221.6    778.4
     1     1    19     7     6    15     0     3   -66.0  -32.760  -55.104   2147.3    773.4
     2     1    19     7     6    15     0     3   -66.0  -29.533  -53.681   1604.5    819.7
     3     1    19     7     6    15     0     3   -66.0  -28.981  -54.275   2482.9    719.9
     4     1    19     7     6    15     0     3   -66.0  -26.924  -52.835   1755.3    779.9
     5     1    19     7     6    15     0     3   -66.0  -22.597  -58.157   2230.0    777.4
     1     1    19     7     6    14     0     2   -67.0  -33.105  -55.279   2436.1    741.4
     2     1    19     7     6    14     0     2   -67.0  -29.844  -53.885   1630.0    826.9
     3     1    19     7     6    14     0     2   -67.0  -29.431  -54.508   2635.5    721.4
     4     1    19     7     6    14     0     2   -67.0  -27.341  -52.961   1814.7    777.8
     5     1    19     7     6    14     0     2   -67.0  -22.868  -58.195   2258.0    775.2
     1     1    19     7     6    13     0     1   -68.0  -33.495  -55.480   2671.0    718.7
     2     1    19     7     6    13     0     1   -68.0  -30.150  -54.104   1640.1    826.7
     3     1    19     7     6    13     0     1   -68.0  -29.889  -54.734   2843.4    715.7
     4     1    19     7     6    13     0     1   -68.0  -27.755  -53.118   1846.0    773.0
     5     1    19     7     6    13     0     1   -68.0  -23.147  -58.264   2304.5    769.9
     1     1    19     7     6    12     0     0   -69.0  -33.919  -55.727   2787.1    707.7
     2     1    19     7     6    12     0     0   -69.0  -30.459  -54.350   1636.1    821.6
     3     1    19     7     6    12     0     0   -69.0  -30.380  -54.970   3101.8    691.4
     4     1    19     7     6    12     0     0   -69.0  -28.151  -53.302   1850.3    772.8
     5     1    19     7     6    12     0     0   -69.0  -23.443  -58.357   2361.4    764.2
     1     1    19     7     6    11     0     1   -70.0  -34.353  -56.023   2832.6    714.8
     2     1    19     7     6    11     0     1   -70.0  -30.762  -54.622   1643.7    820.1
     3     1    19     7     6    11     0     1   -70.0  -30.918  -55.255   3343.8    658.7
     4     1    19     7     6    11     0     1   -70.0  -28.520  -53.503   1849.8    774.6
     5     1    19     7     6    11     0     1   -70.0  -23.754  -58.472   2419.4    757.1
     1     1    19     7     6    10     0     2   -71.0  -34.786  -56.350   2895.6    714.6
     2     1    19     7     6    10     0     2   -71.0  -31.046  -54.910   1692.4    817.5
     3     1    19     7     6    10     0     2   -71.0  -31.485  -55.612   3531.1    642.0
     4     1    19     7     6    10     0     2   -71.0  -28.868  -53.718   1845.9    771.9
     5     1    19     7     6    10     0     2   -71.0  -24.070  -58.605   2467.0    751.6
     1     1    19     7     6     9     0     3   -72.0  -35.214  -56.696   2951.5    705.4
     2     1    19     7     6     9     0     3   -72.0  -31.313  -55.201   1793.2    807.0
     3     1    19     7     6     9     0     3   -72.0  -32.062  -56.028   3677.1    633.4
     4     1    19     7     6     9     0     3   -72.0  -29.203  -53.940   1829.5    778.6
     5     1    19     7     6     9     0     3   -72.0  -24.388  -58.759   2496.9    747.6
