     5     1
    GDAS    19     7     1     0     0
    GDAS    19     7     8     0     0
    GDAS    19     7    15     0     0
    GDAS    19     7    22     0     0
    GDAS    19     7    29     0     0
     5 BACKWARD OMEGA   
    19     7    30     3  -34.572  -58.513    10.0
    19     7    30     3  -34.572  -58.513   200.0
    19     7    30     3  -34.572  -58.513   500.0
    19     7    30     3  -34.572  -58.513  1000.0
    19     7    30     3  -34.572  -58.513  2000.0
     1 PRESSURE
     1     1    19     7    30     3     0     3     0.0  -34.572  -58.513     10.0   1013.3
     2     1    19     7    30     3     0     3     0.0  -34.572  -58.513    200.0    991.6
     3     1    19     7    30     3     0     3     0.0  -34.572  -58.513    500.0    956.7
     4     1    19     7    30     3     0     3     0.0  -34.572  -58.513   1000.0    900.6
     5     1    19     7    30     3     0     3     0.0  -34.572  -58.513   2000.0    798.0
     1     1    19     7    30     2     0     2    -1.0  -34.562  -58.558     10.4   1013.7
     2     1    19     7    30     2     0     2    -1.0  -34.563  -58.617    211.7    990.9
     3     1    19     7    30     2     0     2    -1.0  -34.567  -58.662    532.8    954.3
     4     1    19     7    30     2     0     2    -1.0  -34.698  -58.687   1047.0    897.3
     5     1    19     7    30     2     0     2    -1.0  -34.783  -58.847   2101.1    790.1
     1     1    19     7    30     1     0     1    -2.0  -34.551  -58.604     10.9   1014.1
     2     1    19     7    30     1     0     1    -2.0  -34.552  -58.722    227.1    990.0
     3     1    19     7    30     1     0     1    -2.0  -34.555  -58.804    582.7    950.0
     4     1    19     7    30     1     0     1    -2.0  -34.813  -58.873   1115.4    891.8
     5     1    19     7    30     1     0     1    -2.0  -34.983  -59.180   2217.5    779.7
     1     1    19     7    30     0     0     0    -3.0  -34.539  -58.653     11.6   1014.5
     2     1    19     7    30     0     0     0    -3.0  -34.539  -58.831    250.3    988.4
     3     1    19     7    30     0     0     0    -3.0  -34.533  -58.941    662.0    942.8
     4     1    19     7    30     0     0     0    -3.0  -34.939  -59.065   1223.6    881.5
     5     1    19     7    30     0     0     0    -3.0  -35.170  -59.529   2344.5    765.9
     1     1    19     7    29    23     0     1    -4.0  -34.536  -58.702     12.6   1014.0
     2     1    19     7    29    23     0     1    -4.0  -34.539  -58.942    282.1    984.9
     3     1    19     7    29    23     0     1    -4.0  -34.521  -59.072    756.0    929.5
     4     1    19     7    29    23     0     1    -4.0  -35.120  -59.269   1359.6    863.9
     5     1    19     7    29    23     0     1    -4.0  -35.331  -59.914   2477.4    751.5
     1     1    19     7    29    22     0     2    -5.0  -34.551  -58.749     13.9   1013.5
     2     1    19     7    29    22     0     2    -5.0  -34.565  -59.053    318.2    980.2
     3     1    19     7    29    22     0     2    -5.0  -34.540  -59.195    836.5    919.8
     4     1    19     7    29    22     0     2    -5.0  -35.341  -59.498   1488.9    848.5
     5     1    19     7    29    22     0     2    -5.0  -35.458  -60.331   2601.5    735.5
     1     1    19     7    29    21     0     3    -6.0  -34.583  -58.795     15.5   1012.8
     2     1    19     7    29    21     0     3    -6.0  -34.612  -59.159    351.7    975.5
     3     1    19     7    29    21     0     3    -6.0  -34.586  -59.309    892.5    912.9
     4     1    19     7    29    21     0     3    -6.0  -35.581  -59.758   1621.3    833.1
     5     1    19     7    29    21     0     3    -6.0  -35.536  -60.764   2707.8    724.3
     1     1    19     7    29    20     0     2    -7.0  -34.619  -58.848     16.7   1012.6
     2     1    19     7    29    20     0     2    -7.0  -34.657  -59.264    379.5    972.4
     3     1    19     7    29    20     0     2    -7.0  -34.633  -59.427    932.9    909.7
     4     1    19     7    29    20     0     2    -7.0  -35.815  -60.049   1735.8    814.5
     5     1    19     7    29    20     0     2    -7.0  -35.573  -61.203   2781.0    714.7
     1     1    19     7    29    19     0     1    -8.0  -34.647  -58.913     16.7   1012.6
     2     1    19     7    29    19     0     1    -8.0  -34.677  -59.372    405.1    969.8
     3     1    19     7    29    19     0     1    -8.0  -34.658  -59.556    975.3    905.2
     4     1    19     7    29    19     0     1    -8.0  -36.027  -60.353   1800.5    806.8
     5     1    19     7    29    19     0     1    -8.0  -35.598  -61.631   2827.2    712.7
     1     1    19     7    29    18     0     0    -9.0  -34.664  -58.987     16.0   1012.9
     2     1    19     7    29    18     0     0    -9.0  -34.677  -59.487    435.5    966.8
     3     1    19     7    29    18     0     0    -9.0  -34.652  -59.697   1029.8    899.6
     4     1    19     7    29    18     0     0    -9.0  -36.211  -60.640   1851.1    803.4
     5     1    19     7    29    18     0     0    -9.0  -35.597  -62.041   2881.0    709.3
     1     1    19     7    29    17     0     1   -10.0  -34.667  -59.048     15.8   1013.2
     2     1    19     7    29    17     0     1   -10.0  -34.660  -59.593    465.0    962.1
     3     1    19     7    29    17     0     1   -10.0  -34.615  -59.829   1074.9    891.9
     4     1    19     7    29    17     0     1   -10.0  -36.369  -60.895   1917.4    796.1
     5     1    19     7    29    17     0     1   -10.0  -35.577  -62.437   2902.8    702.6
     1     1    19     7    29    16     0     2   -11.0  -34.655  -59.071     16.9   1013.1
     2     1    19     7    29    16     0     2   -11.0  -34.631  -59.671    477.6    960.1
     3     1    19     7    29    16     0     2   -11.0  -34.551  -59.934   1072.8    891.2
     4     1    19     7    29    16     0     2   -11.0  -36.513  -61.125   1983.5    787.8
     5     1    19     7    29    16     0     2   -11.0  -35.570  -62.793   2833.4    709.1
     1     1    19     7    29    15     0     3   -12.0  -34.629  -59.058     19.6   1012.9
     2     1    19     7    29    15     0     3   -12.0  -34.590  -59.723    465.4    961.5
     3     1    19     7    29    15     0     3   -12.0  -34.460  -60.003   1010.8    897.7
     4     1    19     7    29    15     0     3   -12.0  -36.646  -61.323   2047.3    782.5
     5     1    19     7    29    15     0     3   -12.0  -35.587  -63.071   2695.3    723.5
     1     1    19     7    29    14     0     2   -13.0  -34.598  -59.030     22.2   1012.6
     2     1    19     7    29    14     0     2   -13.0  -34.553  -59.775    445.7    966.2
     3     1    19     7    29    14     0     2   -13.0  -34.360  -60.039    934.2    911.7
     4     1    19     7    29    14     0     2   -13.0  -36.777  -61.503   2130.4    774.3
     5     1    19     7    29    14     0     2   -13.0  -35.627  -63.270   2558.6    739.2
     1     1    19     7    29    13     0     1   -14.0  -34.568  -59.014     22.3   1012.8
     2     1    19     7    29    13     0     1   -14.0  -34.533  -59.857    435.7    967.8
     3     1    19     7    29    13     0     1   -14.0  -34.266  -60.064    885.6    916.1
     4     1    19     7    29    13     0     1   -14.0  -36.916  -61.706   2214.2    762.2
     5     1    19     7    29    13     0     1   -14.0  -35.673  -63.424   2466.7    745.8
     1     1    19     7    29    12     0     0   -15.0  -34.539  -59.009     19.7   1013.3
     2     1    19     7    29    12     0     0   -15.0  -34.531  -59.970    443.4    967.4
     3     1    19     7    29    12     0     0   -15.0  -34.182  -60.088    853.3    918.8
     4     1    19     7    29    12     0     0   -15.0  -37.064  -61.936   2225.0    755.2
     5     1    19     7    29    12     0     0   -15.0  -35.720  -63.544   2413.2    749.5
     1     1    19     7    29    11     0     1   -16.0  -34.511  -59.006     16.8   1014.0
     2     1    19     7    29    11     0     1   -16.0  -34.513  -60.086    464.0    962.5
     3     1    19     7    29    11     0     1   -16.0  -34.099  -60.126    837.2    920.3
     4     1    19     7    29    11     0     1   -16.0  -37.211  -62.173   2220.2    760.5
     5     1    19     7    29    11     0     1   -16.0  -35.787  -63.666   2430.6    750.0
     1     1    19     7    29    10     0     2   -17.0  -34.482  -58.991     14.7   1014.5
     2     1    19     7    29    10     0     2   -17.0  -34.450  -60.189    482.0    958.7
     3     1    19     7    29    10     0     2   -17.0  -34.001  -60.183    839.5    919.4
     4     1    19     7    29    10     0     2   -17.0  -37.355  -62.455   2310.2    752.0
     5     1    19     7    29    10     0     2   -17.0  -35.871  -63.858   2556.2    737.3
     1     1    19     7    29     9     0     3   -18.0  -34.452  -58.966     13.3   1014.8
     2     1    19     7    29     9     0     3   -18.0  -34.350  -60.289    492.3    956.1
     3     1    19     7    29     9     0     3   -18.0  -33.888  -60.259    857.2    916.4
     4     1    19     7    29     9     0     3   -18.0  -37.499  -62.802   2523.8    734.1
     5     1    19     7    29     9     0     3   -18.0  -35.916  -64.159   2763.5    713.1
     1     1    19     7    29     8     0     2   -19.0  -34.421  -58.929     12.5   1014.8
     2     1    19     7    29     8     0     2   -19.0  -34.215  -60.385    496.7    955.2
     3     1    19     7    29     8     0     2   -19.0  -33.752  -60.339    875.9    912.6
     4     1    19     7    29     8     0     2   -19.0  -37.640  -63.229   2743.7    704.4
     5     1    19     7    29     8     0     2   -19.0  -35.919  -64.491   2927.8    688.1
     1     1    19     7    29     7     0     1   -20.0  -34.386  -58.881     12.4   1014.7
     2     1    19     7    29     7     0     1   -20.0  -34.041  -60.467    495.8    954.1
     3     1    19     7    29     7     0     1   -20.0  -33.581  -60.406    891.2    910.7
     4     1    19     7    29     7     0     1   -20.0  -37.762  -63.666   2853.0    698.0
     5     1    19     7    29     7     0     1   -20.0  -35.916  -64.793   3072.7    679.4
     1     1    19     7    29     6     0     0   -21.0  -34.347  -58.822     13.2   1014.5
     2     1    19     7    29     6     0     0   -21.0  -33.830  -60.535    491.5    954.6
     3     1    19     7    29     6     0     0   -21.0  -33.377  -60.459    912.2    908.3
     4     1    19     7    29     6     0     0   -21.0  -37.863  -64.069   2894.1    696.5
     5     1    19     7    29     6     0     0   -21.0  -35.869  -65.091   3268.8    660.3
     1     1    19     7    29     5     0     1   -22.0  -34.302  -58.754     14.9   1014.2
     2     1    19     7    29     5     0     1   -22.0  -33.591  -60.575    491.0    954.4
     3     1    19     7    29     5     0     1   -22.0  -33.153  -60.482    933.0    904.6
     4     1    19     7    29     5     0     1   -22.0  -37.949  -64.475   2925.7    693.3
     5     1    19     7    29     5     0     1   -22.0  -35.795  -65.413   3358.1    638.9
     1     1    19     7    29     4     0     2   -23.0  -34.249  -58.679     17.4   1013.9
     2     1    19     7    29     4     0     2   -23.0  -33.338  -60.567    487.2    954.3
     3     1    19     7    29     4     0     2   -23.0  -32.918  -60.460    935.1    903.9
     4     1    19     7    29     4     0     2   -23.0  -37.990  -64.924   3005.9    682.4
     5     1    19     7    29     4     0     2   -23.0  -35.731  -65.724   3352.2    648.2
     1     1    19     7    29     3     0     3   -24.0  -34.189  -58.595     20.6   1013.6
     2     1    19     7    29     3     0     3   -24.0  -33.078  -60.510    466.1    956.8
     3     1    19     7    29     3     0     3   -24.0  -32.673  -60.393    914.5    906.9
     4     1    19     7    29     3     0     3   -24.0  -37.983  -65.408   3148.9    670.6
     5     1    19     7    29     3     0     3   -24.0  -35.654  -66.000   3473.4    643.7
     1     1    19     7    29     2     0     2   -25.0  -34.122  -58.500     25.4   1012.5
     2     1    19     7    29     2     0     2   -25.0  -32.822  -60.416    433.9    963.1
     3     1    19     7    29     2     0     2   -25.0  -32.426  -60.290    893.1    911.0
     4     1    19     7    29     2     0     2   -25.0  -37.974  -66.014   3279.7    657.5
     5     1    19     7    29     2     0     2   -25.0  -35.560  -66.330   3646.9    616.1
     1     1    19     7    29     1     0     1   -26.0  -34.045  -58.388     35.2   1010.6
     2     1    19     7    29     1     0     1   -26.0  -32.578  -60.298    407.6    966.3
     3     1    19     7    29     1     0     1   -26.0  -32.185  -60.156    886.5    909.8
     4     1    19     7    29     1     0     1   -26.0  -37.940  -66.697   3338.5    646.9
     5     1    19     7    29     1     0     1   -26.0  -35.476  -66.734   3707.3    610.2
     1     1    19     7    29     0     0     0   -27.0  -33.946  -58.257     55.5   1007.8
     2     1    19     7    29     0     0     0   -27.0  -32.345  -60.151    393.8    966.8
     3     1    19     7    29     0     0     0   -27.0  -31.951  -59.985    888.6    907.1
     4     1    19     7    29     0     0     0   -27.0  -37.844  -67.364   3355.9    639.6
     5     1    19     7    29     0     0     0   -27.0  -35.390  -67.176   3698.8    610.9
     1     1    19     7    28    23     0     1   -28.0  -33.822  -58.103     85.9   1002.6
     2     1    19     7    28    23     0     1   -28.0  -32.122  -59.986    392.1    964.0
     3     1    19     7    28    23     0     1   -28.0  -31.730  -59.800    889.2    909.0
     4     1    19     7    28    23     0     1   -28.0  -37.696  -68.058   3333.1    636.1
     5     1    19     7    28    23     0     1   -28.0  -35.293  -67.673   3693.4    603.5
     1     1    19     7    28    22     0     2   -29.0  -33.682  -57.930    114.7    998.4
     2     1    19     7    28    22     0     2   -29.0  -31.913  -59.819    395.2    964.1
     3     1    19     7    28    22     0     2   -29.0  -31.523  -59.623    886.4    911.3
     4     1    19     7    28    22     0     2   -29.0  -37.527  -68.820   3323.2    617.7
     5     1    19     7    28    22     0     2   -29.0  -35.203  -68.232   3639.4    585.1
     1     1    19     7    28    21     0     3   -30.0  -33.543  -57.744    132.3    996.7
     2     1    19     7    28    21     0     3   -30.0  -31.721  -59.651    401.2    965.6
     3     1    19     7    28    21     0     3   -30.0  -31.328  -59.444    882.1    911.3
     4     1    19     7    28    21     0     3   -30.0  -37.339  -69.630   3149.9    572.4
     5     1    19     7    28    21     0     3   -30.0  -35.125  -68.792   3433.7    570.2
     1     1    19     7    28    20     0     2   -31.0  -33.412  -57.560    143.6    995.6
     2     1    19     7    28    20     0     2   -31.0  -31.543  -59.485    408.1    965.9
     3     1    19     7    28    20     0     2   -31.0  -31.145  -59.261    860.4    912.8
     4     1    19     7    28    20     0     2   -31.0  -37.106  -70.622   3065.3    557.2
     5     1    19     7    28    20     0     2   -31.0  -35.047  -69.389   3343.9    529.4
     1     1    19     7    28    19     0     1   -32.0  -33.294  -57.387    152.2    994.4
     2     1    19     7    28    19     0     1   -32.0  -31.378  -59.329    408.1    966.2
     3     1    19     7    28    19     0     1   -32.0  -30.969  -59.078    828.8    915.0
     4     1    19     7    28    19     0     1   -32.0  -36.868  -71.625   3554.4    573.5
     5     1    19     7    28    19     0     1   -32.0  -34.988  -70.305   4297.0    429.7
     1     1    19     7    28    18     0     0   -33.0  -33.188  -57.223    154.6    993.9
     2     1    19     7    28    18     0     0   -33.0  -31.224  -59.187    406.2    965.9
     3     1    19     7    28    18     0     0   -33.0  -30.796  -58.901    814.9    918.6
     4     1    19     7    28    18     0     0   -33.0  -36.555  -72.256   3333.8    657.9
     5     1    19     7    28    18     0     0   -33.0  -34.861  -71.149   4835.2    510.8
     1     1    19     7    28    17     0     1   -34.0  -33.080  -57.055    153.6    994.5
     2     1    19     7    28    17     0     1   -34.0  -31.070  -59.034    409.8    963.8
     3     1    19     7    28    17     0     1   -34.0  -30.617  -58.715    805.9    921.6
     4     1    19     7    28    17     0     1   -34.0  -36.206  -72.771   2981.2    700.5
     5     1    19     7    28    17     0     1   -34.0  -34.733  -71.804   4635.4    557.9
     1     1    19     7    28    16     0     2   -35.0  -32.963  -56.874    156.6    995.2
     2     1    19     7    28    16     0     2   -35.0  -30.911  -58.850    414.5    964.8
     3     1    19     7    28    16     0     2   -35.0  -30.430  -58.501    791.4    924.3
     4     1    19     7    28    16     0     2   -35.0  -35.878  -73.237   2766.8    735.1
     5     1    19     7    28    16     0     2   -35.0  -34.641  -72.373   4491.6    581.8
     1     1    19     7    28    15     0     3   -36.0  -32.834  -56.689    165.9    994.0
     2     1    19     7    28    15     0     3   -36.0  -30.754  -58.638    417.5    967.5
     3     1    19     7    28    15     0     3   -36.0  -30.239  -58.251    776.0    925.4
     4     1    19     7    28    15     0     3   -36.0  -35.605  -73.674   2647.5    738.0
     5     1    19     7    28    15     0     3   -36.0  -34.617  -72.924   4372.6    593.5
     1     1    19     7    28    14     0     2   -37.0  -32.705  -56.492    177.4    991.1
     2     1    19     7    28    14     0     2   -37.0  -30.598  -58.398    421.8    968.7
     3     1    19     7    28    14     0     2   -37.0  -30.048  -57.962    763.5    924.2
     4     1    19     7    28    14     0     2   -37.0  -35.385  -74.105   2541.2    745.8
     5     1    19     7    28    14     0     2   -37.0  -34.630  -73.499   4241.2    601.2
     1     1    19     7    28    13     0     1   -38.0  -32.587  -56.270    184.2    989.2
     2     1    19     7    28    13     0     1   -38.0  -30.447  -58.127    428.0    967.6
     3     1    19     7    28    13     0     1   -38.0  -29.864  -57.641    760.1    924.8
     4     1    19     7    28    13     0     1   -38.0  -35.211  -74.554   2459.9    756.6
     5     1    19     7    28    13     0     1   -38.0  -34.626  -74.126   4125.4    614.1
     1     1    19     7    28    12     0     0   -39.0  -32.484  -56.023    181.3    988.5
     2     1    19     7    28    12     0     0   -39.0  -30.306  -57.815    437.4    964.8
     3     1    19     7    28    12     0     0   -39.0  -29.691  -57.288    763.8    924.3
     4     1    19     7    28    12     0     0   -39.0  -35.096  -75.017   2421.5    758.2
     5     1    19     7    28    12     0     0   -39.0  -34.660  -74.810   4096.4    617.5
     1     1    19     7    28    11     0     1   -40.0  -32.411  -55.776    174.7    988.4
     2     1    19     7    28    11     0     1   -40.0  -30.181  -57.470    452.6    960.4
     3     1    19     7    28    11     0     1   -40.0  -29.546  -56.908    764.5    923.1
     4     1    19     7    28    11     0     1   -40.0  -35.010  -75.506   2366.4    759.2
     5     1    19     7    28    11     0     1   -40.0  -34.712  -75.545   4097.6    610.5
     1     1    19     7    28    10     0     2   -41.0  -32.374  -55.548    174.7    986.8
     2     1    19     7    28    10     0     2   -41.0  -30.082  -57.110    466.9    957.4
     3     1    19     7    28    10     0     2   -41.0  -29.442  -56.512    758.5    922.7
     4     1    19     7    28    10     0     2   -41.0  -34.928  -76.016   2275.8    770.4
     5     1    19     7    28    10     0     2   -41.0  -34.722  -76.282   4067.4    614.9
     1     1    19     7    28     9     0     3   -42.0  -32.371  -55.338    181.1    984.6
     2     1    19     7    28     9     0     3   -42.0  -30.019  -56.741    466.9    954.6
     3     1    19     7    28     9     0     3   -42.0  -29.378  -56.102    751.8    922.9
     4     1    19     7    28     9     0     3   -42.0  -34.864  -76.531   2233.5    779.1
     5     1    19     7    28     9     0     3   -42.0  -34.729  -77.052   4093.4    617.0
     1     1    19     7    28     8     0     2   -43.0  -32.392  -55.150    194.2    982.2
     2     1    19     7    28     8     0     2   -43.0  -29.999  -56.372    458.3    955.4
     3     1    19     7    28     8     0     2   -43.0  -29.351  -55.692    756.5    919.6
     4     1    19     7    28     8     0     2   -43.0  -34.815  -77.068   2261.2    771.8
     5     1    19     7    28     8     0     2   -43.0  -34.740  -77.865   4110.1    610.3
     1     1    19     7    28     7     0     1   -44.0  -32.425  -54.986    214.6    979.5
     2     1    19     7    28     7     0     1   -44.0  -30.021  -56.023    467.0    952.4
     3     1    19     7    28     7     0     1   -44.0  -29.352  -55.299    778.0    913.2
     4     1    19     7    28     7     0     1   -44.0  -34.773  -77.630   2258.6    771.8
     5     1    19     7    28     7     0     1   -44.0  -34.739  -78.687   4122.6    611.2
     1     1    19     7    28     6     0     0   -45.0  -32.467  -54.849    237.8    978.7
     2     1    19     7    28     6     0     0   -45.0  -30.079  -55.712    496.8    950.3
     3     1    19     7    28     6     0     0   -45.0  -29.383  -54.934    803.6    907.3
     4     1    19     7    28     6     0     0   -45.0  -34.763  -78.202   2244.5    773.8
     5     1    19     7    28     6     0     0   -45.0  -34.726  -79.525   4157.2    607.0
     1     1    19     7    28     5     0     1   -46.0  -32.519  -54.732    255.5    978.3
     2     1    19     7    28     5     0     1   -46.0  -30.155  -55.430    521.1    949.0
     3     1    19     7    28     5     0     1   -46.0  -29.439  -54.598    834.9    902.0
     4     1    19     7    28     5     0     1   -46.0  -34.739  -78.777   2227.0    775.2
     5     1    19     7    28     5     0     1   -46.0  -34.704  -80.348   4192.4    606.9
     1     1    19     7    28     4     0     2   -47.0  -32.581  -54.625    266.0    978.9
     2     1    19     7    28     4     0     2   -47.0  -30.242  -55.173    534.5    949.3
     3     1    19     7    28     4     0     2   -47.0  -29.514  -54.291    881.0    896.7
     4     1    19     7    28     4     0     2   -47.0  -34.689  -79.351   2213.6    777.5
     5     1    19     7    28     4     0     2   -47.0  -34.646  -81.226   4321.0    593.4
     1     1    19     7    28     3     0     3   -48.0  -32.651  -54.525    271.9    980.1
     2     1    19     7    28     3     0     3   -48.0  -30.339  -54.949    539.3    949.5
     3     1    19     7    28     3     0     3   -48.0  -29.604  -54.015    941.8    891.1
     4     1    19     7    28     3     0     3   -48.0  -34.665  -79.953   2236.3    775.5
     5     1    19     7    28     3     0     3   -48.0  -34.560  -82.097   4323.6    595.8
     1     1    19     7    28     2     0     2   -49.0  -32.736  -54.450    275.2    981.6
     2     1    19     7    28     2     0     2   -49.0  -30.438  -54.762    541.8    947.0
     3     1    19     7    28     2     0     2   -49.0  -29.706  -53.773    997.5    890.8
     4     1    19     7    28     2     0     2   -49.0  -34.638  -80.569   2272.4    771.6
     5     1    19     7    28     2     0     2   -49.0  -34.467  -82.967   4297.4    597.0
     1     1    19     7    28     1     0     1   -50.0  -32.843  -54.421    277.8    982.6
     2     1    19     7    28     1     0     1   -50.0  -30.536  -54.617    544.2    943.9
     3     1    19     7    28     1     0     1   -50.0  -29.823  -53.576   1041.9    893.3
     4     1    19     7    28     1     0     1   -50.0  -34.573  -81.179   2303.4    768.2
     5     1    19     7    28     1     0     1   -50.0  -34.353  -83.824   4207.5    604.3
     1     1    19     7    28     0     0     0   -51.0  -32.975  -54.443    282.8    982.4
     2     1    19     7    28     0     0     0   -51.0  -30.635  -54.512    541.5    941.4
     3     1    19     7    28     0     0     0   -51.0  -29.953  -53.426   1100.5    894.3
     4     1    19     7    28     0     0     0   -51.0  -34.522  -81.783   2310.2    767.5
     5     1    19     7    28     0     0     0   -51.0  -34.225  -84.688   4163.8    608.7
     1     1    19     7    27    23     0     1   -52.0  -33.121  -54.500    289.6    978.9
     2     1    19     7    27    23     0     1   -52.0  -30.733  -54.448    543.9    938.4
     3     1    19     7    27    23     0     1   -52.0  -30.084  -53.325   1174.5    887.1
     4     1    19     7    27    23     0     1   -52.0  -34.469  -82.375   2305.2    768.6
     5     1    19     7    27    23     0     1   -52.0  -34.122  -85.579   4123.0    610.0
     1     1    19     7    27    22     0     2   -53.0  -33.271  -54.581    295.7    975.0
     2     1    19     7    27    22     0     2   -53.0  -30.824  -54.423    564.9    933.6
     3     1    19     7    27    22     0     2   -53.0  -30.200  -53.267   1241.0    877.6
     4     1    19     7    27    22     0     2   -53.0  -34.380  -82.954   2312.4    767.5
     5     1    19     7    27    22     0     2   -53.0  -34.018  -86.423   3998.2    621.8
     1     1    19     7    27    21     0     3   -54.0  -33.424  -54.687    301.4    970.9
     2     1    19     7    27    21     0     3   -54.0  -30.906  -54.431    606.0    927.5
     3     1    19     7    27    21     0     3   -54.0  -30.304  -53.246   1292.7    869.9
     4     1    19     7    27    21     0     3   -54.0  -34.298  -83.504   2293.1    769.0
     5     1    19     7    27    21     0     3   -54.0  -33.922  -87.323   3927.7    627.0
     1     1    19     7    27    20     0     2   -55.0  -33.575  -54.830    319.5    965.7
     2     1    19     7    27    20     0     2   -55.0  -30.983  -54.457    650.6    921.0
     3     1    19     7    27    20     0     2   -55.0  -30.401  -53.249   1327.0    864.4
     4     1    19     7    27    20     0     2   -55.0  -34.216  -84.010   2243.3    774.8
     5     1    19     7    27    20     0     2   -55.0  -33.864  -88.251   3870.2    632.0
     1     1    19     7    27    19     0     1   -56.0  -33.716  -55.021    358.3    958.1
     2     1    19     7    27    19     0     1   -56.0  -31.066  -54.493    684.2    918.2
     3     1    19     7    27    19     0     1   -56.0  -30.496  -53.262   1346.2    860.4
     4     1    19     7    27    19     0     1   -56.0  -34.128  -84.472   2201.9    779.6
     5     1    19     7    27    19     0     1   -56.0  -33.790  -89.158   3850.6    634.1
     1     1    19     7    27    18     0     0   -57.0  -33.845  -55.251    406.0    956.2
     2     1    19     7    27    18     0     0   -57.0  -31.158  -54.540    713.5    916.8
     3     1    19     7    27    18     0     0   -57.0  -30.594  -53.286   1355.3    857.2
     4     1    19     7    27    18     0     0   -57.0  -34.062  -84.901   2189.7    781.3
     5     1    19     7    27    18     0     0   -57.0  -33.698  -90.032   3839.5    635.2
     1     1    19     7    27    17     0     1   -58.0  -33.956  -55.494    456.3    954.1
     2     1    19     7    27    17     0     1   -58.0  -31.260  -54.597    746.9    915.4
     3     1    19     7    27    17     0     1   -58.0  -30.701  -53.318   1368.2    854.0
     4     1    19     7    27    17     0     1   -58.0  -34.023  -85.302   2173.6    782.1
     5     1    19     7    27    17     0     1   -58.0  -33.618  -90.920   3830.9    636.4
     1     1    19     7    27    16     0     2   -59.0  -34.046  -55.730    504.2    952.7
     2     1    19     7    27    16     0     2   -59.0  -31.370  -54.660    785.0    913.4
     3     1    19     7    27    16     0     2   -59.0  -30.816  -53.353   1396.5    848.6
     4     1    19     7    27    16     0     2   -59.0  -33.987  -85.673   2104.3    789.3
     5     1    19     7    27    16     0     2   -59.0  -33.580  -91.848   3833.1    635.7
     1     1    19     7    27    15     0     3   -60.0  -34.116  -55.950    539.6    952.6
     2     1    19     7    27    15     0     3   -60.0  -31.483  -54.730    826.4    911.0
     3     1    19     7    27    15     0     3   -60.0  -30.935  -53.390   1440.7    841.5
     4     1    19     7    27    15     0     3   -60.0  -33.971  -86.019   1991.8    801.1
     5     1    19     7    27    15     0     3   -60.0  -33.565  -92.781   3780.2    638.8
     1     1    19     7    27    14     0     2   -61.0  -34.191  -56.160    562.1    950.6
     2     1    19     7    27    14     0     2   -61.0  -31.601  -54.814    862.4    908.0
     3     1    19     7    27    14     0     2   -61.0  -31.066  -53.436   1485.6    834.8
     4     1    19     7    27    14     0     2   -61.0  -33.962  -86.350   1918.9    809.8
     5     1    19     7    27    14     0     2   -61.0  -33.520  -93.751   3726.8    646.2
     1     1    19     7    27    13     0     1   -62.0  -34.296  -56.370    583.1    948.2
     2     1    19     7    27    13     0     1   -62.0  -31.730  -54.913    877.5    906.9
     3     1    19     7    27    13     0     1   -62.0  -31.220  -53.501   1514.9    832.2
     4     1    19     7    27    13     0     1   -62.0  -33.962  -86.681   1939.4    807.4
     5     1    19     7    27    13     0     1   -62.0  -33.481  -94.768   3764.9    640.2
     1     1    19     7    27    12     0     0   -63.0  -34.428  -56.578    605.1    946.3
     2     1    19     7    27    12     0     0   -63.0  -31.871  -55.027    862.2    908.7
     3     1    19     7    27    12     0     0   -63.0  -31.391  -53.583   1532.0    831.2
     4     1    19     7    27    12     0     0   -63.0  -33.995  -87.022   2034.6    797.5
     5     1    19     7    27    12     0     0   -63.0  -33.474  -95.792   3536.6    652.4
     1     1    19     7    27    11     0     1   -64.0  -34.576  -56.780    623.4    945.0
     2     1    19     7    27    11     0     1   -64.0  -32.017  -55.154    853.6    909.8
     3     1    19     7    27    11     0     1   -64.0  -31.570  -53.689   1548.0    830.4
     4     1    19     7    27    11     0     1   -64.0  -34.045  -87.393   2133.7    786.9
     5     1    19     7    27    11     0     1   -64.0  -33.399  -96.793   3128.9    699.9
     1     1    19     7    27    10     0     2   -65.0  -34.738  -56.982    625.5    946.2
     2     1    19     7    27    10     0     2   -65.0  -32.159  -55.292    881.8    905.7
     3     1    19     7    27    10     0     2   -65.0  -31.744  -53.827   1565.8    829.2
     4     1    19     7    27    10     0     2   -65.0  -34.070  -87.794   2206.6    780.7
     5     1    19     7    27    10     0     2   -65.0  -33.333  -97.828   3027.9    704.6
     1     1    19     7    27     9     0     3   -66.0  -34.919  -57.203    606.4    951.1
     2     1    19     7    27     9     0     3   -66.0  -32.291  -55.433    940.3    898.6
     3     1    19     7    27     9     0     3   -66.0  -31.909  -53.991   1575.0    829.1
     4     1    19     7    27     9     0     3   -66.0  -34.083  -88.228   2288.5    772.6
     5     1    19     7    27     9     0     3   -66.0  -33.270  -98.833   3024.1    705.1
     1     1    19     7    27     8     0     2   -67.0  -35.103  -57.441    589.3    954.6
     2     1    19     7    27     8     0     2   -67.0  -32.419  -55.577   1015.0    890.6
     3     1    19     7    27     8     0     2   -67.0  -32.068  -54.179   1592.7    830.2
     4     1    19     7    27     8     0     2   -67.0  -34.103  -88.672   2356.6    766.6
     5     1    19     7    27     8     0     2   -67.0  -33.207  -99.826   3066.4    700.6
     1     1    19     7    27     7     0     1   -68.0  -35.280  -57.674    588.7    954.4
     2     1    19     7    27     7     0     1   -68.0  -32.554  -55.729   1094.4    883.4
     3     1    19     7    27     7     0     1   -68.0  -32.227  -54.397   1630.8    826.8
     4     1    19     7    27     7     0     1   -68.0  -34.125  -89.109   2439.1    759.1
     5     1    19     7    27     7     0     1   -68.0  -33.149 -100.876   3083.1    699.3
     1     1    19     7    27     6     0     0   -69.0  -35.451  -57.917    590.8    954.0
     2     1    19     7    27     6     0     0   -69.0  -32.695  -55.887   1178.2    876.5
     3     1    19     7    27     6     0     0   -69.0  -32.381  -54.633   1673.8    821.2
     4     1    19     7    27     6     0     0   -69.0  -34.144  -89.533   2517.6    751.3
     5     1    19     7    27     6     0     0   -69.0  -33.115 -101.929   3104.3    698.1
     1     1    19     7    27     5     0     1   -70.0  -35.618  -58.157    600.2    952.8
     2     1    19     7    27     5     0     1   -70.0  -32.852  -56.056   1232.5    871.4
     3     1    19     7    27     5     0     1   -70.0  -32.537  -54.883   1699.0    815.3
     4     1    19     7    27     5     0     1   -70.0  -34.166  -89.944   2545.3    748.6
     5     1    19     7    27     5     0     1   -70.0  -33.084 -102.967   3125.0    696.9
     1     1    19     7    27     4     0     2   -71.0  -35.788  -58.376    620.2    950.0
     2     1    19     7    27     4     0     2   -71.0  -33.034  -56.232   1229.5    872.5
     3     1    19     7    27     4     0     2   -71.0  -32.705  -55.141   1696.3    813.9
     4     1    19     7    27     4     0     2   -71.0  -34.183  -90.336   2550.6    749.4
     5     1    19     7    27     4     0     2   -71.0  -33.039 -104.010   3148.1    692.7
     1     1    19     7    27     3     0     3   -72.0  -35.953  -58.581    638.2    947.4
     2     1    19     7    27     3     0     3   -72.0  -33.239  -56.411   1203.7    874.9
     3     1    19     7    27     3     0     3   -72.0  -32.888  -55.401   1653.8    819.7
     4     1    19     7    27     3     0     3   -72.0  -34.198  -90.720   2587.6    746.0
     5     1    19     7    27     3     0     3   -72.0  -33.023 -105.017   3017.1    703.5
