     7     1
    GDAS    19    10    29     0     0
    GDAS    19    11     1     0     0
    GDAS    19    11     8     0     0
    GDAS    19    11    15     0     0
    GDAS    19    11    22     0     0
    GDAS    19    11    29     0     0
    GDAS    19    12     1     0     0
     5 BACKWARD OMEGA   
    19    11    20    21  -34.572  -58.513    10.0
    19    11    20    21  -34.572  -58.513   200.0
    19    11    20    21  -34.572  -58.513   500.0
    19    11    20    21  -34.572  -58.513  1000.0
    19    11    20    21  -34.572  -58.513  2000.0
     1 PRESSURE
     1     1    19    11    20    21     0     3     0.0  -34.572  -58.513     10.0   1006.0
     2     1    19    11    20    21     0     3     0.0  -34.572  -58.513    200.0    985.7
     3     1    19    11    20    21     0     3     0.0  -34.572  -58.513    500.0    953.1
     4     1    19    11    20    21     0     3     0.0  -34.572  -58.513   1000.0    900.4
     5     1    19    11    20    21     0     3     0.0  -34.572  -58.513   2000.0    801.5
     1     1    19    11    20    20     0     2    -1.0  -34.526  -58.446     11.7   1005.3
     2     1    19    11    20    20     0     2    -1.0  -34.507  -58.425    182.4    986.4
     3     1    19    11    20    20     0     2    -1.0  -34.508  -58.438    476.7    953.0
     4     1    19    11    20    20     0     2    -1.0  -34.522  -58.477    962.8    901.0
     5     1    19    11    20    20     0     2    -1.0  -34.562  -58.562   1950.1    803.7
     1     1    19    11    20    19     0     1    -2.0  -34.470  -58.410     11.3   1005.2
     2     1    19    11    20    19     0     1    -2.0  -34.434  -58.379    152.4    990.0
     3     1    19    11    20    19     0     1    -2.0  -34.438  -58.399    415.0    960.1
     4     1    19    11    20    19     0     1    -2.0  -34.466  -58.461    863.0    911.1
     5     1    19    11    20    19     0     1    -2.0  -34.551  -58.595   1826.0    815.0
     1     1    19    11    20    18     0     0    -3.0  -34.406  -58.402      8.8   1005.6
     2     1    19    11    20    18     0     0    -3.0  -34.357  -58.369    114.0    994.0
     3     1    19    11    20    18     0     0    -3.0  -34.364  -58.393    322.5    970.1
     4     1    19    11    20    18     0     0    -3.0  -34.399  -58.466    696.0    928.4
     5     1    19    11    20    18     0     0    -3.0  -34.534  -58.620   1619.2    835.0
     1     1    19    11    20    17     0     1    -4.0  -34.332  -58.404      6.0   1005.9
     2     1    19    11    20    17     0     1    -4.0  -34.272  -58.370     83.5    998.4
     3     1    19    11    20    17     0     1    -4.0  -34.277  -58.399    240.8    982.8
     4     1    19    11    20    17     0     1    -4.0  -34.319  -58.478    533.3    952.9
     5     1    19    11    20    17     0     1    -4.0  -34.501  -58.648   1400.0    863.8
     1     1    19    11    20    16     0     2    -5.0  -34.244  -58.399      5.3   1006.3
     2     1    19    11    20    16     0     2    -5.0  -34.171  -58.360     69.2    999.4
     3     1    19    11    20    16     0     2    -5.0  -34.171  -58.393    192.6    986.9
     4     1    19    11    20    16     0     2    -5.0  -34.217  -58.477    424.9    963.8
     5     1    19    11    20    16     0     2    -5.0  -34.448  -58.678   1234.0    880.7
     1     1    19    11    20    15     0     3    -6.0  -34.143  -58.387      7.2   1006.6
     2     1    19    11    20    15     0     3    -6.0  -34.054  -58.339     67.6    998.9
     3     1    19    11    20    15     0     3    -6.0  -34.048  -58.372    169.8    988.5
     4     1    19    11    20    15     0     3    -6.0  -34.094  -58.462    362.4    969.1
     5     1    19    11    20    15     0     3    -6.0  -34.372  -58.699   1126.3    891.8
     1     1    19    11    20    14     0     2    -7.0  -34.034  -58.366     10.8   1006.5
     2     1    19    11    20    14     0     2    -7.0  -33.927  -58.307     74.5    997.8
     3     1    19    11    20    14     0     2    -7.0  -33.913  -58.339    167.3    988.7
     4     1    19    11    20    14     0     2    -7.0  -33.953  -58.434    336.7    971.1
     5     1    19    11    20    14     0     2    -7.0  -34.277  -58.721   1065.8    896.1
     1     1    19    11    20    13     0     1    -8.0  -33.924  -58.339     15.2   1005.9
     2     1    19    11    20    13     0     1    -8.0  -33.798  -58.268     87.9    997.1
     3     1    19    11    20    13     0     1    -8.0  -33.774  -58.298    182.1    987.8
     4     1    19    11    20    13     0     1    -8.0  -33.799  -58.399    342.8    971.3
     5     1    19    11    20    13     0     1    -8.0  -34.169  -58.755   1038.5    899.5
     1     1    19    11    20    12     0     0    -9.0  -33.813  -58.306     21.6   1005.4
     2     1    19    11    20    12     0     0    -9.0  -33.666  -58.221    109.5    996.0
     3     1    19    11    20    12     0     0    -9.0  -33.630  -58.248    213.9    985.3
     4     1    19    11    20    12     0     0    -9.0  -33.631  -58.356    376.3    968.2
     5     1    19    11    20    12     0     0    -9.0  -34.054  -58.799   1058.5    898.6
     1     1    19    11    20    11     0     1   -10.0  -33.697  -58.264     29.9   1004.0
     2     1    19    11    20    11     0     1   -10.0  -33.521  -58.162    135.8    993.5
     3     1    19    11    20    11     0     1   -10.0  -33.463  -58.182    251.5    980.7
     4     1    19    11    20    11     0     1   -10.0  -33.436  -58.299    416.0    962.8
     5     1    19    11    20    11     0     1   -10.0  -33.936  -58.853   1106.9    890.7
     1     1    19    11    20    10     0     2   -11.0  -33.575  -58.210     39.3   1002.8
     2     1    19    11    20    10     0     2   -11.0  -33.354  -58.079    159.7    991.1
     3     1    19    11    20    10     0     2   -11.0  -33.261  -58.088    280.9    978.1
     4     1    19    11    20    10     0     2   -11.0  -33.209  -58.209    445.6    960.5
     5     1    19    11    20    10     0     2   -11.0  -33.801  -58.913   1153.0    886.4
     1     1    19    11    20     9     0     3   -12.0  -33.444  -58.142     49.1   1002.0
     2     1    19    11    20     9     0     3   -12.0  -33.164  -57.967    179.2    989.5
     3     1    19    11    20     9     0     3   -12.0  -33.031  -57.951    301.3    976.7
     4     1    19    11    20     9     0     3   -12.0  -32.954  -58.071    466.1    959.2
     5     1    19    11    20     9     0     3   -12.0  -33.650  -58.978   1198.9    881.8
     1     1    19    11    20     8     0     2   -13.0  -33.310  -58.056     59.8   1001.8
     2     1    19    11    20     8     0     2   -13.0  -32.970  -57.813    197.1    987.8
     3     1    19    11    20     8     0     2   -13.0  -32.797  -57.767    319.5    973.4
     4     1    19    11    20     8     0     2   -13.0  -32.700  -57.886    481.7    956.5
     5     1    19    11    20     8     0     2   -13.0  -33.490  -59.032   1238.7    876.8
     1     1    19    11    20     7     0     1   -14.0  -33.178  -57.945     72.7   1000.8
     2     1    19    11    20     7     0     1   -14.0  -32.781  -57.613    218.2    982.9
     3     1    19    11    20     7     0     1   -14.0  -32.580  -57.536    342.8    967.4
     4     1    19    11    20     7     0     1   -14.0  -32.473  -57.660    497.6    951.4
     5     1    19    11    20     7     0     1   -14.0  -33.324  -59.060   1267.7    874.2
     1     1    19    11    20     6     0     0   -15.0  -33.044  -57.802     87.3    999.0
     2     1    19    11    20     6     0     0   -15.0  -32.591  -57.358    247.4    976.3
     3     1    19    11    20     6     0     0   -15.0  -32.382  -57.248    377.1    959.6
     4     1    19    11    20     6     0     0   -15.0  -32.277  -57.382    519.5    945.1
     5     1    19    11    20     6     0     0   -15.0  -33.151  -59.061   1295.1    871.8
     1     1    19    11    20     5     0     1   -16.0  -32.922  -57.622    103.3    996.1
     2     1    19    11    20     5     0     1   -16.0  -32.422  -57.049    281.2    967.2
     3     1    19    11    20     5     0     1   -16.0  -32.220  -56.914    417.6    950.1
     4     1    19    11    20     5     0     1   -16.0  -32.124  -57.063    548.7    936.0
     5     1    19    11    20     5     0     1   -16.0  -32.988  -59.021   1336.5    869.0
     1     1    19    11    20     4     0     2   -17.0  -32.826  -57.407    117.0    992.3
     2     1    19    11    20     4     0     2   -17.0  -32.305  -56.714    297.3    962.5
     3     1    19    11    20     4     0     2   -17.0  -32.111  -56.555    427.3    945.9
     4     1    19    11    20     4     0     2   -17.0  -32.023  -56.717    560.3    931.6
     5     1    19    11    20     4     0     2   -17.0  -32.852  -58.942   1396.3    862.5
     1     1    19    11    20     3     0     3   -18.0  -32.767  -57.174    120.1    989.2
     2     1    19    11    20     3     0     3   -18.0  -32.239  -56.364    272.9    964.3
     3     1    19    11    20     3     0     3   -18.0  -32.044  -56.169    374.9    950.7
     4     1    19    11    20     3     0     3   -18.0  -31.962  -56.347    527.6    934.2
     5     1    19    11    20     3     0     3   -18.0  -32.739  -58.833   1461.4    856.1
     1     1    19    11    20     2     0     2   -19.0  -32.736  -56.946    113.9    988.3
     2     1    19    11    20     2     0     2   -19.0  -32.205  -56.032    229.7    971.9
     3     1    19    11    20     2     0     2   -19.0  -32.010  -55.797    308.5    963.5
     4     1    19    11    20     2     0     2   -19.0  -31.932  -55.974    471.2    943.3
     5     1    19    11    20     2     0     2   -19.0  -32.641  -58.713   1520.0    849.5
     1     1    19    11    20     1     0     1   -20.0  -32.714  -56.735    110.5    989.0
     2     1    19    11    20     1     0     1   -20.0  -32.190  -55.744    204.8    974.9
     3     1    19    11    20     1     0     1   -20.0  -32.004  -55.456    279.4    967.3
     4     1    19    11    20     1     0     1   -20.0  -31.933  -55.627    441.7    949.2
     5     1    19    11    20     1     0     1   -20.0  -32.550  -58.598   1567.3    845.0
     1     1    19    11    20     0     0     0   -21.0  -32.700  -56.541    116.0    988.3
     2     1    19    11    20     0     0     0   -21.0  -32.202  -55.481    202.8    974.0
     3     1    19    11    20     0     0     0   -21.0  -32.041  -55.131    281.8    965.9
     4     1    19    11    20     0     0     0   -21.0  -31.973  -55.302    448.1    948.0
     5     1    19    11    20     0     0     0   -21.0  -32.468  -58.491   1611.8    841.1
     1     1    19    11    19    23     0     1   -22.0  -32.691  -56.368    122.3    986.5
     2     1    19    11    19    23     0     1   -22.0  -32.234  -55.237    210.8    971.4
     3     1    19    11    19    23     0     1   -22.0  -32.093  -54.834    289.8    962.8
     4     1    19    11    19    23     0     1   -22.0  -32.027  -55.006    469.4    944.0
     5     1    19    11    19    23     0     1   -22.0  -32.402  -58.395   1671.4    836.2
     1     1    19    11    19    22     0     2   -23.0  -32.689  -56.223    119.4    986.5
     2     1    19    11    19    22     0     2   -23.0  -32.267  -55.024    221.0    969.5
     3     1    19    11    19    22     0     2   -23.0  -32.134  -54.582    283.3    963.5
     4     1    19    11    19    22     0     2   -23.0  -32.071  -54.755    484.7    941.1
     5     1    19    11    19    22     0     2   -23.0  -32.359  -58.313   1762.4    827.6
     1     1    19    11    19    21     0     3   -24.0  -32.697  -56.111    107.2    987.5
     2     1    19    11    19    21     0     3   -24.0  -32.297  -54.849    228.2    968.8
     3     1    19    11    19    21     0     3   -24.0  -32.171  -54.376    255.2    967.5
     4     1    19    11    19    21     0     3   -24.0  -32.107  -54.549    476.8    941.7
     5     1    19    11    19    21     0     3   -24.0  -32.340  -58.251   1885.9    815.4
     1     1    19    11    19    20     0     2   -25.0  -32.711  -56.032     90.7    990.3
     2     1    19    11    19    20     0     2   -25.0  -32.333  -54.707    224.0    970.2
     3     1    19    11    19    20     0     2   -25.0  -32.221  -54.213    219.2    974.5
     4     1    19    11    19    20     0     2   -25.0  -32.150  -54.379    452.3    947.1
     5     1    19    11    19    20     0     2   -25.0  -32.333  -58.213   1997.6    801.1
     1     1    19    11    19    19     0     1   -26.0  -32.723  -55.984     74.2    992.6
     2     1    19    11    19    19     0     1   -26.0  -32.386  -54.594    208.9    973.8
     3     1    19    11    19    19     0     1   -26.0  -32.287  -54.089    192.1    980.3
     4     1    19    11    19    19     0     1   -26.0  -32.213  -54.242    430.8    952.1
     5     1    19    11    19    19     0     1   -26.0  -32.328  -58.193   2059.8    795.5
     1     1    19    11    19    18     0     0   -27.0  -32.731  -55.962     58.4    995.2
     2     1    19    11    19    18     0     0   -27.0  -32.454  -54.517    191.0    977.6
     3     1    19    11    19    18     0     0   -27.0  -32.363  -54.006    178.9    984.2
     4     1    19    11    19    18     0     0   -27.0  -32.293  -54.145    424.7    955.1
     5     1    19    11    19    18     0     0   -27.0  -32.327  -58.183   2074.0    794.8
     1     1    19    11    19    17     0     1   -28.0  -32.730  -55.954     45.7    996.5
     2     1    19    11    19    17     0     1   -28.0  -32.517  -54.463    176.5    981.0
     3     1    19    11    19    17     0     1   -28.0  -32.429  -53.948    175.9    985.4
     4     1    19    11    19    17     0     1   -28.0  -32.365  -54.076    435.8    955.6
     5     1    19    11    19    17     0     1   -28.0  -32.331  -58.172   2077.1    798.1
     1     1    19    11    19    16     0     2   -29.0  -32.718  -55.946     37.0    997.3
     2     1    19    11    19    16     0     2   -29.0  -32.556  -54.416    170.2    983.0
     3     1    19    11    19    16     0     2   -29.0  -32.467  -53.890    175.9    986.7
     4     1    19    11    19    16     0     2   -29.0  -32.413  -54.010    463.2    954.1
     5     1    19    11    19    16     0     2   -29.0  -32.342  -58.160   2100.8    796.1
     1     1    19    11    19    15     0     3   -30.0  -32.695  -55.937     31.2    997.8
     2     1    19    11    19    15     0     3   -30.0  -32.575  -54.373    172.3    983.8
     3     1    19    11    19    15     0     3   -30.0  -32.481  -53.831    183.3    986.8
     4     1    19    11    19    15     0     3   -30.0  -32.438  -53.941    505.6    949.9
     5     1    19    11    19    15     0     3   -30.0  -32.362  -58.151   2146.3    792.1
     1     1    19    11    19    14     0     2   -31.0  -32.663  -55.919     27.4    997.9
     2     1    19    11    19    14     0     2   -31.0  -32.572  -54.331    180.4    983.2
     3     1    19    11    19    14     0     2   -31.0  -32.470  -53.770    196.2    985.0
     4     1    19    11    19    14     0     2   -31.0  -32.432  -53.863    552.6    944.2
     5     1    19    11    19    14     0     2   -31.0  -32.390  -58.146   2203.2    785.8
     1     1    19    11    19    13     0     1   -32.0  -32.620  -55.881     24.8    997.8
     2     1    19    11    19    13     0     1   -32.0  -32.547  -54.286    191.6    982.5
     3     1    19    11    19    13     0     1   -32.0  -32.434  -53.705    209.5    983.4
     4     1    19    11    19    13     0     1   -32.0  -32.390  -53.772    598.3    939.4
     5     1    19    11    19    13     0     1   -32.0  -32.423  -58.143   2257.4    780.7
     1     1    19    11    19    12     0     0   -33.0  -32.566  -55.829     23.3    997.4
     2     1    19    11    19    12     0     0   -33.0  -32.499  -54.238    205.8    981.1
     3     1    19    11    19    12     0     0   -33.0  -32.372  -53.635    223.7    981.4
     4     1    19    11    19    12     0     0   -33.0  -32.315  -53.663    645.0    934.1
     5     1    19    11    19    12     0     0   -33.0  -32.464  -58.145   2303.4    776.1
     1     1    19    11    19    11     0     1   -34.0  -32.511  -55.765     22.7    996.4
     2     1    19    11    19    11     0     1   -34.0  -32.432  -54.177    221.4    978.8
     3     1    19    11    19    11     0     1   -34.0  -32.285  -53.551    239.5    978.6
     4     1    19    11    19    11     0     1   -34.0  -32.221  -53.528    692.2    927.7
     5     1    19    11    19    11     0     1   -34.0  -32.508  -58.151   2349.5    772.5
     1     1    19    11    19    10     0     2   -35.0  -32.466  -55.694     22.6    995.5
     2     1    19    11    19    10     0     2   -35.0  -32.350  -54.098    236.8    976.4
     3     1    19    11    19    10     0     2   -35.0  -32.171  -53.441    258.6    975.6
     4     1    19    11    19    10     0     2   -35.0  -32.120  -53.362    742.9    922.0
     5     1    19    11    19    10     0     2   -35.0  -32.552  -58.164   2406.6    766.7
     1     1    19    11    19     9     0     3   -36.0  -32.430  -55.613     22.9    994.6
     2     1    19    11    19     9     0     3   -36.0  -32.248  -54.002    251.2    973.6
     3     1    19    11    19     9     0     3   -36.0  -32.021  -53.295    286.6    971.4
     4     1    19    11    19     9     0     3   -36.0  -32.010  -53.164    808.7    915.4
     5     1    19    11    19     9     0     3   -36.0  -32.596  -58.186   2472.4    760.1
     1     1    19    11    19     8     0     2   -37.0  -32.399  -55.525     23.9    994.2
     2     1    19    11    19     8     0     2   -37.0  -32.133  -53.880    269.5    970.9
     3     1    19    11    19     8     0     2   -37.0  -31.855  -53.105    323.3    966.1
     4     1    19    11    19     8     0     2   -37.0  -31.909  -52.951    883.6    907.0
     5     1    19    11    19     8     0     2   -37.0  -32.644  -58.219   2534.2    753.4
     1     1    19    11    19     7     0     1   -38.0  -32.375  -55.429     25.7    993.7
     2     1    19    11    19     7     0     1   -38.0  -32.009  -53.718    297.8    966.2
     3     1    19    11    19     7     0     1   -38.0  -31.696  -52.877    357.0    962.8
     4     1    19    11    19     7     0     1   -38.0  -31.830  -52.735    949.5    901.0
     5     1    19    11    19     7     0     1   -38.0  -32.699  -58.261   2584.1    749.1
     1     1    19    11    19     6     0     0   -39.0  -32.356  -55.326     28.2    993.3
     2     1    19    11    19     6     0     0   -39.0  -31.878  -53.512    335.1    961.2
     3     1    19    11    19     6     0     0   -39.0  -31.547  -52.617    379.3    962.5
     4     1    19    11    19     6     0     0   -39.0  -31.770  -52.513   1004.2    897.3
     5     1    19    11    19     6     0     0   -39.0  -32.760  -58.313   2629.0    745.4
     1     1    19    11    19     5     0     1   -40.0  -32.345  -55.211     31.2    992.5
     2     1    19    11    19     5     0     1   -40.0  -31.748  -53.272    371.6    957.3
     3     1    19    11    19     5     0     1   -40.0  -31.408  -52.336    386.7    965.1
     4     1    19    11    19     5     0     1   -40.0  -31.721  -52.295   1044.8    895.2
     5     1    19    11    19     5     0     1   -40.0  -32.819  -58.379   2670.3    741.8
     1     1    19    11    19     4     0     2   -41.0  -32.348  -55.085     34.5    991.5
     2     1    19    11    19     4     0     2   -41.0  -31.624  -53.004    402.4    956.7
     3     1    19    11    19     4     0     2   -41.0  -31.280  -52.046    372.5    970.3
     4     1    19    11    19     4     0     2   -41.0  -31.674  -52.088   1060.9    895.4
     5     1    19    11    19     4     0     2   -41.0  -32.875  -58.464   2703.9    738.9
     1     1    19    11    19     3     0     3   -42.0  -32.365  -54.947     38.4    990.8
     2     1    19    11    19     3     0     3   -42.0  -31.514  -52.716    425.6    956.8
     3     1    19    11    19     3     0     3   -42.0  -31.154  -51.743    352.5    975.7
     4     1    19    11    19     3     0     3   -42.0  -31.627  -51.888   1050.1    898.2
     5     1    19    11    19     3     0     3   -42.0  -32.927  -58.570   2727.9    737.0
     1     1    19    11    19     2     0     2   -43.0  -32.391  -54.823     42.3    991.6
     2     1    19    11    19     2     0     2   -43.0  -31.408  -52.419    432.1    959.6
     3     1    19    11    19     2     0     2   -43.0  -31.013  -51.411    357.8    976.2
     4     1    19    11    19     2     0     2   -43.0  -31.572  -51.697   1038.6    902.0
     5     1    19    11    19     2     0     2   -43.0  -32.979  -58.691   2746.6    735.8
     1     1    19    11    19     1     0     1   -44.0  -32.422  -54.729     45.3    992.3
     2     1    19    11    19     1     0     1   -44.0  -31.294  -52.117    424.9    965.2
     3     1    19    11    19     1     0     1   -44.0  -30.846  -51.063    385.5    972.0
     4     1    19    11    19     1     0     1   -44.0  -31.506  -51.519   1038.6    900.9
     5     1    19    11    19     1     0     1   -44.0  -33.027  -58.819   2772.9    734.0
     1     1    19    11    19     0     0     0   -45.0  -32.460  -54.655     46.0    993.1
     2     1    19    11    19     0     0     0   -45.0  -31.167  -51.808    413.1    969.0
     3     1    19    11    19     0     0     0   -45.0  -30.652  -50.736    410.4    968.6
     4     1    19    11    19     0     0     0   -45.0  -31.429  -51.350   1024.5    901.3
     5     1    19    11    19     0     0     0   -45.0  -33.069  -58.956   2820.6    730.4
     1     1    19    11    18    23     0     1   -46.0  -32.496  -54.601     46.1    993.1
     2     1    19    11    18    23     0     1   -46.0  -31.028  -51.492    413.1    969.5
     3     1    19    11    18    23     0     1   -46.0  -30.437  -50.440    441.2    966.7
     4     1    19    11    18    23     0     1   -46.0  -31.341  -51.181    997.6    905.0
     5     1    19    11    18    23     0     1   -46.0  -33.094  -59.114   2866.9    723.2
     1     1    19    11    18    22     0     2   -47.0  -32.521  -54.570     48.1    992.6
     2     1    19    11    18    22     0     2   -47.0  -30.893  -51.192    434.9    966.5
     3     1    19    11    18    22     0     2   -47.0  -30.205  -50.166    500.7    959.6
     4     1    19    11    18    22     0     2   -47.0  -31.250  -51.012    972.2    907.3
     5     1    19    11    18    22     0     2   -47.0  -33.098  -59.298   2883.7    721.4
     1     1    19    11    18    21     0     3   -48.0  -32.537  -54.566     53.6    991.6
     2     1    19    11    18    21     0     3   -48.0  -30.782  -50.925    471.0    960.9
     3     1    19    11    18    21     0     3   -48.0  -29.971  -49.907    584.0    946.8
     4     1    19    11    18    21     0     3   -48.0  -31.158  -50.848    963.2    909.1
     5     1    19    11    18    21     0     3   -48.0  -33.078  -59.504   2870.5    722.0
     1     1    19    11    18    20     0     2   -49.0  -32.538  -54.573     61.2    990.8
     2     1    19    11    18    20     0     2   -49.0  -30.682  -50.695    502.9    956.6
     3     1    19    11    18    20     0     2   -49.0  -29.784  -49.683    660.8    926.2
     4     1    19    11    18    20     0     2   -49.0  -31.067  -50.694    989.6    907.5
     5     1    19    11    18    20     0     2   -49.0  -33.053  -59.714   2875.9    726.5
     1     1    19    11    18    19     0     1   -50.0  -32.518  -54.571     68.0    990.4
     2     1    19    11    18    19     0     1   -50.0  -30.570  -50.493    526.5    955.4
     3     1    19    11    18    19     0     1   -50.0  -29.643  -49.496    726.2    917.9
     4     1    19    11    18    19     0     1   -50.0  -30.974  -50.551   1059.7    900.7
     5     1    19    11    18    19     0     1   -50.0  -33.069  -59.912   2945.4    720.4
     1     1    19    11    18    18     0     0   -51.0  -32.479  -54.559     73.5    990.3
     2     1    19    11    18    18     0     0   -51.0  -30.443  -50.311    553.5    953.3
     3     1    19    11    18    18     0     0   -51.0  -29.521  -49.332    801.0    913.1
     4     1    19    11    18    18     0     0   -51.0  -30.884  -50.425   1177.2    889.4
     5     1    19    11    18    18     0     0   -51.0  -33.144  -60.111   3013.0    709.8
     1     1    19    11    18    17     0     1   -52.0  -32.421  -54.540     79.0    990.0
     2     1    19    11    18    17     0     1   -52.0  -30.286  -50.134    601.5    949.8
     3     1    19    11    18    17     0     1   -52.0  -29.399  -49.181    886.6    907.7
     4     1    19    11    18    17     0     1   -52.0  -30.802  -50.312   1315.3    871.8
     5     1    19    11    18    17     0     1   -52.0  -33.198  -60.333   3048.5    706.1
     1     1    19    11    18    16     0     2   -53.0  -32.348  -54.514     86.0    989.4
     2     1    19    11    18    16     0     2   -53.0  -30.087  -49.946    695.4    940.5
     3     1    19    11    18    16     0     2   -53.0  -29.262  -49.029    952.8    906.2
     4     1    19    11    18    16     0     2   -53.0  -30.723  -50.197   1436.4    859.1
     5     1    19    11    18    16     0     2   -53.0  -33.191  -60.571   3080.7    702.3
     1     1    19    11    18    15     0     3   -54.0  -32.259  -54.481     94.4    988.4
     2     1    19    11    18    15     0     3   -54.0  -29.887  -49.756    825.2    917.1
     3     1    19    11    18    15     0     3   -54.0  -29.104  -48.869    976.3    905.3
     4     1    19    11    18    15     0     3   -54.0  -30.639  -50.075   1529.3    849.1
     5     1    19    11    18    15     0     3   -54.0  -33.142  -60.803   3128.0    697.3
     1     1    19    11    18    14     0     2   -55.0  -32.159  -54.439    104.5    987.5
     2     1    19    11    18    14     0     2   -55.0  -29.717  -49.572    946.1    894.6
     3     1    19    11    18    14     0     2   -55.0  -28.943  -48.703    994.5    905.2
     4     1    19    11    18    14     0     2   -55.0  -30.556  -49.945   1598.1    842.7
     5     1    19    11    18    14     0     2   -55.0  -33.077  -61.030   3114.2    689.4
     1     1    19    11    18    13     0     1   -56.0  -32.050  -54.389    117.9    986.2
     2     1    19    11    18    13     0     1   -56.0  -29.575  -49.385   1044.8    885.3
     3     1    19    11    18    13     0     1   -56.0  -28.802  -48.533   1041.6    896.0
     4     1    19    11    18    13     0     1   -56.0  -30.491  -49.813   1650.7    837.5
     5     1    19    11    18    13     0     1   -56.0  -32.996  -61.237   2995.5    703.6
     1     1    19    11    18    12     0     0   -57.0  -31.931  -54.328    138.3    983.3
     2     1    19    11    18    12     0     0   -57.0  -29.452  -49.181   1154.3    881.8
     3     1    19    11    18    12     0     0   -57.0  -28.680  -48.360   1112.8    887.9
     4     1    19    11    18    12     0     0   -57.0  -30.446  -49.677   1699.0    833.5
     5     1    19    11    18    12     0     0   -57.0  -32.903  -61.409   2860.7    718.7
     1     1    19    11    18    11     0     1   -58.0  -31.809  -54.248    167.4    976.2
     2     1    19    11    18    11     0     1   -58.0  -29.341  -48.960   1281.1    874.8
     3     1    19    11    18    11     0     1   -58.0  -28.574  -48.178   1192.5    879.8
     4     1    19    11    18    11     0     1   -58.0  -30.414  -49.544   1753.3    827.7
     5     1    19    11    18    11     0     1   -58.0  -32.805  -61.570   2731.4    729.4
     1     1    19    11    18    10     0     2   -59.0  -31.694  -54.139    204.9    968.3
     2     1    19    11    18    10     0     2   -59.0  -29.245  -48.734   1384.5    861.9
     3     1    19    11    18    10     0     2   -59.0  -28.478  -47.989   1265.2    875.4
     4     1    19    11    18    10     0     2   -59.0  -30.386  -49.420   1808.7    821.4
     5     1    19    11    18    10     0     2   -59.0  -32.695  -61.742   2603.7    739.6
     1     1    19    11    18     9     0     3   -60.0  -31.586  -53.998    255.7    959.0
     2     1    19    11    18     9     0     3   -60.0  -29.174  -48.506   1452.3    854.7
     3     1    19    11    18     9     0     3   -60.0  -28.399  -47.792   1322.5    868.4
     4     1    19    11    18     9     0     3   -60.0  -30.362  -49.300   1858.9    815.7
     5     1    19    11    18     9     0     3   -60.0  -32.568  -61.911   2466.2    750.3
     1     1    19    11    18     8     0     2   -61.0  -31.484  -53.839    318.2    951.2
     2     1    19    11    18     8     0     2   -61.0  -29.130  -48.279   1490.1    851.2
     3     1    19    11    18     8     0     2   -61.0  -28.346  -47.589   1358.4    864.3
     4     1    19    11    18     8     0     2   -61.0  -30.341  -49.182   1913.5    811.3
     5     1    19    11    18     8     0     2   -61.0  -32.427  -62.069   2327.7    763.5
     1     1    19    11    18     7     0     1   -62.0  -31.387  -53.673    378.5    944.8
     2     1    19    11    18     7     0     1   -62.0  -29.116  -48.063   1499.7    849.8
     3     1    19    11    18     7     0     1   -62.0  -28.322  -47.385   1370.7    863.0
     4     1    19    11    18     7     0     1   -62.0  -30.327  -49.072   1981.3    804.1
     5     1    19    11    18     7     0     1   -62.0  -32.276  -62.219   2195.6    773.9
     1     1    19    11    18     6     0     0   -63.0  -31.299  -53.495    424.3    940.9
     2     1    19    11    18     6     0     0   -63.0  -29.124  -47.862   1483.5    852.0
     3     1    19    11    18     6     0     0   -63.0  -28.322  -47.189   1363.7    863.9
     4     1    19    11    18     6     0     0   -63.0  -30.321  -48.970   2053.1    796.4
     5     1    19    11    18     6     0     0   -63.0  -32.109  -62.369   2054.1    784.8
     1     1    19    11    18     5     0     1   -64.0  -31.214  -53.289    456.0    940.2
     2     1    19    11    18     5     0     1   -64.0  -29.150  -47.684   1461.7    855.7
     3     1    19    11    18     5     0     1   -64.0  -28.343  -47.003   1350.4    866.3
     4     1    19    11    18     5     0     1   -64.0  -30.325  -48.882   2120.6    789.9
     5     1    19    11    18     5     0     1   -64.0  -31.917  -62.520   1950.8    799.4
     1     1    19    11    18     4     0     2   -65.0  -31.131  -53.048    474.1    941.3
     2     1    19    11    18     4     0     2   -65.0  -29.191  -47.533   1446.1    857.0
     3     1    19    11    18     4     0     2   -65.0  -28.379  -46.825   1340.6    867.5
     4     1    19    11    18     4     0     2   -65.0  -30.342  -48.815   2185.3    784.3
     5     1    19    11    18     4     0     2   -65.0  -31.695  -62.662   1941.7    800.5
     1     1    19    11    18     3     0     3   -66.0  -31.048  -52.776    475.9    945.1
     2     1    19    11    18     3     0     3   -66.0  -29.247  -47.404   1431.8    858.3
     3     1    19    11    18     3     0     3   -66.0  -28.432  -46.656   1331.8    868.2
     4     1    19    11    18     3     0     3   -66.0  -30.371  -48.764   2255.8    778.3
     5     1    19    11    18     3     0     3   -66.0  -31.444  -62.789   2009.2    793.6
     1     1    19    11    18     2     0     2   -67.0  -30.951  -52.482    474.2    952.0
     2     1    19    11    18     2     0     2   -67.0  -29.319  -47.287   1414.5    860.0
     3     1    19    11    18     2     0     2   -67.0  -28.502  -46.496   1318.2    869.5
     4     1    19    11    18     2     0     2   -67.0  -30.414  -48.732   2326.4    770.9
     5     1    19    11    18     2     0     2   -67.0  -31.178  -62.892   2082.8    782.4
     1     1    19    11    18     1     0     1   -68.0  -30.850  -52.178    486.7    956.6
     2     1    19    11    18     1     0     1   -68.0  -29.406  -47.174   1393.5    862.6
     3     1    19    11    18     1     0     1   -68.0  -28.593  -46.346   1300.9    871.9
     4     1    19    11    18     1     0     1   -68.0  -30.477  -48.720   2388.2    765.6
     5     1    19    11    18     1     0     1   -68.0  -30.910  -62.959   2109.6    780.7
     1     1    19    11    18     0     0     0   -69.0  -30.766  -51.874    520.4    956.0
     2     1    19    11    18     0     0     0   -69.0  -29.512  -47.065   1371.8    865.1
     3     1    19    11    18     0     0     0   -69.0  -28.709  -46.206   1287.3    873.9
     4     1    19    11    18     0     0     0   -69.0  -30.560  -48.727   2444.4    760.9
     5     1    19    11    18     0     0     0   -69.0  -30.640  -62.982   2109.1    782.4
     1     1    19    11    17    23     0     1   -70.0  -30.713  -51.608    565.6    949.3
     2     1    19    11    17    23     0     1   -70.0  -29.632  -46.962   1360.6    866.5
     3     1    19    11    17    23     0     1   -70.0  -28.843  -46.077   1288.7    873.8
     4     1    19    11    17    23     0     1   -70.0  -30.655  -48.747   2510.9    755.4
     5     1    19    11    17    23     0     1   -70.0  -30.376  -62.970   2136.9    782.5
     1     1    19    11    17    22     0     2   -71.0  -30.691  -51.405    608.8    944.1
     2     1    19    11    17    22     0     2   -71.0  -29.763  -46.868   1363.9    864.8
     3     1    19    11    17    22     0     2   -71.0  -28.989  -45.961   1313.1    870.4
     4     1    19    11    17    22     0     2   -71.0  -30.754  -48.776   2601.9    746.6
     5     1    19    11    17    22     0     2   -71.0  -30.127  -62.941   2216.1    773.8
     1     1    19    11    17    21     0     3   -72.0  -30.692  -51.257    647.1    939.3
     2     1    19    11    17    21     0     3   -72.0  -29.900  -46.786   1370.6    862.7
     3     1    19    11    17    21     0     3   -72.0  -29.143  -45.856   1353.8    864.7
     4     1    19    11    17    21     0     3   -72.0  -30.859  -48.816   2718.1    735.6
     5     1    19    11    17    21     0     3   -72.0  -29.896  -62.905   2305.7    762.5
