     4     1
    GDAS    19     8     1     0     0
    GDAS    19     8     8     0     0
    GDAS    19     8    15     0     0
    GDAS    19     8    22     0     0
     3 BACKWARD OMEGA   
    19     8    19    21  -34.572  -58.513    10.0
    19     8    19    21  -34.572  -58.513   200.0
    19     8    19    21  -34.572  -58.513   500.0
     1 PRESSURE
     1     1    19     8    19    21     0     3     0.0  -34.572  -58.513     10.0   1023.3
     2     1    19     8    19    21     0     3     0.0  -34.572  -58.513    200.0   1000.6
     3     1    19     8    19    21     0     3     0.0  -34.572  -58.513    500.0    963.7
     1     1    19     8    19    20     0     2    -1.0  -34.606  -58.446      8.9   1023.3
     2     1    19     8    19    20     0     2    -1.0  -34.631  -58.398    177.2   1002.7
     3     1    19     8    19    20     0     2    -1.0  -34.629  -58.402    460.9    967.7
     1     1    19     8    19    19     0     1    -2.0  -34.640  -58.377      7.7   1023.4
     2     1    19     8    19    19     0     1    -2.0  -34.681  -58.302    153.3   1005.8
     3     1    19     8    19    19     0     1    -2.0  -34.683  -58.302    412.0    975.0
     1     1    19     8    19    18     0     0    -3.0  -34.674  -58.306      6.6   1023.4
     2     1    19     8    19    18     0     0    -3.0  -34.725  -58.221    132.7   1008.6
     3     1    19     8    19    18     0     0    -3.0  -34.734  -58.216    365.4    982.0
     1     1    19     8    19    17     0     1    -4.0  -34.713  -58.237      5.6   1024.3
     2     1    19     8    19    17     0     1    -4.0  -34.772  -58.148    118.4   1011.3
     3     1    19     8    19    17     0     1    -4.0  -34.788  -58.138    331.9    987.0
     1     1    19     8    19    16     0     2    -5.0  -34.762  -58.173      5.1   1025.2
     2     1    19     8    19    16     0     2    -5.0  -34.828  -58.079    111.5   1013.1
     3     1    19     8    19    16     0     2    -5.0  -34.853  -58.061    316.9    989.7
     1     1    19     8    19    15     0     3    -6.0  -34.820  -58.113      5.2   1026.1
     2     1    19     8    19    15     0     3    -6.0  -34.895  -58.012    112.8   1014.1
     3     1    19     8    19    15     0     3    -6.0  -34.930  -57.983    323.3    990.4
     1     1    19     8    19    14     0     2    -7.0  -34.889  -58.057      5.6   1026.3
     2     1    19     8    19    14     0     2    -7.0  -34.980  -57.946    117.9   1013.6
     3     1    19     8    19    14     0     2    -7.0  -35.032  -57.897    339.0    987.7
     1     1    19     8    19    13     0     1    -8.0  -34.970  -58.009      6.0   1026.6
     2     1    19     8    19    13     0     1    -8.0  -35.094  -57.882    120.5   1013.5
     3     1    19     8    19    13     0     1    -8.0  -35.170  -57.805    347.0    986.6
     1     1    19     8    19    12     0     0    -9.0  -35.064  -57.969      6.1   1027.0
     2     1    19     8    19    12     0     0    -9.0  -35.237  -57.827    120.2   1013.9
     3     1    19     8    19    12     0     0    -9.0  -35.343  -57.714    347.6    986.7
     1     1    19     8    19    11     0     1   -10.0  -35.164  -57.941      6.1   1026.9
     2     1    19     8    19    11     0     1   -10.0  -35.393  -57.784    119.2   1014.0
     3     1    19     8    19    11     0     1   -10.0  -35.534  -57.633    345.7    986.9
     1     1    19     8    19    10     0     2   -11.0  -35.259  -57.928      6.3   1026.6
     2     1    19     8    19    10     0     2   -11.0  -35.548  -57.754    118.2   1013.6
     3     1    19     8    19    10     0     2   -11.0  -35.728  -57.567    342.5    986.6
     1     1    19     8    19     9     0     3   -12.0  -35.347  -57.928      6.5   1026.0
     2     1    19     8    19     9     0     3   -12.0  -35.704  -57.737    116.2   1013.2
     3     1    19     8    19     9     0     3   -12.0  -35.927  -57.515    335.8    986.8
     1     1    19     8    19     8     0     2   -13.0  -35.436  -57.934      6.6   1026.6
     2     1    19     8    19     8     0     2   -13.0  -35.865  -57.726    114.4   1014.3
     3     1    19     8    19     8     0     2   -13.0  -36.135  -57.473    333.9    988.4
     1     1    19     8    19     7     0     1   -14.0  -35.531  -57.940      6.7   1027.4
     2     1    19     8    19     7     0     1   -14.0  -36.040  -57.720    115.0   1015.0
     3     1    19     8    19     7     0     1   -14.0  -36.357  -57.437    339.5    987.3
     1     1    19     8    19     6     0     0   -15.0  -35.634  -57.948      6.7   1028.4
     2     1    19     8    19     6     0     0   -15.0  -36.221  -57.722    117.8   1014.9
     3     1    19     8    19     6     0     0   -15.0  -36.590  -57.409    336.2    987.0
     1     1    19     8    19     5     0     1   -16.0  -35.741  -57.955      6.9   1028.7
     2     1    19     8    19     5     0     1   -16.0  -36.404  -57.727    122.7   1014.1
     3     1    19     8    19     5     0     1   -16.0  -36.827  -57.390    318.9    989.3
     1     1    19     8    19     4     0     2   -17.0  -35.850  -57.958      7.3   1029.1
     2     1    19     8    19     4     0     2   -17.0  -36.590  -57.730    130.4   1012.8
     3     1    19     8    19     4     0     2   -17.0  -37.066  -57.374    296.0    992.0
     1     1    19     8    19     3     0     3   -18.0  -35.960  -57.955      8.2   1029.4
     2     1    19     8    19     3     0     3   -18.0  -36.780  -57.728    140.1   1011.4
     3     1    19     8    19     3     0     3   -18.0  -37.305  -57.358    279.5    993.4
     1     1    19     8    19     2     0     2   -19.0  -36.075  -57.947      9.2   1028.2
     2     1    19     8    19     2     0     2   -19.0  -36.979  -57.726    148.0   1009.9
     3     1    19     8    19     2     0     2   -19.0  -37.556  -57.340    268.2    992.0
     1     1    19     8    19     1     0     1   -20.0  -36.196  -57.938      9.9   1027.0
     2     1    19     8    19     1     0     1   -20.0  -37.190  -57.726    145.9   1007.1
     3     1    19     8    19     1     0     1   -20.0  -37.829  -57.321    251.0    992.4
     1     1    19     8    19     0     0     0   -21.0  -36.323  -57.927     10.4   1026.1
     2     1    19     8    19     0     0     0   -21.0  -37.415  -57.721    123.9   1006.2
     3     1    19     8    19     0     0     0   -21.0  -38.132  -57.292    228.3    995.6
     1     1    19     8    18    23     0     1   -22.0  -36.454  -57.919     10.9   1025.7
     2     1    19     8    18    23     0     1   -22.0  -37.647  -57.728     87.1   1008.3
     3     1    19     8    18    23     0     1   -22.0  -38.456  -57.273    212.9   1000.4
     1     1    19     8    18    22     0     2   -23.0  -36.587  -57.920     11.6   1025.2
     2     1    19     8    18    22     0     2   -23.0  -37.886  -57.761     47.5   1010.0
     3     1    19     8    18    22     0     2   -23.0  -38.790  -57.281    206.7   1001.4
     1     1    19     8    18    21     0     3   -24.0  -36.724  -57.928     12.7   1024.6
     2     1    19     8    18    21     0     3   -24.0  -38.123  -57.813     23.7   1016.0
     3     1    19     8    18    21     0     3   -24.0  -39.134  -57.302    202.3   1002.0
     1     1    19     8    18    20     0     2   -25.0  -36.883  -57.952     14.4   1023.1
     2     1    19     8    18    20     0     2   -25.0  -38.381  -57.879      8.8   1017.4
     3     1    19     8    18    20     0     2   -25.0  -39.494  -57.330    198.8   1002.2
     1     1    19     8    18    19     0     1   -26.0  -37.082  -57.998     16.0   1020.1
     2     1    19     8    18    19     0     1   -26.0  -38.667  -57.952      3.1   1020.1
     3     1    19     8    18    19     0     1   -26.0  -39.876  -57.361    196.2   1001.8
     1     1    19     8    18    18     0     0   -27.0  -37.324  -58.069     13.3   1015.4
     2     1    19     8    18    18     0     0   -27.0  -38.995  -58.036      0.8   1024.9
     3     1    19     8    18    18     0     0   -27.0  -40.274  -57.389    191.8   1001.8
     1     1    19     8    18    17     0     1   -28.0  -37.589  -58.150      6.6   1014.1
     2     1    19     8    18    17     0     1   -28.0  -39.350  -58.107      0.9   1025.9
     3     1    19     8    18    17     0     1   -28.0  -40.684  -57.405    191.5   1002.5
     1     1    19     8    18    16     0     2   -29.0  -37.865  -58.223      0.0   1011.6
     2     1    19     8    18    16     0     2   -29.0  -39.713  -58.137      1.4   1026.7
     3     1    19     8    18    16     0     2   -29.0  -41.106  -57.395    200.7   1001.6
     1     1    19     8    18    15     0     3   -30.0  -38.155  -58.280      0.0   1013.4
     2     1    19     8    18    15     0     3   -30.0  -40.081  -58.127      2.3   1027.4
     3     1    19     8    18    15     0     3   -30.0  -41.537  -57.354    213.4    999.2
     1     1    19     8    18    14     0     2   -31.0  -38.470  -58.331      0.0   1017.3
     2     1    19     8    18    14     0     2   -31.0  -40.458  -58.111      3.2   1026.1
     3     1    19     8    18    14     0     2   -31.0  -41.982  -57.299    221.2    996.8
     1     1    19     8    18    13     0     1   -32.0  -38.819  -58.392      0.0   1021.7
     2     1    19     8    18    13     0     1   -32.0  -40.850  -58.120      3.6   1024.7
     3     1    19     8    18    13     0     1   -32.0  -42.446  -57.248    228.0    996.0
     1     1    19     8    18    12     0     0   -33.0  -39.206  -58.465      0.0   1023.4
     2     1    19     8    18    12     0     0   -33.0  -41.260  -58.142      3.6   1023.4
     3     1    19     8    18    12     0     0   -33.0  -42.926  -57.193    239.5    993.3
     1     1    19     8    18    11     0     1   -34.0  -39.621  -58.554      0.6   1022.3
     2     1    19     8    18    11     0     1   -34.0  -41.689  -58.163      3.8   1022.5
     3     1    19     8    18    11     0     1   -34.0  -43.421  -57.128    252.8    990.5
     1     1    19     8    18    10     0     2   -35.0  -40.051  -58.658      1.3   1021.4
     2     1    19     8    18    10     0     2   -35.0  -42.132  -58.178      4.5   1022.3
     3     1    19     8    18    10     0     2   -35.0  -43.931  -57.046    266.6    987.8
     1     1    19     8    18     9     0     3   -36.0  -40.491  -58.750      2.2   1020.8
     2     1    19     8    18     9     0     3   -36.0  -42.588  -58.177      5.2   1021.7
     3     1    19     8    18     9     0     3   -36.0  -44.450  -56.935    278.0    985.3
     1     1    19     8    18     8     0     2   -37.0  -40.934  -58.834      3.0   1019.8
     2     1    19     8    18     8     0     2   -37.0  -43.054  -58.163      5.7   1020.4
     3     1    19     8    18     8     0     2   -37.0  -44.967  -56.809    285.8    983.7
     1     1    19     8    18     7     0     1   -38.0  -41.379  -58.944      3.5   1018.7
     2     1    19     8    18     7     0     1   -38.0  -43.513  -58.155      6.1   1019.1
     3     1    19     8    18     7     0     1   -38.0  -45.478  -56.681    296.4    982.3
     1     1    19     8    18     6     0     0   -39.0  -41.829  -59.078      3.7   1017.5
     2     1    19     8    18     6     0     0   -39.0  -43.959  -58.152      6.3   1017.7
     3     1    19     8    18     6     0     0   -39.0  -45.990  -56.541    308.2    979.3
     1     1    19     8    18     5     0     1   -40.0  -42.281  -59.199      3.9   1018.1
     2     1    19     8    18     5     0     1   -40.0  -44.404  -58.118      6.5   1018.2
     3     1    19     8    18     5     0     1   -40.0  -46.508  -56.369    316.8    978.3
     1     1    19     8    18     4     0     2   -41.0  -42.728  -59.293      4.3   1018.4
     2     1    19     8    18     4     0     2   -41.0  -44.862  -58.035      7.2   1018.0
     3     1    19     8    18     4     0     2   -41.0  -47.026  -56.159    326.8    977.0
     1     1    19     8    18     3     0     3   -42.0  -43.173  -59.357      5.3   1018.0
     2     1    19     8    18     3     0     3   -42.0  -45.326  -57.910      8.5   1016.6
     3     1    19     8    18     3     0     3   -42.0  -47.534  -55.906    338.9    975.3
     1     1    19     8    18     2     0     2   -43.0  -43.612  -59.375      6.1   1017.5
     2     1    19     8    18     2     0     2   -43.0  -45.786  -57.737      9.7   1016.0
     3     1    19     8    18     2     0     2   -43.0  -48.035  -55.626    359.2    973.1
     1     1    19     8    18     1     0     1   -44.0  -44.043  -59.374      6.2   1016.9
     2     1    19     8    18     1     0     1   -44.0  -46.249  -57.530     10.6   1015.5
     3     1    19     8    18     1     0     1   -44.0  -48.541  -55.341    386.0    968.5
     1     1    19     8    18     0     0     0   -45.0  -44.467  -59.402      6.2   1016.3
     2     1    19     8    18     0     0     0   -45.0  -46.722  -57.312     11.3   1015.1
     3     1    19     8    18     0     0     0   -45.0  -49.062  -55.043    403.0    964.7
     1     1    19     8    17    23     0     1   -46.0  -44.888  -59.460      6.2   1014.8
     2     1    19     8    17    23     0     1   -46.0  -47.190  -57.120     11.5   1013.4
     3     1    19     8    17    23     0     1   -46.0  -49.592  -54.742    414.5    963.2
     1     1    19     8    17    22     0     2   -47.0  -45.315  -59.510      6.2   1013.3
     2     1    19     8    17    22     0     2   -47.0  -47.651  -56.930     11.4   1011.9
     3     1    19     8    17    22     0     2   -47.0  -50.118  -54.454    429.0    959.6
     1     1    19     8    17    21     0     3   -48.0  -45.754  -59.557      6.3   1011.8
     2     1    19     8    17    21     0     3   -48.0  -48.128  -56.684     11.6   1010.3
     3     1    19     8    17    21     0     3   -48.0  -50.639  -54.169    442.0    956.5
     1     1    19     8    17    20     0     2   -49.0  -46.187  -59.618      6.3   1011.7
     2     1    19     8    17    20     0     2   -49.0  -48.606  -56.428     11.9   1009.2
     3     1    19     8    17    20     0     2   -49.0  -51.159  -53.882    449.7    954.3
     1     1    19     8    17    19     0     1   -50.0  -46.596  -59.690      6.3   1011.6
     2     1    19     8    17    19     0     1   -50.0  -49.078  -56.190     12.3   1008.7
     3     1    19     8    17    19     0     1   -50.0  -51.683  -53.599    450.3    953.5
     1     1    19     8    17    18     0     0   -51.0  -47.002  -59.756      6.3   1011.0
     2     1    19     8    17    18     0     0   -51.0  -49.561  -55.954     12.3   1007.4
     3     1    19     8    17    18     0     0   -51.0  -52.217  -53.324    446.7    953.4
     1     1    19     8    17    17     0     1   -52.0  -47.402  -59.832      6.3   1011.5
     2     1    19     8    17    17     0     1   -52.0  -50.041  -55.738     12.3   1006.5
     3     1    19     8    17    17     0     1   -52.0  -52.754  -53.044    446.2    954.1
     1     1    19     8    17    16     0     2   -53.0  -47.785  -59.920      6.3   1011.7
     2     1    19     8    17    16     0     2   -53.0  -50.510  -55.527     12.3   1006.6
     3     1    19     8    17    16     0     2   -53.0  -53.277  -52.750    452.7    952.9
     1     1    19     8    17    15     0     3   -54.0  -48.160  -59.999      6.3   1011.9
     2     1    19     8    17    15     0     3   -54.0  -50.990  -55.254     12.3   1007.3
     3     1    19     8    17    15     0     3   -54.0  -53.782  -52.457    460.6    951.4
     1     1    19     8    17    14     0     2   -55.0  -48.535  -60.072      6.3   1010.8
     2     1    19     8    17    14     0     2   -55.0  -51.476  -54.949     12.2   1005.6
     3     1    19     8    17    14     0     2   -55.0  -54.282  -52.158    464.3    949.4
     1     1    19     8    17    13     0     1   -56.0  -48.918  -60.160      6.3   1009.7
     2     1    19     8    17    13     0     1   -56.0  -51.960  -54.644     12.1   1004.2
     3     1    19     8    17    13     0     1   -56.0  -54.795  -51.842    462.5    948.9
     1     1    19     8    17    12     0     0   -57.0  -49.305  -60.265      6.3   1008.6
     2     1    19     8    17    12     0     0   -57.0  -52.456  -54.294     11.9   1003.2
     3     1    19     8    17    12     0     0   -57.0  -55.323  -51.513    464.7    948.6
     1     1    19     8    17    11     0     1   -58.0  -49.689  -60.369      6.3   1008.1
     2     1    19     8    17    11     0     1   -58.0  -52.937  -53.997     11.8   1002.8
     3     1    19     8    17    11     0     1   -58.0  -55.843  -51.173    482.0    946.0
     1     1    19     8    17    10     0     2   -59.0  -50.067  -60.479      6.4   1007.4
     2     1    19     8    17    10     0     2   -59.0  -53.390  -53.781     11.9   1001.7
     3     1    19     8    17    10     0     2   -59.0  -56.340  -50.833    507.8    940.8
     1     1    19     8    17     9     0     3   -60.0  -50.427  -60.611      6.8   1007.2
     2     1    19     8    17     9     0     3   -60.0  -53.838  -53.529     12.1   1000.1
     3     1    19     8    17     9     0     3   -60.0  -56.829  -50.518    528.2    937.2
     1     1    19     8    17     8     0     2   -61.0  -50.766  -60.765      7.4   1007.1
     2     1    19     8    17     8     0     2   -61.0  -54.271  -53.233     12.1   1000.0
     3     1    19     8    17     8     0     2   -61.0  -57.311  -50.223    549.3    935.2
     1     1    19     8    17     7     0     1   -62.0  -51.094  -60.957      7.2   1006.4
     2     1    19     8    17     7     0     1   -62.0  -54.676  -52.949     11.3    999.0
     3     1    19     8    17     7     0     1   -62.0  -57.786  -49.947    585.1    930.5
     1     1    19     8    17     6     0     0   -63.0  -51.413  -61.176      4.8   1005.4
     2     1    19     8    17     6     0     0   -63.0  -55.071  -52.606      9.5    997.9
     3     1    19     8    17     6     0     0   -63.0  -58.264  -49.724    637.4    923.5
     1     1    19     8    17     5     0     1   -64.0  -51.715  -61.370      0.6   1005.4
     2     1    19     8    17     5     0     1   -64.0  -55.451  -52.237      7.8    999.0
     3     1    19     8    17     5     0     1   -64.0  -58.747  -49.561    696.1    914.2
     1     1    19     8    17     4     0     2   -65.0  -52.004  -61.555      0.0   1005.3
     2     1    19     8    17     4     0     2   -65.0  -55.818  -51.864      7.1    998.9
     3     1    19     8    17     4     0     2   -65.0  -59.235  -49.453    748.2    906.2
     1     1    19     8    17     3     0     3   -66.0  -52.291  -61.781      0.0   1005.8
     2     1    19     8    17     3     0     3   -66.0  -56.187  -51.402      6.6    998.4
     3     1    19     8    17     3     0     3   -66.0  -59.740  -49.401    787.3    900.6
     1     1    19     8    17     2     0     2   -67.0  -52.578  -62.029      0.0   1006.5
     2     1    19     8    17     2     0     2   -67.0  -56.552  -50.996      5.5    997.2
     3     1    19     8    17     2     0     2   -67.0  -60.271  -49.374    825.0    896.8
     1     1    19     8    17     1     0     1   -68.0  -52.860  -62.277      0.0   1006.8
     2     1    19     8    17     1     0     1   -68.0  -56.917  -50.746      1.8    996.1
     3     1    19     8    17     1     0     1   -68.0  -60.829  -49.374    872.0    890.6
     1     1    19     8    17     0     0     0   -69.0  -53.131  -62.564      0.0   1006.9
     2     1    19     8    17     0     0     0   -69.0  -57.302  -50.536      0.0    996.3
     3     1    19     8    17     0     0     0   -69.0  -61.401  -49.406    930.6    883.4
     1     1    19     8    16    23     0     1   -70.0  -53.390  -62.894      0.0   1005.8
     2     1    19     8    16    23     0     1   -70.0  -57.674  -50.323      0.0    996.9
     3     1    19     8    16    23     0     1   -70.0  -61.988  -49.434    987.6    873.4
     1     1    19     8    16    22     0     2   -71.0  -53.636  -63.243      0.0   1004.9
     2     1    19     8    16    22     0     2   -71.0  -58.007  -50.153      0.0    996.5
     3     1    19     8    16    22     0     2   -71.0  -62.609  -49.466   1030.5    867.6
     1     1    19     8    16    21     0     3   -72.0  -53.861  -63.626      0.0   1003.9
     2     1    19     8    16    21     0     3   -72.0  -58.309  -50.056      0.0    995.3
     3     1    19     8    16    21     0     3   -72.0  -63.273  -49.548   1075.1    862.3
