     5     1
    GDAS    19     7    15     0     0
    GDAS    19     7    22     0     0
    GDAS    19     7    29     0     0
    GDAS    19     8     1     0     0
    GDAS    19     8     8     0     0
     3 BACKWARD OMEGA   
    19     8     1    15  -34.572  -58.513    10.0
    19     8     1    15  -34.572  -58.513   200.0
    19     8     1    15  -34.572  -58.513   500.0
     1 PRESSURE
     1     1    19     8     1    15     0     3     0.0  -34.572  -58.513     10.0   1007.3
     2     1    19     8     1    15     0     3     0.0  -34.572  -58.513    200.0    986.6
     3     1    19     8     1    15     0     3     0.0  -34.572  -58.513    500.0    950.8
     1     1    19     8     1    14     0     2    -1.0  -34.660  -58.743      7.7   1007.5
     2     1    19     8     1    14     0     2    -1.0  -34.734  -58.877    210.5    987.2
     3     1    19     8     1    14     0     2    -1.0  -34.791  -58.956    518.8    951.5
     1     1    19     8     1    13     0     1    -2.0  -34.750  -58.965      7.8   1007.1
     2     1    19     8     1    13     0     1    -2.0  -34.926  -59.272    225.7    985.4
     3     1    19     8     1    13     0     1    -2.0  -35.049  -59.433    554.3    947.3
     1     1    19     8     1    12     0     0    -3.0  -34.833  -59.182      9.2   1006.5
     2     1    19     8     1    12     0     0    -3.0  -35.135  -59.705    249.0    981.8
     3     1    19     8     1    12     0     0    -3.0  -35.351  -59.958    611.0    938.4
     1     1    19     8     1    11     0     1    -4.0  -34.908  -59.386     10.7   1006.1
     2     1    19     8     1    11     0     1    -4.0  -35.353  -60.167    270.6    973.4
     3     1    19     8     1    11     0     1    -4.0  -35.684  -60.528    665.4    923.5
     1     1    19     8     1    10     0     2    -5.0  -34.971  -59.566     12.3   1005.7
     2     1    19     8     1    10     0     2    -5.0  -35.575  -60.632    289.2    968.5
     3     1    19     8     1    10     0     2    -5.0  -36.018  -61.117    702.2    918.5
     1     1    19     8     1     9     0     3    -6.0  -35.012  -59.721     13.4   1005.4
     2     1    19     8     1     9     0     3    -6.0  -35.824  -61.103    318.7    963.4
     3     1    19     8     1     9     0     3    -6.0  -36.366  -61.716    770.9    912.2
     1     1    19     8     1     8     0     2    -7.0  -35.045  -59.860     14.0   1005.1
     2     1    19     8     1     8     0     2    -7.0  -36.103  -61.591    368.2    958.2
     3     1    19     8     1     8     0     2    -7.0  -36.714  -62.336    862.8    894.8
     1     1    19     8     1     7     0     1    -8.0  -35.086  -59.998     14.2   1004.7
     2     1    19     8     1     7     0     1    -8.0  -36.385  -62.109    429.3    946.7
     3     1    19     8     1     7     0     1    -8.0  -37.032  -62.988    936.6    885.3
     1     1    19     8     1     6     0     0    -9.0  -35.139  -60.131     15.3   1003.7
     2     1    19     8     1     6     0     0    -9.0  -36.660  -62.663    486.9    939.2
     3     1    19     8     1     6     0     0    -9.0  -37.375  -63.733    951.9    877.7
     1     1    19     8     1     5     0     1   -10.0  -35.212  -60.259     17.8   1002.0
     2     1    19     8     1     5     0     1   -10.0  -36.941  -63.253    547.1    930.2
     3     1    19     8     1     5     0     1   -10.0  -37.768  -64.627    946.2    878.2
     1     1    19     8     1     4     0     2   -11.0  -35.305  -60.377     20.7   1000.5
     2     1    19     8     1     4     0     2   -11.0  -37.249  -63.886    560.5    927.0
     3     1    19     8     1     4     0     2   -11.0  -38.122  -65.529   1057.0    863.9
     1     1    19     8     1     3     0     3   -12.0  -35.417  -60.483     23.1    999.2
     2     1    19     8     1     3     0     3   -12.0  -37.581  -64.569    555.0    920.5
     3     1    19     8     1     3     0     3   -12.0  -38.442  -66.534   1165.8    847.4
     1     1    19     8     1     2     0     2   -13.0  -35.536  -60.580     24.6    997.9
     2     1    19     8     1     2     0     2   -13.0  -37.894  -65.304    613.3    909.5
     3     1    19     8     1     2     0     2   -13.0  -38.674  -67.616   1235.5    838.7
     1     1    19     8     1     1     0     1   -14.0  -35.659  -60.674     25.2    996.8
     2     1    19     8     1     1     0     1   -14.0  -38.178  -66.168    714.4    902.5
     3     1    19     8     1     1     0     1   -14.0  -38.891  -68.750   1170.9    812.7
     1     1    19     8     1     0     0     0   -15.0  -35.796  -60.764     25.2    996.0
     2     1    19     8     1     0     0     0   -15.0  -38.391  -67.065    821.1    879.7
     3     1    19     8     1     0     0     0   -15.0  -38.989  -69.911   1146.7    799.9
     1     1    19     7    31    23     0     1   -16.0  -35.935  -60.839     26.2    995.4
     2     1    19     7    31    23     0     1   -16.0  -38.551  -67.959    998.1    863.3
     3     1    19     7    31    23     0     1   -16.0  -39.050  -71.004   1580.9    701.3
     1     1    19     7    31    22     0     2   -17.0  -36.051  -60.892     29.1    994.2
     2     1    19     7    31    22     0     2   -17.0  -38.658  -68.888    883.3    847.7
     3     1    19     7    31    22     0     2   -17.0  -39.041  -71.910   1253.3    788.1
     1     1    19     7    31    21     0     3   -18.0  -36.134  -60.935     32.5    992.7
     2     1    19     7    31    21     0     3   -18.0  -38.681  -69.819    913.4    827.2
     3     1    19     7    31    21     0     3   -18.0  -39.046  -72.553    658.1    912.1
     1     1    19     7    31    20     0     2   -19.0  -36.221  -60.977     37.8    990.4
     2     1    19     7    31    20     0     2   -19.0  -38.689  -70.834   1396.7    710.1
     3     1    19     7    31    20     0     2   -19.0  -39.064  -73.155    527.2    947.5
     1     1    19     7    31    19     0     1   -20.0  -36.346  -61.021     47.6    987.7
     2     1    19     7    31    19     0     1   -20.0  -38.666  -71.701   1443.9    749.7
     3     1    19     7    31    19     0     1   -20.0  -39.121  -73.771    516.3    953.4
     1     1    19     7    31    18     0     0   -21.0  -36.494  -61.049     62.4    984.6
     2     1    19     7    31    18     0     0   -21.0  -38.626  -72.295    853.6    870.4
     3     1    19     7    31    18     0     0   -21.0  -39.217  -74.398    523.3    954.1
     1     1    19     7    31    17     0     1   -22.0  -36.632  -61.090     73.2    982.7
     2     1    19     7    31    17     0     1   -22.0  -38.567  -72.760    590.7    945.0
     3     1    19     7    31    17     0     1   -22.0  -39.329  -75.051    501.4    955.1
     1     1    19     7    31    16     0     2   -23.0  -36.750  -61.180     71.5    983.1
     2     1    19     7    31    16     0     2   -23.0  -38.553  -73.274    573.3    942.8
     3     1    19     7    31    16     0     2   -23.0  -39.473  -75.732    482.7    961.1
     1     1    19     7    31    15     0     3   -24.0  -36.881  -61.304     63.6    983.9
     2     1    19     7    31    15     0     3   -24.0  -38.600  -73.821    598.2    941.3
     3     1    19     7    31    15     0     3   -24.0  -39.648  -76.443    489.6    958.7
     1     1    19     7    31    14     0     2   -25.0  -37.000  -61.420     55.5    984.0
     2     1    19     7    31    14     0     2   -25.0  -38.677  -74.391    596.1    946.5
     3     1    19     7    31    14     0     2   -25.0  -39.840  -77.182    495.1    955.8
     1     1    19     7    31    13     0     1   -26.0  -37.048  -61.516     45.2    983.9
     2     1    19     7    31    13     0     1   -26.0  -38.769  -74.999    585.4    947.3
     3     1    19     7    31    13     0     1   -26.0  -40.047  -77.955    505.3    955.8
     1     1    19     7    31    12     0     0   -27.0  -37.011  -61.596     29.9    987.0
     2     1    19     7    31    12     0     0   -27.0  -38.882  -75.634    572.8    948.5
     3     1    19     7    31    12     0     0   -27.0  -40.273  -78.765    528.4    951.3
     1     1    19     7    31    11     0     1   -28.0  -36.932  -61.662     17.2    989.7
     2     1    19     7    31    11     0     1   -28.0  -39.003  -76.293    560.9    949.7
     3     1    19     7    31    11     0     1   -28.0  -40.529  -79.600    532.8    951.0
     1     1    19     7    31    10     0     2   -29.0  -36.857  -61.718     11.1    991.1
     2     1    19     7    31    10     0     2   -29.0  -39.138  -77.007    559.3    949.5
     3     1    19     7    31    10     0     2   -29.0  -40.803  -80.478    544.9    949.3
     1     1    19     7    31     9     0     3   -30.0  -36.781  -61.766      7.9    991.4
     2     1    19     7    31     9     0     3   -30.0  -39.316  -77.770    558.0    949.0
     3     1    19     7    31     9     0     3   -30.0  -41.064  -81.402    580.4    944.4
     1     1    19     7    31     8     0     2   -31.0  -36.697  -61.811      5.2    992.8
     2     1    19     7    31     8     0     2   -31.0  -39.508  -78.570    549.2    949.9
     3     1    19     7    31     8     0     2   -31.0  -41.332  -82.346    587.6    944.0
     1     1    19     7    31     7     0     1   -32.0  -36.601  -61.855      2.4    994.2
     2     1    19     7    31     7     0     1   -32.0  -39.677  -79.410    549.1    949.7
     3     1    19     7    31     7     0     1   -32.0  -41.618  -83.307    604.6    942.2
     1     1    19     7    31     6     0     0   -33.0  -36.493  -61.899      0.0    995.5
     2     1    19     7    31     6     0     0   -33.0  -39.836  -80.277    559.4    948.5
     3     1    19     7    31     6     0     0   -33.0  -41.900  -84.289    671.3    933.7
     1     1    19     7    31     5     0     1   -34.0  -36.379  -61.940      0.0    997.2
     2     1    19     7    31     5     0     1   -34.0  -39.998  -81.155    582.2    945.9
     3     1    19     7    31     5     0     1   -34.0  -42.202  -85.285    700.8    928.7
     1     1    19     7    31     4     0     2   -35.0  -36.267  -61.974      0.0    999.1
     2     1    19     7    31     4     0     2   -35.0  -40.160  -82.052    613.8    942.4
     3     1    19     7    31     4     0     2   -35.0  -42.531  -86.303    701.5    928.8
     1     1    19     7    31     3     0     3   -36.0  -36.155  -62.001      0.0   1001.2
     2     1    19     7    31     3     0     3   -36.0  -40.332  -82.962    644.5    938.2
     3     1    19     7    31     3     0     3   -36.0  -42.873  -87.330    712.9    926.7
     1     1    19     7    31     2     0     2   -37.0  -36.044  -62.026      0.0   1002.1
     2     1    19     7    31     2     0     2   -37.0  -40.508  -83.889    664.3    936.0
     3     1    19     7    31     2     0     2   -37.0  -43.227  -88.371    738.5    922.4
     1     1    19     7    31     1     0     1   -38.0  -35.937  -62.056      0.0   1002.4
     2     1    19     7    31     1     0     1   -38.0  -40.673  -84.866    697.2    930.7
     3     1    19     7    31     1     0     1   -38.0  -43.590  -89.431    753.8    920.4
     1     1    19     7    31     0     0     0   -39.0  -35.837  -62.087      0.0   1002.2
     2     1    19     7    31     0     0     0   -39.0  -40.852  -85.885    686.2    930.9
     3     1    19     7    31     0     0     0   -39.0  -43.954  -90.502    802.5    913.6
     1     1    19     7    30    23     0     1   -40.0  -35.747  -62.126      0.0   1001.6
     2     1    19     7    30    23     0     1   -40.0  -41.059  -86.920    679.2    933.4
     3     1    19     7    30    23     0     1   -40.0  -44.339  -91.570    839.9    908.1
     1     1    19     7    30    22     0     2   -41.0  -35.670  -62.181      0.2   1001.2
     2     1    19     7    30    22     0     2   -41.0  -41.269  -87.967    698.3    928.6
     3     1    19     7    30    22     0     2   -41.0  -44.723  -92.631    854.7    905.7
     1     1    19     7    30    21     0     3   -42.0  -35.605  -62.252      0.9   1001.0
     2     1    19     7    30    21     0     3   -42.0  -41.492  -89.026    720.5    926.2
     3     1    19     7    30    21     0     3   -42.0  -45.077  -93.669    861.7    904.8
     1     1    19     7    30    20     0     2   -43.0  -35.542  -62.343      1.6   1001.5
     2     1    19     7    30    20     0     2   -43.0  -41.717  -90.099    745.8    921.7
     3     1    19     7    30    20     0     2   -43.0  -45.428  -94.700    898.6    899.1
     1     1    19     7    30    19     0     1   -44.0  -35.472  -62.459      1.8   1001.9
     2     1    19     7    30    19     0     1   -44.0  -41.931  -91.187    755.6    920.6
     3     1    19     7    30    19     0     1   -44.0  -45.782  -95.713    910.6    897.3
     1     1    19     7    30    18     0     0   -45.0  -35.397  -62.600      1.6   1002.0
     2     1    19     7    30    18     0     0   -45.0  -42.151  -92.278    752.1    920.5
     3     1    19     7    30    18     0     0   -45.0  -46.113  -96.705    909.3    897.0
     1     1    19     7    30    17     0     1   -46.0  -35.320  -62.739      1.3   1002.6
     2     1    19     7    30    17     0     1   -46.0  -42.376  -93.381    750.5    920.3
     3     1    19     7    30    17     0     1   -46.0  -46.424  -97.686    909.0    895.7
     1     1    19     7    30    16     0     2   -47.0  -35.236  -62.840      0.9   1002.9
     2     1    19     7    30    16     0     2   -47.0  -42.621  -94.478    766.2    917.6
     3     1    19     7    30    16     0     2   -47.0  -46.714  -98.656    904.9    895.5
     1     1    19     7    30    15     0     3   -48.0  -35.142  -62.898      0.7   1003.2
     2     1    19     7    30    15     0     3   -48.0  -42.882  -95.535    787.7    913.7
     3     1    19     7    30    15     0     3   -48.0  -46.967  -99.614    918.8    894.1
     1     1    19     7    30    14     0     2   -49.0  -35.047  -62.938      0.5   1003.0
     2     1    19     7    30    14     0     2   -49.0  -43.150  -96.590    784.1    913.4
     3     1    19     7    30    14     0     2   -49.0  -47.213 -100.560    964.0    886.4
     1     1    19     7    30    13     0     1   -50.0  -34.959  -62.987      0.5   1002.8
     2     1    19     7    30    13     0     1   -50.0  -43.431  -97.681    782.9    912.2
     3     1    19     7    30    13     0     1   -50.0  -47.454 -101.488    985.1    883.3
     1     1    19     7    30    12     0     0   -51.0  -34.879  -63.046      0.6   1002.7
     2     1    19     7    30    12     0     0   -51.0  -43.747  -98.755    770.9    912.1
     3     1    19     7    30    12     0     0   -51.0  -47.647 -102.391   1013.2    878.9
     1     1    19     7    30    11     0     1   -52.0  -34.800  -63.103      0.7   1002.4
     2     1    19     7    30    11     0     1   -52.0  -44.066  -99.812    762.4    912.8
     3     1    19     7    30    11     0     1   -52.0  -47.811 -103.271   1025.6    878.2
     1     1    19     7    30    10     0     2   -53.0  -34.718  -63.151      1.1   1002.1
     2     1    19     7    30    10     0     2   -53.0  -44.357 -100.883    767.6    911.8
     3     1    19     7    30    10     0     2   -53.0  -47.974 -104.137   1077.0    871.6
     1     1    19     7    30     9     0     3   -54.0  -34.634  -63.194      1.6   1001.9
     2     1    19     7    30     9     0     3   -54.0  -44.673 -101.892    787.4    908.6
     3     1    19     7    30     9     0     3   -54.0  -48.128 -104.973   1120.2    866.8
     1     1    19     7    30     8     0     2   -55.0  -34.554  -63.238      2.3   1001.6
     2     1    19     7    30     8     0     2   -55.0  -45.007 -102.868    788.1    906.7
     3     1    19     7    30     8     0     2   -55.0  -48.277 -105.779   1156.0    861.5
     1     1    19     7    30     7     0     1   -56.0  -34.484  -63.283      3.0   1001.2
     2     1    19     7    30     7     0     1   -56.0  -45.325 -103.871    772.7    908.4
     3     1    19     7    30     7     0     1   -56.0  -48.429 -106.573   1171.1    859.4
     1     1    19     7    30     6     0     0   -57.0  -34.422  -63.327      3.8   1000.9
     2     1    19     7    30     6     0     0   -57.0  -45.689 -104.833    756.2    908.0
     3     1    19     7    30     6     0     0   -57.0  -48.585 -107.385   1186.7    856.7
     1     1    19     7    30     5     0     1   -58.0  -34.358  -63.366      4.3   1000.6
     2     1    19     7    30     5     0     1   -58.0  -46.079 -105.776    760.8    908.5
     3     1    19     7    30     5     0     1   -58.0  -48.733 -108.173   1181.0    857.1
     1     1    19     7    30     4     0     2   -59.0  -34.281  -63.397      4.6   1000.4
     2     1    19     7    30     4     0     2   -59.0  -46.415 -106.699    788.8    901.8
     3     1    19     7    30     4     0     2   -59.0  -48.892 -108.940   1207.3    854.4
     1     1    19     7    30     3     0     3   -60.0  -34.191  -63.422      4.5   1000.2
     2     1    19     7    30     3     0     3   -60.0  -46.759 -107.555    764.1    905.3
     3     1    19     7    30     3     0     3   -60.0  -49.058 -109.683   1224.9    850.3
     1     1    19     7    30     2     0     2   -61.0  -34.105  -63.435      4.4    999.9
     2     1    19     7    30     2     0     2   -61.0  -47.126 -108.405    749.2    905.5
     3     1    19     7    30     2     0     2   -61.0  -49.231 -110.399   1204.6    854.0
     1     1    19     7    30     1     0     1   -62.0  -34.038  -63.426      5.0    999.9
     2     1    19     7    30     1     0     1   -62.0  -47.491 -109.241    731.5    906.2
     3     1    19     7    30     1     0     1   -62.0  -49.417 -111.122   1248.8    847.4
     1     1    19     7    30     0     0     0   -63.0  -33.993  -63.398      6.2   1000.1
     2     1    19     7    30     0     0     0   -63.0  -47.913 -110.042    719.2    907.3
     3     1    19     7    30     0     0     0   -63.0  -49.619 -111.862   1286.8    842.1
     1     1    19     7    29    23     0     1   -64.0  -33.976  -63.361      7.5    999.6
     2     1    19     7    29    23     0     1   -64.0  -48.318 -110.817    726.6    904.8
     3     1    19     7    29    23     0     1   -64.0  -49.829 -112.603   1307.9    840.3
     1     1    19     7    29    22     0     2   -65.0  -33.993  -63.327      8.7    999.3
     2     1    19     7    29    22     0     2   -65.0  -48.666 -111.549    750.3    900.7
     3     1    19     7    29    22     0     2   -65.0  -50.046 -113.348   1361.7    832.6
     1     1    19     7    29    21     0     3   -66.0  -34.042  -63.296      9.9    999.0
     2     1    19     7    29    21     0     3   -66.0  -49.032 -112.272    744.4    897.8
     3     1    19     7    29    21     0     3   -66.0  -50.274 -114.106   1391.7    827.8
     1     1    19     7    29    20     0     2   -67.0  -34.100  -63.272     10.4    999.0
     2     1    19     7    29    20     0     2   -67.0  -49.390 -112.978    741.3    900.5
     3     1    19     7    29    20     0     2   -67.0  -50.508 -114.872   1408.4    826.8
     1     1    19     7    29    19     0     1   -68.0  -34.149  -63.257      9.6    999.3
     2     1    19     7    29    19     0     1   -68.0  -49.741 -113.663    746.3    898.7
     3     1    19     7    29    19     0     1   -68.0  -50.749 -115.619   1437.3    823.3
     1     1    19     7    29    18     0     0   -69.0  -34.193  -63.254      7.7    999.3
     2     1    19     7    29    18     0     0   -69.0  -50.122 -114.322    751.6    897.3
     3     1    19     7    29    18     0     0   -69.0  -51.011 -116.326   1475.5    818.1
     1     1    19     7    29    17     0     1   -70.0  -34.219  -63.260      5.7    999.8
     2     1    19     7    29    17     0     1   -70.0  -50.485 -114.964    757.1    895.5
     3     1    19     7    29    17     0     1   -70.0  -51.283 -117.043   1493.6    813.9
     1     1    19     7    29    16     0     2   -71.0  -34.217  -63.271      4.7   1000.0
     2     1    19     7    29    16     0     2   -71.0  -50.802 -115.616    760.5    895.0
     3     1    19     7    29    16     0     2   -71.0  -51.559 -117.794   1497.6    815.3
     1     1    19     7    29    15     0     3   -72.0  -34.187  -63.287      4.7   1000.2
     2     1    19     7    29    15     0     3   -72.0  -51.099 -116.298    758.9    894.0
     3     1    19     7    29    15     0     3   -72.0  -51.855 -118.554   1501.4    814.0
