     5     1
    GDAS    19     9     1     0     0
    GDAS    19     9     8     0     0
    GDAS    19     9    15     0     0
    GDAS    19     9    22     0     0
    GDAS    19     9    29     0     0
     5 BACKWARD OMEGA   
    19     9     9    21  -34.572  -58.513    10.0
    19     9     9    21  -34.572  -58.513   200.0
    19     9     9    21  -34.572  -58.513   500.0
    19     9     9    21  -34.572  -58.513  1000.0
    19     9     9    21  -34.572  -58.513  2000.0
     1 PRESSURE
     1     1    19     9     9    21     0     3     0.0  -34.572  -58.513     10.0   1004.2
     2     1    19     9     9    21     0     3     0.0  -34.572  -58.513    200.0    983.3
     3     1    19     9     9    21     0     3     0.0  -34.572  -58.513    500.0    948.6
     4     1    19     9     9    21     0     3     0.0  -34.572  -58.513   1000.0    893.1
     5     1    19     9     9    21     0     3     0.0  -34.572  -58.513   2000.0    790.2
     1     1    19     9     9    20     0     2    -1.0  -34.714  -58.555     10.1   1004.0
     2     1    19     9     9    20     0     2    -1.0  -34.839  -58.551    216.0    982.8
     3     1    19     9     9    20     0     2    -1.0  -34.900  -58.485    549.5    945.9
     4     1    19     9     9    20     0     2    -1.0  -34.886  -58.449   1094.5    887.1
     5     1    19     9     9    20     0     2    -1.0  -34.790  -58.473   2090.2    785.5
     1     1    19     9     9    19     0     1    -2.0  -34.871  -58.579     10.2   1003.7
     2     1    19     9     9    19     0     1    -2.0  -35.129  -58.540    239.1    979.6
     3     1    19     9     9    19     0     1    -2.0  -35.246  -58.394    628.7    935.7
     4     1    19     9     9    19     0     1    -2.0  -35.206  -58.346   1256.3    869.3
     5     1    19     9     9    19     0     1    -2.0  -35.000  -58.367   2263.8    769.1
     1     1    19     9     9    18     0     0    -3.0  -35.043  -58.578     10.3   1003.5
     2     1    19     9     9    18     0     0    -3.0  -35.434  -58.454    259.5    976.4
     3     1    19     9     9    18     0     0    -3.0  -35.583  -58.202    726.3    923.6
     4     1    19     9     9    18     0     0    -3.0  -35.523  -58.182   1512.7    844.7
     5     1    19     9     9    18     0     0    -3.0  -35.192  -58.211   2463.4    745.2
     1     1    19     9     9    17     0     1    -4.0  -35.225  -58.539     10.3   1004.1
     2     1    19     9     9    17     0     1    -4.0  -35.728  -58.295    280.3    975.4
     3     1    19     9     9    17     0     1    -4.0  -35.868  -57.925    867.3    911.0
     4     1    19     9     9    17     0     1    -4.0  -35.859  -57.956   1937.7    806.1
     5     1    19     9     9    17     0     1    -4.0  -35.362  -58.003   2716.8    728.5
     1     1    19     9     9    16     0     2    -5.0  -35.407  -58.460     10.7   1005.1
     2     1    19     9     9    16     0     2    -5.0  -35.998  -58.098    315.1    972.9
     3     1    19     9     9    16     0     2    -5.0  -36.118  -57.619    975.8    890.3
     4     1    19     9     9    16     0     2    -5.0  -36.163  -57.714   2318.5    750.1
     5     1    19     9     9    16     0     2    -5.0  -35.472  -57.734   2991.9    697.1
     1     1    19     9     9    15     0     3    -6.0  -35.590  -58.350     11.8   1006.5
     2     1    19     9     9    15     0     3    -6.0  -36.257  -57.874    348.5    967.3
     3     1    19     9     9    15     0     3    -6.0  -36.370  -57.289    933.1    894.1
     4     1    19     9     9    15     0     3    -6.0  -36.390  -57.495   2449.9    733.0
     5     1    19     9     9    15     0     3    -6.0  -35.520  -57.384   3026.5    679.8
     1     1    19     9     9    14     0     2    -7.0  -35.761  -58.217     13.4   1007.3
     2     1    19     9     9    14     0     2    -7.0  -36.501  -57.589    342.3    967.4
     3     1    19     9     9    14     0     2    -7.0  -36.619  -56.920    854.1    915.8
     4     1    19     9     9    14     0     2    -7.0  -36.549  -57.296   2383.0    748.9
     5     1    19     9     9    14     0     2    -7.0  -35.549  -57.011   2659.0    714.0
     1     1    19     9     9    13     0     1    -8.0  -35.907  -58.063     13.8   1007.9
     2     1    19     9     9    13     0     1    -8.0  -36.709  -57.266    319.3    973.6
     3     1    19     9     9    13     0     1    -8.0  -36.827  -56.543    821.1    917.6
     4     1    19     9     9    13     0     1    -8.0  -36.657  -57.101   2272.1    769.4
     5     1    19     9     9    13     0     1    -8.0  -35.595  -56.731   2266.5    775.1
     1     1    19     9     9    12     0     0    -9.0  -36.028  -57.885     11.6   1008.4
     2     1    19     9     9    12     0     0    -9.0  -36.874  -56.951    302.2    975.7
     3     1    19     9     9    12     0     0    -9.0  -37.000  -56.163    843.6    918.3
     4     1    19     9     9    12     0     0    -9.0  -36.706  -56.907   2205.4    778.6
     5     1    19     9     9    12     0     0    -9.0  -35.596  -56.513   1995.2    800.2
     1     1    19     9     9    11     0     1   -10.0  -36.147  -57.710      9.4   1008.7
     2     1    19     9     9    11     0     1   -10.0  -37.016  -56.641    312.0    977.2
     3     1    19     9     9    11     0     1   -10.0  -37.142  -55.800    916.2    906.7
     4     1    19     9     9    11     0     1   -10.0  -36.712  -56.738   2242.2    778.7
     5     1    19     9     9    11     0     1   -10.0  -35.550  -56.334   1810.0    819.0
     1     1    19     9     9    10     0     2   -11.0  -36.272  -57.547      8.6   1008.4
     2     1    19     9     9    10     0     2   -11.0  -37.157  -56.320    357.7    969.4
     3     1    19     9     9    10     0     2   -11.0  -37.265  -55.488   1020.1    897.6
     4     1    19     9     9    10     0     2   -11.0  -36.690  -56.628   2381.1    761.0
     5     1    19     9     9    10     0     2   -11.0  -35.488  -56.187   1734.3    826.1
     1     1    19     9     9     9     0     3   -12.0  -36.394  -57.384      9.0   1008.2
     2     1    19     9     9     9     0     3   -12.0  -37.290  -56.001    414.0    962.3
     3     1    19     9     9     9     0     3   -12.0  -37.382  -55.243   1198.3    880.5
     4     1    19     9     9     9     0     3   -12.0  -36.631  -56.599   2578.2    741.8
     5     1    19     9     9     9     0     3   -12.0  -35.403  -56.068   1784.6    822.5
     1     1    19     9     9     8     0     2   -13.0  -36.507  -57.226     10.0   1009.0
     2     1    19     9     9     8     0     2   -13.0  -37.401  -55.701    464.5    955.9
     3     1    19     9     9     8     0     2   -13.0  -37.478  -55.110   1379.3    852.3
     4     1    19     9     9     8     0     2   -13.0  -36.528  -56.666   2779.6    718.4
     5     1    19     9     9     8     0     2   -13.0  -35.277  -56.001   1919.3    802.8
     1     1    19     9     9     7     0     1   -14.0  -36.611  -57.090     11.1   1009.9
     2     1    19     9     9     7     0     1   -14.0  -37.479  -55.423    482.6    952.9
     3     1    19     9     9     7     0     1   -14.0  -37.535  -55.068   1428.5    844.9
     4     1    19     9     9     7     0     1   -14.0  -36.397  -56.812   2954.4    706.7
     5     1    19     9     9     7     0     1   -14.0  -35.115  -56.006   2082.2    787.3
     1     1    19     9     9     6     0     0   -15.0  -36.706  -56.974     11.5   1011.1
     2     1    19     9     9     6     0     0   -15.0  -37.523  -55.160    446.5    956.7
     3     1    19     9     9     6     0     0   -15.0  -37.569  -55.063   1317.5    855.9
     4     1    19     9     9     6     0     0   -15.0  -36.259  -57.035   3160.1    691.7
     5     1    19     9     9     6     0     0   -15.0  -34.945  -56.085   2251.0    771.2
     1     1    19     9     9     5     0     1   -16.0  -36.782  -56.867     11.6   1011.3
     2     1    19     9     9     5     0     1   -16.0  -37.547  -54.886    401.2    967.4
     3     1    19     9     9     5     0     1   -16.0  -37.594  -55.001   1167.6    884.6
     4     1    19     9     9     5     0     1   -16.0  -36.128  -57.328   3317.2    673.3
     5     1    19     9     9     5     0     1   -16.0  -34.797  -56.231   2450.8    757.9
     1     1    19     9     9     4     0     2   -17.0  -36.839  -56.759     11.7   1011.4
     2     1    19     9     9     4     0     2   -17.0  -37.567  -54.589    390.9    968.6
     3     1    19     9     9     4     0     2   -17.0  -37.597  -54.890   1094.4    892.9
     4     1    19     9     9     4     0     2   -17.0  -36.003  -57.640   3404.6    669.9
     5     1    19     9     9     4     0     2   -17.0  -34.670  -56.448   2661.3    730.2
     1     1    19     9     9     3     0     3   -18.0  -36.883  -56.647     11.9   1011.4
     2     1    19     9     9     3     0     3   -18.0  -37.581  -54.283    418.8    965.8
     3     1    19     9     9     3     0     3   -18.0  -37.569  -54.764   1108.0    891.0
     4     1    19     9     9     3     0     3   -18.0  -35.872  -57.982   3553.5    663.8
     5     1    19     9     9     3     0     3   -18.0  -34.533  -56.725   2719.6    717.0
     1     1    19     9     9     2     0     2   -19.0  -36.927  -56.524     12.2   1011.7
     2     1    19     9     9     2     0     2   -19.0  -37.595  -53.985    466.1    958.3
     3     1    19     9     9     2     0     2   -19.0  -37.522  -54.658   1153.4    881.5
     4     1    19     9     9     2     0     2   -19.0  -35.729  -58.451   3706.9    640.3
     5     1    19     9     9     2     0     2   -19.0  -34.378  -57.017   2623.4    729.3
     1     1    19     9     9     1     0     1   -20.0  -36.985  -56.384     12.7   1011.9
     2     1    19     9     9     1     0     1   -20.0  -37.621  -53.697    499.6    953.3
     3     1    19     9     9     1     0     1   -20.0  -37.479  -54.566   1176.0    879.1
     4     1    19     9     9     1     0     1   -20.0  -35.584  -59.015   3741.8    638.5
     5     1    19     9     9     1     0     1   -20.0  -34.223  -57.301   2595.6    741.4
     1     1    19     9     9     0     0     0   -21.0  -37.056  -56.228     13.3   1012.1
     2     1    19     9     9     0     0     0   -21.0  -37.657  -53.411    512.5    952.5
     3     1    19     9     9     0     0     0   -21.0  -37.442  -54.481   1172.3    879.6
     4     1    19     9     9     0     0     0   -21.0  -35.442  -59.647   3756.7    642.0
     5     1    19     9     9     0     0     0   -21.0  -34.083  -57.602   2682.9    728.2
     1     1    19     9     8    23     0     1   -22.0  -37.148  -56.079     13.7   1012.2
     2     1    19     9     8    23     0     1   -22.0  -37.704  -53.147    515.5    952.8
     3     1    19     9     8    23     0     1   -22.0  -37.411  -54.408   1163.1    882.9
     4     1    19     9     8    23     0     1   -22.0  -35.273  -60.357   3862.5    633.5
     5     1    19     9     8    23     0     1   -22.0  -33.959  -57.942   2729.7    716.7
     1     1    19     9     8    22     0     2   -23.0  -37.262  -55.965     14.2   1012.5
     2     1    19     9     8    22     0     2   -23.0  -37.769  -52.924    513.0    952.7
     3     1    19     9     8    22     0     2   -23.0  -37.380  -54.374   1167.9    882.1
     4     1    19     9     8    22     0     2   -23.0  -35.047  -61.148   4017.6    612.4
     5     1    19     9     8    22     0     2   -23.0  -33.848  -58.311   2681.7    726.1
     1     1    19     9     8    21     0     3   -24.0  -37.387  -55.887     14.8   1012.7
     2     1    19     9     8    21     0     3   -24.0  -37.855  -52.740    502.0    954.1
     3     1    19     9     8    21     0     3   -24.0  -37.344  -54.385   1184.8    879.7
     4     1    19     9     8    21     0     3   -24.0  -34.766  -62.012   4091.5    606.8
     5     1    19     9     8    21     0     3   -24.0  -33.753  -58.677   2583.0    740.5
     1     1    19     9     8    20     0     2   -25.0  -37.493  -55.820     15.3   1012.3
     2     1    19     9     8    20     0     2   -25.0  -37.937  -52.555    487.3    956.0
     3     1    19     9     8    20     0     2   -25.0  -37.295  -54.403   1213.7    876.6
     4     1    19     9     8    20     0     2   -25.0  -34.408  -62.901   4074.5    605.3
     5     1    19     9     8    20     0     2   -25.0  -33.658  -59.007   2488.4    751.7
     1     1    19     9     8    19     0     1   -26.0  -37.558  -55.742     15.4   1012.1
     2     1    19     9     8    19     0     1   -26.0  -37.984  -52.332    474.3    957.5
     3     1    19     9     8    19     0     1   -26.0  -37.226  -54.396   1258.1    871.9
     4     1    19     9     8    19     0     1   -26.0  -33.990  -63.784   3997.5    605.8
     5     1    19     9     8    19     0     1   -26.0  -33.543  -59.305   2436.4    756.7
     1     1    19     9     8    18     0     0   -27.0  -37.587  -55.655     15.2   1012.0
     2     1    19     9     8    18     0     0   -27.0  -37.998  -52.074    462.6    958.9
     3     1    19     9     8    18     0     0   -27.0  -37.138  -54.372   1325.5    864.9
     4     1    19     9     8    18     0     0   -27.0  -33.524  -64.679   3855.1    586.3
     5     1    19     9     8    18     0     0   -27.0  -33.395  -59.604   2436.1    756.9
     1     1    19     9     8    17     0     1   -28.0  -37.604  -55.549     14.6   1012.1
     2     1    19     9     8    17     0     1   -28.0  -38.033  -51.785    447.5    960.5
     3     1    19     9     8    17     0     1   -28.0  -37.071  -54.360   1381.5    858.3
     4     1    19     9     8    17     0     1   -28.0  -32.992  -65.571   3260.5    585.3
     5     1    19     9     8    17     0     1   -28.0  -33.214  -59.895   2464.9    754.0
     1     1    19     9     8    16     0     2   -29.0  -37.636  -55.406     13.8   1012.0
     2     1    19     9     8    16     0     2   -29.0  -38.138  -51.464    424.0    963.4
     3     1    19     9     8    16     0     2   -29.0  -37.063  -54.373   1380.2    858.5
     4     1    19     9     8    16     0     2   -29.0  -32.457  -66.346   2868.2    658.9
     5     1    19     9     8    16     0     2   -29.0  -33.020  -60.153   2494.0    750.1
     1     1    19     9     8    15     0     3   -30.0  -37.687  -55.220     13.0   1011.6
     2     1    19     9     8    15     0     3   -30.0  -38.307  -51.104    390.2    967.1
     3     1    19     9     8    15     0     3   -30.0  -37.112  -54.386   1319.4    864.9
     4     1    19     9     8    15     0     3   -30.0  -31.951  -66.973   2693.4    687.3
     5     1    19     9     8    15     0     3   -30.0  -32.823  -60.388   2491.6    748.2
     1     1    19     9     8    14     0     2   -31.0  -37.763  -54.996     13.3   1011.4
     2     1    19     9     8    14     0     2   -31.0  -38.520  -50.734    368.3    971.6
     3     1    19     9     8    14     0     2   -31.0  -37.189  -54.379   1246.3    875.2
     4     1    19     9     8    14     0     2   -31.0  -31.469  -67.510   2622.4    689.4
     5     1    19     9     8    14     0     2   -31.0  -32.631  -60.595   2452.1    750.6
     1     1    19     9     8    13     0     1   -32.0  -37.861  -54.751     15.5   1011.2
     2     1    19     9     8    13     0     1   -32.0  -38.758  -50.372    373.3    969.9
     3     1    19     9     8    13     0     1   -32.0  -37.278  -54.369   1204.9    879.6
     4     1    19     9     8    13     0     1   -32.0  -30.989  -67.967   2559.1    672.0
     5     1    19     9     8    13     0     1   -32.0  -32.452  -60.766   2401.5    757.2
     1     1    19     9     8    12     0     0   -33.0  -37.973  -54.493     18.5   1010.9
     2     1    19     9     8    12     0     0   -33.0  -39.047  -49.955    406.2    967.3
     3     1    19     9     8    12     0     0   -33.0  -37.379  -54.369   1196.8    880.6
     4     1    19     9     8    12     0     0   -33.0  -30.496  -68.398   2555.2    626.3
     5     1    19     9     8    12     0     0   -33.0  -32.288  -60.897   2364.7    763.0
     1     1    19     9     8    11     0     1   -34.0  -38.099  -54.226     20.0   1010.7
     2     1    19     9     8    11     0     1   -34.0  -39.315  -49.520    445.9    958.2
     3     1    19     9     8    11     0     1   -34.0  -37.490  -54.392   1224.9    877.2
     4     1    19     9     8    11     0     1   -34.0  -29.976  -68.955   2803.7    536.0
     5     1    19     9     8    11     0     1   -34.0  -32.140  -60.996   2333.2    765.5
     1     1    19     9     8    10     0     2   -35.0  -38.243  -53.951     20.2   1011.0
     2     1    19     9     8    10     0     2   -35.0  -39.520  -49.078    436.9    956.7
     3     1    19     9     8    10     0     2   -35.0  -37.605  -54.446   1278.0    870.0
     4     1    19     9     8    10     0     2   -35.0  -29.383  -69.724   2603.1    446.1
     5     1    19     9     8    10     0     2   -35.0  -32.016  -61.069   2276.1    769.8
     1     1    19     9     8     9     0     3   -36.0  -38.420  -53.657     21.3   1010.5
     2     1    19     9     8     9     0     3   -36.0  -39.688  -48.569    384.5    966.3
     3     1    19     9     8     9     0     3   -36.0  -37.720  -54.526   1330.4    863.1
     4     1    19     9     8     9     0     3   -36.0  -28.760  -70.160   1543.3    623.5
     5     1    19     9     8     9     0     3   -36.0  -31.925  -61.115   2183.3    779.2
     1     1    19     9     8     8     0     2   -37.0  -38.615  -53.323     21.2   1010.0
     2     1    19     9     8     8     0     2   -37.0  -39.797  -47.970    351.0    973.7
     3     1    19     9     8     8     0     2   -37.0  -37.833  -54.608   1362.6    859.1
     4     1    19     9     8     8     0     2   -37.0  -28.439  -70.241   1088.0    718.8
     5     1    19     9     8     8     0     2   -37.0  -31.855  -61.127   2114.2    790.0
     1     1    19     9     8     7     0     1   -38.0  -38.803  -52.928     18.3   1010.9
     2     1    19     9     8     7     0     1   -38.0  -39.815  -47.323    294.4    975.7
     3     1    19     9     8     7     0     1   -38.0  -37.944  -54.673   1389.1    857.4
     4     1    19     9     8     7     0     1   -38.0  -28.256  -70.256    849.0    740.4
     5     1    19     9     8     7     0     1   -38.0  -31.782  -61.119   2118.8    789.7
     1     1    19     9     8     6     0     0   -39.0  -38.953  -52.476     14.5   1012.3
     2     1    19     9     8     6     0     0   -39.0  -39.735  -46.700    216.9    992.0
     3     1    19     9     8     6     0     0   -39.0  -38.058  -54.722   1431.7    853.9
     4     1    19     9     8     6     0     0   -39.0  -28.155  -70.250    705.2    756.6
     5     1    19     9     8     6     0     0   -39.0  -31.689  -61.109   2189.1    783.2
     1     1    19     9     8     5     0     1   -40.0  -39.057  -51.968     11.6   1013.5
     2     1    19     9     8     5     0     1   -40.0  -39.550  -46.145    172.4   1001.6
     3     1    19     9     8     5     0     1   -40.0  -38.146  -54.751   1480.0    847.3
     4     1    19     9     8     5     0     1   -40.0  -28.091  -70.232    624.6    767.2
     5     1    19     9     8     5     0     1   -40.0  -31.576  -61.119   2268.8    771.1
     1     1    19     9     8     4     0     2   -41.0  -39.148  -51.385     10.3   1013.6
     2     1    19     9     8     4     0     2   -41.0  -39.289  -45.655    153.7   1002.1
     3     1    19     9     8     4     0     2   -41.0  -38.188  -54.747   1510.6    844.2
     4     1    19     9     8     4     0     2   -41.0  -28.032  -70.195    597.9    769.0
     5     1    19     9     8     4     0     2   -41.0  -31.481  -61.150   2311.6    767.2
     1     1    19     9     8     3     0     3   -42.0  -39.228  -50.762     10.4   1015.0
     2     1    19     9     8     3     0     3   -42.0  -38.992  -45.205    143.6   1005.6
     3     1    19     9     8     3     0     3   -42.0  -38.187  -54.714   1520.9    843.3
     4     1    19     9     8     3     0     3   -42.0  -27.960  -70.139    613.8    762.9
     5     1    19     9     8     3     0     3   -42.0  -31.419  -61.191   2328.9    765.9
     1     1    19     9     8     2     0     2   -43.0  -39.280  -50.156     10.7   1016.5
     2     1    19     9     8     2     0     2   -43.0  -38.695  -44.802    150.2   1006.5
     3     1    19     9     8     2     0     2   -43.0  -38.148  -54.641   1522.1    844.5
     4     1    19     9     8     2     0     2   -43.0  -27.856  -70.077    636.4    751.6
     5     1    19     9     8     2     0     2   -43.0  -31.388  -61.244   2343.8    765.7
     1     1    19     9     8     1     0     1   -44.0  -39.293  -49.597     10.5   1018.1
     2     1    19     9     8     1     0     1   -44.0  -38.421  -44.452    170.9   1003.5
     3     1    19     9     8     1     0     1   -44.0  -38.074  -54.526   1516.9    844.2
     4     1    19     9     8     1     0     1   -44.0  -27.717  -70.020    654.1    745.9
     5     1    19     9     8     1     0     1   -44.0  -31.382  -61.321   2371.5    762.3
     1     1    19     9     8     0     0     0   -45.0  -39.257  -49.083      9.1   1019.1
     2     1    19     9     8     0     0     0   -45.0  -38.163  -44.144    196.4   1001.1
     3     1    19     9     8     0     0     0   -45.0  -37.970  -54.378   1485.2    846.5
     4     1    19     9     8     0     0     0   -45.0  -27.533  -69.980    660.6    743.3
     5     1    19     9     8     0     0     0   -45.0  -31.398  -61.426   2404.7    758.0
     1     1    19     9     7    23     0     1   -46.0  -39.174  -48.616      6.6   1019.9
     2     1    19     9     7    23     0     1   -46.0  -37.910  -43.879    219.0    998.3
     3     1    19     9     7    23     0     1   -46.0  -37.831  -54.213   1466.5    853.1
     4     1    19     9     7    23     0     1   -46.0  -27.319  -69.977    625.8    750.0
     5     1    19     9     7    23     0     1   -46.0  -31.415  -61.584   2428.5    753.2
     1     1    19     9     7    22     0     2   -47.0  -39.051  -48.209      4.5   1021.2
     2     1    19     9     7    22     0     2   -47.0  -37.663  -43.662    230.3    997.4
     3     1    19     9     7    22     0     2   -47.0  -37.657  -54.071   1550.1    848.3
     4     1    19     9     7    22     0     2   -47.0  -27.120  -70.011    539.4    773.4
     5     1    19     9     7    22     0     2   -47.0  -31.408  -61.813   2446.7    750.0
     1     1    19     9     7    21     0     3   -48.0  -38.880  -47.861      3.7   1022.6
     2     1    19     9     7    21     0     3   -48.0  -37.430  -43.491    235.9    997.9
     3     1    19     9     7    21     0     3   -48.0  -37.458  -54.005   1753.7    825.9
     4     1    19     9     7    21     0     3   -48.0  -26.957  -70.084    391.0    805.8
     5     1    19     9     7    21     0     3   -48.0  -31.375  -62.113   2476.1    745.7
     1     1    19     9     7    20     0     2   -49.0  -38.678  -47.545      3.4   1022.6
     2     1    19     9     7    20     0     2   -49.0  -37.214  -43.346    240.4    997.2
     3     1    19     9     7    20     0     2   -49.0  -37.232  -54.019   1962.1    793.8
     4     1    19     9     7    20     0     2   -49.0  -26.857  -70.192    238.1    850.1
     5     1    19     9     7    20     0     2   -49.0  -31.313  -62.441   2518.5    740.6
     1     1    19     9     7    19     0     1   -50.0  -38.470  -47.244      2.2   1023.0
     2     1    19     9     7    19     0     1   -50.0  -37.014  -43.215    242.7    997.1
     3     1    19     9     7    19     0     1   -50.0  -36.977  -54.042   2068.6    786.0
     4     1    19     9     7    19     0     1   -50.0  -26.817  -70.317    142.4    884.6
     5     1    19     9     7    19     0     1   -50.0  -31.227  -62.747   2565.6    736.0
     1     1    19     9     7    18     0     0   -51.0  -38.257  -46.962      0.1   1023.8
     2     1    19     9     7    18     0     0   -51.0  -36.834  -43.101    248.1    996.8
     3     1    19     9     7    18     0     0   -51.0  -36.689  -54.042   2073.9    784.5
     4     1    19     9     7    18     0     0   -51.0  -26.824  -70.450     89.5    911.6
     5     1    19     9     7    18     0     0   -51.0  -31.118  -63.038   2611.4    730.5
     1     1    19     9     7    17     0     1   -52.0  -38.056  -46.700      0.0   1024.1
     2     1    19     9     7    17     0     1   -52.0  -36.678  -43.006    259.5    996.2
     3     1    19     9     7    17     0     1   -52.0  -36.385  -54.024   1983.7    795.9
     4     1    19     9     7    17     0     1   -52.0  -26.876  -70.578     62.7    935.6
     5     1    19     9     7    17     0     1   -52.0  -30.967  -63.339   2647.1    718.0
     1     1    19     9     7    16     0     2   -53.0  -37.879  -46.459      0.0   1024.3
     2     1    19     9     7    16     0     2   -53.0  -36.544  -42.935    271.5    994.8
     3     1    19     9     7    16     0     2   -53.0  -36.091  -53.977   1819.5    811.3
     4     1    19     9     7    16     0     2   -53.0  -26.963  -70.693     53.1    955.1
     5     1    19     9     7    16     0     2   -53.0  -30.747  -63.669   2689.7    700.9
     1     1    19     9     7    15     0     3   -54.0  -37.716  -46.244      0.8   1024.6
     2     1    19     9     7    15     0     3   -54.0  -36.432  -42.892    276.2    994.4
     3     1    19     9     7    15     0     3   -54.0  -35.796  -53.843   1609.8    836.1
     4     1    19     9     7    15     0     3   -54.0  -27.075  -70.798     51.8    970.8
     5     1    19     9     7    15     0     3   -54.0  -30.452  -64.004   2745.3    677.0
     1     1    19     9     7    14     0     2   -55.0  -37.573  -46.045      1.6   1025.9
     2     1    19     9     7    14     0     2   -55.0  -36.342  -42.865    277.2    995.4
     3     1    19     9     7    14     0     2   -55.0  -35.494  -53.644   1440.1    858.6
     4     1    19     9     7    14     0     2   -55.0  -27.200  -70.881     52.4    980.4
     5     1    19     9     7    14     0     2   -55.0  -30.108  -64.329   2794.2    674.6
     1     1    19     9     7    13     0     1   -56.0  -37.462  -45.854      1.9   1027.5
     2     1    19     9     7    13     0     1   -56.0  -36.278  -42.841    282.1    995.2
     3     1    19     9     7    13     0     1   -56.0  -35.202  -53.446   1315.4    868.2
     4     1    19     9     7    13     0     1   -56.0  -27.319  -70.928     53.2    983.9
     5     1    19     9     7    13     0     1   -56.0  -29.784  -64.614   2798.4    693.7
     1     1    19     9     7    12     0     0   -57.0  -37.384  -45.675      1.9   1028.7
     2     1    19     9     7    12     0     0   -57.0  -36.240  -42.819    292.5    994.1
     3     1    19     9     7    12     0     0   -57.0  -34.926  -53.247   1157.0    881.2
     4     1    19     9     7    12     0     0   -57.0  -27.422  -70.940     56.8    981.8
     5     1    19     9     7    12     0     0   -57.0  -29.487  -64.852   2765.8    704.6
     1     1    19     9     7    11     0     1   -58.0  -37.333  -45.522      1.7   1027.9
     2     1    19     9     7    11     0     1   -58.0  -36.225  -42.814    300.8    991.9
     3     1    19     9     7    11     0     1   -58.0  -34.650  -53.028    961.6    906.1
     4     1    19     9     7    11     0     1   -58.0  -27.508  -70.932     63.9    974.7
     5     1    19     9     7    11     0     1   -58.0  -29.209  -65.055   2688.0    709.3
     1     1    19     9     7    10     0     2   -59.0  -37.304  -45.411      1.5   1027.2
     2     1    19     9     7    10     0     2   -59.0  -36.233  -42.842    298.9    991.8
     3     1    19     9     7    10     0     2   -59.0  -34.376  -52.781    798.9    926.3
     4     1    19     9     7    10     0     2   -59.0  -27.579  -70.920     73.4    967.5
     5     1    19     9     7    10     0     2   -59.0  -28.942  -65.263   2582.3    713.8
     1     1    19     9     7     9     0     3   -60.0  -37.297  -45.337      1.1   1026.5
     2     1    19     9     7     9     0     3   -60.0  -36.261  -42.901    285.3    993.3
     3     1    19     9     7     9     0     3   -60.0  -34.102  -52.504    684.6    937.9
     4     1    19     9     7     9     0     3   -60.0  -27.634  -70.904     86.9    959.8
     5     1    19     9     7     9     0     3   -60.0  -28.666  -65.537   2500.2    697.2
     1     1    19     9     7     8     0     2   -61.0  -37.311  -45.295      0.8   1026.6
     2     1    19     9     7     8     0     2   -61.0  -36.302  -42.984    268.1    996.4
     3     1    19     9     7     8     0     2   -61.0  -33.799  -52.231    588.0    946.9
     4     1    19     9     7     8     0     2   -61.0  -27.681  -70.887    103.6    952.8
     5     1    19     9     7     8     0     2   -61.0  -28.307  -65.999   2526.2    623.1
     1     1    19     9     7     7     0     1   -62.0  -37.344  -45.279      0.6   1026.8
     2     1    19     9     7     7     0     1   -62.0  -36.348  -43.086    258.2    997.4
     3     1    19     9     7     7     0     1   -62.0  -33.440  -51.995    456.4    958.5
     4     1    19     9     7     7     0     1   -62.0  -27.724  -70.872    120.6    946.7
     5     1    19     9     7     7     0     1   -62.0  -27.763  -66.690   2817.7    573.6
     1     1    19     9     7     6     0     0   -63.0  -37.396  -45.287      0.4   1027.0
     2     1    19     9     7     6     0     0   -63.0  -36.398  -43.205    257.3    997.1
     3     1    19     9     7     6     0     0   -63.0  -33.040  -51.808    288.2    980.5
     4     1    19     9     7     6     0     0   -63.0  -27.764  -70.859    137.0    941.2
     5     1    19     9     7     6     0     0   -63.0  -27.036  -67.650   3524.8    434.0
     1     1    19     9     7     5     0     1   -64.0  -37.457  -45.322      0.3   1027.4
     2     1    19     9     7     5     0     1   -64.0  -36.448  -43.329    256.9    997.0
     3     1    19     9     7     5     0     1   -64.0  -32.655  -51.614    185.6    995.5
     4     1    19     9     7     5     0     1   -64.0  -27.802  -70.854    145.0    937.1
     5     1    19     9     7     5     0     1   -64.0  -26.234  -69.065   3960.6    367.0
     1     1    19     9     7     4     0     2   -65.0  -37.515  -45.379      0.4   1027.8
     2     1    19     9     7     4     0     2   -65.0  -36.490  -43.451    251.1    998.0
     3     1    19     9     7     4     0     2   -65.0  -32.258  -51.316    150.8    999.7
     4     1    19     9     7     4     0     2   -65.0  -27.840  -70.860    138.5    937.1
     5     1    19     9     7     4     0     2   -65.0  -25.553  -70.014   3988.4    514.9
     1     1    19     9     7     3     0     3   -66.0  -37.567  -45.459      0.7   1028.2
     2     1    19     9     7     3     0     3   -66.0  -36.526  -43.570    240.6    999.5
     3     1    19     9     7     3     0     3   -66.0  -31.822  -50.925    152.9   1000.0
     4     1    19     9     7     3     0     3   -66.0  -27.881  -70.878    118.7    940.3
     5     1    19     9     7     3     0     3   -66.0  -24.939  -70.691   3851.4    593.6
     1     1    19     9     7     2     0     2   -67.0  -37.618  -45.544      0.9   1027.7
     2     1    19     9     7     2     0     2   -67.0  -36.566  -43.687    233.8   1000.9
     3     1    19     9     7     2     0     2   -67.0  -31.393  -50.492    169.3    998.1
     4     1    19     9     7     2     0     2   -67.0  -27.923  -70.901    103.4    945.0
     5     1    19     9     7     2     0     2   -67.0  -24.367  -71.276   3741.8    649.5
     1     1    19     9     7     1     0     1   -68.0  -37.675  -45.621      0.8   1027.1
     2     1    19     9     7     1     0     1   -68.0  -36.622  -43.803    238.9   1000.3
     3     1    19     9     7     1     0     1   -68.0  -30.950  -50.042    187.6    997.4
     4     1    19     9     7     1     0     1   -68.0  -27.963  -70.917    107.4    945.4
     5     1    19     9     7     1     0     1   -68.0  -23.836  -71.836   3607.7    662.5
     1     1    19     9     7     0     0     0   -69.0  -37.740  -45.691      0.5   1026.4
     2     1    19     9     7     0     0     0   -69.0  -36.694  -43.919    258.9    998.3
     3     1    19     9     7     0     0     0   -69.0  -30.489  -49.593    207.4    995.3
     4     1    19     9     7     0     0     0   -69.0  -28.002  -70.928    134.9    942.9
     5     1    19     9     7     0     0     0   -69.0  -23.336  -72.425   3544.1    664.6
     1     1    19     9     6    23     0     1   -70.0  -37.814  -45.773      0.3   1026.2
     2     1    19     9     6    23     0     1   -70.0  -36.783  -44.049    286.8    993.5
     3     1    19     9     6    23     0     1   -70.0  -30.043  -49.154    224.3    994.4
     4     1    19     9     6    23     0     1   -70.0  -28.031  -70.951    152.9    937.5
     5     1    19     9     6    23     0     1   -70.0  -22.863  -73.022   3494.7    667.1
     1     1    19     9     6    22     0     2   -71.0  -37.900  -45.884      0.1   1026.1
     2     1    19     9     6    22     0     2   -71.0  -36.884  -44.206    308.4    990.1
     3     1    19     9     6    22     0     2   -71.0  -29.603  -48.730    230.4    993.1
     4     1    19     9     6    22     0     2   -71.0  -28.048  -71.004    120.3    948.7
     5     1    19     9     6    22     0     2   -71.0  -22.413  -73.613   3441.6    671.4
     1     1    19     9     6    21     0     3   -72.0  -37.999  -46.022      0.1   1026.1
     2     1    19     9     6    21     0     3   -72.0  -36.994  -44.388    319.5    988.4
     3     1    19     9     6    21     0     3   -72.0  -29.173  -48.349    221.1    995.1
     4     1    19     9     6    21     0     3   -72.0  -28.055  -71.087     66.8    960.4
     5     1    19     9     6    21     0     3   -72.0  -21.984  -74.191   3384.7    676.1
