     5     1
    GDAS    19     7    22     0     0
    GDAS    19     7    29     0     0
    GDAS    19     8     1     0     0
    GDAS    19     8     8     0     0
    GDAS    19     8    15     0     0
     3 BACKWARD OMEGA   
    19     8    11     3  -34.572  -58.513    10.0
    19     8    11     3  -34.572  -58.513   200.0
    19     8    11     3  -34.572  -58.513   500.0
     1 PRESSURE
     1     1    19     8    11     3     0     3     0.0  -34.572  -58.513     10.0   1012.4
     2     1    19     8    11     3     0     3     0.0  -34.572  -58.513    200.0    991.1
     3     1    19     8    11     3     0     3     0.0  -34.572  -58.513    500.0    955.3
     1     1    19     8    11     2     0     2    -1.0  -34.450  -58.573     11.4   1012.5
     2     1    19     8    11     2     0     2    -1.0  -34.319  -58.726    223.0    988.6
     3     1    19     8    11     2     0     2    -1.0  -34.387  -58.829    537.6    952.7
     1     1    19     8    11     1     0     1    -2.0  -34.330  -58.629     12.8   1012.7
     2     1    19     8    11     1     0     1    -2.0  -34.071  -58.930    246.5    987.7
     3     1    19     8    11     1     0     1    -2.0  -34.208  -59.135    580.2    949.8
     1     1    19     8    11     0     0     0    -3.0  -34.213  -58.683     14.2   1013.0
     2     1    19     8    11     0     0     0    -3.0  -33.832  -59.131    277.9    985.5
     3     1    19     8    11     0     0     0    -3.0  -34.042  -59.438    632.0    944.9
     1     1    19     8    10    23     0     1    -4.0  -34.103  -58.737     15.1   1013.0
     2     1    19     8    10    23     0     1    -4.0  -33.608  -59.338    307.7    980.0
     3     1    19     8    10    23     0     1    -4.0  -33.888  -59.740    674.4    936.9
     1     1    19     8    10    22     0     2    -5.0  -34.004  -58.793     14.7   1013.5
     2     1    19     8    10    22     0     2    -5.0  -33.399  -59.539    317.4    978.1
     3     1    19     8    10    22     0     2    -5.0  -33.728  -60.034    686.7    934.8
     1     1    19     8    10    21     0     3    -6.0  -33.920  -58.852     13.1   1014.1
     2     1    19     8    10    21     0     3    -6.0  -33.204  -59.724    297.0    979.3
     3     1    19     8    10    21     0     3    -6.0  -33.557  -60.315    677.9    933.8
     1     1    19     8    10    20     0     2    -7.0  -33.846  -58.919     11.5   1014.9
     2     1    19     8    10    20     0     2    -7.0  -33.033  -59.879    259.1    986.3
     3     1    19     8    10    20     0     2    -7.0  -33.388  -60.568    664.0    934.3
     1     1    19     8    10    19     0     1    -8.0  -33.780  -58.998     10.6   1015.4
     2     1    19     8    10    19     0     1    -8.0  -32.895  -60.008    226.5    990.9
     3     1    19     8    10    19     0     1    -8.0  -33.233  -60.790    640.2    934.2
     1     1    19     8    10    18     0     0    -9.0  -33.716  -59.091     10.3   1015.0
     2     1    19     8    10    18     0     0    -9.0  -32.784  -60.129    201.7    992.9
     3     1    19     8    10    18     0     0    -9.0  -33.086  -60.985    583.4    938.2
     1     1    19     8    10    17     0     1   -10.0  -33.649  -59.194     10.3   1015.1
     2     1    19     8    10    17     0     1   -10.0  -32.684  -60.249    185.5    993.7
     3     1    19     8    10    17     0     1   -10.0  -32.947  -61.161    522.9    949.3
     1     1    19     8    10    16     0     2   -11.0  -33.578  -59.298     10.2   1015.4
     2     1    19     8    10    16     0     2   -11.0  -32.581  -60.369    178.3    994.0
     3     1    19     8    10    16     0     2   -11.0  -32.813  -61.330    489.7    954.0
     1     1    19     8    10    15     0     3   -12.0  -33.505  -59.400     10.2   1016.1
     2     1    19     8    10    15     0     3   -12.0  -32.478  -60.488    177.5    994.1
     3     1    19     8    10    15     0     3   -12.0  -32.681  -61.498    475.4    955.5
     1     1    19     8    10    14     0     2   -13.0  -33.438  -59.498     10.2   1016.9
     2     1    19     8    10    14     0     2   -13.0  -32.385  -60.620    178.8    994.4
     3     1    19     8    10    14     0     2   -13.0  -32.563  -61.668    469.7    956.0
     1     1    19     8    10    13     0     1   -14.0  -33.382  -59.592     10.2   1017.7
     2     1    19     8    10    13     0     1   -14.0  -32.314  -60.778    179.1    995.5
     3     1    19     8    10    13     0     1   -14.0  -32.475  -61.845    468.5    955.8
     1     1    19     8    10    12     0     0   -15.0  -33.338  -59.681     10.2   1018.3
     2     1    19     8    10    12     0     0   -15.0  -32.265  -60.958    178.6    997.1
     3     1    19     8    10    12     0     0   -15.0  -32.415  -62.027    471.2    954.8
     1     1    19     8    10    11     0     1   -16.0  -33.305  -59.766     10.2   1017.3
     2     1    19     8    10    11     0     1   -16.0  -32.230  -61.154    180.2    995.8
     3     1    19     8    10    11     0     1   -16.0  -32.375  -62.214    482.0    952.1
     1     1    19     8    10    10     0     2   -17.0  -33.285  -59.849     10.4   1016.2
     2     1    19     8    10    10     0     2   -17.0  -32.202  -61.370    186.2    993.0
     3     1    19     8    10    10     0     2   -17.0  -32.345  -62.407    509.1    947.3
     1     1    19     8    10     9     0     3   -18.0  -33.277  -59.930     10.7   1015.1
     2     1    19     8    10     9     0     3   -18.0  -32.183  -61.611    196.1    989.5
     3     1    19     8    10     9     0     3   -18.0  -32.331  -62.603    559.2    940.2
     1     1    19     8    10     8     0     2   -19.0  -33.276  -60.011     11.2   1016.1
     2     1    19     8    10     8     0     2   -19.0  -32.165  -61.872    206.8    986.2
     3     1    19     8    10     8     0     2   -19.0  -32.331  -62.787    626.8    931.3
     1     1    19     8    10     7     0     1   -20.0  -33.277  -60.098     12.1   1016.4
     2     1    19     8    10     7     0     1   -20.0  -32.135  -62.136    217.0    983.5
     3     1    19     8    10     7     0     1   -20.0  -32.345  -62.950    701.6    921.8
     1     1    19     8    10     6     0     0   -21.0  -33.281  -60.193     13.6   1016.3
     2     1    19     8    10     6     0     0   -21.0  -32.089  -62.390    232.2    980.6
     3     1    19     8    10     6     0     0   -21.0  -32.379  -63.104    779.5    910.5
     1     1    19     8    10     5     0     1   -22.0  -33.288  -60.289     15.5   1014.5
     2     1    19     8    10     5     0     1   -22.0  -32.034  -62.602    255.4    975.9
     3     1    19     8    10     5     0     1   -22.0  -32.435  -63.252    839.1    898.8
     1     1    19     8    10     4     0     2   -23.0  -33.299  -60.380     17.6   1012.9
     2     1    19     8    10     4     0     2   -23.0  -31.985  -62.751    281.1    971.1
     3     1    19     8    10     4     0     2   -23.0  -32.500  -63.392    865.3    893.3
     1     1    19     8    10     3     0     3   -24.0  -33.313  -60.463     19.7   1011.6
     2     1    19     8    10     3     0     3   -24.0  -31.948  -62.842    301.6    967.7
     3     1    19     8    10     3     0     3   -24.0  -32.560  -63.524    867.5    890.8
     1     1    19     8    10     2     0     2   -25.0  -33.337  -60.529     22.7   1010.9
     2     1    19     8    10     2     0     2   -25.0  -31.936  -62.898    315.3    966.2
     3     1    19     8    10     2     0     2   -25.0  -32.624  -63.652    862.4    889.9
     1     1    19     8    10     1     0     1   -26.0  -33.378  -60.572     27.8   1009.9
     2     1    19     8    10     1     0     1   -26.0  -31.962  -62.940    324.2    964.8
     3     1    19     8    10     1     0     1   -26.0  -32.709  -63.789    860.0    887.4
     1     1    19     8    10     0     0     0   -27.0  -33.439  -60.588     35.6   1008.7
     2     1    19     8    10     0     0     0   -27.0  -32.026  -62.980    327.4    963.8
     3     1    19     8    10     0     0     0   -27.0  -32.817  -63.931    857.3    884.6
     1     1    19     8     9    23     0     1   -28.0  -33.522  -60.600     42.5   1006.5
     2     1    19     8     9    23     0     1   -28.0  -32.110  -63.010    318.8    963.1
     3     1    19     8     9    23     0     1   -28.0  -32.933  -64.064    843.8    878.4
     1     1    19     8     9    22     0     2   -29.0  -33.625  -60.635     43.7   1005.1
     2     1    19     8     9    22     0     2   -29.0  -32.197  -63.022    297.6    964.6
     3     1    19     8     9    22     0     2   -29.0  -33.030  -64.174    815.1    873.3
     1     1    19     8     9    21     0     3   -30.0  -33.744  -60.692     41.2   1004.1
     2     1    19     8     9    21     0     3   -30.0  -32.287  -63.022    269.0    967.4
     3     1    19     8     9    21     0     3   -30.0  -33.104  -64.266    779.5    873.2
     1     1    19     8     9    20     0     2   -31.0  -33.875  -60.756     41.5   1004.5
     2     1    19     8     9    20     0     2   -31.0  -32.388  -63.027    245.1    971.9
     3     1    19     8     9    20     0     2   -31.0  -33.160  -64.355    760.4    873.0
     1     1    19     8     9    19     0     1   -32.0  -34.015  -60.815     48.1   1003.9
     2     1    19     8     9    19     0     1   -32.0  -32.507  -63.057    234.4    973.0
     3     1    19     8     9    19     0     1   -32.0  -33.205  -64.459    758.8    867.5
     1     1    19     8     9    18     0     0   -33.0  -34.159  -60.872     58.5   1003.1
     2     1    19     8     9    18     0     0   -33.0  -32.634  -63.103    236.4    972.2
     3     1    19     8     9    18     0     0   -33.0  -33.243  -64.573    746.8    862.4
     1     1    19     8     9    17     0     1   -34.0  -34.300  -60.915     67.1   1002.1
     2     1    19     8     9    17     0     1   -34.0  -32.756  -63.146    248.7    969.8
     3     1    19     8     9    17     0     1   -34.0  -33.272  -64.679    717.4    861.8
     1     1    19     8     9    16     0     2   -35.0  -34.433  -60.928     67.6   1002.3
     2     1    19     8     9    16     0     2   -35.0  -32.865  -63.174    266.4    967.3
     3     1    19     8     9    16     0     2   -35.0  -33.287  -64.757    687.9    862.4
     1     1    19     8     9    15     0     3   -36.0  -34.559  -60.907     57.8   1003.9
     2     1    19     8     9    15     0     3   -36.0  -32.955  -63.189    286.5    964.8
     3     1    19     8     9    15     0     3   -36.0  -33.286  -64.806    669.1    862.4
     1     1    19     8     9    14     0     2   -37.0  -34.668  -60.854     46.6   1007.0
     2     1    19     8     9    14     0     2   -37.0  -33.047  -63.182    287.5    963.0
     3     1    19     8     9    14     0     2   -37.0  -33.278  -64.837    660.6    860.5
     1     1    19     8     9    13     0     1   -38.0  -34.756  -60.773     40.8   1008.5
     2     1    19     8     9    13     0     1   -38.0  -33.159  -63.145    252.3    968.9
     3     1    19     8     9    13     0     1   -38.0  -33.270  -64.862    655.8    859.3
     1     1    19     8     9    12     0     0   -39.0  -34.824  -60.668     39.6   1009.6
     2     1    19     8     9    12     0     0   -39.0  -33.288  -63.089    197.1    979.1
     3     1    19     8     9    12     0     0   -39.0  -33.264  -64.880    657.0    857.9
     1     1    19     8     9    11     0     1   -40.0  -34.881  -60.546     39.8   1010.1
     2     1    19     8     9    11     0     1   -40.0  -33.418  -63.027    153.7    987.0
     3     1    19     8     9    11     0     1   -40.0  -33.252  -64.895    674.2    854.9
     1     1    19     8     9    10     0     2   -41.0  -34.934  -60.415     38.8   1011.2
     2     1    19     8     9    10     0     2   -41.0  -33.538  -62.958    131.4    989.2
     3     1    19     8     9    10     0     2   -41.0  -33.228  -64.921    717.3    846.6
     1     1    19     8     9     9     0     3   -42.0  -34.980  -60.270     36.9   1012.4
     2     1    19     8     9     9     0     3   -42.0  -33.654  -62.876    121.3    990.2
     3     1    19     8     9     9     0     3   -42.0  -33.191  -64.974    790.9    833.0
     1     1    19     8     9     8     0     2   -43.0  -35.021  -60.118     33.3   1014.0
     2     1    19     8     9     8     0     2   -43.0  -33.768  -62.776    114.9    992.1
     3     1    19     8     9     8     0     2   -43.0  -33.138  -65.050    880.2    816.3
     1     1    19     8     9     7     0     1   -44.0  -35.064  -59.971     28.2   1015.2
     2     1    19     8     9     7     0     1   -44.0  -33.884  -62.659    106.9    994.9
     3     1    19     8     9     7     0     1   -44.0  -33.066  -65.121    969.6    801.1
     1     1    19     8     9     6     0     0   -45.0  -35.116  -59.832     22.6   1016.1
     2     1    19     8     9     6     0     0   -45.0  -34.000  -62.523     98.9    997.8
     3     1    19     8     9     6     0     0   -45.0  -32.975  -65.185   1067.2    786.1
     1     1    19     8     9     5     0     1   -46.0  -35.176  -59.699     18.5   1017.4
     2     1    19     8     9     5     0     1   -46.0  -34.114  -62.378     93.0   1000.1
     3     1    19     8     9     5     0     1   -46.0  -32.893  -65.238   1170.7    775.5
     1     1    19     8     9     4     0     2   -47.0  -35.237  -59.564     16.5   1018.5
     2     1    19     8     9     4     0     2   -47.0  -34.227  -62.234     88.5   1001.8
     3     1    19     8     9     4     0     2   -47.0  -32.831  -65.274   1257.7    766.5
     1     1    19     8     9     3     0     3   -48.0  -35.298  -59.427     16.0   1019.6
     2     1    19     8     9     3     0     3   -48.0  -34.343  -62.091     83.2   1003.6
     3     1    19     8     9     3     0     3   -48.0  -32.783  -65.291   1309.4    761.8
     1     1    19     8     9     2     0     2   -49.0  -35.360  -59.292     16.3   1020.2
     2     1    19     8     9     2     0     2   -49.0  -34.461  -61.953     77.3   1005.6
     3     1    19     8     9     2     0     2   -49.0  -32.744  -65.291   1353.8    761.5
     1     1    19     8     9     1     0     1   -50.0  -35.421  -59.165     17.0   1020.9
     2     1    19     8     9     1     0     1   -50.0  -34.580  -61.812     73.1   1006.9
     3     1    19     8     9     1     0     1   -50.0  -32.713  -65.288   1418.2    755.8
     1     1    19     8     9     0     0     0   -51.0  -35.477  -59.047     18.2   1021.4
     2     1    19     8     9     0     0     0   -51.0  -34.696  -61.663     71.7   1007.8
     3     1    19     8     9     0     0     0   -51.0  -32.687  -65.287   1495.3    748.9
     1     1    19     8     8    23     0     1   -52.0  -35.535  -58.931     20.3   1021.0
     2     1    19     8     8    23     0     1   -52.0  -34.807  -61.504     71.8   1007.4
     3     1    19     8     8    23     0     1   -52.0  -32.655  -65.295   1576.0    741.2
     1     1    19     8     8    22     0     2   -53.0  -35.602  -58.815     23.8   1020.3
     2     1    19     8     8    22     0     2   -53.0  -34.911  -61.339     70.7   1007.1
     3     1    19     8     8    22     0     2   -53.0  -32.609  -65.317   1658.2    734.7
     1     1    19     8     8    21     0     3   -54.0  -35.677  -58.701     28.8   1019.5
     2     1    19     8     8    21     0     3   -54.0  -35.010  -61.177     66.0   1007.0
     3     1    19     8     8    21     0     3   -54.0  -32.543  -65.353   1748.1    727.9
     1     1    19     8     8    20     0     2   -55.0  -35.763  -58.587     33.8   1019.3
     2     1    19     8     8    20     0     2   -55.0  -35.109  -61.018     60.0   1008.4
     3     1    19     8     8    20     0     2   -55.0  -32.451  -65.404   1819.5    722.3
     1     1    19     8     8    19     0     1   -56.0  -35.860  -58.467     38.1   1019.4
     2     1    19     8     8    19     0     1   -56.0  -35.214  -60.859     56.4   1009.9
     3     1    19     8     8    19     0     1   -56.0  -32.347  -65.458   1845.0    725.2
     1     1    19     8     8    18     0     0   -57.0  -35.970  -58.343     43.5   1019.4
     2     1    19     8     8    18     0     0   -57.0  -35.326  -60.699     55.4   1011.0
     3     1    19     8     8    18     0     0   -57.0  -32.251  -65.502   1806.3    733.2
     1     1    19     8     8    17     0     1   -58.0  -36.084  -58.220     49.7   1019.2
     2     1    19     8     8    17     0     1   -58.0  -35.442  -60.539     55.7   1012.0
     3     1    19     8     8    17     0     1   -58.0  -32.184  -65.520   1704.2    748.4
     1     1    19     8     8    16     0     2   -59.0  -36.191  -58.106     53.5   1019.7
     2     1    19     8     8    16     0     2   -59.0  -35.561  -60.382     55.9   1012.7
     3     1    19     8     8    16     0     2   -59.0  -32.143  -65.509   1573.7    762.8
     1     1    19     8     8    15     0     3   -60.0  -36.293  -58.002     54.7   1020.5
     2     1    19     8     8    15     0     3   -60.0  -35.686  -60.229     56.0   1013.1
     3     1    19     8     8    15     0     3   -60.0  -32.114  -65.477   1436.2    776.2
     1     1    19     8     8    14     0     2   -61.0  -36.397  -57.909     54.5   1019.8
     2     1    19     8     8    14     0     2   -61.0  -35.822  -60.074     55.6   1012.7
     3     1    19     8     8    14     0     2   -61.0  -32.101  -65.436   1325.0    787.3
     1     1    19     8     8    13     0     1   -62.0  -36.511  -57.830     54.8   1019.4
     2     1    19     8     8    13     0     1   -62.0  -35.977  -59.910     54.0   1012.9
     3     1    19     8     8    13     0     1   -62.0  -32.112  -65.397   1270.6    790.5
     1     1    19     8     8    12     0     0   -63.0  -36.633  -57.764     57.0   1019.0
     2     1    19     8     8    12     0     0   -63.0  -36.147  -59.748     52.8   1011.8
     3     1    19     8     8    12     0     0   -63.0  -32.141  -65.361   1280.9    786.9
     1     1    19     8     8    11     0     1   -64.0  -36.753  -57.721     62.3   1018.4
     2     1    19     8     8    11     0     1   -64.0  -36.312  -59.615     56.1   1010.0
     3     1    19     8     8    11     0     1   -64.0  -32.167  -65.341   1327.8    776.7
     1     1    19     8     8    10     0     2   -65.0  -36.857  -57.708     71.3   1017.3
     2     1    19     8     8    10     0     2   -65.0  -36.457  -59.517     64.5   1007.5
     3     1    19     8     8    10     0     2   -65.0  -32.176  -65.347   1376.8    771.0
     1     1    19     8     8     9     0     3   -66.0  -36.939  -57.723     84.3   1015.5
     2     1    19     8     8     9     0     3   -66.0  -36.587  -59.448     75.8   1004.8
     3     1    19     8     8     9     0     3   -66.0  -32.172  -65.384   1422.0    768.1
     1     1    19     8     8     8     0     2   -67.0  -37.011  -57.756     99.5   1012.7
     2     1    19     8     8     8     0     2   -67.0  -36.712  -59.390     87.5   1002.3
     3     1    19     8     8     8     0     2   -67.0  -32.155  -65.442   1449.9    768.3
     1     1    19     8     8     7     0     1   -68.0  -37.086  -57.799    114.5   1009.6
     2     1    19     8     8     7     0     1   -68.0  -36.842  -59.325     99.4   1000.4
     3     1    19     8     8     7     0     1   -68.0  -32.130  -65.503   1447.5    773.3
     1     1    19     8     8     6     0     0   -69.0  -37.162  -57.857    129.7   1006.6
     2     1    19     8     8     6     0     0   -69.0  -36.987  -59.243    115.3    998.4
     3     1    19     8     8     6     0     0   -69.0  -32.099  -65.562   1408.0    782.1
     1     1    19     8     8     5     0     1   -70.0  -37.223  -57.923    137.9   1003.2
     2     1    19     8     8     5     0     1   -70.0  -37.147  -59.162    136.0    995.3
     3     1    19     8     8     5     0     1   -70.0  -32.071  -65.613   1348.1    794.9
     1     1    19     8     8     4     0     2   -71.0  -37.254  -57.981    129.5   1002.8
     2     1    19     8     8     4     0     2   -71.0  -37.314  -59.114    156.8    991.8
     3     1    19     8     8     4     0     2   -71.0  -32.045  -65.662   1295.5    805.7
     1     1    19     8     8     3     0     3   -72.0  -37.261  -58.031    107.7   1004.8
     2     1    19     8     8     3     0     3   -72.0  -37.481  -59.097    174.1    988.6
     3     1    19     8     8     3     0     3   -72.0  -32.020  -65.715   1260.2    815.2
