     5     1
    GDAS    19     4     1     0     0
    GDAS    19     4     8     0     0
    GDAS    19     4    15     0     0
    GDAS    19     4    22     0     0
    GDAS    19     4    29     0     0
     5 BACKWARD OMEGA   
    19     4     4     3  -34.572  -58.513    10.0
    19     4     4     3  -34.572  -58.513   200.0
    19     4     4     3  -34.572  -58.513   500.0
    19     4     4     3  -34.572  -58.513  1000.0
    19     4     4     3  -34.572  -58.513  2000.0
     1 PRESSURE
     1     1    19     4     4     3     0     3     0.0  -34.572  -58.513     10.0   1001.0
     2     1    19     4     4     3     0     3     0.0  -34.572  -58.513    200.0    978.9
     3     1    19     4     4     3     0     3     0.0  -34.572  -58.513    500.0    945.4
     4     1    19     4     4     3     0     3     0.0  -34.572  -58.513   1000.0    891.9
     5     1    19     4     4     3     0     3     0.0  -34.572  -58.513   2000.0    792.9
     1     1    19     4     4     2     0     2    -1.0  -34.529  -58.391      8.3   1001.3
     2     1    19     4     4     2     0     2    -1.0  -34.438  -58.296    217.0    977.7
     3     1    19     4     4     2     0     2    -1.0  -34.390  -58.435    530.6    942.7
     4     1    19     4     4     2     0     2    -1.0  -34.436  -58.697   1022.6    890.3
     5     1    19     4     4     2     0     2    -1.0  -34.602  -58.910   2014.7    792.3
     1     1    19     4     4     1     0     1    -2.0  -34.501  -58.268      7.5   1001.4
     2     1    19     4     4     1     0     1    -2.0  -34.351  -58.074    251.4    974.0
     3     1    19     4     4     1     0     1    -2.0  -34.251  -58.370    569.3    938.2
     4     1    19     4     4     1     0     1    -2.0  -34.322  -58.876   1051.2    888.0
     5     1    19     4     4     1     0     1    -2.0  -34.637  -59.300   2035.3    790.4
     1     1    19     4     4     0     0     0    -3.0  -34.491  -58.145      8.0   1001.4
     2     1    19     4     4     0     0     0    -3.0  -34.312  -57.855    296.7    967.5
     3     1    19     4     4     0     0     0    -3.0  -34.145  -58.317    611.5    933.6
     4     1    19     4     4     0     0     0    -3.0  -34.222  -59.058   1084.2    884.9
     5     1    19     4     4     0     0     0    -3.0  -34.670  -59.688   2057.0    786.9
     1     1    19     4     3    23     0     1    -4.0  -34.497  -58.027      9.0   1001.3
     2     1    19     4     3    23     0     1    -4.0  -34.304  -57.665    332.5    961.3
     3     1    19     4     3    23     0     1    -4.0  -34.066  -58.276    649.6    928.8
     4     1    19     4     3    23     0     1    -4.0  -34.130  -59.229   1109.6    881.6
     5     1    19     4     3    23     0     1    -4.0  -34.702  -60.065   2070.7    784.9
     1     1    19     4     3    22     0     2    -5.0  -34.513  -57.919      9.6   1001.3
     2     1    19     4     3    22     0     2    -5.0  -34.316  -57.508    348.7    959.3
     3     1    19     4     3    22     0     2    -5.0  -34.012  -58.240    681.3    925.5
     4     1    19     4     3    22     0     2    -5.0  -34.048  -59.368   1126.7    881.1
     5     1    19     4     3    22     0     2    -5.0  -34.732  -60.419   2082.6    783.9
     1     1    19     4     3    21     0     3    -6.0  -34.536  -57.821      9.9   1001.2
     2     1    19     4     3    21     0     3    -6.0  -34.351  -57.377    347.6    959.5
     3     1    19     4     3    21     0     3    -6.0  -33.978  -58.204    711.6    922.4
     4     1    19     4     3    21     0     3    -6.0  -33.984  -59.474   1151.1    879.7
     5     1    19     4     3    21     0     3    -6.0  -34.766  -60.749   2103.2    782.1
     1     1    19     4     3    20     0     2    -7.0  -34.563  -57.728      9.6   1002.2
     2     1    19     4     3    20     0     2    -7.0  -34.399  -57.260    339.2    962.1
     3     1    19     4     3    20     0     2    -7.0  -33.958  -58.166    736.7    919.6
     4     1    19     4     3    20     0     2    -7.0  -33.938  -59.558   1179.1    876.6
     5     1    19     4     3    20     0     2    -7.0  -34.812  -61.062   2134.6    779.2
     1     1    19     4     3    19     0     1    -8.0  -34.595  -57.635      8.5   1003.4
     2     1    19     4     3    19     0     1    -8.0  -34.452  -57.148    334.8    964.1
     3     1    19     4     3    19     0     1    -8.0  -33.950  -58.126    750.4    918.8
     4     1    19     4     3    19     0     1    -8.0  -33.905  -59.631   1199.3    874.9
     5     1    19     4     3    19     0     1    -8.0  -34.875  -61.363   2171.7    775.4
     1     1    19     4     3    18     0     0    -9.0  -34.634  -57.542      6.6   1004.8
     2     1    19     4     3    18     0     0    -9.0  -34.511  -57.041    342.9    964.8
     3     1    19     4     3    18     0     0    -9.0  -33.958  -58.080    752.5    919.0
     4     1    19     4     3    18     0     0    -9.0  -33.885  -59.692   1208.5    874.5
     5     1    19     4     3    18     0     0    -9.0  -34.952  -61.657   2210.9    771.6
     1     1    19     4     3    17     0     1   -10.0  -34.682  -57.442      5.0   1005.8
     2     1    19     4     3    17     0     1   -10.0  -34.581  -56.927    365.3    963.6
     3     1    19     4     3    17     0     1   -10.0  -33.983  -58.020    749.8    920.4
     4     1    19     4     3    17     0     1   -10.0  -33.877  -59.747   1217.7    875.4
     5     1    19     4     3    17     0     1   -10.0  -35.056  -61.954   2249.1    767.6
     1     1    19     4     3    16     0     2   -11.0  -34.746  -57.328      4.2   1006.9
     2     1    19     4     3    16     0     2   -11.0  -34.667  -56.798    394.3    961.9
     3     1    19     4     3    16     0     2   -11.0  -34.024  -57.940    748.7    920.4
     4     1    19     4     3    16     0     2   -11.0  -33.882  -59.803   1239.8    873.7
     5     1    19     4     3    16     0     2   -11.0  -35.192  -62.259   2288.7    763.9
     1     1    19     4     3    15     0     3   -12.0  -34.825  -57.201      4.0   1008.2
     2     1    19     4     3    15     0     3   -12.0  -34.767  -56.658    421.1    960.6
     3     1    19     4     3    15     0     3   -12.0  -34.081  -57.846    747.4    920.8
     4     1    19     4     3    15     0     3   -12.0  -33.900  -59.866   1275.3    870.5
     5     1    19     4     3    15     0     3   -12.0  -35.346  -62.565   2332.9    759.8
     1     1    19     4     3    14     0     2   -13.0  -34.934  -57.057      4.1   1009.9
     2     1    19     4     3    14     0     2   -13.0  -34.890  -56.506    437.2    960.0
     3     1    19     4     3    14     0     2   -13.0  -34.151  -57.738    748.9    920.7
     4     1    19     4     3    14     0     2   -13.0  -33.933  -59.935   1317.8    865.6
     5     1    19     4     3    14     0     2   -13.0  -35.502  -62.879   2383.2    755.3
     1     1    19     4     3    13     0     1   -14.0  -35.082  -56.899      4.1   1010.9
     2     1    19     4     3    13     0     1   -14.0  -35.045  -56.341    434.9    961.3
     3     1    19     4     3    13     0     1   -14.0  -34.238  -57.615    755.3    920.1
     4     1    19     4     3    13     0     1   -14.0  -33.983  -60.002   1361.8    861.3
     5     1    19     4     3    13     0     1   -14.0  -35.655  -63.213   2443.1    749.6
     1     1    19     4     3    12     0     0   -15.0  -35.262  -56.747      4.3   1011.0
     2     1    19     4     3    12     0     0   -15.0  -35.235  -56.178    417.2    964.2
     3     1    19     4     3    12     0     0   -15.0  -34.343  -57.479    765.2    919.2
     4     1    19     4     3    12     0     0   -15.0  -34.048  -60.070   1407.8    856.2
     5     1    19     4     3    12     0     0   -15.0  -35.809  -63.571   2516.3    741.8
     1     1    19     4     3    11     0     1   -16.0  -35.464  -56.617      4.5   1010.9
     2     1    19     4     3    11     0     1   -16.0  -35.458  -56.036    399.7    966.5
     3     1    19     4     3    11     0     1   -16.0  -34.469  -57.338    776.7    918.3
     4     1    19     4     3    11     0     1   -16.0  -34.124  -60.152   1449.8    850.7
     5     1    19     4     3    11     0     1   -16.0  -35.960  -63.955   2592.5    732.1
     1     1    19     4     3    10     0     2   -17.0  -35.678  -56.515      4.5   1010.9
     2     1    19     4     3    10     0     2   -17.0  -35.703  -55.928    393.5    967.1
     3     1    19     4     3    10     0     2   -17.0  -34.619  -57.199    785.6    918.0
     4     1    19     4     3    10     0     2   -17.0  -34.207  -60.256   1483.2    846.8
     5     1    19     4     3    10     0     2   -17.0  -36.102  -64.351   2645.4    722.2
     1     1    19     4     3     9     0     3   -18.0  -35.900  -56.441      4.4   1010.8
     2     1    19     4     3     9     0     3   -18.0  -35.968  -55.853    402.8    966.0
     3     1    19     4     3     9     0     3   -18.0  -34.792  -57.064    785.8    919.3
     4     1    19     4     3     9     0     3   -18.0  -34.298  -60.376   1511.3    843.3
     5     1    19     4     3     9     0     3   -18.0  -36.239  -64.749   2674.4    715.7
     1     1    19     4     3     8     0     2   -19.0  -36.129  -56.386      4.3   1010.8
     2     1    19     4     3     8     0     2   -19.0  -36.249  -55.801    422.2    963.1
     3     1    19     4     3     8     0     2   -19.0  -34.999  -56.924    781.1    923.3
     4     1    19     4     3     8     0     2   -19.0  -34.394  -60.503   1529.7    840.4
     5     1    19     4     3     8     0     2   -19.0  -36.380  -65.143   2690.6    710.9
     1     1    19     4     3     7     0     1   -20.0  -36.364  -56.336      4.1   1010.9
     2     1    19     4     3     7     0     1   -20.0  -36.545  -55.764    439.5    960.7
     3     1    19     4     3     7     0     1   -20.0  -35.242  -56.778    785.6    923.6
     4     1    19     4     3     7     0     1   -20.0  -34.490  -60.616   1532.7    839.9
     5     1    19     4     3     7     0     1   -20.0  -36.525  -65.521   2694.7    709.8
     1     1    19     4     3     6     0     0   -21.0  -36.606  -56.295      3.7   1010.9
     2     1    19     4     3     6     0     0   -21.0  -36.852  -55.749    449.3    959.2
     3     1    19     4     3     6     0     0   -21.0  -35.513  -56.639    806.4    920.9
     4     1    19     4     3     6     0     0   -21.0  -34.591  -60.699   1521.9    841.1
     5     1    19     4     3     6     0     0   -21.0  -36.676  -65.882   2686.0    711.6
     1     1    19     4     3     5     0     1   -22.0  -36.859  -56.269      3.3   1010.8
     2     1    19     4     3     5     0     1   -22.0  -37.182  -55.760    454.1    959.1
     3     1    19     4     3     5     0     1   -22.0  -35.821  -56.521    842.1    917.4
     4     1    19     4     3     5     0     1   -22.0  -34.699  -60.745   1499.8    843.8
     5     1    19     4     3     5     0     1   -22.0  -36.842  -66.243   2683.3    714.7
     1     1    19     4     3     4     0     2   -23.0  -37.125  -56.262      2.7   1010.8
     2     1    19     4     3     4     0     2   -23.0  -37.550  -55.806    465.5    958.3
     3     1    19     4     3     4     0     2   -23.0  -36.179  -56.442    895.7    911.4
     4     1    19     4     3     4     0     2   -23.0  -34.814  -60.753   1462.0    847.3
     5     1    19     4     3     4     0     2   -23.0  -37.025  -66.626   2693.0    715.6
     1     1    19     4     3     3     0     3   -24.0  -37.413  -56.278      2.2   1010.8
     2     1    19     4     3     3     0     3   -24.0  -37.959  -55.895    497.1    955.2
     3     1    19     4     3     3     0     3   -24.0  -36.585  -56.426    953.5    903.2
     4     1    19     4     3     3     0     3   -24.0  -34.929  -60.714   1401.0    853.2
     5     1    19     4     3     3     0     3   -24.0  -37.227  -67.052   2697.9    713.1
     1     1    19     4     3     2     0     2   -25.0  -37.721  -56.328      2.0   1010.9
     2     1    19     4     3     2     0     2   -25.0  -38.403  -56.042    533.4    948.0
     3     1    19     4     3     2     0     2   -25.0  -37.024  -56.493   1005.1    896.8
     4     1    19     4     3     2     0     2   -25.0  -35.066  -60.673   1273.0    861.5
     5     1    19     4     3     2     0     2   -25.0  -37.426  -67.514   2690.7    704.2
     1     1    19     4     3     1     0     1   -26.0  -38.049  -56.418      1.9   1011.0
     2     1    19     4     3     1     0     1   -26.0  -38.868  -56.251    557.3    946.1
     3     1    19     4     3     1     0     1   -26.0  -37.479  -56.650   1058.5    891.9
     4     1    19     4     3     1     0     1   -26.0  -35.267  -60.676   1072.4    884.3
     5     1    19     4     3     1     0     1   -26.0  -37.607  -68.001   2717.7    699.4
     1     1    19     4     3     0     0     0   -27.0  -38.385  -56.544      1.9   1011.0
     2     1    19     4     3     0     0     0   -27.0  -39.351  -56.524    581.8    943.3
     3     1    19     4     3     0     0     0   -27.0  -37.937  -56.892   1125.1    886.0
     4     1    19     4     3     0     0     0   -27.0  -35.525  -60.698    868.1    909.0
     5     1    19     4     3     0     0     0   -27.0  -37.764  -68.512   2739.3    692.4
     1     1    19     4     2    23     0     1   -28.0  -38.703  -56.711      1.9   1009.8
     2     1    19     4     2    23     0     1   -28.0  -39.845  -56.877    621.9    939.3
     3     1    19     4     2    23     0     1   -28.0  -38.376  -57.228   1189.9    874.9
     4     1    19     4     2    23     0     1   -28.0  -35.813  -60.688    745.9    925.7
     5     1    19     4     2    23     0     1   -28.0  -37.870  -69.023   2704.5    698.9
     1     1    19     4     2    22     0     2   -29.0  -38.994  -56.927      1.9   1008.6
     2     1    19     4     2    22     0     2   -29.0  -40.334  -57.306    683.0    930.7
     3     1    19     4     2    22     0     2   -29.0  -38.777  -57.663   1248.5    869.3
     4     1    19     4     2    22     0     2   -29.0  -36.090  -60.709    674.4    924.6
     5     1    19     4     2    22     0     2   -29.0  -37.932  -69.530   2692.0    685.4
     1     1    19     4     2    21     0     3   -30.0  -39.269  -57.193      1.9   1007.4
     2     1    19     4     2    21     0     3   -30.0  -40.820  -57.797    765.4    921.9
     3     1    19     4     2    21     0     3   -30.0  -39.151  -58.178   1305.5    864.3
     4     1    19     4     2    21     0     3   -30.0  -36.352  -60.812    585.4    930.4
     5     1    19     4     2    21     0     3   -30.0  -37.996  -70.059   2799.6    648.9
     1     1    19     4     2    20     0     2   -31.0  -39.524  -57.487      1.9   1007.2
     2     1    19     4     2    20     0     2   -31.0  -41.308  -58.329    849.7    908.9
     3     1    19     4     2    20     0     2   -31.0  -39.499  -58.721   1356.6    859.6
     4     1    19     4     2    20     0     2   -31.0  -36.589  -60.969    517.5    940.4
     5     1    19     4     2    20     0     2   -31.0  -38.123  -70.576   2873.2    602.6
     1     1    19     4     2    19     0     1   -32.0  -39.745  -57.789      1.9   1007.2
     2     1    19     4     2    19     0     1   -32.0  -41.814  -58.886    911.6    902.8
     3     1    19     4     2    19     0     1   -32.0  -39.818  -59.276   1410.5    854.1
     4     1    19     4     2    19     0     1   -32.0  -36.776  -61.170    494.6    939.8
     5     1    19     4     2    19     0     1   -32.0  -38.313  -71.023   2873.6    588.1
     1     1    19     4     2    18     0     0   -33.0  -39.935  -58.092      1.9   1007.6
     2     1    19     4     2    18     0     0   -33.0  -42.351  -59.504    938.2    896.5
     3     1    19     4     2    18     0     0   -33.0  -40.128  -59.867   1454.9    848.2
     4     1    19     4     2    18     0     0   -33.0  -36.906  -61.447    498.8    937.9
     5     1    19     4     2    18     0     0   -33.0  -38.528  -71.369   2943.4    621.3
     1     1    19     4     2    17     0     1   -34.0  -40.099  -58.411      1.6   1006.4
     2     1    19     4     2    17     0     1   -34.0  -42.913  -60.187    948.1    899.4
     3     1    19     4     2    17     0     1   -34.0  -40.444  -60.457   1496.2    845.6
     4     1    19     4     2    17     0     1   -34.0  -37.003  -61.759    515.7    934.4
     5     1    19     4     2    17     0     1   -34.0  -38.775  -71.625   3036.5    636.0
     1     1    19     4     2    16     0     2   -35.0  -40.257  -58.751      1.1   1005.4
     2     1    19     4     2    16     0     2   -35.0  -43.507  -60.880    988.9    893.8
     3     1    19     4     2    16     0     2   -35.0  -40.761  -61.040   1555.5    839.2
     4     1    19     4     2    16     0     2   -35.0  -37.089  -62.072    523.9    929.8
     5     1    19     4     2    16     0     2   -35.0  -39.083  -71.834   3122.7    640.0
     1     1    19     4     2    15     0     3   -36.0  -40.424  -59.104      0.8   1004.4
     2     1    19     4     2    15     0     3   -36.0  -44.138  -61.568   1051.8    885.1
     3     1    19     4     2    15     0     3   -36.0  -41.070  -61.637   1627.6    830.7
     4     1    19     4     2    15     0     3   -36.0  -37.176  -62.388    511.8    930.5
     5     1    19     4     2    15     0     3   -36.0  -39.463  -72.055   3082.0    630.4
     1     1    19     4     2    14     0     2   -37.0  -40.567  -59.469      1.1   1004.0
     2     1    19     4     2    14     0     2   -37.0  -44.797  -62.260   1103.2    876.3
     3     1    19     4     2    14     0     2   -37.0  -41.382  -62.233   1677.1    822.2
     4     1    19     4     2    14     0     2   -37.0  -37.266  -62.718    488.3    935.5
     5     1    19     4     2    14     0     2   -37.0  -39.916  -72.360   2977.3    644.9
     1     1    19     4     2    13     0     1   -38.0  -40.679  -59.840      2.3   1004.1
     2     1    19     4     2    13     0     1   -38.0  -45.498  -62.979   1129.3    873.9
     3     1    19     4     2    13     0     1   -38.0  -41.733  -62.787   1694.0    822.1
     4     1    19     4     2    13     0     1   -38.0  -37.352  -63.090    462.9    940.3
     5     1    19     4     2    13     0     1   -38.0  -40.425  -72.780   3059.0    679.0
     1     1    19     4     2    12     0     0   -39.0  -40.796  -60.207      5.3   1004.2
     2     1    19     4     2    12     0     0   -39.0  -46.233  -63.780   1143.8    871.7
     3     1    19     4     2    12     0     0   -39.0  -42.123  -63.299   1707.5    821.2
     4     1    19     4     2    12     0     0   -39.0  -37.454  -63.510    434.8    943.1
     5     1    19     4     2    12     0     0   -39.0  -40.958  -73.282   3276.0    678.5
     1     1    19     4     2    11     0     1   -40.0  -40.887  -60.566      8.8   1003.2
     2     1    19     4     2    11     0     1   -40.0  -46.990  -64.634   1152.6    870.0
     3     1    19     4     2    11     0     1   -40.0  -42.544  -63.819   1735.1    817.9
     4     1    19     4     2    11     0     1   -40.0  -37.574  -63.948    403.2    946.8
     5     1    19     4     2    11     0     1   -40.0  -41.474  -73.864   3494.3    664.2
     1     1    19     4     2    10     0     2   -41.0  -40.909  -60.941     10.8   1002.0
     2     1    19     4     2    10     0     2   -41.0  -47.774  -65.515   1163.2    867.2
     3     1    19     4     2    10     0     2   -41.0  -43.018  -64.379   1750.1    813.2
     4     1    19     4     2    10     0     2   -41.0  -37.667  -64.389    384.5    944.1
     5     1    19     4     2    10     0     2   -41.0  -41.961  -74.541   3705.6    647.3
     1     1    19     4     2     9     0     3   -42.0  -40.894  -61.345     11.4   1000.9
     2     1    19     4     2     9     0     3   -42.0  -48.578  -66.537   1188.8    856.8
     3     1    19     4     2     9     0     3   -42.0  -43.558  -65.000   1755.7    811.7
     4     1    19     4     2     9     0     3   -42.0  -37.751  -64.833    388.7    938.0
     5     1    19     4     2     9     0     3   -42.0  -42.430  -75.302   3856.5    637.1
     1     1    19     4     2     8     0     2   -43.0  -40.875  -61.732     11.2   1001.1
     2     1    19     4     2     8     0     2   -43.0  -49.374  -67.697   1154.2    856.4
     3     1    19     4     2     8     0     2   -43.0  -44.131  -65.709   1800.6    791.0
     4     1    19     4     2     8     0     2   -43.0  -37.835  -65.271    393.5    936.4
     5     1    19     4     2     8     0     2   -43.0  -42.869  -76.132   3998.3    625.5
     1     1    19     4     2     7     0     1   -44.0  -40.804  -62.061     11.2   1001.1
     2     1    19     4     2     7     0     1   -44.0  -50.069  -68.982   1086.5    866.1
     3     1    19     4     2     7     0     1   -44.0  -44.717  -66.505   1859.0    775.7
     4     1    19     4     2     7     0     1   -44.0  -37.893  -65.706    351.0    942.4
     5     1    19     4     2     7     0     1   -44.0  -43.281  -77.024   4124.1    615.2
     1     1    19     4     2     6     0     0   -45.0  -40.646  -62.345     10.8   1000.5
     2     1    19     4     2     6     0     0   -45.0  -50.686  -70.400   1098.8    840.9
     3     1    19     4     2     6     0     0   -45.0  -45.302  -67.461   1704.1    786.9
     4     1    19     4     2     6     0     0   -45.0  -37.928  -66.119    258.8    954.3
     5     1    19     4     2     6     0     0   -45.0  -43.671  -77.953   4213.4    607.8
     1     1    19     4     2     5     0     1   -46.0  -40.453  -62.596     10.0   1000.8
     2     1    19     4     2     5     0     1   -46.0  -51.177  -71.832   1198.3    846.2
     3     1    19     4     2     5     0     1   -46.0  -45.924  -68.600   1808.8    758.7
     4     1    19     4     2     5     0     1   -46.0  -37.982  -66.449    198.4    957.8
     5     1    19     4     2     5     0     1   -46.0  -44.038  -78.935   4269.8    603.9
     1     1    19     4     2     4     0     2   -47.0  -40.263  -62.808      9.1   1000.7
     2     1    19     4     2     4     0     2   -47.0  -51.545  -73.207   1575.0    785.2
     3     1    19     4     2     4     0     2   -47.0  -46.496  -69.765   1853.6    741.8
     4     1    19     4     2     4     0     2   -47.0  -38.007  -66.694    174.2    957.6
     5     1    19     4     2     4     0     2   -47.0  -44.369  -79.963   4328.0    599.1
     1     1    19     4     2     3     0     3   -48.0  -40.065  -62.974      8.0   1000.3
     2     1    19     4     2     3     0     3   -48.0  -51.901  -74.311   1476.1    814.9
     3     1    19     4     2     3     0     3   -48.0  -47.050  -71.050   2014.2    681.9
     4     1    19     4     2     3     0     3   -48.0  -37.923  -66.874    167.0    956.7
     5     1    19     4     2     3     0     3   -48.0  -44.671  -81.018   4413.1    592.5
     1     1    19     4     2     2     0     2   -49.0  -39.869  -63.107      6.8    999.9
     2     1    19     4     2     2     0     2   -49.0  -52.283  -75.325   1267.8    849.2
     3     1    19     4     2     2     0     2   -49.0  -47.590  -72.426   2603.6    646.9
     4     1    19     4     2     2     0     2   -49.0  -37.775  -67.008    173.7    955.9
     5     1    19     4     2     2     0     2   -49.0  -44.947  -82.136   4510.9    584.1
     1     1    19     4     2     1     0     1   -50.0  -39.694  -63.223      6.0    999.6
     2     1    19     4     2     1     0     1   -50.0  -52.674  -76.334   1217.5    857.5
     3     1    19     4     2     1     0     1   -50.0  -47.994  -73.805   3056.5    643.9
     4     1    19     4     2     1     0     1   -50.0  -37.650  -67.114    192.5    953.0
     5     1    19     4     2     1     0     1   -50.0  -45.193  -83.330   4604.0    576.7
     1     1    19     4     2     0     0     0   -51.0  -39.538  -63.316      5.5    999.4
     2     1    19     4     2     0     0     0   -51.0  -53.067  -77.330   1208.3    857.4
     3     1    19     4     2     0     0     0   -51.0  -48.364  -74.945   2841.1    704.1
     4     1    19     4     2     0     0     0   -51.0  -37.551  -67.189    219.3    948.9
     5     1    19     4     2     0     0     0   -51.0  -45.411  -84.556   4711.4    568.4
     1     1    19     4     1    23     0     1   -52.0  -39.392  -63.408      5.1    999.1
     2     1    19     4     1    23     0     1   -52.0  -53.409  -78.245   1242.1    852.7
     3     1    19     4     1    23     0     1   -52.0  -48.785  -75.965   2705.5    715.9
     4     1    19     4     1    23     0     1   -52.0  -37.468  -67.251    245.8    944.6
     5     1    19     4     1    23     0     1   -52.0  -45.578  -85.831   4847.1    557.7
     1     1    19     4     1    22     0     2   -53.0  -39.245  -63.526      4.9    998.6
     2     1    19     4     1    22     0     2   -53.0  -53.676  -79.051   1293.5    846.2
     3     1    19     4     1    22     0     2   -53.0  -49.141  -76.951   2543.1    736.4
     4     1    19     4     1    22     0     2   -53.0  -37.393  -67.320    266.9    940.2
     5     1    19     4     1    22     0     2   -53.0  -45.686  -87.198   4994.9    546.2
     1     1    19     4     1    21     0     3   -54.0  -39.095  -63.671      4.7    998.0
     2     1    19     4     1    21     0     3   -54.0  -53.907  -79.753   1352.1    839.8
     3     1    19     4     1    21     0     3   -54.0  -49.498  -78.010   2578.0    729.0
     4     1    19     4     1    21     0     3   -54.0  -37.329  -67.395    283.0    935.6
     5     1    19     4     1    21     0     3   -54.0  -45.732  -88.671   5134.6    535.8
     1     1    19     4     1    20     0     2   -55.0  -38.946  -63.825      4.7    997.2
     2     1    19     4     1    20     0     2   -55.0  -54.095  -80.346   1412.9    832.9
     3     1    19     4     1    20     0     2   -55.0  -49.850  -79.099   2658.4    719.5
     4     1    19     4     1    20     0     2   -55.0  -37.278  -67.466    294.9    932.0
     5     1    19     4     1    20     0     2   -55.0  -45.705  -90.197   5265.3    526.2
     1     1    19     4     1    19     0     1   -56.0  -38.805  -63.972      5.2    996.2
     2     1    19     4     1    19     0     1   -56.0  -54.232  -80.852   1460.0    828.2
     3     1    19     4     1    19     0     1   -56.0  -50.178  -80.198   2717.6    713.1
     4     1    19     4     1    19     0     1   -56.0  -37.239  -67.522    303.9    929.1
     5     1    19     4     1    19     0     1   -56.0  -45.614  -91.737   5391.6    517.0
     1     1    19     4     1    18     0     0   -57.0  -38.673  -64.113      6.3    994.7
     2     1    19     4     1    18     0     0   -57.0  -54.331  -81.266   1505.5    823.2
     3     1    19     4     1    18     0     0   -57.0  -50.596  -81.279   2771.7    707.0
     4     1    19     4     1    18     0     0   -57.0  -37.215  -67.570    311.5    926.7
     5     1    19     4     1    18     0     0   -57.0  -45.439  -93.286   5476.8    511.0
     1     1    19     4     1    17     0     1   -58.0  -38.545  -64.248      7.7    993.9
     2     1    19     4     1    17     0     1   -58.0  -54.376  -81.606   1529.0    820.9
     3     1    19     4     1    17     0     1   -58.0  -50.959  -82.268   2804.7    704.1
     4     1    19     4     1    17     0     1   -58.0  -37.212  -67.617    318.6    924.6
     5     1    19     4     1    17     0     1   -58.0  -45.193  -94.827   5544.7    505.9
     1     1    19     4     1    16     0     2   -59.0  -38.415  -64.373      9.1    992.9
     2     1    19     4     1    16     0     2   -59.0  -54.363  -81.865   1525.7    821.3
     3     1    19     4     1    16     0     2   -59.0  -51.191  -83.152   2891.4    695.3
     4     1    19     4     1    16     0     2   -59.0  -37.237  -67.671    326.2    922.7
     5     1    19     4     1    16     0     2   -59.0  -44.927  -96.386   5616.2    500.4
     1     1    19     4     1    15     0     3   -60.0  -38.280  -64.493     10.7    991.3
     2     1    19     4     1    15     0     3   -60.0  -54.303  -82.019   1506.1    823.4
     3     1    19     4     1    15     0     3   -60.0  -51.363  -83.926   2978.7    686.5
     4     1    19     4     1    15     0     3   -60.0  -37.290  -67.732    335.1    921.3
     5     1    19     4     1    15     0     3   -60.0  -44.637  -97.942   5670.3    495.9
     1     1    19     4     1    14     0     2   -61.0  -38.143  -64.605     12.4    988.5
     2     1    19     4     1    14     0     2   -61.0  -54.210  -82.090   1478.6    826.5
     3     1    19     4     1    14     0     2   -61.0  -51.479  -84.597   2989.6    685.2
     4     1    19     4     1    14     0     2   -61.0  -37.374  -67.795    345.6    920.6
     5     1    19     4     1    14     0     2   -61.0  -44.303  -99.459   5682.7    495.0
     1     1    19     4     1    13     0     1   -62.0  -38.000  -64.702     14.3    985.6
     2     1    19     4     1    13     0     1   -62.0  -54.091  -82.108   1437.0    830.8
     3     1    19     4     1    13     0     1   -62.0  -51.539  -85.160   2909.6    692.2
     4     1    19     4     1    13     0     1   -62.0  -37.497  -67.856    357.7    921.5
     5     1    19     4     1    13     0     1   -62.0  -43.917 -100.947   5699.1    493.5
     1     1    19     4     1    12     0     0   -63.0  -37.851  -64.779     16.0    983.8
     2     1    19     4     1    12     0     0   -63.0  -53.938  -82.068   1369.7    837.7
     3     1    19     4     1    12     0     0   -63.0  -51.565  -85.611   2816.1    700.4
     4     1    19     4     1    12     0     0   -63.0  -37.668  -67.915    370.1    924.7
     5     1    19     4     1    12     0     0   -63.0  -43.482 -102.399   5713.0    492.2
     1     1    19     4     1    11     0     1   -64.0  -37.709  -64.838     18.0    981.9
     2     1    19     4     1    11     0     1   -64.0  -53.763  -81.989   1298.6    846.7
     3     1    19     4     1    11     0     1   -64.0  -51.556  -86.006   2764.2    705.8
     4     1    19     4     1    11     0     1   -64.0  -37.881  -67.973    382.5    930.2
     5     1    19     4     1    11     0     1   -64.0  -43.019 -103.796   5727.9    491.3
     1     1    19     4     1    10     0     2   -65.0  -37.579  -64.887     21.0    979.9
     2     1    19     4     1    10     0     2   -65.0  -53.578  -81.894   1244.6    853.6
     3     1    19     4     1    10     0     2   -65.0  -51.494  -86.401   2712.2    710.2
     4     1    19     4     1    10     0     2   -65.0  -38.114  -68.039    397.0    932.7
     5     1    19     4     1    10     0     2   -65.0  -42.552 -105.130   5739.0    490.6
     1     1    19     4     1     9     0     3   -66.0  -37.458  -64.927     25.4    977.8
     2     1    19     4     1     9     0     3   -66.0  -53.379  -81.796   1200.5    859.4
     3     1    19     4     1     9     0     3   -66.0  -51.373  -86.750   2610.6    719.5
     4     1    19     4     1     9     0     3   -66.0  -38.327  -68.133    419.4    929.2
     5     1    19     4     1     9     0     3   -66.0  -42.085 -106.423   5744.7    490.1
     1     1    19     4     1     8     0     2   -67.0  -37.332  -64.960     29.9    976.1
     2     1    19     4     1     8     0     2   -67.0  -53.179  -81.710   1164.1    864.2
     3     1    19     4     1     8     0     2   -67.0  -51.216  -87.084   2504.7    730.9
     4     1    19     4     1     8     0     2   -67.0  -38.520  -68.253    455.6    922.8
     5     1    19     4     1     8     0     2   -67.0  -41.612 -107.682   5751.6    489.6
     1     1    19     4     1     7     0     1   -68.0  -37.192  -64.986     32.3    974.7
     2     1    19     4     1     7     0     1   -68.0  -52.996  -81.624   1145.1    866.9
     3     1    19     4     1     7     0     1   -68.0  -51.047  -87.476   2447.6    736.5
     4     1    19     4     1     7     0     1   -68.0  -38.701  -68.386    506.9    913.9
     5     1    19     4     1     7     0     1   -68.0  -41.137 -108.890   5762.3    489.0
     1     1    19     4     1     6     0     0   -69.0  -37.041  -64.998     31.3    973.7
     2     1    19     4     1     6     0     0   -69.0  -52.832  -81.540   1151.7    866.9
     3     1    19     4     1     6     0     0   -69.0  -50.865  -87.907   2418.7    739.2
     4     1    19     4     1     6     0     0   -69.0  -38.869  -68.531    580.9    902.0
     5     1    19     4     1     6     0     0   -69.0  -40.662 -110.076   5759.5    489.0
     1     1    19     4     1     5     0     1   -70.0  -36.887  -64.998     29.3    974.3
     2     1    19     4     1     5     0     1   -70.0  -52.690  -81.484   1167.4    865.4
     3     1    19     4     1     5     0     1   -70.0  -50.650  -88.353   2385.0    742.7
     4     1    19     4     1     5     0     1   -70.0  -39.021  -68.679    690.3    884.9
     5     1    19     4     1     5     0     1   -70.0  -40.201 -111.225   5738.2    490.6
     1     1    19     4     1     4     0     2   -71.0  -36.729  -64.991     29.6    975.3
     2     1    19     4     1     4     0     2   -71.0  -52.573  -81.454   1176.7    864.9
     3     1    19     4     1     4     0     2   -71.0  -50.399  -88.851   2348.8    747.1
     4     1    19     4     1     4     0     2   -71.0  -39.134  -68.807    827.3    863.8
     5     1    19     4     1     4     0     2   -71.0  -39.761 -112.331   5714.9    492.9
     1     1    19     4     1     3     0     3   -72.0  -36.567  -64.970     31.6    976.3
     2     1    19     4     1     3     0     3   -72.0  -52.480  -81.442   1180.5    864.9
     3     1    19     4     1     3     0     3   -72.0  -50.137  -89.430   2339.1    748.5
     4     1    19     4     1     3     0     3   -72.0  -39.200  -68.899    981.3    843.7
     5     1    19     4     1     3     0     3   -72.0  -39.350 -113.411   5732.8    491.6
