     9     1
    GDAS    20     1    29     0     0
    GDAS    20     2     1     0     0
    GDAS    20     2     8     0     0
    GDAS    20     2    15     0     0
    GDAS    20     2    22     0     0
    GDAS    20     2    29     0     0
    GDAS    20     3     1     0     0
    GDAS    20     3     8     0     0
    GDAS    20     3    15     0     0
     5 BACKWARD OMEGA   
    20     2    22     9  -34.572  -58.513    10.0
    20     2    22     9  -34.572  -58.513   200.0
    20     2    22     9  -34.572  -58.513   500.0
    20     2    22     9  -34.572  -58.513  1000.0
    20     2    22     9  -34.572  -58.513  2000.0
     1 PRESSURE
     1     1    20     2    22     9     0     3     0.0  -34.572  -58.513     10.0   1020.4
     2     1    20     2    22     9     0     3     0.0  -34.572  -58.513    200.0    998.0
     3     1    20     2    22     9     0     3     0.0  -34.572  -58.513    500.0    963.1
     4     1    20     2    22     9     0     3     0.0  -34.572  -58.513   1000.0    906.6
     5     1    20     2    22     9     0     3     0.0  -34.572  -58.513   2000.0    803.3
     1     1    20     2    22     8     0     2    -1.0  -34.653  -58.515     10.6   1020.2
     2     1    20     2    22     8     0     2    -1.0  -34.749  -58.469    210.3    997.8
     3     1    20     2    22     8     0     2    -1.0  -34.789  -58.448    517.5    962.1
     4     1    20     2    22     8     0     2    -1.0  -34.826  -58.531   1013.7    906.7
     5     1    20     2    22     8     0     2    -1.0  -34.894  -58.499   2000.3    804.2
     1     1    20     2    22     7     0     1    -2.0  -34.745  -58.503     11.8   1020.1
     2     1    20     2    22     7     0     1    -2.0  -34.954  -58.401    228.4    996.6
     3     1    20     2    22     7     0     1    -2.0  -35.046  -58.371    541.2    960.2
     4     1    20     2    22     7     0     1    -2.0  -35.101  -58.547   1038.0    904.6
     5     1    20     2    22     7     0     1    -2.0  -35.231  -58.485   2001.0    804.9
     1     1    20     2    22     6     0     0    -3.0  -34.848  -58.475     13.9   1020.1
     2     1    20     2    22     6     0     0    -3.0  -35.195  -58.319    257.4    994.0
     3     1    20     2    22     6     0     0    -3.0  -35.340  -58.293    579.8    956.6
     4     1    20     2    22     6     0     0    -3.0  -35.398  -58.555   1077.8    900.6
     5     1    20     2    22     6     0     0    -3.0  -35.581  -58.474   2014.9    804.0
     1     1    20     2    22     5     0     1    -4.0  -34.962  -58.433     16.4   1020.0
     2     1    20     2    22     5     0     1    -4.0  -35.473  -58.235    293.8    988.8
     3     1    20     2    22     5     0     1    -4.0  -35.657  -58.220    633.1    949.9
     4     1    20     2    22     5     0     1    -4.0  -35.705  -58.554   1126.1    894.4
     5     1    20     2    22     5     0     1    -4.0  -35.949  -58.466   2039.8    800.7
     1     1    20     2    22     4     0     2    -5.0  -35.080  -58.380     18.4   1019.7
     2     1    20     2    22     4     0     2    -5.0  -35.781  -58.159    332.6    984.6
     3     1    20     2    22     4     0     2    -5.0  -35.982  -58.165    695.6    943.1
     4     1    20     2    22     4     0     2    -5.0  -36.019  -58.549   1170.4    889.8
     5     1    20     2    22     4     0     2    -5.0  -36.339  -58.457   2054.5    796.9
     1     1    20     2    22     3     0     3    -6.0  -35.204  -58.320     19.9   1019.4
     2     1    20     2    22     3     0     3    -6.0  -36.122  -58.098    381.9    979.4
     3     1    20     2    22     3     0     3    -6.0  -36.324  -58.138    756.0    934.0
     4     1    20     2    22     3     0     3    -6.0  -36.355  -58.531   1198.5    883.7
     5     1    20     2    22     3     0     3    -6.0  -36.758  -58.437   2050.6    795.9
     1     1    20     2    22     2     0     2    -7.0  -35.337  -58.261     21.0   1018.8
     2     1    20     2    22     2     0     2    -7.0  -36.481  -58.051    431.6    971.9
     3     1    20     2    22     2     0     2    -7.0  -36.692  -58.114    793.3    928.6
     4     1    20     2    22     2     0     2    -7.0  -36.722  -58.501   1207.5    881.7
     5     1    20     2    22     2     0     2    -7.0  -37.207  -58.418   2061.0    794.8
     1     1    20     2    22     1     0     1    -8.0  -35.480  -58.210     21.9   1018.6
     2     1    20     2    22     1     0     1    -8.0  -36.852  -58.023    466.2    967.3
     3     1    20     2    22     1     0     1    -8.0  -37.083  -58.099    809.6    925.9
     4     1    20     2    22     1     0     1    -8.0  -37.115  -58.477   1209.4    879.5
     5     1    20     2    22     1     0     1    -8.0  -37.688  -58.426   2144.7    783.4
     1     1    20     2    22     0     0     0    -9.0  -35.629  -58.162     22.9   1018.7
     2     1    20     2    22     0     0     0    -9.0  -37.248  -58.026    490.6    960.7
     3     1    20     2    22     0     0     0    -9.0  -37.490  -58.116    848.9    919.0
     4     1    20     2    22     0     0     0    -9.0  -37.530  -58.478   1254.6    874.2
     5     1    20     2    22     0     0     0    -9.0  -38.206  -58.456   2286.6    765.4
     1     1    20     2    21    23     0     1   -10.0  -35.794  -58.125     23.3   1018.1
     2     1    20     2    21    23     0     1   -10.0  -37.657  -58.061    513.8    950.9
     3     1    20     2    21    23     0     1   -10.0  -37.913  -58.163    954.7    900.8
     4     1    20     2    21    23     0     1   -10.0  -37.977  -58.499   1381.6    854.6
     5     1    20     2    21    23     0     1   -10.0  -38.744  -58.492   2393.7    758.0
     1     1    20     2    21    22     0     2   -11.0  -35.991  -58.106     22.5   1017.4
     2     1    20     2    21    22     0     2   -11.0  -38.067  -58.127    538.6    943.4
     3     1    20     2    21    22     0     2   -11.0  -38.356  -58.225   1092.6    885.1
     4     1    20     2    21    22     0     2   -11.0  -38.451  -58.529   1520.5    839.4
     5     1    20     2    21    22     0     2   -11.0  -39.289  -58.524   2443.9    759.7
     1     1    20     2    21    21     0     3   -12.0  -36.224  -58.098     20.6   1016.2
     2     1    20     2    21    21     0     3   -12.0  -38.474  -58.218    565.8    947.2
     3     1    20     2    21    21     0     3   -12.0  -38.802  -58.297   1192.0    880.2
     4     1    20     2    21    21     0     3   -12.0  -38.926  -58.563   1598.8    839.7
     5     1    20     2    21    21     0     3   -12.0  -39.849  -58.551   2494.2    756.6
     1     1    20     2    21    20     0     2   -13.0  -36.482  -58.110     19.4   1016.7
     2     1    20     2    21    20     0     2   -13.0  -38.884  -58.322    591.3    951.3
     3     1    20     2    21    20     0     2   -13.0  -39.252  -58.376   1252.6    877.9
     4     1    20     2    21    20     0     2   -13.0  -39.407  -58.599   1652.6    837.9
     5     1    20     2    21    20     0     2   -13.0  -40.432  -58.575   2555.4    749.3
     1     1    20     2    21    19     0     1   -14.0  -36.757  -58.151     19.8   1016.5
     2     1    20     2    21    19     0     1   -14.0  -39.304  -58.440    611.2    951.3
     3     1    20     2    21    19     0     1   -14.0  -39.716  -58.457   1300.8    874.4
     4     1    20     2    21    19     0     1   -14.0  -39.909  -58.632   1706.9    831.7
     5     1    20     2    21    19     0     1   -14.0  -41.035  -58.590   2616.4    743.8
     1     1    20     2    21    18     0     0   -15.0  -37.061  -58.219     20.4   1015.0
     2     1    20     2    21    18     0     0   -15.0  -39.736  -58.563    638.4    949.9
     3     1    20     2    21    18     0     0   -15.0  -40.201  -58.528   1350.6    868.7
     4     1    20     2    21    18     0     0   -15.0  -40.439  -58.656   1754.4    826.4
     5     1    20     2    21    18     0     0   -15.0  -41.659  -58.596   2683.0    737.6
     1     1    20     2    21    17     0     1   -16.0  -37.386  -58.307     12.7   1010.8
     2     1    20     2    21    17     0     1   -16.0  -40.170  -58.686    673.2    944.1
     3     1    20     2    21    17     0     1   -16.0  -40.711  -58.581   1388.8    863.4
     4     1    20     2    21    17     0     1   -16.0  -41.001  -58.663   1789.6    822.3
     5     1    20     2    21    17     0     1   -16.0  -42.306  -58.604   2739.5    730.4
     1     1    20     2    21    16     0     2   -17.0  -37.701  -58.403      0.7   1009.2
     2     1    20     2    21    16     0     2   -17.0  -40.604  -58.806    688.7    940.6
     3     1    20     2    21    16     0     2   -17.0  -41.246  -58.617   1405.1    861.3
     4     1    20     2    21    16     0     2   -17.0  -41.588  -58.659   1804.5    819.8
     5     1    20     2    21    16     0     2   -17.0  -42.978  -58.598   2771.4    727.3
     1     1    20     2    21    15     0     3   -18.0  -38.007  -58.516      0.0   1006.9
     2     1    20     2    21    15     0     3   -18.0  -41.042  -58.925    675.8    942.5
     3     1    20     2    21    15     0     3   -18.0  -41.802  -58.645   1401.7    861.6
     4     1    20     2    21    15     0     3   -18.0  -42.194  -58.656   1795.8    820.6
     5     1    20     2    21    15     0     3   -18.0  -43.672  -58.577   2789.8    725.7
     1     1    20     2    21    14     0     2   -19.0  -38.321  -58.636      0.0   1011.7
     2     1    20     2    21    14     0     2   -19.0  -41.492  -59.038    662.8    946.5
     3     1    20     2    21    14     0     2   -19.0  -42.381  -58.672   1399.5    863.1
     4     1    20     2    21    14     0     2   -19.0  -42.825  -58.651   1794.9    822.8
     5     1    20     2    21    14     0     2   -19.0  -44.389  -58.555   2823.2    723.9
     1     1    20     2    21    13     0     1   -20.0  -38.670  -58.756      0.0   1016.7
     2     1    20     2    21    13     0     1   -20.0  -41.958  -59.141    671.1    944.7
     3     1    20     2    21    13     0     1   -20.0  -42.981  -58.692   1422.2    860.7
     4     1    20     2    21    13     0     1   -20.0  -43.473  -58.642   1827.4    818.8
     5     1    20     2    21    13     0     1   -20.0  -45.136  -58.528   2884.2    717.0
     1     1    20     2    21    12     0     0   -21.0  -39.060  -58.884      0.0   1020.8
     2     1    20     2    21    12     0     0   -21.0  -42.436  -59.235    692.2    941.0
     3     1    20     2    21    12     0     0   -21.0  -43.592  -58.702   1464.0    854.7
     4     1    20     2    21    12     0     0   -21.0  -44.124  -58.626   1882.1    811.7
     5     1    20     2    21    12     0     0   -21.0  -45.904  -58.501   2940.6    710.2
     1     1    20     2    21    11     0     1   -22.0  -39.473  -59.012      0.0   1020.7
     2     1    20     2    21    11     0     1   -22.0  -42.926  -59.328    716.5    937.3
     3     1    20     2    21    11     0     1   -22.0  -44.218  -58.715   1506.3    849.2
     4     1    20     2    21    11     0     1   -22.0  -44.796  -58.613   1933.2    805.1
     5     1    20     2    21    11     0     1   -22.0  -46.682  -58.487   2982.4    706.4
     1     1    20     2    21    10     0     2   -23.0  -39.888  -59.141      0.0   1020.6
     2     1    20     2    21    10     0     2   -23.0  -43.428  -59.434    745.2    933.5
     3     1    20     2    21    10     0     2   -23.0  -44.873  -58.728   1542.4    844.8
     4     1    20     2    21    10     0     2   -23.0  -45.497  -58.598   1970.1    800.9
     5     1    20     2    21    10     0     2   -23.0  -47.474  -58.461   3036.9    700.9
     1     1    20     2    21     9     0     3   -24.0  -40.300  -59.280      0.0   1020.2
     2     1    20     2    21     9     0     3   -24.0  -43.941  -59.546    776.7    929.5
     3     1    20     2    21     9     0     3   -24.0  -45.556  -58.717   1577.5    840.5
     4     1    20     2    21     9     0     3   -24.0  -46.213  -58.554   2007.8    796.8
     5     1    20     2    21     9     0     3   -24.0  -48.276  -58.408   3088.8    695.6
     1     1    20     2    21     8     0     2   -25.0  -40.714  -59.417      0.0   1019.9
     2     1    20     2    21     8     0     2   -25.0  -44.459  -59.653    807.1    925.8
     3     1    20     2    21     8     0     2   -25.0  -46.241  -58.685   1616.8    836.2
     4     1    20     2    21     8     0     2   -25.0  -46.935  -58.483   2062.7    790.9
     5     1    20     2    21     8     0     2   -25.0  -49.067  -58.401   3130.9    691.7
     1     1    20     2    21     7     0     1   -26.0  -41.134  -59.541      0.0   1019.9
     2     1    20     2    21     7     0     1   -26.0  -44.970  -59.758    832.3    922.9
     3     1    20     2    21     7     0     1   -26.0  -46.930  -58.638   1672.9    829.8
     4     1    20     2    21     7     0     1   -26.0  -47.669  -58.401   2129.0    783.6
     5     1    20     2    21     7     0     1   -26.0  -49.850  -58.429   3187.7    686.7
     1     1    20     2    21     6     0     0   -27.0  -41.558  -59.651      0.0   1020.1
     2     1    20     2    21     6     0     0   -27.0  -45.475  -59.855    862.4    919.9
     3     1    20     2    21     6     0     0   -27.0  -47.632  -58.562   1737.4    822.7
     4     1    20     2    21     6     0     0   -27.0  -48.411  -58.309   2188.0    777.5
     5     1    20     2    21     6     0     0   -27.0  -50.627  -58.495   3241.1    681.1
     1     1    20     2    21     5     0     1   -28.0  -41.992  -59.749      0.0   1020.3
     2     1    20     2    21     5     0     1   -28.0  -45.983  -59.940    907.1    914.5
     3     1    20     2    21     5     0     1   -28.0  -48.344  -58.458   1797.7    816.1
     4     1    20     2    21     5     0     1   -28.0  -49.155  -58.222   2235.9    772.5
     5     1    20     2    21     5     0     1   -28.0  -51.389  -58.614   3262.0    680.2
     1     1    20     2    21     4     0     2   -29.0  -42.437  -59.841      0.2   1020.5
     2     1    20     2    21     4     0     2   -29.0  -46.504  -60.009    943.5    909.8
     3     1    20     2    21     4     0     2   -29.0  -49.062  -58.358   1844.9    811.0
     4     1    20     2    21     4     0     2   -29.0  -49.894  -58.147   2277.1    768.3
     5     1    20     2    21     4     0     2   -29.0  -52.142  -58.762   3330.4    674.2
     1     1    20     2    21     3     0     3   -30.0  -42.889  -59.926      1.0   1020.6
     2     1    20     2    21     3     0     3   -30.0  -47.034  -60.062    955.7    908.2
     3     1    20     2    21     3     0     3   -30.0  -49.779  -58.253   1883.0    807.1
     4     1    20     2    21     3     0     3   -30.0  -50.614  -58.078   2308.8    765.0
     5     1    20     2    21     3     0     3   -30.0  -52.876  -58.943   3452.2    663.6
     1     1    20     2    21     2     0     2   -31.0  -43.347  -60.014      1.7   1019.9
     2     1    20     2    21     2     0     2   -31.0  -47.573  -60.109    962.1    908.1
     3     1    20     2    21     2     0     2   -31.0  -50.492  -58.141   1919.0    802.6
     4     1    20     2    21     2     0     2   -31.0  -51.328  -58.018   2336.8    762.0
     5     1    20     2    21     2     0     2   -31.0  -53.590  -59.201   3587.1    650.6
     1     1    20     2    21     1     0     1   -32.0  -43.813  -60.116      2.0   1019.0
     2     1    20     2    21     1     0     1   -32.0  -48.116  -60.147    975.8    905.4
     3     1    20     2    21     1     0     1   -32.0  -51.207  -58.025   1952.6    799.0
     4     1    20     2    21     1     0     1   -32.0  -52.033  -57.989   2362.4    758.9
     5     1    20     2    21     1     0     1   -32.0  -54.274  -59.563   3686.4    641.8
     1     1    20     2    21     0     0     0   -33.0  -44.299  -60.233      2.1   1018.0
     2     1    20     2    21     0     0     0   -33.0  -48.662  -60.173    987.9    903.3
     3     1    20     2    21     0     0     0   -33.0  -51.911  -57.939   1986.8    795.4
     4     1    20     2    21     0     0     0   -33.0  -52.712  -58.000   2403.5    756.9
     5     1    20     2    21     0     0     0   -33.0  -54.945  -60.015   3738.9    636.5
     1     1    20     2    20    23     0     1   -34.0  -44.802  -60.357      2.5   1018.0
     2     1    20     2    20    23     0     1   -34.0  -49.211  -60.186   1001.6    901.8
     3     1    20     2    20    23     0     1   -34.0  -52.587  -57.902   2019.9    791.1
     4     1    20     2    20    23     0     1   -34.0  -53.361  -58.047   2462.0    748.6
     5     1    20     2    20    23     0     1   -34.0  -55.566  -60.576   3741.8    636.5
     1     1    20     2    20    22     0     2   -35.0  -45.308  -60.484      3.2   1018.2
     2     1    20     2    20    22     0     2   -35.0  -49.758  -60.177   1027.9    898.7
     3     1    20     2    20    22     0     2   -35.0  -53.228  -57.887   2054.9    788.1
     4     1    20     2    20    22     0     2   -35.0  -53.978  -58.137   2524.1    743.4
     5     1    20     2    20    22     0     2   -35.0  -56.115  -61.246   3745.4    638.5
     1     1    20     2    20    21     0     3   -36.0  -45.810  -60.623      3.8   1018.1
     2     1    20     2    20    21     0     3   -36.0  -50.298  -60.142   1069.5    893.1
     3     1    20     2    20    21     0     3   -36.0  -53.835  -57.884   2117.8    783.1
     4     1    20     2    20    21     0     3   -36.0  -54.566  -58.262   2585.8    736.1
     5     1    20     2    20    21     0     3   -36.0  -56.634  -62.025   3755.9    636.4
     1     1    20     2    20    20     0     2   -37.0  -46.311  -60.771      3.8   1017.9
     2     1    20     2    20    20     0     2   -37.0  -50.835  -60.103   1113.0    887.4
     3     1    20     2    20    20     0     2   -37.0  -54.417  -57.904   2200.2    772.1
     4     1    20     2    20    20     0     2   -37.0  -55.128  -58.395   2644.5    730.9
     5     1    20     2    20    20     0     2   -37.0  -57.092  -62.906   3729.4    638.1
     1     1    20     2    20    19     0     1   -38.0  -46.815  -60.922      3.4   1018.1
     2     1    20     2    20    19     0     1   -38.0  -51.369  -60.074   1152.5    882.5
     3     1    20     2    20    19     0     1   -38.0  -54.984  -57.939   2257.6    766.4
     4     1    20     2    20    19     0     1   -38.0  -55.669  -58.537   2709.9    724.6
     5     1    20     2    20    19     0     1   -38.0  -57.458  -63.854   3709.1    640.7
     1     1    20     2    20    18     0     0   -39.0  -47.321  -61.093      2.5   1018.4
     2     1    20     2    20    18     0     0   -39.0  -51.899  -60.036   1165.9    880.6
     3     1    20     2    20    18     0     0   -39.0  -55.536  -57.976   2315.0    761.1
     4     1    20     2    20    18     0     0   -39.0  -56.191  -58.705   2785.3    717.1
     5     1    20     2    20    18     0     0   -39.0  -57.776  -64.839   3695.2    641.4
     1     1    20     2    20    17     0     1   -40.0  -47.831  -61.264      2.1   1017.4
     2     1    20     2    20    17     0     1   -40.0  -52.423  -59.983   1164.6    881.3
     3     1    20     2    20    17     0     1   -40.0  -56.076  -58.018   2390.1    752.6
     4     1    20     2    20    17     0     1   -40.0  -56.703  -58.898   2854.4    710.0
     5     1    20     2    20    17     0     1   -40.0  -58.051  -65.868   3652.5    644.0
     1     1    20     2    20    16     0     2   -41.0  -48.346  -61.406      2.1   1016.9
     2     1    20     2    20    16     0     2   -41.0  -52.945  -59.925   1195.3    877.3
     3     1    20     2    20    16     0     2   -41.0  -56.612  -58.067   2450.1    746.2
     4     1    20     2    20    16     0     2   -41.0  -57.202  -59.101   2913.9    704.6
     5     1    20     2    20    16     0     2   -41.0  -58.232  -66.934   3590.2    650.4
     1     1    20     2    20    15     0     3   -42.0  -48.857  -61.530      2.1   1016.7
     2     1    20     2    20    15     0     3   -42.0  -53.474  -59.844   1232.5    871.6
     3     1    20     2    20    15     0     3   -42.0  -57.137  -58.112   2485.9    742.4
     4     1    20     2    20    15     0     3   -42.0  -57.682  -59.314   2995.2    697.2
     5     1    20     2    20    15     0     3   -42.0  -58.376  -67.973   3550.5    653.3
     1     1    20     2    20    14     0     2   -43.0  -49.370  -61.652      2.3   1016.1
     2     1    20     2    20    14     0     2   -43.0  -53.999  -59.740   1252.2    869.1
     3     1    20     2    20    14     0     2   -43.0  -57.647  -58.174   2514.4    739.4
     4     1    20     2    20    14     0     2   -43.0  -58.147  -59.550   3086.0    688.0
     5     1    20     2    20    14     0     2   -43.0  -58.505  -69.068   3532.5    654.9
     1     1    20     2    20    13     0     1   -44.0  -49.899  -61.761      2.6   1015.5
     2     1    20     2    20    13     0     1   -44.0  -54.513  -59.643   1276.7    865.7
     3     1    20     2    20    13     0     1   -44.0  -58.149  -58.258   2539.2    736.5
     4     1    20     2    20    13     0     1   -44.0  -58.603  -59.810   3147.2    682.2
     5     1    20     2    20    13     0     1   -44.0  -58.587  -70.185   3492.8    657.7
     1     1    20     2    20    12     0     0   -45.0  -50.437  -61.844      2.6   1014.8
     2     1    20     2    20    12     0     0   -45.0  -55.020  -59.548   1311.3    861.1
     3     1    20     2    20    12     0     0   -45.0  -58.643  -58.345   2549.1    735.0
     4     1    20     2    20    12     0     0   -45.0  -59.049  -60.081   3169.6    679.9
     5     1    20     2    20    12     0     0   -45.0  -58.628  -71.318   3471.1    659.2
     1     1    20     2    20    11     0     1   -46.0  -50.969  -61.917      2.8   1013.9
     2     1    20     2    20    11     0     1   -46.0  -55.525  -59.441   1343.0    856.9
     3     1    20     2    20    11     0     1   -46.0  -59.123  -58.434   2564.6    733.7
     4     1    20     2    20    11     0     1   -46.0  -59.475  -60.354   3178.6    679.2
     5     1    20     2    20    11     0     1   -46.0  -58.617  -72.585   3422.9    663.6
     1     1    20     2    20    10     0     2   -47.0  -51.491  -61.980      3.4   1013.0
     2     1    20     2    20    10     0     2   -47.0  -56.026  -59.330   1374.3    853.0
     3     1    20     2    20    10     0     2   -47.0  -59.590  -58.532   2609.5    728.9
     4     1    20     2    20    10     0     2   -47.0  -59.879  -60.628   3203.3    676.8
     5     1    20     2    20    10     0     2   -47.0  -58.553  -73.866   3379.2    667.1
     1     1    20     2    20     9     0     3   -48.0  -52.009  -62.034      3.8   1012.0
     2     1    20     2    20     9     0     3   -48.0  -56.522  -59.203   1414.9    848.5
     3     1    20     2    20     9     0     3   -48.0  -60.041  -58.632   2674.3    722.5
     4     1    20     2    20     9     0     3   -48.0  -60.268  -60.901   3256.8    672.1
     5     1    20     2    20     9     0     3   -48.0  -58.449  -75.134   3347.5    669.5
     1     1    20     2    20     8     0     2   -49.0  -52.523  -62.088      4.0   1011.1
     2     1    20     2    20     8     0     2   -49.0  -57.012  -59.049   1482.7    840.6
     3     1    20     2    20     8     0     2   -49.0  -60.476  -58.740   2728.2    716.6
     4     1    20     2    20     8     0     2   -49.0  -60.639  -61.167   3336.7    664.1
     5     1    20     2    20     8     0     2   -49.0  -58.279  -76.400   3290.1    673.7
     1     1    20     2    20     7     0     1   -50.0  -53.026  -62.136      4.2   1010.2
     2     1    20     2    20     7     0     1   -50.0  -57.487  -58.917   1541.2    832.8
     3     1    20     2    20     7     0     1   -50.0  -60.892  -58.857   2754.7    714.0
     4     1    20     2    20     7     0     1   -50.0  -60.996  -61.424   3403.6    657.8
     5     1    20     2    20     7     0     1   -50.0  -58.055  -77.626   3197.2    682.7
     1     1    20     2    20     6     0     0   -51.0  -53.520  -62.174      4.3   1010.7
     2     1    20     2    20     6     0     0   -51.0  -57.950  -58.772   1564.3    829.9
     3     1    20     2    20     6     0     0   -51.0  -61.282  -58.959   2772.8    712.0
     4     1    20     2    20     6     0     0   -51.0  -61.334  -61.676   3455.9    653.2
     5     1    20     2    20     6     0     0   -51.0  -57.816  -78.895   3124.8    688.3
     1     1    20     2    20     5     0     1   -52.0  -54.006  -62.207      4.3   1010.7
     2     1    20     2    20     5     0     1   -52.0  -58.385  -58.613   1584.8    827.7
     3     1    20     2    20     5     0     1   -52.0  -61.647  -59.038   2798.9    709.4
     4     1    20     2    20     5     0     1   -52.0  -61.657  -61.936   3497.9    649.2
     5     1    20     2    20     5     0     1   -52.0  -57.541  -80.140   3072.1    692.7
     1     1    20     2    20     4     0     2   -53.0  -54.484  -62.202      4.3   1009.2
     2     1    20     2    20     4     0     2   -53.0  -58.787  -58.467   1623.4    822.8
     3     1    20     2    20     4     0     2   -53.0  -61.996  -59.105   2828.4    706.2
     4     1    20     2    20     4     0     2   -53.0  -61.978  -62.221   3535.6    645.9
     5     1    20     2    20     4     0     2   -53.0  -57.248  -81.357   3020.5    697.4
     1     1    20     2    20     3     0     3   -54.0  -54.947  -62.145      4.3   1007.8
     2     1    20     2    20     3     0     3   -54.0  -59.165  -58.318   1669.7    817.3
     3     1    20     2    20     3     0     3   -54.0  -62.338  -59.159   2847.5    703.8
     4     1    20     2    20     3     0     3   -54.0  -62.302  -62.528   3568.3    642.6
     5     1    20     2    20     3     0     3   -54.0  -56.935  -82.641   3000.8    698.8
     1     1    20     2    20     2     0     2   -55.0  -55.398  -62.055      4.3   1006.8
     2     1    20     2    20     2     0     2   -55.0  -59.525  -58.166   1717.6    811.8
     3     1    20     2    20     2     0     2   -55.0  -62.676  -59.204   2838.5    704.2
     4     1    20     2    20     2     0     2   -55.0  -62.615  -62.833   3598.2    640.2
     5     1    20     2    20     2     0     2   -55.0  -56.592  -83.991   3006.3    698.0
     1     1    20     2    20     1     0     1   -56.0  -55.839  -61.963      4.3   1005.6
     2     1    20     2    20     1     0     1   -56.0  -59.871  -57.992   1761.8    806.8
     3     1    20     2    20     1     0     1   -56.0  -63.006  -59.253   2811.3    706.2
     4     1    20     2    20     1     0     1   -56.0  -62.913  -63.148   3656.0    635.4
     5     1    20     2    20     1     0     1   -56.0  -56.228  -85.386   2991.7    697.7
     1     1    20     2    20     0     0     0   -57.0  -56.272  -61.856      4.3   1005.4
     2     1    20     2    20     0     0     0   -57.0  -60.195  -57.799   1805.8    802.1
     3     1    20     2    20     0     0     0   -57.0  -63.341  -59.329   2767.7    682.0
     4     1    20     2    20     0     0     0   -57.0  -63.194  -63.485   3755.6    626.8
     5     1    20     2    20     0     0     0   -57.0  -55.808  -86.793   2959.7    701.1
     1     1    20     2    19    23     0     1   -58.0  -56.691  -61.704      4.3   1004.1
     2     1    20     2    19    23     0     1   -58.0  -60.497  -57.607   1845.7    797.1
     3     1    20     2    19    23     0     1   -58.0  -63.686  -59.435   2750.8    654.0
     4     1    20     2    19    23     0     1   -58.0  -63.454  -63.824   3859.8    617.0
     5     1    20     2    19    23     0     1   -58.0  -55.349  -88.204   2954.8    700.7
     1     1    20     2    19    22     0     2   -59.0  -57.084  -61.471      4.3   1002.4
     2     1    20     2    19    22     0     2   -59.0  -60.784  -57.400   1872.1    793.7
     3     1    20     2    19    22     0     2   -59.0  -64.035  -59.550   2729.9    632.5
     4     1    20     2    19    22     0     2   -59.0  -63.692  -64.146   3929.9    610.9
     5     1    20     2    19    22     0     2   -59.0  -54.846  -89.638   2922.1    703.9
     1     1    20     2    19    21     0     3   -60.0  -57.452  -61.155      4.3   1001.3
     2     1    20     2    19    21     0     3   -60.0  -61.058  -57.161   1883.3    791.6
     3     1    20     2    19    21     0     3   -60.0  -64.371  -59.657   2744.9    659.2
     4     1    20     2    19    21     0     3   -60.0  -63.907  -64.464   3963.2    607.9
     5     1    20     2    19    21     0     3   -60.0  -54.296  -91.028   2909.4    706.0
     1     1    20     2    19    20     0     2   -61.0  -57.800  -60.776      4.3   1000.7
     2     1    20     2    19    20     0     2   -61.0  -61.307  -56.922   1886.8    791.4
     3     1    20     2    19    20     0     2   -61.0  -64.679  -59.767   2760.3    683.6
     4     1    20     2    19    20     0     2   -61.0  -64.106  -64.770   3961.5    607.8
     5     1    20     2    19    20     0     2   -61.0  -53.725  -92.388   2867.4    709.1
     1     1    20     2    19    19     0     1   -62.0  -58.135  -60.338      4.6    998.9
     2     1    20     2    19    19     0     1   -62.0  -61.523  -56.681   1892.5    790.6
     3     1    20     2    19    19     0     1   -62.0  -64.960  -59.904   2799.0    703.0
     4     1    20     2    19    19     0     1   -62.0  -64.300  -65.063   3942.5    609.4
     5     1    20     2    19    19     0     1   -62.0  -53.128  -93.765   2857.9    708.7
     1     1    20     2    19    18     0     0   -63.0  -58.457  -59.848      6.2    997.8
     2     1    20     2    19    18     0     0   -63.0  -61.706  -56.421   1900.4    789.4
     3     1    20     2    19    18     0     0   -63.0  -65.224  -60.074   2840.1    700.7
     4     1    20     2    19    18     0     0   -63.0  -64.486  -65.327   3918.8    611.2
     5     1    20     2    19    18     0     0   -63.0  -52.496  -95.101   2829.8    710.4
     1     1    20     2    19    17     0     1   -64.0  -58.758  -59.318      8.1    998.3
     2     1    20     2    19    17     0     1   -64.0  -61.863  -56.125   1914.7    787.7
     3     1    20     2    19    17     0     1   -64.0  -65.478  -60.252   2878.8    693.7
     4     1    20     2    19    17     0     1   -64.0  -64.663  -65.562   3907.9    611.9
     5     1    20     2    19    17     0     1   -64.0  -51.873  -96.403   2785.0    715.9
     1     1    20     2    19    16     0     2   -65.0  -59.039  -58.758      8.6    998.0
     2     1    20     2    19    16     0     2   -65.0  -61.997  -55.784   1944.6    784.2
     3     1    20     2    19    16     0     2   -65.0  -65.714  -60.417   2906.7    688.8
     4     1    20     2    19    16     0     2   -65.0  -64.830  -65.777   3922.0    610.5
     5     1    20     2    19    16     0     2   -65.0  -51.235  -97.720   2775.6    718.3
     1     1    20     2    19    15     0     3   -66.0  -59.300  -58.179      8.7    995.9
     2     1    20     2    19    15     0     3   -66.0  -62.106  -55.419   1986.4    779.5
     3     1    20     2    19    15     0     3   -66.0  -65.936  -60.565   2928.8    685.1
     4     1    20     2    19    15     0     3   -66.0  -64.986  -65.976   3973.2    606.1
     5     1    20     2    19    15     0     3   -66.0  -50.587  -99.049   2858.7    706.9
     1     1    20     2    19    14     0     2   -67.0  -59.533  -57.597      8.7    996.3
     2     1    20     2    19    14     0     2   -67.0  -62.189  -55.067   2026.9    774.9
     3     1    20     2    19    14     0     2   -67.0  -66.150  -60.718   2953.7    682.2
     4     1    20     2    19    14     0     2   -67.0  -65.127  -66.179   4042.7    599.4
     5     1    20     2    19    14     0     2   -67.0  -49.954 -100.398   3042.2    692.6
     1     1    20     2    19    13     0     1   -68.0  -59.735  -57.017      8.9    997.0
     2     1    20     2    19    13     0     1   -68.0  -62.244  -54.732   2056.8    771.5
     3     1    20     2    19    13     0     1   -68.0  -66.358  -60.902   2985.6    679.5
     4     1    20     2    19    13     0     1   -68.0  -65.251  -66.398   4095.3    594.8
     5     1    20     2    19    13     0     1   -68.0  -49.331 -101.822   3173.5    679.2
     1     1    20     2    19    12     0     0   -69.0  -59.917  -56.437      9.5    997.7
     2     1    20     2    19    12     0     0   -69.0  -62.277  -54.407   2073.6    769.4
     3     1    20     2    19    12     0     0   -69.0  -66.563  -61.102   3028.8    677.9
     4     1    20     2    19    12     0     0   -69.0  -65.360  -66.623   4129.0    591.8
     5     1    20     2    19    12     0     0   -69.0  -48.699 -103.315   3192.3    678.4
     1     1    20     2    19    11     0     1   -70.0  -60.064  -55.858     10.6    996.4
     2     1    20     2    19    11     0     1   -70.0  -62.294  -54.089   2078.7    768.6
     3     1    20     2    19    11     0     1   -70.0  -66.757  -61.310   3071.2    676.5
     4     1    20     2    19    11     0     1   -70.0  -65.457  -66.851   4155.1    589.4
     5     1    20     2    19    11     0     1   -70.0  -48.086 -104.821   3171.3    678.4
     1     1    20     2    19    10     0     2   -71.0  -60.165  -55.297     12.3    994.4
     2     1    20     2    19    10     0     2   -71.0  -62.296  -53.775   2077.4    768.4
     3     1    20     2    19    10     0     2   -71.0  -66.935  -61.536   3100.9    675.3
     4     1    20     2    19    10     0     2   -71.0  -65.541  -67.078   4188.8    586.3
     5     1    20     2    19    10     0     2   -71.0  -47.473 -106.384   3125.1    684.2
     1     1    20     2    19     9     0     3   -72.0  -60.232  -54.756     16.0    992.5
     2     1    20     2    19     9     0     3   -72.0  -62.279  -53.464   2075.5    768.1
     3     1    20     2    19     9     0     3   -72.0  -67.098  -61.784   3115.1    674.1
     4     1    20     2    19     9     0     3   -72.0  -65.612  -67.292   4231.9    582.3
     5     1    20     2    19     9     0     3   -72.0  -46.854 -107.945   3118.9    685.8
