     5     1
    GDAS    19     9     1     0     0
    GDAS    19     9     8     0     0
    GDAS    19     9    15     0     0
    GDAS    19     9    22     0     0
    GDAS    19     9    29     0     0
     5 BACKWARD OMEGA   
    19     9    16     9  -34.572  -58.513    10.0
    19     9    16     9  -34.572  -58.513   200.0
    19     9    16     9  -34.572  -58.513   500.0
    19     9    16     9  -34.572  -58.513  1000.0
    19     9    16     9  -34.572  -58.513  2000.0
     1 PRESSURE
     1     1    19     9    16     9     0     3     0.0  -34.572  -58.513     10.0   1011.9
     2     1    19     9    16     9     0     3     0.0  -34.572  -58.513    200.0    989.8
     3     1    19     9    16     9     0     3     0.0  -34.572  -58.513    500.0    955.0
     4     1    19     9    16     9     0     3     0.0  -34.572  -58.513   1000.0    899.2
     5     1    19     9    16     9     0     3     0.0  -34.572  -58.513   2000.0    796.0
     1     1    19     9    16     8     0     2    -1.0  -34.702  -58.473     12.3   1011.3
     2     1    19     9    16     8     0     2    -1.0  -34.852  -58.411    223.7    989.6
     3     1    19     9    16     8     0     2    -1.0  -34.955  -58.337    541.3    955.9
     4     1    19     9    16     8     0     2    -1.0  -34.989  -58.339   1018.4    902.1
     5     1    19     9    16     8     0     2    -1.0  -34.824  -58.596   1889.0    808.8
     1     1    19     9    16     7     0     1    -2.0  -34.842  -58.424     16.1   1010.6
     2     1    19     9    16     7     0     1    -2.0  -35.146  -58.308    259.3    984.4
     3     1    19     9    16     7     0     1    -2.0  -35.341  -58.185    602.9    943.3
     4     1    19     9    16     7     0     1    -2.0  -35.374  -58.230   1049.5    894.5
     5     1    19     9    16     7     0     1    -2.0  -35.071  -58.671   1814.1    819.1
     1     1    19     9    16     6     0     0    -3.0  -34.992  -58.372     19.0   1010.3
     2     1    19     9    16     6     0     0    -3.0  -35.435  -58.209    277.1    980.7
     3     1    19     9    16     6     0     0    -3.0  -35.709  -58.047    625.2    940.0
     4     1    19     9    16     6     0     0    -3.0  -35.726  -58.150   1063.3    893.0
     5     1    19     9    16     6     0     0    -3.0  -35.289  -58.740   1811.5    820.4
     1     1    19     9    16     5     0     1    -4.0  -35.148  -58.317     22.2   1010.3
     2     1    19     9    16     5     0     1    -4.0  -35.709  -58.112    293.3    981.7
     3     1    19     9    16     5     0     1    -4.0  -36.061  -57.933    644.8    942.5
     4     1    19     9    16     5     0     1    -4.0  -36.074  -58.088   1087.6    893.1
     5     1    19     9    16     5     0     1    -4.0  -35.471  -58.838   1871.9    811.8
     1     1    19     9    16     4     0     2    -5.0  -35.314  -58.248     29.7   1009.4
     2     1    19     9    16     4     0     2    -5.0  -35.997  -58.016    334.3    976.2
     3     1    19     9    16     4     0     2    -5.0  -36.417  -57.892    707.7    934.8
     4     1    19     9    16     4     0     2    -5.0  -36.432  -58.106   1152.8    885.7
     5     1    19     9    16     4     0     2    -5.0  -35.642  -59.000   1963.7    802.3
     1     1    19     9    16     3     0     3    -6.0  -35.502  -58.157     43.1   1007.8
     2     1    19     9    16     3     0     3    -6.0  -36.313  -57.941    398.4    968.2
     3     1    19     9    16     3     0     3    -6.0  -36.787  -57.926    827.8    922.4
     4     1    19     9    16     3     0     3    -6.0  -36.787  -58.225   1273.2    872.8
     5     1    19     9    16     3     0     3    -6.0  -35.807  -59.242   2078.7    788.3
     1     1    19     9    16     2     0     2    -7.0  -35.717  -58.054     59.4   1005.5
     2     1    19     9    16     2     0     2    -7.0  -36.661  -57.921    458.4    958.4
     3     1    19     9    16     2     0     2    -7.0  -37.156  -58.064    991.7    897.2
     4     1    19     9    16     2     0     2    -7.0  -37.113  -58.466   1433.2    849.4
     5     1    19     9    16     2     0     2    -7.0  -35.926  -59.536   2141.1    774.3
     1     1    19     9    16     1     0     1    -8.0  -35.975  -57.954     74.6   1003.7
     2     1    19     9    16     1     0     1    -8.0  -37.040  -58.002    475.4    954.0
     3     1    19     9    16     1     0     1    -8.0  -37.490  -58.329   1194.4    874.7
     4     1    19     9    16     1     0     1    -8.0  -37.392  -58.835   1626.3    825.9
     5     1    19     9    16     1     0     1    -8.0  -35.997  -59.832   2105.1    774.8
     1     1    19     9    16     0     0     0    -9.0  -36.267  -57.880     85.6   1001.5
     2     1    19     9    16     0     0     0    -9.0  -37.408  -58.184    529.3    950.7
     3     1    19     9    16     0     0     0    -9.0  -37.786  -58.700   1524.0    837.2
     4     1    19     9    16     0     0     0    -9.0  -37.614  -59.278   1878.4    796.4
     5     1    19     9    16     0     0     0    -9.0  -36.065  -60.096   2005.6    785.5
     1     1    19     9    15    23     0     1   -10.0  -36.524  -57.863     90.0   1000.0
     2     1    19     9    15    23     0     1   -10.0  -37.759  -58.458    707.6    923.3
     3     1    19     9    15    23     0     1   -10.0  -38.009  -59.194   1864.9    785.2
     4     1    19     9    15    23     0     1   -10.0  -37.744  -59.800   2101.0    759.6
     5     1    19     9    15    23     0     1   -10.0  -36.142  -60.319   1923.1    795.4
     1     1    19     9    15    22     0     2   -11.0  -36.759  -57.909     93.8    998.8
     2     1    19     9    15    22     0     2   -11.0  -38.052  -58.858    999.2    886.8
     3     1    19     9    15    22     0     2   -11.0  -38.159  -59.778   2087.4    758.5
     4     1    19     9    15    22     0     2   -11.0  -37.813  -60.383   2168.9    745.1
     5     1    19     9    15    22     0     2   -11.0  -36.205  -60.534   1867.8    797.8
     1     1    19     9    15    21     0     3   -12.0  -37.064  -58.020    104.1    995.9
     2     1    19     9    15    21     0     3   -12.0  -38.273  -59.383   1336.4    844.1
     3     1    19     9    15    21     0     3   -12.0  -38.284  -60.395   2158.0    753.1
     4     1    19     9    15    21     0     3   -12.0  -37.932  -60.972   2092.3    756.0
     5     1    19     9    15    21     0     3   -12.0  -36.247  -60.778   1821.3    801.5
     1     1    19     9    15    20     0     2   -13.0  -37.350  -58.176    124.8    987.2
     2     1    19     9    15    20     0     2   -13.0  -38.463  -59.911   1629.9    813.4
     3     1    19     9    15    20     0     2   -13.0  -38.443  -61.073   2164.5    762.5
     4     1    19     9    15    20     0     2   -13.0  -38.116  -61.563   2100.3    766.3
     5     1    19     9    15    20     0     2   -13.0  -36.274  -61.025   1753.9    805.0
     1     1    19     9    15    19     0     1   -14.0  -37.536  -58.345    129.7    980.9
     2     1    19     9    15    19     0     1   -14.0  -38.631  -60.461   1842.3    794.1
     3     1    19     9    15    19     0     1   -14.0  -38.601  -61.781   2149.9    759.9
     4     1    19     9    15    19     0     1   -14.0  -38.240  -62.197   2204.8    738.2
     5     1    19     9    15    19     0     1   -14.0  -36.289  -61.195   1654.9    816.2
     1     1    19     9    15    18     0     0   -15.0  -37.664  -58.539    102.4    980.5
     2     1    19     9    15    18     0     0   -15.0  -38.793  -61.124   1950.0    784.8
     3     1    19     9    15    18     0     0   -15.0  -38.764  -62.467   2139.8    770.7
     4     1    19     9    15    18     0     0   -15.0  -38.379  -62.810   2251.3    749.8
     5     1    19     9    15    18     0     0   -15.0  -36.282  -61.295   1547.5    828.2
     1     1    19     9    15    17     0     1   -16.0  -37.756  -58.742     76.5    986.9
     2     1    19     9    15    17     0     1   -16.0  -38.929  -61.843   1946.2    789.9
     3     1    19     9    15    17     0     1   -16.0  -38.921  -63.173   2218.1    774.7
     4     1    19     9    15    17     0     1   -16.0  -38.511  -63.449   2283.4    755.2
     5     1    19     9    15    17     0     1   -16.0  -36.278  -61.369   1454.1    839.0
     1     1    19     9    15    16     0     2   -17.0  -37.826  -58.944     69.0    986.3
     2     1    19     9    15    16     0     2   -17.0  -39.037  -62.554   1998.0    800.8
     3     1    19     9    15    16     0     2   -17.0  -38.976  -64.027   2319.9    751.6
     4     1    19     9    15    16     0     2   -17.0  -38.550  -64.161   2304.4    749.1
     5     1    19     9    15    16     0     2   -17.0  -36.299  -61.445   1376.0    845.1
     1     1    19     9    15    15     0     3   -18.0  -37.880  -59.131     75.8    982.6
     2     1    19     9    15    15     0     3   -18.0  -39.087  -63.308   2162.4    772.6
     3     1    19     9    15    15     0     3   -18.0  -38.913  -65.005   2552.0    725.3
     4     1    19     9    15    15     0     3   -18.0  -38.492  -64.914   2420.6    734.0
     5     1    19     9    15    15     0     3   -18.0  -36.338  -61.522   1291.2    853.3
     1     1    19     9    15    14     0     2   -19.0  -37.914  -59.307     86.8    979.2
     2     1    19     9    15    14     0     2   -19.0  -39.036  -64.226   2339.2    749.1
     3     1    19     9    15    14     0     2   -19.0  -38.769  -65.986   2805.1    692.5
     4     1    19     9    15    14     0     2   -19.0  -38.352  -65.642   2566.8    714.1
     5     1    19     9    15    14     0     2   -19.0  -36.385  -61.606   1205.2    862.4
     1     1    19     9    15    13     0     1   -20.0  -37.904  -59.491     96.6    976.5
     2     1    19     9    15    13     0     1   -20.0  -38.936  -65.220   2545.3    721.4
     3     1    19     9    15    13     0     1   -20.0  -38.602  -66.920   2963.4    675.6
     4     1    19     9    15    13     0     1   -20.0  -38.206  -66.337   2514.9    719.9
     5     1    19     9    15    13     0     1   -20.0  -36.427  -61.708   1130.0    869.7
     1     1    19     9    15    12     0     0   -21.0  -37.841  -59.684    109.2    973.5
     2     1    19     9    15    12     0     0   -21.0  -38.839  -66.154   2605.7    710.4
     3     1    19     9    15    12     0     0   -21.0  -38.395  -67.890   3119.0    654.1
     4     1    19     9    15    12     0     0   -21.0  -38.018  -67.043   2678.6    702.8
     5     1    19     9    15    12     0     0   -21.0  -36.447  -61.834   1057.8    876.6
     1     1    19     9    15    11     0     1   -22.0  -37.727  -59.887    126.2    969.4
     2     1    19     9    15    11     0     1   -22.0  -38.710  -67.079   2708.7    696.8
     3     1    19     9    15    11     0     1   -22.0  -38.186  -68.916   2828.6    669.5
     4     1    19     9    15    11     0     1   -22.0  -37.795  -67.843   2812.5    676.0
     5     1    19     9    15    11     0     1   -22.0  -36.438  -61.989    988.5    883.6
     1     1    19     9    15    10     0     2   -23.0  -37.573  -60.097    140.5    966.6
     2     1    19     9    15    10     0     2   -23.0  -38.514  -68.043   2882.2    675.9
     3     1    19     9    15    10     0     2   -23.0  -37.964  -69.979   2112.4    687.6
     4     1    19     9    15    10     0     2   -23.0  -37.593  -68.721   2497.5    678.5
     5     1    19     9    15    10     0     2   -23.0  -36.392  -62.170    920.2    890.8
     1     1    19     9    15     9     0     3   -24.0  -37.382  -60.291    150.7    965.9
     2     1    19     9    15     9     0     3   -24.0  -38.326  -69.091   2672.1    676.6
     3     1    19     9    15     9     0     3   -24.0  -37.623  -71.071   2558.4    602.0
     4     1    19     9    15     9     0     3   -24.0  -37.390  -69.682   2106.8    674.2
     5     1    19     9    15     9     0     3   -24.0  -36.283  -62.372    848.9    898.9
     1     1    19     9    15     8     0     2   -25.0  -37.162  -60.440    158.0    966.6
     2     1    19     9    15     8     0     2   -25.0  -38.079  -70.234   2221.6    675.2
     3     1    19     9    15     8     0     2   -25.0  -37.313  -71.916   3290.7    609.3
     4     1    19     9    15     8     0     2   -25.0  -37.133  -70.767   3080.6    543.9
     5     1    19     9    15     8     0     2   -25.0  -36.099  -62.581    795.6    906.2
     1     1    19     9    15     7     0     1   -26.0  -36.929  -60.529    155.1    969.3
     2     1    19     9    15     7     0     1   -26.0  -37.757  -71.343   3500.7    534.0
     3     1    19     9    15     7     0     1   -26.0  -37.073  -72.473   3064.4    671.4
     4     1    19     9    15     7     0     1   -26.0  -36.899  -71.736   3994.1    544.3
     5     1    19     9    15     7     0     1   -26.0  -35.857  -62.790    772.2    909.4
     1     1    19     9    15     6     0     0   -27.0  -36.683  -60.584    146.6    973.9
     2     1    19     9    15     6     0     0   -27.0  -37.504  -72.209   3912.6    577.0
     3     1    19     9    15     6     0     0   -27.0  -36.909  -73.001   2954.7    688.3
     4     1    19     9    15     6     0     0   -27.0  -36.682  -72.443   3818.0    615.1
     5     1    19     9    15     6     0     0   -27.0  -35.570  -63.012    769.7    909.9
     1     1    19     9    15     5     0     1   -28.0  -36.430  -60.609    133.7    978.5
     2     1    19     9    15     5     0     1   -28.0  -37.295  -72.922   3685.8    621.6
     3     1    19     9    15     5     0     1   -28.0  -36.797  -73.529   2927.2    698.2
     4     1    19     9    15     5     0     1   -28.0  -36.517  -73.077   3655.0    636.3
     5     1    19     9    15     5     0     1   -28.0  -35.240  -63.210    772.9    908.0
     1     1    19     9    15     4     0     2   -29.0  -36.189  -60.590    116.7    983.1
     2     1    19     9    15     4     0     2   -29.0  -37.141  -73.618   3644.0    636.0
     3     1    19     9    15     4     0     2   -29.0  -36.708  -74.031   2852.0    712.1
     4     1    19     9    15     4     0     2   -29.0  -36.397  -73.666   3597.0    648.2
     5     1    19     9    15     4     0     2   -29.0  -34.865  -63.348    763.6    906.8
     1     1    19     9    15     3     0     3   -30.0  -35.975  -60.531    100.1    987.7
     2     1    19     9    15     3     0     3   -30.0  -37.023  -74.247   3587.6    649.0
     3     1    19     9    15     3     0     3   -30.0  -36.634  -74.497   2782.9    723.3
     4     1    19     9    15     3     0     3   -30.0  -36.301  -74.204   3575.2    652.7
     5     1    19     9    15     3     0     3   -30.0  -34.457  -63.439    745.7    906.2
     1     1    19     9    15     2     0     2   -31.0  -35.787  -60.449     90.5    991.3
     2     1    19     9    15     2     0     2   -31.0  -36.939  -74.826   3543.9    655.4
     3     1    19     9    15     2     0     2   -31.0  -36.590  -74.950   2766.1    723.8
     4     1    19     9    15     2     0     2   -31.0  -36.227  -74.710   3574.9    651.6
     5     1    19     9    15     2     0     2   -31.0  -34.042  -63.490    735.5    905.5
     1     1    19     9    15     1     0     1   -32.0  -35.612  -60.363     91.0    992.9
     2     1    19     9    15     1     0     1   -32.0  -36.898  -75.377   3539.9    654.1
     3     1    19     9    15     1     0     1   -32.0  -36.588  -75.406   2768.8    721.3
     4     1    19     9    15     1     0     1   -32.0  -36.181  -75.199   3575.7    650.7
     5     1    19     9    15     1     0     1   -32.0  -33.642  -63.497    731.9    901.8
     1     1    19     9    15     0     0     0   -33.0  -35.446  -60.273    100.3    993.5
     2     1    19     9    15     0     0     0   -33.0  -36.890  -75.893   3566.0    652.6
     3     1    19     9    15     0     0     0   -33.0  -36.611  -75.859   2769.9    721.2
     4     1    19     9    15     0     0     0   -33.0  -36.159  -75.672   3560.5    651.2
     5     1    19     9    15     0     0     0   -33.0  -33.268  -63.464    696.8    901.4
     1     1    19     9    14    23     0     1   -34.0  -35.289  -60.190    115.2    992.8
     2     1    19     9    14    23     0     1   -34.0  -36.896  -76.376   3609.4    647.0
     3     1    19     9    14    23     0     1   -34.0  -36.637  -76.300   2772.9    720.9
     4     1    19     9    14    23     0     1   -34.0  -36.142  -76.128   3537.8    654.3
     5     1    19     9    14    23     0     1   -34.0  -32.920  -63.395    627.6    911.4
     1     1    19     9    14    22     0     2   -35.0  -35.143  -60.132    131.1    992.7
     2     1    19     9    14    22     0     2   -35.0  -36.903  -76.826   3646.2    644.1
     3     1    19     9    14    22     0     2   -35.0  -36.642  -76.717   2773.0    720.3
     4     1    19     9    14    22     0     2   -35.0  -36.118  -76.562   3523.1    655.6
     5     1    19     9    14    22     0     2   -35.0  -32.597  -63.303    577.7    921.7
     1     1    19     9    14    21     0     3   -36.0  -35.006  -60.105    145.7    992.3
     2     1    19     9    14    21     0     3   -36.0  -36.903  -77.244   3668.3    641.4
     3     1    19     9    14    21     0     3   -36.0  -36.614  -77.100   2759.9    720.9
     4     1    19     9    14    21     0     3   -36.0  -36.071  -76.979   3489.5    655.8
     5     1    19     9    14    21     0     3   -36.0  -32.290  -63.202    586.8    923.7
     1     1    19     9    14    20     0     2   -37.0  -34.869  -60.094    158.3    991.4
     2     1    19     9    14    20     0     2   -37.0  -36.895  -77.629   3685.1    641.5
     3     1    19     9    14    20     0     2   -37.0  -36.572  -77.450   2741.8    724.1
     4     1    19     9    14    20     0     2   -37.0  -36.006  -77.369   3455.0    662.9
     5     1    19     9    14    20     0     2   -37.0  -31.982  -63.099    643.8    918.4
     1     1    19     9    14    19     0     1   -38.0  -34.724  -60.090    171.3    990.4
     2     1    19     9    14    19     0     1   -38.0  -36.880  -77.981   3725.5    639.1
     3     1    19     9    14    19     0     1   -38.0  -36.533  -77.765   2731.9    724.9
     4     1    19     9    14    19     0     1   -38.0  -35.933  -77.724   3453.8    661.6
     5     1    19     9    14    19     0     1   -38.0  -31.687  -62.999    726.9    913.1
     1     1    19     9    14    18     0     0   -39.0  -34.570  -60.104    187.8    989.1
     2     1    19     9    14    18     0     0   -39.0  -36.859  -78.301   3802.9    633.0
     3     1    19     9    14    18     0     0   -39.0  -36.485  -78.037   2726.5    725.3
     4     1    19     9    14    18     0     0   -39.0  -35.845  -78.053   3457.2    660.3
     5     1    19     9    14    18     0     0   -39.0  -31.424  -62.912    840.4    904.2
     1     1    19     9    14    17     0     1   -40.0  -34.405  -60.115    206.6    987.3
     2     1    19     9    14    17     0     1   -40.0  -36.834  -78.591   3891.4    623.5
     3     1    19     9    14    17     0     1   -40.0  -36.434  -78.277   2732.3    726.1
     4     1    19     9    14    17     0     1   -40.0  -35.751  -78.360   3470.2    661.1
     5     1    19     9    14    17     0     1   -40.0  -31.177  -62.856    963.3    890.5
     1     1    19     9    14    16     0     2   -41.0  -34.233  -60.091    220.2    986.5
     2     1    19     9    14    16     0     2   -41.0  -36.806  -78.854   3952.7    617.9
     3     1    19     9    14    16     0     2   -41.0  -36.388  -78.499   2756.6    723.5
     4     1    19     9    14    16     0     2   -41.0  -35.664  -78.653   3511.3    657.7
     5     1    19     9    14    16     0     2   -41.0  -30.927  -62.837   1057.8    881.8
     1     1    19     9    14    15     0     3   -42.0  -34.055  -60.019    219.9    987.7
     2     1    19     9    14    15     0     3   -42.0  -36.773  -79.094   3979.7    616.0
     3     1    19     9    14    15     0     3   -42.0  -36.339  -78.706   2789.7    720.2
     4     1    19     9    14    15     0     3   -42.0  -35.577  -78.949   3582.2    652.1
     5     1    19     9    14    15     0     3   -42.0  -30.661  -62.842   1106.4    877.0
     1     1    19     9    14    14     0     2   -43.0  -33.876  -59.904    210.9    990.4
     2     1    19     9    14    14     0     2   -43.0  -36.732  -79.312   3985.1    616.2
     3     1    19     9    14    14     0     2   -43.0  -36.287  -78.908   2824.5    716.3
     4     1    19     9    14    14     0     2   -43.0  -35.493  -79.251   3660.7    643.1
     5     1    19     9    14    14     0     2   -43.0  -30.389  -62.845   1118.3    877.8
     1     1    19     9    14    13     0     1   -44.0  -33.697  -59.759    201.3    992.0
     2     1    19     9    14    13     0     1   -44.0  -36.681  -79.516   3982.1    616.0
     3     1    19     9    14    13     0     1   -44.0  -36.238  -79.113   2854.3    712.8
     4     1    19     9    14    13     0     1   -44.0  -35.413  -79.554   3717.8    637.7
     5     1    19     9    14    13     0     1   -44.0  -30.119  -62.841   1110.0    878.4
     1     1    19     9    14    12     0     0   -45.0  -33.525  -59.585    192.7    993.8
     2     1    19     9    14    12     0     0   -45.0  -36.618  -79.723   3970.8    616.5
     3     1    19     9    14    12     0     0   -45.0  -36.200  -79.320   2872.7    710.4
     4     1    19     9    14    12     0     0   -45.0  -35.328  -79.872   3745.4    634.6
     5     1    19     9    14    12     0     0   -45.0  -29.851  -62.837   1078.4    881.7
     1     1    19     9    14    11     0     1   -46.0  -33.353  -59.390    192.5    994.7
     2     1    19     9    14    11     0     1   -46.0  -36.544  -79.945   3963.9    617.8
     3     1    19     9    14    11     0     1   -46.0  -36.163  -79.535   2879.5    709.9
     4     1    19     9    14    11     0     1   -46.0  -35.244  -80.212   3758.5    635.0
     5     1    19     9    14    11     0     1   -46.0  -29.577  -62.831   1020.8    887.4
     1     1    19     9    14    10     0     2   -47.0  -33.165  -59.178    208.5    993.2
     2     1    19     9    14    10     0     2   -47.0  -36.468  -80.184   3971.3    616.8
     3     1    19     9    14    10     0     2   -47.0  -36.109  -79.770   2894.9    709.9
     4     1    19     9    14    10     0     2   -47.0  -35.175  -80.577   3791.9    633.2
     5     1    19     9    14    10     0     2   -47.0  -29.295  -62.813    946.9    896.2
     1     1    19     9    14     9     0     3   -48.0  -32.953  -58.945    244.0    989.4
     2     1    19     9    14     9     0     3   -48.0  -36.392  -80.443   3989.6    615.1
     3     1    19     9    14     9     0     3   -48.0  -36.030  -80.036   2953.1    705.7
     4     1    19     9    14     9     0     3   -48.0  -35.112  -80.970   3866.7    627.5
     5     1    19     9    14     9     0     3   -48.0  -29.003  -62.783    882.7    904.8
     1     1    19     9    14     8     0     2   -49.0  -32.733  -58.684    282.0    983.6
     2     1    19     9    14     8     0     2   -49.0  -36.319  -80.727   4013.6    613.0
     3     1    19     9    14     8     0     2   -49.0  -35.955  -80.330   3031.2    695.9
     4     1    19     9    14     8     0     2   -49.0  -35.057  -81.391   3953.1    617.5
     5     1    19     9    14     8     0     2   -49.0  -28.712  -62.741    837.9    907.8
     1     1    19     9    14     7     0     1   -50.0  -32.528  -58.390    314.7    980.8
     2     1    19     9    14     7     0     1   -50.0  -36.248  -81.036   4031.1    611.1
     3     1    19     9    14     7     0     1   -50.0  -35.898  -80.638   3098.5    690.3
     4     1    19     9    14     7     0     1   -50.0  -35.018  -81.826   4023.2    613.0
     5     1    19     9    14     7     0     1   -50.0  -28.429  -62.679    809.4    910.2
     1     1    19     9    14     6     0     0   -51.0  -32.341  -58.059    356.8    977.0
     2     1    19     9    14     6     0     0   -51.0  -36.179  -81.363   4049.4    610.9
     3     1    19     9    14     6     0     0   -51.0  -35.843  -80.964   3150.9    685.3
     4     1    19     9    14     6     0     0   -51.0  -34.992  -82.275   4084.4    607.7
     5     1    19     9    14     6     0     0   -51.0  -28.156  -62.598    799.6    911.1
     1     1    19     9    14     5     0     1   -52.0  -32.162  -57.698    408.4    966.4
     2     1    19     9    14     5     0     1   -52.0  -36.113  -81.698   4089.2    608.7
     3     1    19     9    14     5     0     1   -52.0  -35.791  -81.293   3184.7    683.0
     4     1    19     9    14     5     0     1   -52.0  -34.985  -82.733   4125.6    604.7
     5     1    19     9    14     5     0     1   -52.0  -27.898  -62.501    814.7    910.3
     1     1    19     9    14     4     0     2   -53.0  -31.991  -57.340    468.1    954.0
     2     1    19     9    14     4     0     2   -53.0  -36.042  -82.031   4152.5    603.5
     3     1    19     9    14     4     0     2   -53.0  -35.747  -81.612   3202.7    681.9
     4     1    19     9    14     4     0     2   -53.0  -35.007  -83.196   4158.5    603.5
     5     1    19     9    14     4     0     2   -53.0  -27.659  -62.396    862.4    905.7
     1     1    19     9    14     3     0     3   -54.0  -31.830  -57.008    532.2    940.8
     2     1    19     9    14     3     0     3   -54.0  -35.972  -82.375   4237.5    597.5
     3     1    19     9    14     3     0     3   -54.0  -35.704  -81.922   3207.8    682.0
     4     1    19     9    14     3     0     3   -54.0  -35.066  -83.654   4213.3    600.9
     5     1    19     9    14     3     0     3   -54.0  -27.441  -62.303    946.9    896.7
     1     1    19     9    14     2     0     2   -55.0  -31.687  -56.680    585.6    932.4
     2     1    19     9    14     2     0     2   -55.0  -35.915  -82.748   4344.4    588.7
     3     1    19     9    14     2     0     2   -55.0  -35.671  -82.237   3216.8    682.4
     4     1    19     9    14     2     0     2   -55.0  -35.153  -84.100   4278.9    593.3
     5     1    19     9    14     2     0     2   -55.0  -27.244  -62.237   1059.0    883.1
     1     1    19     9    14     1     0     1   -56.0  -31.572  -56.335    628.9    926.8
     2     1    19     9    14     1     0     1   -56.0  -35.868  -83.157   4445.2    579.1
     3     1    19     9    14     1     0     1   -56.0  -35.658  -82.564   3240.5    679.9
     4     1    19     9    14     1     0     1   -56.0  -35.257  -84.530   4326.2    589.4
     5     1    19     9    14     1     0     1   -56.0  -27.057  -62.192   1186.0    869.3
     1     1    19     9    14     0     0     0   -57.0  -31.482  -55.989    680.1    918.8
     2     1    19     9    14     0     0     0   -57.0  -35.837  -83.592   4523.7    573.3
     3     1    19     9    14     0     0     0   -57.0  -35.656  -82.896   3267.7    676.8
     4     1    19     9    14     0     0     0   -57.0  -35.385  -84.948   4346.4    587.0
     5     1    19     9    14     0     0     0   -57.0  -26.873  -62.161   1320.2    854.4
     1     1    19     9    13    23     0     1   -58.0  -31.417  -55.668    745.9    912.8
     2     1    19     9    13    23     0     1   -58.0  -35.820  -84.038   4593.6    568.8
     3     1    19     9    13    23     0     1   -58.0  -35.665  -83.243   3300.4    674.9
     4     1    19     9    13    23     0     1   -58.0  -35.530  -85.345   4349.8    588.4
     5     1    19     9    13    23     0     1   -58.0  -26.693  -62.129   1444.3    840.4
     1     1    19     9    13    22     0     2   -59.0  -31.377  -55.389    822.5    906.3
     2     1    19     9    13    22     0     2   -59.0  -35.807  -84.487   4644.6    563.8
     3     1    19     9    13    22     0     2   -59.0  -35.691  -83.615   3330.8    670.7
     4     1    19     9    13    22     0     2   -59.0  -35.683  -85.716   4359.8    587.9
     5     1    19     9    13    22     0     2   -59.0  -26.528  -62.088   1556.5    829.5
     1     1    19     9    13    21     0     3   -60.0  -31.363  -55.150    912.3    899.0
     2     1    19     9    13    21     0     3   -60.0  -35.810  -84.922   4667.1    562.8
     3     1    19     9    13    21     0     3   -60.0  -35.731  -84.003   3312.8    670.0
     4     1    19     9    13    21     0     3   -60.0  -35.852  -86.059   4386.5    586.3
     5     1    19     9    13    21     0     3   -60.0  -26.378  -62.037   1672.8    818.2
     1     1    19     9    13    20     0     2   -61.0  -31.363  -54.947    987.4    888.5
     2     1    19     9    13    20     0     2   -61.0  -35.828  -85.336   4706.7    563.0
     3     1    19     9    13    20     0     2   -61.0  -35.791  -84.388   3262.3    678.3
     4     1    19     9    13    20     0     2   -61.0  -36.029  -86.377   4424.5    582.4
     5     1    19     9    13    20     0     2   -61.0  -26.242  -61.989   1765.7    806.4
     1     1    19     9    13    19     0     1   -62.0  -31.367  -54.778   1019.3    883.4
     2     1    19     9    13    19     0     1   -62.0  -35.849  -85.733   4767.8    555.9
     3     1    19     9    13    19     0     1   -62.0  -35.858  -84.758   3242.5    682.3
     4     1    19     9    13    19     0     1   -62.0  -36.209  -86.676   4458.0    579.9
     5     1    19     9    13    19     0     1   -62.0  -26.131  -61.938   1799.5    803.4
     1     1    19     9    13    18     0     0   -63.0  -31.378  -54.645   1020.3    883.5
     2     1    19     9    13    18     0     0   -63.0  -35.877  -86.113   4784.2    552.6
     3     1    19     9    13    18     0     0   -63.0  -35.906  -85.117   3279.6    679.5
     4     1    19     9    13    18     0     0   -63.0  -36.410  -86.950   4492.0    577.7
     5     1    19     9    13    18     0     0   -63.0  -26.051  -61.875   1776.3    806.3
     1     1    19     9    13    17     0     1   -64.0  -31.390  -54.543   1022.8    884.4
     2     1    19     9    13    17     0     1   -64.0  -35.924  -86.486   4785.8    557.0
     3     1    19     9    13    17     0     1   -64.0  -35.940  -85.466   3338.6    670.9
     4     1    19     9    13    17     0     1   -64.0  -36.623  -87.197   4532.3    574.8
     5     1    19     9    13    17     0     1   -64.0  -26.004  -61.810   1738.2    814.1
     1     1    19     9    13    16     0     2   -65.0  -31.400  -54.467   1046.0    881.2
     2     1    19     9    13    16     0     2   -65.0  -35.995  -86.856   4808.3    554.2
     3     1    19     9    13    16     0     2   -65.0  -35.977  -85.803   3372.1    668.2
     4     1    19     9    13    16     0     2   -65.0  -36.834  -87.427   4583.8    571.2
     5     1    19     9    13    16     0     2   -65.0  -25.980  -61.760   1726.9    816.1
     1     1    19     9    13    15     0     3   -66.0  -31.410  -54.421   1087.2    876.5
     2     1    19     9    13    15     0     3   -66.0  -36.076  -87.202   4828.4    552.4
     3     1    19     9    13    15     0     3   -66.0  -36.016  -86.139   3391.1    667.8
     4     1    19     9    13    15     0     3   -66.0  -37.058  -87.640   4647.3    566.3
     5     1    19     9    13    15     0     3   -66.0  -25.975  -61.724   1746.4    814.6
     1     1    19     9    13    14     0     2   -67.0  -31.425  -54.399   1130.3    870.6
     2     1    19     9    13    14     0     2   -67.0  -36.161  -87.544   4853.4    551.4
     3     1    19     9    13    14     0     2   -67.0  -36.066  -86.485   3418.8    666.2
     4     1    19     9    13    14     0     2   -67.0  -37.294  -87.851   4702.2    560.4
     5     1    19     9    13    14     0     2   -67.0  -25.986  -61.702   1784.8    810.0
     1     1    19     9    13    13     0     1   -68.0  -31.445  -54.391   1161.8    867.6
     2     1    19     9    13    13     0     1   -68.0  -36.254  -87.908   4906.2    547.9
     3     1    19     9    13    13     0     1   -68.0  -36.130  -86.851   3449.7    661.9
     4     1    19     9    13    13     0     1   -68.0  -37.539  -88.071   4737.3    557.9
     5     1    19     9    13    13     0     1   -68.0  -26.015  -61.699   1829.4    806.1
     1     1    19     9    13    12     0     0   -69.0  -31.469  -54.398   1182.9    865.8
     2     1    19     9    13    12     0     0   -69.0  -36.357  -88.292   4990.8    541.0
     3     1    19     9    13    12     0     0   -69.0  -36.200  -87.247   3464.4    660.1
     4     1    19     9    13    12     0     0   -69.0  -37.799  -88.284   4770.2    555.9
     5     1    19     9    13    12     0     0   -69.0  -26.058  -61.711   1876.6    801.6
     1     1    19     9    13    11     0     1   -70.0  -31.497  -54.425   1193.4    864.5
     2     1    19     9    13    11     0     1   -70.0  -36.464  -88.678   5085.6    533.1
     3     1    19     9    13    11     0     1   -70.0  -36.290  -87.650   3491.5    660.7
     4     1    19     9    13    11     0     1   -70.0  -38.050  -88.501   4806.7    552.9
     5     1    19     9    13    11     0     1   -70.0  -26.108  -61.727   1914.9    796.4
     1     1    19     9    13    10     0     2   -71.0  -31.527  -54.480   1193.2    864.9
     2     1    19     9    13    10     0     2   -71.0  -36.563  -89.065   5162.0    526.8
     3     1    19     9    13    10     0     2   -71.0  -36.387  -88.059   3544.9    654.7
     4     1    19     9    13    10     0     2   -71.0  -38.268  -88.746   4830.3    550.2
     5     1    19     9    13    10     0     2   -71.0  -26.168  -61.742   1936.7    793.9
     1     1    19     9    13     9     0     3   -72.0  -31.561  -54.561   1184.7    866.4
     2     1    19     9    13     9     0     3   -72.0  -36.654  -89.464   5215.6    523.5
     3     1    19     9    13     9     0     3   -72.0  -36.460  -88.472   3599.6    649.7
     4     1    19     9    13     9     0     3   -72.0  -38.468  -89.010   4825.9    550.5
     5     1    19     9    13     9     0     3   -72.0  -26.240  -61.761   1946.0    792.8
