     5     1
    GDAS    19     4     1     0     0
    GDAS    19     4     8     0     0
    GDAS    19     4    15     0     0
    GDAS    19     4    22     0     0
    GDAS    19     4    29     0     0
     5 BACKWARD OMEGA   
    19     4    18    21  -34.572  -58.513    10.0
    19     4    18    21  -34.572  -58.513   200.0
    19     4    18    21  -34.572  -58.513   500.0
    19     4    18    21  -34.572  -58.513  1000.0
    19     4    18    21  -34.572  -58.513  2000.0
     1 PRESSURE
     1     1    19     4    18    21     0     3     0.0  -34.572  -58.513     10.0   1005.0
     2     1    19     4    18    21     0     3     0.0  -34.572  -58.513    200.0    983.0
     3     1    19     4    18    21     0     3     0.0  -34.572  -58.513    500.0    949.7
     4     1    19     4    18    21     0     3     0.0  -34.572  -58.513   1000.0    896.0
     5     1    19     4    18    21     0     3     0.0  -34.572  -58.513   2000.0    795.7
     1     1    19     4    18    20     0     2    -1.0  -34.512  -58.513     10.0   1005.3
     2     1    19     4    18    20     0     2    -1.0  -34.467  -58.520    199.3    983.3
     3     1    19     4    18    20     0     2    -1.0  -34.473  -58.540    491.6    950.8
     4     1    19     4    18    20     0     2    -1.0  -34.502  -58.573   1003.1    895.5
     5     1    19     4    18    20     0     2    -1.0  -34.533  -58.691   2028.9    793.3
     1     1    19     4    18    19     0     1    -2.0  -34.452  -58.528     10.0   1005.6
     2     1    19     4    18    19     0     1    -2.0  -34.374  -58.539    198.9    983.6
     3     1    19     4    18    19     0     1    -2.0  -34.378  -58.571    481.3    952.3
     4     1    19     4    18    19     0     1    -2.0  -34.426  -58.627   1000.3    896.3
     5     1    19     4    18    19     0     1    -2.0  -34.479  -58.859   2056.4    791.2
     1     1    19     4    18    18     0     0    -3.0  -34.392  -58.556     10.0   1005.8
     2     1    19     4    18    18     0     0    -3.0  -34.293  -58.570    198.7    984.0
     3     1    19     4    18    18     0     0    -3.0  -34.291  -58.605    469.8    953.9
     4     1    19     4    18    18     0     0    -3.0  -34.346  -58.675    992.8    897.4
     5     1    19     4    18    18     0     0    -3.0  -34.411  -59.009   2083.2    789.2
     1     1    19     4    18    17     0     1    -4.0  -34.329  -58.592     10.0   1006.8
     2     1    19     4    18    17     0     1    -4.0  -34.212  -58.609    198.7    984.6
     3     1    19     4    18    17     0     1    -4.0  -34.204  -58.645    459.3    955.9
     4     1    19     4    18    17     0     1    -4.0  -34.269  -58.712    983.8    899.1
     5     1    19     4    18    17     0     1    -4.0  -34.342  -59.130   2109.9    786.9
     1     1    19     4    18    16     0     2    -5.0  -34.259  -58.633     10.0   1008.0
     2     1    19     4    18    16     0     2    -5.0  -34.122  -58.650    198.7    985.3
     3     1    19     4    18    16     0     2    -5.0  -34.110  -58.690    452.0    957.4
     4     1    19     4    18    16     0     2    -5.0  -34.202  -58.739    978.2    900.2
     5     1    19     4    18    16     0     2    -5.0  -34.283  -59.212   2137.9    784.5
     1     1    19     4    18    15     0     3    -6.0  -34.184  -58.678     10.0   1009.4
     2     1    19     4    18    15     0     3    -6.0  -34.023  -58.695    198.8    986.0
     3     1    19     4    18    15     0     3    -6.0  -34.007  -58.740    449.3    958.5
     4     1    19     4    18    15     0     3    -6.0  -34.145  -58.758    978.2    900.7
     5     1    19     4    18    15     0     3    -6.0  -34.239  -59.261   2167.1    782.1
     1     1    19     4    18    14     0     2    -7.0  -34.106  -58.716     10.1   1010.3
     2     1    19     4    18    14     0     2    -7.0  -33.912  -58.739    199.5    986.5
     3     1    19     4    18    14     0     2    -7.0  -33.894  -58.798    450.7    958.6
     4     1    19     4    18    14     0     2    -7.0  -34.102  -58.774    981.5    900.1
     5     1    19     4    18    14     0     2    -7.0  -34.216  -59.288   2195.4    779.3
     1     1    19     4    18    13     0     1    -8.0  -34.029  -58.737     10.5   1011.1
     2     1    19     4    18    13     0     1    -8.0  -33.784  -58.781    201.6    986.7
     3     1    19     4    18    13     0     1    -8.0  -33.768  -58.869    454.2    958.6
     4     1    19     4    18    13     0     1    -8.0  -34.078  -58.794    984.7    899.9
     5     1    19     4    18    13     0     1    -8.0  -34.222  -59.305   2220.5    777.1
     1     1    19     4    18    12     0     0    -9.0  -33.951  -58.743     11.1   1011.6
     2     1    19     4    18    12     0     0    -9.0  -33.641  -58.820    204.2    986.8
     3     1    19     4    18    12     0     0    -9.0  -33.631  -58.949    458.9    958.3
     4     1    19     4    18    12     0     0    -9.0  -34.070  -58.822    987.5    899.8
     5     1    19     4    18    12     0     0    -9.0  -34.254  -59.313   2242.6    775.1
     1     1    19     4    18    11     0     1   -10.0  -33.872  -58.738     11.9   1010.5
     2     1    19     4    18    11     0     1   -10.0  -33.484  -58.851    208.1    986.4
     3     1    19     4    18    11     0     1   -10.0  -33.483  -59.027    465.2    957.6
     4     1    19     4    18    11     0     1   -10.0  -34.068  -58.866    989.7    899.5
     5     1    19     4    18    11     0     1   -10.0  -34.311  -59.323   2264.5    773.1
     1     1    19     4    18    10     0     2   -11.0  -33.792  -58.730     12.9   1009.5
     2     1    19     4    18    10     0     2   -11.0  -33.315  -58.869    215.3    985.6
     3     1    19     4    18    10     0     2   -11.0  -33.325  -59.093    475.2    956.4
     4     1    19     4    18    10     0     2   -11.0  -34.057  -58.936    991.3    899.3
     5     1    19     4    18    10     0     2   -11.0  -34.388  -59.347   2289.3    770.5
     1     1    19     4    18     9     0     3   -12.0  -33.709  -58.716     14.2   1008.5
     2     1    19     4    18     9     0     3   -12.0  -33.136  -58.875    227.5    984.2
     3     1    19     4    18     9     0     3   -12.0  -33.162  -59.148    490.3    954.6
     4     1    19     4    18     9     0     3   -12.0  -34.037  -59.030    991.9    899.3
     5     1    19     4    18     9     0     3   -12.0  -34.486  -59.385   2317.3    767.6
     1     1    19     4    18     8     0     2   -13.0  -33.621  -58.697     15.7   1008.5
     2     1    19     4    18     8     0     2   -13.0  -32.950  -58.869    241.0    982.4
     3     1    19     4    18     8     0     2   -13.0  -32.998  -59.189    510.3    952.7
     4     1    19     4    18     8     0     2   -13.0  -34.004  -59.140    992.8    899.5
     5     1    19     4    18     8     0     2   -13.0  -34.596  -59.448   2342.1    764.7
     1     1    19     4    18     7     0     1   -14.0  -33.526  -58.673     16.7   1008.7
     2     1    19     4    18     7     0     1   -14.0  -32.765  -58.850    250.0    981.2
     3     1    19     4    18     7     0     1   -14.0  -32.830  -59.216    532.7    949.6
     4     1    19     4    18     7     0     1   -14.0  -33.957  -59.256    996.8    899.5
     5     1    19     4    18     7     0     1   -14.0  -34.710  -59.545   2354.5    763.2
     1     1    19     4    18     6     0     0   -15.0  -33.427  -58.643     17.0   1009.0
     2     1    19     4    18     6     0     0   -15.0  -32.584  -58.821    254.3    980.5
     3     1    19     4    18     6     0     0   -15.0  -32.657  -59.237    555.6    946.6
     4     1    19     4    18     6     0     0   -15.0  -33.899  -59.375   1006.6    898.9
     5     1    19     4    18     6     0     0   -15.0  -34.826  -59.681   2351.9    763.1
     1     1    19     4    18     5     0     1   -16.0  -33.329  -58.604     17.0   1009.0
     2     1    19     4    18     5     0     1   -16.0  -32.412  -58.771    261.0    980.2
     3     1    19     4    18     5     0     1   -16.0  -32.481  -59.242    582.8    943.2
     4     1    19     4    18     5     0     1   -16.0  -33.832  -59.491   1018.6    897.4
     5     1    19     4    18     5     0     1   -16.0  -34.942  -59.860   2343.7    764.1
     1     1    19     4    18     4     0     2   -17.0  -33.236  -58.556     17.0   1008.8
     2     1    19     4    18     4     0     2   -17.0  -32.253  -58.695    276.8    978.2
     3     1    19     4    18     4     0     2   -17.0  -32.307  -59.228    620.5    938.7
     4     1    19     4    18     4     0     2   -17.0  -33.757  -59.600   1026.6    896.5
     5     1    19     4    18     4     0     2   -17.0  -35.051  -60.080   2344.6    763.9
     1     1    19     4    18     3     0     3   -18.0  -33.148  -58.498     17.0   1008.6
     2     1    19     4    18     3     0     3   -18.0  -32.111  -58.600    299.3    975.2
     3     1    19     4    18     3     0     3   -18.0  -32.139  -59.194    672.6    932.5
     4     1    19     4    18     3     0     3   -18.0  -33.669  -59.700   1027.8    896.6
     5     1    19     4    18     3     0     3   -18.0  -35.146  -60.324   2349.8    762.6
     1     1    19     4    18     2     0     2   -19.0  -33.067  -58.436     17.0   1008.5
     2     1    19     4    18     2     0     2   -19.0  -31.991  -58.488    325.1    972.1
     3     1    19     4    18     2     0     2   -19.0  -31.985  -59.144    731.0    924.4
     4     1    19     4    18     2     0     2   -19.0  -33.570  -59.785   1020.7    897.5
     5     1    19     4    18     2     0     2   -19.0  -35.223  -60.578   2347.3    762.2
     1     1    19     4    18     1     0     1   -20.0  -32.991  -58.374     17.0   1008.6
     2     1    19     4    18     1     0     1   -20.0  -31.889  -58.364    355.4    969.0
     3     1    19     4    18     1     0     1   -20.0  -31.842  -59.079    785.5    918.6
     4     1    19     4    18     1     0     1   -20.0  -33.461  -59.844   1004.5    899.3
     5     1    19     4    18     1     0     1   -20.0  -35.280  -60.837   2335.3    763.1
     1     1    19     4    18     0     0     0   -21.0  -32.919  -58.317     17.0   1008.6
     2     1    19     4    18     0     0     0   -21.0  -31.799  -58.233    396.1    965.1
     3     1    19     4    18     0     0     0   -21.0  -31.709  -59.000    834.6    913.7
     4     1    19     4    18     0     0     0   -21.0  -33.343  -59.876    977.7    902.4
     5     1    19     4    18     0     0     0   -21.0  -35.321  -61.104   2318.2    764.5
     1     1    19     4    17    23     0     1   -22.0  -32.853  -58.270     17.0   1008.6
     2     1    19     4    17    23     0     1   -22.0  -31.722  -58.106    444.3    959.2
     3     1    19     4    17    23     0     1   -22.0  -31.590  -58.911    874.0    909.3
     4     1    19     4    17    23     0     1   -22.0  -33.220  -59.893    952.0    906.7
     5     1    19     4    17    23     0     1   -22.0  -35.342  -61.374   2301.4    765.6
     1     1    19     4    17    22     0     2   -23.0  -32.794  -58.235     17.0   1008.6
     2     1    19     4    17    22     0     2   -23.0  -31.660  -57.992    491.4    953.5
     3     1    19     4    17    22     0     2   -23.0  -31.492  -58.820    899.4    906.5
     4     1    19     4    17    22     0     2   -23.0  -33.104  -59.904    938.3    908.3
     5     1    19     4    17    22     0     2   -23.0  -35.335  -61.647   2287.3    766.3
     1     1    19     4    17    21     0     3   -24.0  -32.739  -58.212     17.0   1008.5
     2     1    19     4    17    21     0     3   -24.0  -31.614  -57.891    534.8    947.2
     3     1    19     4    17    21     0     3   -24.0  -31.415  -58.731    913.0    905.2
     4     1    19     4    17    21     0     3   -24.0  -32.997  -59.910    934.9    908.7
     5     1    19     4    17    21     0     3   -24.0  -35.293  -61.925   2274.8    766.8
     1     1    19     4    17    20     0     2   -25.0  -32.682  -58.197     17.0   1008.8
     2     1    19     4    17    20     0     2   -25.0  -31.574  -57.805    568.2    942.6
     3     1    19     4    17    20     0     2   -25.0  -31.348  -58.649    924.1    905.1
     4     1    19     4    17    20     0     2   -25.0  -32.896  -59.917    937.6    907.6
     5     1    19     4    17    20     0     2   -25.0  -35.216  -62.190   2266.8    767.3
     1     1    19     4    17    19     0     1   -26.0  -32.618  -58.187     17.0   1009.0
     2     1    19     4    17    19     0     1   -26.0  -31.527  -57.735    588.9    940.2
     3     1    19     4    17    19     0     1   -26.0  -31.280  -58.575    941.0    903.7
     4     1    19     4    17    19     0     1   -26.0  -32.797  -59.930    942.5    906.3
     5     1    19     4    17    19     0     1   -26.0  -35.108  -62.424   2263.2    766.9
     1     1    19     4    17    18     0     0   -27.0  -32.546  -58.182     17.0   1009.2
     2     1    19     4    17    18     0     0   -27.0  -31.474  -57.681    600.6    938.9
     3     1    19     4    17    18     0     0   -27.0  -31.212  -58.512    966.1    901.4
     4     1    19     4    17    18     0     0   -27.0  -32.698  -59.951    944.7    905.2
     5     1    19     4    17    18     0     0   -27.0  -34.968  -62.629   2262.0    766.4
     1     1    19     4    17    17     0     1   -28.0  -32.466  -58.181     17.0   1009.6
     2     1    19     4    17    17     0     1   -28.0  -31.411  -57.636    607.6    938.4
     3     1    19     4    17    17     0     1   -28.0  -31.140  -58.456    998.3    897.9
     4     1    19     4    17    17     0     1   -28.0  -32.588  -59.975    944.4    904.9
     5     1    19     4    17    17     0     1   -28.0  -34.808  -62.795   2264.6    765.9
     1     1    19     4    17    16     0     2   -29.0  -32.379  -58.182     17.0   1010.3
     2     1    19     4    17    16     0     2   -29.0  -31.337  -57.596    612.9    937.8
     3     1    19     4    17    16     0     2   -29.0  -31.063  -58.403   1032.5    894.2
     4     1    19     4    17    16     0     2   -29.0  -32.458  -60.000    944.0    904.1
     5     1    19     4    17    16     0     2   -29.0  -34.642  -62.919   2269.6    765.2
     1     1    19     4    17    15     0     3   -30.0  -32.283  -58.186     17.0   1011.0
     2     1    19     4    17    15     0     3   -30.0  -31.251  -57.558    616.6    937.4
     3     1    19     4    17    15     0     3   -30.0  -30.983  -58.349   1063.0    890.9
     4     1    19     4    17    15     0     3   -30.0  -32.310  -60.023    943.5    903.2
     5     1    19     4    17    15     0     3   -30.0  -34.473  -63.006   2272.8    764.5
     1     1    19     4    17    14     0     2   -31.0  -32.184  -58.177     17.0   1011.4
     2     1    19     4    17    14     0     2   -31.0  -31.144  -57.506    618.5    936.6
     3     1    19     4    17    14     0     2   -31.0  -30.899  -58.289   1085.6    888.5
     4     1    19     4    17    14     0     2   -31.0  -32.144  -60.050    943.1    901.9
     5     1    19     4    17    14     0     2   -31.0  -34.313  -63.069   2269.9    764.4
     1     1    19     4    17    13     0     1   -32.0  -32.087  -58.134     17.0   1011.8
     2     1    19     4    17    13     0     1   -32.0  -31.009  -57.423    618.9    935.7
     3     1    19     4    17    13     0     1   -32.0  -30.813  -58.219   1099.0    887.2
     4     1    19     4    17    13     0     1   -32.0  -31.961  -60.083    943.9    901.1
     5     1    19     4    17    13     0     1   -32.0  -34.167  -63.117   2262.9    765.0
     1     1    19     4    17    12     0     0   -33.0  -31.994  -58.058     17.0   1012.2
     2     1    19     4    17    12     0     0   -33.0  -30.845  -57.306    618.9    935.6
     3     1    19     4    17    12     0     0   -33.0  -30.724  -58.134   1103.5    886.7
     4     1    19     4    17    12     0     0   -33.0  -31.764  -60.121    953.2    902.0
     5     1    19     4    17    12     0     0   -33.0  -34.036  -63.150   2255.2    765.5
     1     1    19     4    17    11     0     1   -34.0  -31.909  -57.967     17.1   1011.3
     2     1    19     4    17    11     0     1   -34.0  -30.666  -57.164    619.0    935.5
     3     1    19     4    17    11     0     1   -34.0  -30.632  -58.041   1103.4    886.8
     4     1    19     4    17    11     0     1   -34.0  -31.567  -60.154    970.2    900.5
     5     1    19     4    17    11     0     1   -34.0  -33.921  -63.181   2248.4    765.8
     1     1    19     4    17    10     0     2   -35.0  -31.832  -57.878     17.2   1009.9
     2     1    19     4    17    10     0     2   -35.0  -30.488  -56.991    619.3    935.4
     3     1    19     4    17    10     0     2   -35.0  -30.536  -57.945   1103.3    886.2
     4     1    19     4    17    10     0     2   -35.0  -31.374  -60.177    985.5    899.2
     5     1    19     4    17    10     0     2   -35.0  -33.825  -63.219   2241.5    765.6
     1     1    19     4    17     9     0     3   -36.0  -31.762  -57.789     17.6   1008.5
     2     1    19     4    17     9     0     3   -36.0  -30.319  -56.770    621.5    933.4
     3     1    19     4    17     9     0     3   -36.0  -30.437  -57.843   1103.2    885.7
     4     1    19     4    17     9     0     3   -36.0  -31.178  -60.191    992.0    898.8
     5     1    19     4    17     9     0     3   -36.0  -33.747  -63.267   2230.7    765.7
     1     1    19     4    17     8     0     2   -37.0  -31.696  -57.692     19.4   1006.8
     2     1    19     4    17     8     0     2   -37.0  -30.169  -56.487    627.4    930.6
     3     1    19     4    17     8     0     2   -37.0  -30.337  -57.723   1103.2    885.5
     4     1    19     4    17     8     0     2   -37.0  -30.975  -60.182    992.7    900.4
     5     1    19     4    17     8     0     2   -37.0  -33.676  -63.326   2217.4    766.5
     1     1    19     4    17     7     0     1   -38.0  -31.632  -57.576     25.1   1004.6
     2     1    19     4    17     7     0     1   -38.0  -30.046  -56.141    631.9    927.1
     3     1    19     4    17     7     0     1   -38.0  -30.241  -57.570   1103.3    885.5
     4     1    19     4    17     7     0     1   -38.0  -30.768  -60.134    995.2    900.5
     5     1    19     4    17     7     0     1   -38.0  -33.594  -63.398   2203.1    766.8
     1     1    19     4    17     6     0     0   -39.0  -31.565  -57.432     38.2   1001.8
     2     1    19     4    17     6     0     0   -39.0  -29.946  -55.740    634.3    928.1
     3     1    19     4    17     6     0     0   -39.0  -30.154  -57.382   1103.5    885.5
     4     1    19     4    17     6     0     0   -39.0  -30.555  -60.045    997.4    900.3
     5     1    19     4    17     6     0     0   -39.0  -33.499  -63.484   2187.5    766.8
     1     1    19     4    17     5     0     1   -40.0  -31.502  -57.251     63.7    998.2
     2     1    19     4    17     5     0     1   -40.0  -29.881  -55.310    645.7    929.9
     3     1    19     4    17     5     0     1   -40.0  -30.086  -57.159   1113.0    885.8
     4     1    19     4    17     5     0     1   -40.0  -30.352  -59.906    997.9    900.8
     5     1    19     4    17     5     0     1   -40.0  -33.383  -63.585   2167.0    766.7
     1     1    19     4    17     4     0     2   -41.0  -31.445  -57.016    105.6    991.2
     2     1    19     4    17     4     0     2   -41.0  -29.864  -54.875    674.0    927.3
     3     1    19     4    17     4     0     2   -41.0  -30.044  -56.912   1143.5    882.5
     4     1    19     4    17     4     0     2   -41.0  -30.180  -59.719    999.5    900.7
     5     1    19     4    17     4     0     2   -41.0  -33.237  -63.700   2136.8    766.8
     1     1    19     4    17     3     0     3   -42.0  -31.402  -56.712    159.3    981.1
     2     1    19     4    17     3     0     3   -42.0  -29.890  -54.436    707.3    924.0
     3     1    19     4    17     3     0     3   -42.0  -30.034  -56.648   1196.1    874.5
     4     1    19     4    17     3     0     3   -42.0  -30.041  -59.487   1003.0    900.7
     5     1    19     4    17     3     0     3   -42.0  -33.058  -63.824   2094.5    767.2
     1     1    19     4    17     2     0     2   -43.0  -31.390  -56.356    216.1    970.1
     2     1    19     4    17     2     0     2   -43.0  -29.950  -54.001    727.2    924.0
     3     1    19     4    17     2     0     2   -43.0  -30.058  -56.383   1263.2    863.8
     4     1    19     4    17     2     0     2   -43.0  -29.939  -59.225   1017.8    900.1
     5     1    19     4    17     2     0     2   -43.0  -32.848  -63.945   2054.7    768.5
     1     1    19     4    17     1     0     1   -44.0  -31.416  -55.974    277.6    960.1
     2     1    19     4    17     1     0     1   -44.0  -30.041  -53.586    731.4    925.8
     3     1    19     4    17     1     0     1   -44.0  -30.112  -56.130   1346.6    853.0
     4     1    19     4    17     1     0     1   -44.0  -29.875  -58.951   1051.4    896.0
     5     1    19     4    17     1     0     1   -44.0  -32.621  -64.055   2029.2    764.7
     1     1    19     4    17     0     0     0   -45.0  -31.475  -55.587    327.8    956.9
     2     1    19     4    17     0     0     0   -45.0  -30.168  -53.202    734.4    924.6
     3     1    19     4    17     0     0     0   -45.0  -30.190  -55.895   1458.0    840.6
     4     1    19     4    17     0     0     0   -45.0  -29.849  -58.661   1085.4    890.0
     5     1    19     4    17     0     0     0   -45.0  -32.382  -64.158   2015.7    756.7
     1     1    19     4    16    23     0     1   -46.0  -31.555  -55.220    352.6    958.4
     2     1    19     4    16    23     0     1   -46.0  -30.325  -52.844    736.5    923.3
     3     1    19     4    16    23     0     1   -46.0  -30.282  -55.683   1574.3    827.0
     4     1    19     4    16    23     0     1   -46.0  -29.861  -58.375   1101.9    887.3
     5     1    19     4    16    23     0     1   -46.0  -32.131  -64.268   2017.3    746.4
     1     1    19     4    16    22     0     2   -47.0  -31.649  -54.877    367.9    959.7
     2     1    19     4    16    22     0     2   -47.0  -30.505  -52.506    727.8    923.9
     3     1    19     4    16    22     0     2   -47.0  -30.381  -55.486   1669.5    818.5
     4     1    19     4    16    22     0     2   -47.0  -29.908  -58.112   1107.1    886.8
     5     1    19     4    16    22     0     2   -47.0  -31.871  -64.390   2039.5    735.4
     1     1    19     4    16    21     0     3   -48.0  -31.753  -54.550    394.0    956.9
     2     1    19     4    16    21     0     3   -48.0  -30.701  -52.184    698.5    928.1
     3     1    19     4    16    21     0     3   -48.0  -30.485  -55.299   1746.8    812.0
     4     1    19     4    16    21     0     3   -48.0  -29.983  -57.872   1116.4    886.7
     5     1    19     4    16    21     0     3   -48.0  -31.602  -64.516   2078.8    727.7
     1     1    19     4    16    20     0     2   -49.0  -31.863  -54.243    428.4    953.0
     2     1    19     4    16    20     0     2   -49.0  -30.906  -51.864    646.2    936.6
     3     1    19     4    16    20     0     2   -49.0  -30.592  -55.114   1812.6    807.4
     4     1    19     4    16    20     0     2   -49.0  -30.071  -57.654   1132.8    884.7
     5     1    19     4    16    20     0     2   -49.0  -31.323  -64.632   2114.8    724.3
     1     1    19     4    16    19     0     1   -50.0  -31.976  -53.966    452.2    951.4
     2     1    19     4    16    19     0     1   -50.0  -31.113  -51.525    587.1    947.3
     3     1    19     4    16    19     0     1   -50.0  -30.707  -54.927   1874.3    801.6
     4     1    19     4    16    19     0     1   -50.0  -30.161  -57.454   1150.6    882.9
     5     1    19     4    16    19     0     1   -50.0  -31.039  -64.725   2127.4    727.2
     1     1    19     4    16    18     0     0   -51.0  -32.091  -53.719    450.2    951.5
     2     1    19     4    16    18     0     0   -51.0  -31.318  -51.159    532.0    955.1
     3     1    19     4    16    18     0     0   -51.0  -30.836  -54.740   1930.2    792.7
     4     1    19     4    16    18     0     0   -51.0  -30.252  -57.270   1170.3    880.5
     5     1    19     4    16    18     0     0   -51.0  -30.752  -64.789   2122.1    737.2
     1     1    19     4    16    17     0     1   -52.0  -32.189  -53.468    421.2    956.9
     2     1    19     4    16    17     0     1   -52.0  -31.535  -50.738    506.3    962.2
     3     1    19     4    16    17     0     1   -52.0  -30.969  -54.560   1972.3    784.1
     4     1    19     4    16    17     0     1   -52.0  -30.342  -57.084   1188.9    877.6
     5     1    19     4    16    17     0     1   -52.0  -30.468  -64.819   2123.4    749.0
     1     1    19     4    16    16     0     2   -53.0  -32.262  -53.188    372.6    962.5
     2     1    19     4    16    16     0     2   -53.0  -31.770  -50.225    559.7    957.9
     3     1    19     4    16    16     0     2   -53.0  -31.094  -54.390   1994.9    780.2
     4     1    19     4    16    16     0     2   -53.0  -30.431  -56.882   1202.5    874.1
     5     1    19     4    16    16     0     2   -53.0  -30.200  -64.818   2140.1    758.0
     1     1    19     4    16    15     0     3   -54.0  -32.323  -52.884    312.0    972.2
     2     1    19     4    16    15     0     3   -54.0  -32.009  -49.635    726.2    940.8
     3     1    19     4    16    15     0     3   -54.0  -31.205  -54.238   1997.4    779.8
     4     1    19     4    16    15     0     3   -54.0  -30.517  -56.656   1219.0    869.7
     5     1    19     4    16    15     0     3   -54.0  -29.954  -64.800   2168.8    762.9
     1     1    19     4    16    14     0     2   -55.0  -32.391  -52.538    258.0    984.8
     2     1    19     4    16    14     0     2   -55.0  -32.268  -49.054    973.8    909.6
     3     1    19     4    16    14     0     2   -55.0  -31.305  -54.096   1988.5    781.4
     4     1    19     4    16    14     0     2   -55.0  -30.605  -56.408   1253.6    862.4
     5     1    19     4    16    14     0     2   -55.0  -29.727  -64.782   2211.5    760.6
     1     1    19     4    16    13     0     1   -56.0  -32.482  -52.129    217.5    993.7
     2     1    19     4    16    13     0     1   -56.0  -32.515  -48.536   1203.0    881.7
     3     1    19     4    16    13     0     1   -56.0  -31.397  -53.955   1979.2    783.6
     4     1    19     4    16    13     0     1   -56.0  -30.702  -56.148   1314.7    851.4
     5     1    19     4    16    13     0     1   -56.0  -29.518  -64.773   2280.3    755.9
     1     1    19     4    16    12     0     0   -57.0  -32.603  -51.670    197.7    998.6
     2     1    19     4    16    12     0     0   -57.0  -32.732  -48.101   1326.6    864.2
     3     1    19     4    16    12     0     0   -57.0  -31.478  -53.807   1970.3    786.7
     4     1    19     4    16    12     0     0   -57.0  -30.811  -55.879   1388.1    840.1
     5     1    19     4    16    12     0     0   -57.0  -29.339  -64.766   2372.0    748.8
     1     1    19     4    16    11     0     1   -58.0  -32.767  -51.201    208.6    997.3
     2     1    19     4    16    11     0     1   -58.0  -32.921  -47.754   1373.8    863.7
     3     1    19     4    16    11     0     1   -58.0  -31.528  -53.651   1944.3    789.3
     4     1    19     4    16    11     0     1   -58.0  -30.922  -55.620   1442.9    834.8
     5     1    19     4    16    11     0     1   -58.0  -29.194  -64.764   2467.1    739.9
     1     1    19     4    16    10     0     2   -59.0  -32.957  -50.771    229.9    993.5
     2     1    19     4    16    10     0     2   -59.0  -33.062  -47.476   1365.7    866.5
     3     1    19     4    16    10     0     2   -59.0  -31.531  -53.483   1880.8    795.7
     4     1    19     4    16    10     0     2   -59.0  -31.022  -55.399   1479.7    834.5
     5     1    19     4    16    10     0     2   -59.0  -29.077  -64.773   2549.9    733.4
     1     1    19     4    16     9     0     3   -60.0  -33.164  -50.401    249.4    992.6
     2     1    19     4    16     9     0     3   -60.0  -33.159  -47.238   1327.3    871.4
     3     1    19     4    16     9     0     3   -60.0  -31.505  -53.291   1775.7    806.5
     4     1    19     4    16     9     0     3   -60.0  -31.104  -55.235   1523.6    833.2
     5     1    19     4    16     9     0     3   -60.0  -28.986  -64.799   2621.9    727.3
     1     1    19     4    16     8     0     2   -61.0  -33.355  -50.075    266.7    990.3
     2     1    19     4    16     8     0     2   -61.0  -33.228  -47.017   1290.9    877.7
     3     1    19     4    16     8     0     2   -61.0  -31.467  -53.086   1643.4    821.6
     4     1    19     4    16     8     0     2   -61.0  -31.157  -55.117   1525.2    828.6
     5     1    19     4    16     8     0     2   -61.0  -28.915  -64.837   2691.8    720.9
     1     1    19     4    16     7     0     1   -62.0  -33.510  -49.768    273.1    989.4
     2     1    19     4    16     7     0     1   -62.0  -33.282  -46.816   1273.0    878.9
     3     1    19     4    16     7     0     1   -62.0  -31.396  -52.875   1448.1    839.2
     4     1    19     4    16     7     0     1   -62.0  -31.175  -55.012   1398.8    841.9
     5     1    19     4    16     7     0     1   -62.0  -28.864  -64.885   2767.5    713.0
     1     1    19     4    16     6     0     0   -63.0  -33.646  -49.468    268.6    990.2
     2     1    19     4    16     6     0     0   -63.0  -33.328  -46.633   1263.0    879.7
     3     1    19     4    16     6     0     0   -63.0  -31.256  -52.612   1165.9    874.7
     4     1    19     4    16     6     0     0   -63.0  -31.151  -54.875   1159.1    866.7
     5     1    19     4    16     6     0     0   -63.0  -28.834  -64.944   2846.3    705.3
     1     1    19     4    16     5     0     1   -64.0  -33.780  -49.168    263.2    992.0
     2     1    19     4    16     5     0     1   -64.0  -33.383  -46.469   1262.8    880.3
     3     1    19     4    16     5     0     1   -64.0  -31.078  -52.237    976.4    911.9
     4     1    19     4    16     5     0     1   -64.0  -31.059  -54.655    898.8    898.0
     5     1    19     4    16     5     0     1   -64.0  -28.819  -65.012   2920.4    697.2
     1     1    19     4    16     4     0     2   -65.0  -33.923  -48.870    265.9    991.9
     2     1    19     4    16     4     0     2   -65.0  -33.461  -46.328   1275.3    878.9
     3     1    19     4    16     4     0     2   -65.0  -30.937  -51.815    944.3    911.4
     4     1    19     4    16     4     0     2   -65.0  -30.917  -54.336    724.2    915.7
     5     1    19     4    16     4     0     2   -65.0  -28.808  -65.083   2977.1    690.1
     1     1    19     4    16     3     0     3   -66.0  -34.079  -48.580    277.4    990.6
     2     1    19     4    16     3     0     3   -66.0  -33.562  -46.215   1297.4    876.5
     3     1    19     4    16     3     0     3   -66.0  -30.862  -51.382    924.7    909.3
     4     1    19     4    16     3     0     3   -66.0  -30.768  -53.893    677.2    921.9
     5     1    19     4    16     3     0     3   -66.0  -28.800  -65.158   3015.5    684.6
     1     1    19     4    16     2     0     2   -67.0  -34.261  -48.312    289.9    988.0
     2     1    19     4    16     2     0     2   -67.0  -33.690  -46.135   1323.6    873.3
     3     1    19     4    16     2     0     2   -67.0  -30.843  -50.953    876.3    918.5
     4     1    19     4    16     2     0     2   -67.0  -30.658  -53.384    668.9    922.5
     5     1    19     4    16     2     0     2   -67.0  -28.802  -65.239   3038.4    680.4
     1     1    19     4    16     1     0     1   -68.0  -34.484  -48.081    297.6    987.3
     2     1    19     4    16     1     0     1   -68.0  -33.848  -46.092   1351.7    870.5
     3     1    19     4    16     1     0     1   -68.0  -30.861  -50.558    827.5    925.9
     4     1    19     4    16     1     0     1   -68.0  -30.621  -52.861    640.8    933.0
     5     1    19     4    16     1     0     1   -68.0  -28.822  -65.329   3048.3    677.9
     1     1    19     4    16     0     0     0   -69.0  -34.747  -47.895    305.4    986.7
     2     1    19     4    16     0     0     0   -69.0  -34.034  -46.089   1383.7    867.3
     3     1    19     4    16     0     0     0   -69.0  -30.915  -50.205    789.5    930.7
     4     1    19     4    16     0     0     0   -69.0  -30.642  -52.368    613.2    941.0
     5     1    19     4    16     0     0     0   -69.0  -28.859  -65.431   3046.2    677.8
     1     1    19     4    15    23     0     1   -70.0  -35.037  -47.770    319.0    984.9
     2     1    19     4    15    23     0     1   -70.0  -34.234  -46.144   1414.5    863.1
     3     1    19     4    15    23     0     1   -70.0  -31.006  -49.884    762.5    933.7
     4     1    19     4    15    23     0     1   -70.0  -30.707  -51.935    597.8    945.7
     5     1    19     4    15    23     0     1   -70.0  -28.908  -65.545   3055.9    680.0
     1     1    19     4    15    22     0     2   -71.0  -35.340  -47.715    338.4    982.0
     2     1    19     4    15    22     0     2   -71.0  -34.427  -46.264   1441.3    860.3
     3     1    19     4    15    22     0     2   -71.0  -31.133  -49.596    747.7    935.1
     4     1    19     4    15    22     0     2   -71.0  -30.803  -51.554    590.8    947.7
     5     1    19     4    15    22     0     2   -71.0  -28.964  -65.670   3100.7    679.7
     1     1    19     4    15    21     0     3   -72.0  -35.650  -47.722    360.7    978.9
     2     1    19     4    15    21     0     3   -72.0  -34.608  -46.441   1470.2    857.4
     3     1    19     4    15    21     0     3   -72.0  -31.290  -49.348    742.8    935.1
     4     1    19     4    15    21     0     3   -72.0  -30.922  -51.216    588.0    950.2
     5     1    19     4    15    21     0     3   -72.0  -29.030  -65.808   3177.0    676.0
