     7     1
    GDAS    19     7    29     0     0
    GDAS    19     8     1     0     0
    GDAS    19     8     8     0     0
    GDAS    19     8    15     0     0
    GDAS    19     8    22     0     0
    GDAS    19     8    29     0     0
    GDAS    19     9     1     0     0
     5 BACKWARD OMEGA   
    19     8    31    21  -34.572  -58.513    10.0
    19     8    31    21  -34.572  -58.513   200.0
    19     8    31    21  -34.572  -58.513   500.0
    19     8    31    21  -34.572  -58.513  1000.0
    19     8    31    21  -34.572  -58.513  2000.0
     1 PRESSURE
     1     1    19     8    31    21     0     3     0.0  -34.572  -58.513     10.0   1014.1
     2     1    19     8    31    21     0     3     0.0  -34.572  -58.513    200.0    992.3
     3     1    19     8    31    21     0     3     0.0  -34.572  -58.513    500.0    957.5
     4     1    19     8    31    21     0     3     0.0  -34.572  -58.513   1000.0    901.3
     5     1    19     8    31    21     0     3     0.0  -34.572  -58.513   2000.0    796.1
     1     1    19     8    31    20     0     2    -1.0  -34.614  -58.599     13.1   1013.5
     2     1    19     8    31    20     0     2    -1.0  -34.649  -58.681    251.8    986.6
     3     1    19     8    31    20     0     2    -1.0  -34.656  -58.723    593.8    945.3
     4     1    19     8    31    20     0     2    -1.0  -34.656  -58.762   1105.2    887.6
     5     1    19     8    31    20     0     2    -1.0  -34.683  -58.820   2056.4    791.4
     1     1    19     8    31    19     0     1    -2.0  -34.659  -58.700     16.0   1013.0
     2     1    19     8    31    19     0     1    -2.0  -34.717  -58.859    276.2    983.6
     3     1    19     8    31    19     0     1    -2.0  -34.727  -58.931    629.9    941.7
     4     1    19     8    31    19     0     1    -2.0  -34.731  -58.995   1144.3    884.3
     5     1    19     8    31    19     0     1    -2.0  -34.801  -59.106   2107.5    787.2
     1     1    19     8    31    18     0     0    -3.0  -34.702  -58.816     17.5   1012.8
     2     1    19     8    31    18     0     0    -3.0  -34.764  -59.038    276.8    984.9
     3     1    19     8    31    18     0     0    -3.0  -34.778  -59.128    629.2    944.6
     4     1    19     8    31    18     0     0    -3.0  -34.791  -59.207   1147.5    887.3
     5     1    19     8    31    18     0     0    -3.0  -34.926  -59.378   2160.0    782.3
     1     1    19     8    31    17     0     1    -4.0  -34.746  -58.934     17.9   1013.9
     2     1    19     8    31    17     0     1    -4.0  -34.809  -59.199    272.5    987.6
     3     1    19     8    31    17     0     1    -4.0  -34.833  -59.301    626.7    947.0
     4     1    19     8    31    17     0     1    -4.0  -34.864  -59.393   1157.2    888.1
     5     1    19     8    31    17     0     1    -4.0  -35.077  -59.650   2208.2    776.6
     1     1    19     8    31    16     0     2    -5.0  -34.799  -59.036     17.6   1014.9
     2     1    19     8    31    16     0     2    -5.0  -34.873  -59.334    271.4    987.9
     3     1    19     8    31    16     0     2    -5.0  -34.917  -59.444    630.9    946.3
     4     1    19     8    31    16     0     2    -5.0  -34.978  -59.552   1176.4    885.2
     5     1    19     8    31    16     0     2    -5.0  -35.267  -59.935   2235.3    771.9
     1     1    19     8    31    15     0     3    -6.0  -34.864  -59.120     17.0   1015.7
     2     1    19     8    31    15     0     3    -6.0  -34.952  -59.443    267.1    988.7
     3     1    19     8    31    15     0     3    -6.0  -35.026  -59.561    627.4    946.3
     4     1    19     8    31    15     0     3    -6.0  -35.129  -59.687   1185.4    882.8
     5     1    19     8    31    15     0     3    -6.0  -35.493  -60.235   2240.4    769.0
     1     1    19     8    31    14     0     2    -7.0  -34.940  -59.184     16.3   1014.3
     2     1    19     8    31    14     0     2    -7.0  -35.056  -59.531    262.6    989.2
     3     1    19     8    31    14     0     2    -7.0  -35.165  -59.663    627.2    946.7
     4     1    19     8    31    14     0     2    -7.0  -35.314  -59.820   1202.3    881.7
     5     1    19     8    31    14     0     2    -7.0  -35.742  -60.550   2250.0    767.4
     1     1    19     8    31    13     0     1    -8.0  -35.028  -59.227     15.8   1013.2
     2     1    19     8    31    13     0     1    -8.0  -35.190  -59.604    264.6    987.7
     3     1    19     8    31    13     0     1    -8.0  -35.334  -59.766    643.0    942.7
     4     1    19     8    31    13     0     1    -8.0  -35.527  -59.970   1239.9    873.5
     5     1    19     8    31    13     0     1    -8.0  -36.007  -60.885   2283.8    762.7
     1     1    19     8    31    12     0     0    -9.0  -35.126  -59.252     15.7   1012.5
     2     1    19     8    31    12     0     0    -9.0  -35.346  -59.671    272.0    985.1
     3     1    19     8    31    12     0     0    -9.0  -35.521  -59.876    668.0    936.9
     4     1    19     8    31    12     0     0    -9.0  -35.763  -60.133   1280.7    865.3
     5     1    19     8    31    12     0     0    -9.0  -36.281  -61.245   2334.0    755.3
     1     1    19     8    31    11     0     1   -10.0  -35.225  -59.284     15.9   1012.3
     2     1    19     8    31    11     0     1   -10.0  -35.503  -59.743    280.4    981.8
     3     1    19     8    31    11     0     1   -10.0  -35.709  -59.999    689.5    930.5
     4     1    19     8    31    11     0     1   -10.0  -36.006  -60.306   1309.5    858.9
     5     1    19     8    31    11     0     1   -10.0  -36.546  -61.630   2388.6    747.6
     1     1    19     8    31    10     0     2   -11.0  -35.313  -59.343     16.2   1011.8
     2     1    19     8    31    10     0     2   -11.0  -35.647  -59.820    282.6    979.2
     3     1    19     8    31    10     0     2   -11.0  -35.890  -60.127    694.0    927.3
     4     1    19     8    31    10     0     2   -11.0  -36.249  -60.508   1329.9    855.3
     5     1    19     8    31    10     0     2   -11.0  -36.785  -62.028   2440.3    741.1
     1     1    19     8    31     9     0     3   -12.0  -35.392  -59.422     16.4   1011.2
     2     1    19     8    31     9     0     3   -12.0  -35.773  -59.878    271.7    978.3
     3     1    19     8    31     9     0     3   -12.0  -36.065  -60.256    679.6    927.1
     4     1    19     8    31     9     0     3   -12.0  -36.498  -60.756   1359.3    850.7
     5     1    19     8    31     9     0     3   -12.0  -36.994  -62.428   2502.9    735.1
     1     1    19     8    31     8     0     2   -13.0  -35.467  -59.505     16.9   1011.0
     2     1    19     8    31     8     0     2   -13.0  -35.902  -59.909    260.9    980.1
     3     1    19     8    31     8     0     2   -13.0  -36.250  -60.395    677.8    928.8
     4     1    19     8    31     8     0     2   -13.0  -36.741  -61.032   1418.2    845.6
     5     1    19     8    31     8     0     2   -13.0  -37.202  -62.819   2585.3    725.2
     1     1    19     8    31     7     0     1   -14.0  -35.550  -59.580     18.7   1010.6
     2     1    19     8    31     7     0     1   -14.0  -36.064  -59.911    271.2    977.6
     3     1    19     8    31     7     0     1   -14.0  -36.454  -60.549    710.6    922.1
     4     1    19     8    31     7     0     1   -14.0  -36.969  -61.309   1513.1    833.5
     5     1    19     8    31     7     0     1   -14.0  -37.441  -63.182   2673.7    715.9
     1     1    19     8    31     6     0     0   -15.0  -35.653  -59.637     23.2   1009.8
     2     1    19     8    31     6     0     0   -15.0  -36.262  -59.903    312.0    970.1
     3     1    19     8    31     6     0     0   -15.0  -36.655  -60.701    765.6    914.3
     4     1    19     8    31     6     0     0   -15.0  -37.190  -61.607   1614.5    816.6
     5     1    19     8    31     6     0     0   -15.0  -37.714  -63.506   2749.9    708.8
     1     1    19     8    31     5     0     1   -16.0  -35.768  -59.699     31.1   1008.1
     2     1    19     8    31     5     0     1   -16.0  -36.477  -59.926    367.5    957.8
     3     1    19     8    31     5     0     1   -16.0  -36.852  -60.858    834.0    905.3
     4     1    19     8    31     5     0     1   -16.0  -37.430  -61.952   1690.3    798.7
     5     1    19     8    31     5     0     1   -16.0  -38.026  -63.802   2851.3    704.1
     1     1    19     8    31     4     0     2   -17.0  -35.888  -59.805     42.0   1005.8
     2     1    19     8    31     4     0     2   -17.0  -36.696  -59.961    408.5    949.0
     3     1    19     8    31     4     0     2   -17.0  -37.060  -61.034    913.8    896.5
     4     1    19     8    31     4     0     2   -17.0  -37.679  -62.326   1755.9    791.2
     5     1    19     8    31     4     0     2   -17.0  -38.371  -64.124   3004.4    690.9
     1     1    19     8    31     3     0     3   -18.0  -36.038  -59.982     58.1   1001.8
     2     1    19     8    31     3     0     3   -18.0  -36.912  -59.957    424.5    943.4
     3     1    19     8    31     3     0     3   -18.0  -37.289  -61.241   1000.5    882.4
     4     1    19     8    31     3     0     3   -18.0  -37.916  -62.726   1840.5    787.7
     5     1    19     8    31     3     0     3   -18.0  -38.747  -64.516   3134.7    674.3
     1     1    19     8    31     2     0     2   -19.0  -36.207  -60.163     72.6    995.8
     2     1    19     8    31     2     0     2   -19.0  -37.114  -59.952    402.9    943.3
     3     1    19     8    31     2     0     2   -19.0  -37.518  -61.485   1085.3    866.7
     4     1    19     8    31     2     0     2   -19.0  -38.139  -63.142   1947.2    786.2
     5     1    19     8    31     2     0     2   -19.0  -39.128  -64.966   3193.3    668.9
     1     1    19     8    31     1     0     1   -20.0  -36.347  -60.312     74.6    993.8
     2     1    19     8    31     1     0     1   -20.0  -37.299  -60.017    355.7    949.8
     3     1    19     8    31     1     0     1   -20.0  -37.733  -61.767   1188.7    848.3
     4     1    19     8    31     1     0     1   -20.0  -38.341  -63.543   2099.5    778.6
     5     1    19     8    31     1     0     1   -20.0  -39.485  -65.452   3239.1    668.6
     1     1    19     8    31     0     0     0   -21.0  -36.467  -60.467     66.2    994.0
     2     1    19     8    31     0     0     0   -21.0  -37.490  -60.132    312.1    956.5
     3     1    19     8    31     0     0     0   -21.0  -37.951  -62.099   1350.1    823.2
     4     1    19     8    31     0     0     0   -21.0  -38.501  -63.946   2378.4    758.0
     5     1    19     8    31     0     0     0   -21.0  -39.816  -65.983   3370.8    655.3
     1     1    19     8    30    23     0     1   -22.0  -36.570  -60.626     56.8    995.0
     2     1    19     8    30    23     0     1   -22.0  -37.685  -60.251    276.9    959.9
     3     1    19     8    30    23     0     1   -22.0  -38.153  -62.452   1530.2    811.3
     4     1    19     8    30    23     0     1   -22.0  -38.701  -64.357   2657.8    714.3
     5     1    19     8    30    23     0     1   -22.0  -40.167  -66.549   3545.6    627.4
     1     1    19     8    30    22     0     2   -23.0  -36.655  -60.781     51.4    993.9
     2     1    19     8    30    22     0     2   -23.0  -37.873  -60.368    234.5    962.7
     3     1    19     8    30    22     0     2   -23.0  -38.318  -62.786   1650.0    809.6
     4     1    19     8    30    22     0     2   -23.0  -38.930  -64.801   2824.5    698.5
     5     1    19     8    30    22     0     2   -23.0  -40.556  -67.128   3585.8    597.9
     1     1    19     8    30    21     0     3   -24.0  -36.717  -60.942     49.4    992.6
     2     1    19     8    30    21     0     3   -24.0  -38.066  -60.506    182.7    969.8
     3     1    19     8    30    21     0     3   -24.0  -38.456  -63.094   1705.7    811.4
     4     1    19     8    30    21     0     3   -24.0  -39.149  -65.303   2897.4    690.7
     5     1    19     8    30    21     0     3   -24.0  -40.984  -67.707   3619.3    583.1
     1     1    19     8    30    20     0     2   -25.0  -36.767  -61.113     49.8    992.9
     2     1    19     8    30    20     0     2   -25.0  -38.240  -60.662    149.1    981.0
     3     1    19     8    30    20     0     2   -25.0  -38.581  -63.382   1717.1    813.0
     4     1    19     8    30    20     0     2   -25.0  -39.375  -65.833   2917.1    688.2
     5     1    19     8    30    20     0     2   -25.0  -41.454  -68.286   3514.4    548.8
     1     1    19     8    30    19     0     1   -26.0  -36.812  -61.289     52.3    993.1
     2     1    19     8    30    19     0     1   -26.0  -38.374  -60.818    136.3    984.7
     3     1    19     8    30    19     0     1   -26.0  -38.699  -63.662   1695.5    815.7
     4     1    19     8    30    19     0     1   -26.0  -39.589  -66.371   2927.0    686.7
     5     1    19     8    30    19     0     1   -26.0  -41.893  -68.820   3359.3    573.0
     1     1    19     8    30    18     0     0   -27.0  -36.851  -61.473     57.7    992.7
     2     1    19     8    30    18     0     0   -27.0  -38.479  -60.970    132.1    987.4
     3     1    19     8    30    18     0     0   -27.0  -38.812  -63.934   1646.5    820.8
     4     1    19     8    30    18     0     0   -27.0  -39.746  -66.931   2962.9    684.9
     5     1    19     8    30    18     0     0   -27.0  -42.332  -69.342   3504.1    571.9
     1     1    19     8    30    17     0     1   -28.0  -36.893  -61.646     66.4    991.7
     2     1    19     8    30    17     0     1   -28.0  -38.570  -61.121    139.5    988.4
     3     1    19     8    30    17     0     1   -28.0  -38.918  -64.204   1604.2    827.3
     4     1    19     8    30    17     0     1   -28.0  -39.856  -67.507   2956.7    663.3
     5     1    19     8    30    17     0     1   -28.0  -42.776  -69.901   3760.8    556.3
     1     1    19     8    30    16     0     2   -29.0  -36.947  -61.785     77.8    990.6
     2     1    19     8    30    16     0     2   -29.0  -38.656  -61.275    166.3    986.2
     3     1    19     8    30    16     0     2   -29.0  -39.022  -64.472   1585.8    827.1
     4     1    19     8    30    16     0     2   -29.0  -39.945  -68.018   2856.4    652.6
     5     1    19     8    30    16     0     2   -29.0  -43.251  -70.481   3891.0    536.9
     1     1    19     8    30    15     0     3   -30.0  -37.012  -61.890     90.7    988.9
     2     1    19     8    30    15     0     3   -30.0  -38.731  -61.428    206.5    982.3
     3     1    19     8    30    15     0     3   -30.0  -39.120  -64.733   1574.6    826.6
     4     1    19     8    30    15     0     3   -30.0  -40.012  -68.430   2672.0    662.2
     5     1    19     8    30    15     0     3   -30.0  -43.761  -70.980   3758.2    544.6
     1     1    19     8    30    14     0     2   -31.0  -37.103  -61.983    108.9    983.9
     2     1    19     8    30    14     0     2   -31.0  -38.809  -61.582    243.3    979.0
     3     1    19     8    30    14     0     2   -31.0  -39.230  -64.980   1568.6    826.7
     4     1    19     8    30    14     0     2   -31.0  -40.093  -68.770   2461.9    682.0
     5     1    19     8    30    14     0     2   -31.0  -44.277  -71.464   3559.5    576.4
     1     1    19     8    30    13     0     1   -32.0  -37.234  -62.086    142.2    976.1
     2     1    19     8    30    13     0     1   -32.0  -38.906  -61.742    255.9    980.0
     3     1    19     8    30    13     0     1   -32.0  -39.368  -65.205   1560.6    825.3
     4     1    19     8    30    13     0     1   -32.0  -40.231  -69.107   2353.9    688.8
     5     1    19     8    30    13     0     1   -32.0  -44.825  -72.088   3602.3    573.4
     1     1    19     8    30    12     0     0   -33.0  -37.406  -62.203    197.9    964.7
     2     1    19     8    30    12     0     0   -33.0  -39.024  -61.904    222.1    986.9
     3     1    19     8    30    12     0     0   -33.0  -39.535  -65.395   1545.3    826.2
     4     1    19     8    30    12     0     0   -33.0  -40.435  -69.449   2386.6    682.0
     5     1    19     8    30    12     0     0   -33.0  -45.373  -72.819   3908.9    565.6
     1     1    19     8    30    11     0     1   -34.0  -37.593  -62.362    273.0    952.0
     2     1    19     8    30    11     0     1   -34.0  -39.134  -62.105    172.8    996.4
     3     1    19     8    30    11     0     1   -34.0  -39.737  -65.553   1533.2    826.6
     4     1    19     8    30    11     0     1   -34.0  -40.700  -69.801   2435.1    659.2
     5     1    19     8    30    11     0     1   -34.0  -45.913  -73.651   4288.8    546.2
     1     1    19     8    30    10     0     2   -35.0  -37.781  -62.585    337.8    942.9
     2     1    19     8    30    10     0     2   -35.0  -39.240  -62.353    144.0    998.9
     3     1    19     8    30    10     0     2   -35.0  -39.983  -65.694   1537.6    824.5
     4     1    19     8    30    10     0     2   -35.0  -41.012  -70.206   2372.8    652.4
     5     1    19     8    30    10     0     2   -35.0  -46.409  -74.470   4440.6    558.3
     1     1    19     8    30     9     0     3   -36.0  -37.985  -62.870    351.8    944.3
     2     1    19     8    30     9     0     3   -36.0  -39.340  -62.627    134.4    999.0
     3     1    19     8    30     9     0     3   -36.0  -40.279  -65.852   1558.0    817.3
     4     1    19     8    30     9     0     3   -36.0  -41.332  -70.819   2286.6    668.0
     5     1    19     8    30     9     0     3   -36.0  -46.864  -75.234   4456.8    571.0
     1     1    19     8    30     8     0     2   -37.0  -38.176  -63.192    305.6    960.3
     2     1    19     8    30     8     0     2   -37.0  -39.436  -62.906    137.3    998.6
     3     1    19     8    30     8     0     2   -37.0  -40.602  -66.076   1614.2    802.4
     4     1    19     8    30     8     0     2   -37.0  -41.644  -71.605   2317.4    672.5
     5     1    19     8    30     8     0     2   -37.0  -47.280  -76.008   4402.1    577.7
     1     1    19     8    30     7     0     1   -38.0  -38.351  -63.540    272.8    968.5
     2     1    19     8    30     7     0     1   -38.0  -39.551  -63.183    145.9    995.4
     3     1    19     8    30     7     0     1   -38.0  -40.934  -66.396   1729.5    772.8
     4     1    19     8    30     7     0     1   -38.0  -41.919  -72.364   2692.8    666.9
     5     1    19     8    30     7     0     1   -38.0  -47.697  -76.810   4352.8    581.3
     1     1    19     8    30     6     0     0   -39.0  -38.538  -63.934    259.0    972.1
     2     1    19     8    30     6     0     0   -39.0  -39.698  -63.486    151.5    991.2
     3     1    19     8    30     6     0     0   -39.0  -41.270  -66.818   1882.4    736.7
     4     1    19     8    30     6     0     0   -39.0  -42.122  -72.930   2937.3    696.3
     5     1    19     8    30     6     0     0   -39.0  -48.123  -77.596   4333.1    582.4
     1     1    19     8    30     5     0     1   -40.0  -38.738  -64.370    264.3    969.2
     2     1    19     8    30     5     0     1   -40.0  -39.846  -63.850    149.5    987.4
     3     1    19     8    30     5     0     1   -40.0  -41.633  -67.274   1888.8    722.7
     4     1    19     8    30     5     0     1   -40.0  -42.285  -73.369   2950.7    703.9
     5     1    19     8    30     5     0     1   -40.0  -48.522  -78.422   4316.2    583.8
     1     1    19     8    30     4     0     2   -41.0  -38.956  -64.837    287.1    964.8
     2     1    19     8    30     4     0     2   -41.0  -39.967  -64.294    152.5    986.2
     3     1    19     8    30     4     0     2   -41.0  -42.040  -67.793   1881.0    699.8
     4     1    19     8    30     4     0     2   -41.0  -42.461  -73.813   2956.4    697.8
     5     1    19     8    30     4     0     2   -41.0  -48.937  -79.299   4300.6    584.1
     1     1    19     8    30     3     0     3   -42.0  -39.205  -65.343    336.9    956.4
     2     1    19     8    30     3     0     3   -42.0  -40.101  -64.824    215.0    980.0
     3     1    19     8    30     3     0     3   -42.0  -42.461  -68.403   2189.4    670.5
     4     1    19     8    30     3     0     3   -42.0  -42.662  -74.287   2959.3    695.5
     5     1    19     8    30     3     0     3   -42.0  -49.369  -80.234   4250.2    589.1
     1     1    19     8    30     2     0     2   -43.0  -39.444  -65.910    395.7    944.5
     2     1    19     8    30     2     0     2   -43.0  -40.273  -65.420    323.9    958.2
     3     1    19     8    30     2     0     2   -43.0  -42.862  -68.988   2312.2    671.6
     4     1    19     8    30     2     0     2   -43.0  -42.886  -74.778   2962.4    700.3
     5     1    19     8    30     2     0     2   -43.0  -49.800  -81.201   4230.2    590.2
     1     1    19     8    30     1     0     1   -44.0  -39.666  -66.520    472.1    934.4
     2     1    19     8    30     1     0     1   -44.0  -40.449  -66.022    435.6    932.0
     3     1    19     8    30     1     0     1   -44.0  -43.265  -69.605   2288.2    683.4
     4     1    19     8    30     1     0     1   -44.0  -43.130  -75.270   2937.7    705.9
     5     1    19     8    30     1     0     1   -44.0  -50.253  -82.219   4248.8    588.5
     1     1    19     8    30     0     0     0   -45.0  -39.876  -67.156    612.3    912.7
     2     1    19     8    30     0     0     0   -45.0  -40.641  -66.645    586.9    890.6
     3     1    19     8    30     0     0     0   -45.0  -43.695  -70.300   2910.5    613.4
     4     1    19     8    30     0     0     0   -45.0  -43.389  -75.778   2879.0    711.1
     5     1    19     8    30     0     0     0   -45.0  -50.706  -83.224   4281.0    585.4
     1     1    19     8    29    23     0     1   -46.0  -40.036  -67.763    797.7    860.1
     2     1    19     8    29    23     0     1   -46.0  -40.841  -67.286    714.6    850.9
     3     1    19     8    29    23     0     1   -46.0  -44.150  -71.037   3051.9    593.1
     4     1    19     8    29    23     0     1   -46.0  -43.668  -76.313   2833.5    715.3
     5     1    19     8    29    23     0     1   -46.0  -51.149  -84.257   4310.4    582.1
     1     1    19     8    29    22     0     2   -47.0  -40.174  -68.305    911.7    827.4
     2     1    19     8    29    22     0     2   -47.0  -41.054  -67.956    875.6    818.2
     3     1    19     8    29    22     0     2   -47.0  -44.585  -71.893   3011.0    616.1
     4     1    19     8    29    22     0     2   -47.0  -43.978  -76.877   2831.7    715.2
     5     1    19     8    29    22     0     2   -47.0  -51.609  -85.384   4295.0    583.2
     1     1    19     8    29    21     0     3   -48.0  -40.285  -68.858    822.6    823.4
     2     1    19     8    29    21     0     3   -48.0  -41.279  -68.681    868.4    789.3
     3     1    19     8    29    21     0     3   -48.0  -44.955  -72.843   3456.5    595.9
     4     1    19     8    29    21     0     3   -48.0  -44.318  -77.449   2855.3    711.5
     5     1    19     8    29    21     0     3   -48.0  -52.062  -86.510   4249.2    587.3
     1     1    19     8    29    20     0     2   -49.0  -40.354  -69.455    652.7    847.2
     2     1    19     8    29    20     0     2   -49.0  -41.456  -69.431    588.2    819.4
     3     1    19     8    29    20     0     2   -49.0  -45.300  -73.749   3833.5    585.0
     4     1    19     8    29    20     0     2   -49.0  -44.665  -78.028   2847.2    712.2
     5     1    19     8    29    20     0     2   -49.0  -52.497  -87.719   4238.1    586.8
     1     1    19     8    29    19     0     1   -50.0  -40.415  -70.094    662.6    845.9
     2     1    19     8    29    19     0     1   -50.0  -41.559  -70.166    318.3    861.3
     3     1    19     8    29    19     0     1   -50.0  -45.657  -74.573   3842.5    603.8
     4     1    19     8    29    19     0     1   -50.0  -45.017  -78.640   2854.1    712.0
     5     1    19     8    29    19     0     1   -50.0  -52.913  -88.978   4228.4    587.7
     1     1    19     8    29    18     0     0   -51.0  -40.459  -70.798    762.6    820.3
     2     1    19     8    29    18     0     0   -51.0  -41.594  -70.886    289.8    867.7
     3     1    19     8    29    18     0     0   -51.0  -45.997  -75.341   3793.6    614.4
     4     1    19     8    29    18     0     0   -51.0  -45.397  -79.262   2907.7    706.1
     5     1    19     8    29    18     0     0   -51.0  -53.309  -90.262   4213.4    588.2
     1     1    19     8    29    17     0     1   -52.0  -40.466  -71.509    814.7    809.3
     2     1    19     8    29    17     0     1   -52.0  -41.585  -71.555    486.1    838.5
     3     1    19     8    29    17     0     1   -52.0  -46.332  -76.090   3792.5    624.6
     4     1    19     8    29    17     0     1   -52.0  -45.800  -79.863   2942.1    701.9
     5     1    19     8    29    17     0     1   -52.0  -53.689  -91.617   4193.0    589.9
     1     1    19     8    29    16     0     2   -53.0  -40.436  -72.001    696.4    823.8
     2     1    19     8    29    16     0     2   -53.0  -41.541  -71.953    457.9    845.3
     3     1    19     8    29    16     0     2   -53.0  -46.695  -76.833   3748.6    627.8
     4     1    19     8    29    16     0     2   -53.0  -46.220  -80.474   2936.6    703.0
     5     1    19     8    29    16     0     2   -53.0  -54.071  -93.017   4179.6    591.6
     1     1    19     8    29    15     0     3   -54.0  -40.383  -72.323    541.9    870.2
     2     1    19     8    29    15     0     3   -54.0  -41.481  -72.200    337.2    883.6
     3     1    19     8    29    15     0     3   -54.0  -47.071  -77.578   3682.0    633.5
     4     1    19     8    29    15     0     3   -54.0  -46.677  -81.111   2953.2    701.6
     5     1    19     8    29    15     0     3   -54.0  -54.453  -94.429   4247.7    586.6
     1     1    19     8    29    14     0     2   -55.0  -40.306  -72.592    406.1    908.7
     2     1    19     8    29    14     0     2   -55.0  -41.404  -72.428    225.6    920.9
     3     1    19     8    29    14     0     2   -55.0  -47.458  -78.318   3628.9    637.4
     4     1    19     8    29    14     0     2   -55.0  -47.177  -81.765   2996.9    696.1
     5     1    19     8    29    14     0     2   -55.0  -54.817  -95.821   4310.8    579.6
     1     1    19     8    29    13     0     1   -56.0  -40.216  -72.844    311.7    940.7
     2     1    19     8    29    13     0     1   -56.0  -41.303  -72.644    143.4    953.1
     3     1    19     8    29    13     0     1   -56.0  -47.864  -79.069   3604.2    639.3
     4     1    19     8    29    13     0     1   -56.0  -47.701  -82.458   3017.1    692.8
     5     1    19     8    29    13     0     1   -56.0  -55.157  -97.238   4298.6    580.5
     1     1    19     8    29    12     0     0   -57.0  -40.123  -73.106    266.4    961.4
     2     1    19     8    29    12     0     0   -57.0  -41.180  -72.830    101.0    975.3
     3     1    19     8    29    12     0     0   -57.0  -48.282  -79.833   3609.8    637.4
     4     1    19     8    29    12     0     0   -57.0  -48.249  -83.196   2977.2    696.1
     5     1    19     8    29    12     0     0   -57.0  -55.488  -98.704   4244.1    584.5
     1     1    19     8    29    11     0     1   -58.0  -40.054  -73.382    240.8    971.8
     2     1    19     8    29    11     0     1   -58.0  -41.043  -72.982     97.8    988.7
     3     1    19     8    29    11     0     1   -58.0  -48.719  -80.595   3597.5    638.2
     4     1    19     8    29    11     0     1   -58.0  -48.808  -83.960   2964.7    697.4
     5     1    19     8    29    11     0     1   -58.0  -55.794 -100.139   4206.3    587.6
     1     1    19     8    29    10     0     2   -59.0  -40.016  -73.677    222.7    982.8
     2     1    19     8    29    10     0     2   -59.0  -40.912  -73.135    107.2    988.8
     3     1    19     8    29    10     0     2   -59.0  -49.180  -81.359   3590.4    638.7
     4     1    19     8    29    10     0     2   -59.0  -49.343  -84.755   2990.3    694.3
     5     1    19     8    29    10     0     2   -59.0  -56.053 -101.620   4177.5    589.9
     1     1    19     8    29     9     0     3   -60.0  -40.020  -74.013    200.5    995.4
     2     1    19     8    29     9     0     3   -60.0  -40.812  -73.318     93.4    992.7
     3     1    19     8    29     9     0     3   -60.0  -49.659  -82.109   3608.1    637.0
     4     1    19     8    29     9     0     3   -60.0  -49.872  -85.568   3028.1    690.5
     5     1    19     8    29     9     0     3   -60.0  -56.290 -103.188   4170.5    589.9
     1     1    19     8    29     8     0     2   -61.0  -40.053  -74.377    173.6    999.0
     2     1    19     8    29     8     0     2   -61.0  -40.743  -73.517     61.4   1000.4
     3     1    19     8    29     8     0     2   -61.0  -50.149  -82.874   3610.1    635.9
     4     1    19     8    29     8     0     2   -61.0  -50.425  -86.390   3057.7    687.3
     5     1    19     8    29     8     0     2   -61.0  -56.512 -104.763   4187.6    588.0
     1     1    19     8    29     7     0     1   -62.0  -40.099  -74.740    161.9   1000.5
     2     1    19     8    29     7     0     1   -62.0  -40.694  -73.733     29.5   1007.2
     3     1    19     8    29     7     0     1   -62.0  -50.668  -83.679   3584.0    637.8
     4     1    19     8    29     7     0     1   -62.0  -50.959  -87.239   3085.3    684.4
     5     1    19     8    29     7     0     1   -62.0  -56.707 -106.330   4211.5    585.7
     1     1    19     8    29     6     0     0   -63.0  -40.162  -75.096    174.8    998.7
     2     1    19     8    29     6     0     0   -63.0  -40.661  -73.993      9.5   1013.4
     3     1    19     8    29     6     0     0   -63.0  -51.210  -84.480   3586.3    637.2
     4     1    19     8    29     6     0     0   -63.0  -51.497  -88.116   3115.0    681.2
     5     1    19     8    29     6     0     0   -63.0  -56.868 -107.829   4245.7    582.2
     1     1    19     8    29     5     0     1   -64.0  -40.234  -75.472    194.8    995.8
     2     1    19     8    29     5     0     1   -64.0  -40.646  -74.292      0.0   1014.9
     3     1    19     8    29     5     0     1   -64.0  -51.728  -85.306   3599.2    635.5
     4     1    19     8    29     5     0     1   -64.0  -52.043  -88.992   3173.9    676.3
     5     1    19     8    29     5     0     1   -64.0  -57.008 -109.289   4265.3    580.9
     1     1    19     8    29     4     0     2   -65.0  -40.324  -75.880    199.9    994.6
     2     1    19     8    29     4     0     2   -65.0  -40.656  -74.607      0.0   1016.2
     3     1    19     8    29     4     0     2   -65.0  -52.234  -86.166   3586.3    637.1
     4     1    19     8    29     4     0     2   -65.0  -52.605  -89.913   3219.0    671.2
     5     1    19     8    29     4     0     2   -65.0  -57.134 -110.846   4315.9    576.8
     1     1    19     8    29     3     0     3   -66.0  -40.439  -76.312    185.3    996.4
     2     1    19     8    29     3     0     3   -66.0  -40.694  -74.946      0.0   1017.7
     3     1    19     8    29     3     0     3   -66.0  -52.743  -87.044   3592.4    636.2
     4     1    19     8    29     3     0     3   -66.0  -53.184  -90.888   3252.2    669.0
     5     1    19     8    29     3     0     3   -66.0  -57.238 -112.459   4364.1    573.2
     1     1    19     8    29     2     0     2   -67.0  -40.570  -76.763    175.2    997.1
     2     1    19     8    29     2     0     2   -67.0  -40.754  -75.316      0.0   1016.9
     3     1    19     8    29     2     0     2   -67.0  -53.237  -87.907   3603.7    634.8
     4     1    19     8    29     2     0     2   -67.0  -53.769  -91.937   3302.6    663.5
     5     1    19     8    29     2     0     2   -67.0  -57.325 -114.090   4427.7    567.3
     1     1    19     8    29     1     0     1   -68.0  -40.710  -77.237    182.1    995.4
     2     1    19     8    29     1     0     1   -68.0  -40.829  -75.714      0.0   1015.9
     3     1    19     8    29     1     0     1   -68.0  -53.737  -88.767   3639.1    631.3
     4     1    19     8    29     1     0     1   -68.0  -54.331  -93.079   3333.4    660.2
     5     1    19     8    29     1     0     1   -68.0  -57.424 -115.705   4476.2    563.3
     1     1    19     8    29     0     0     0   -69.0  -40.862  -77.729    195.3    992.9
     2     1    19     8    29     0     0     0   -69.0  -40.920  -76.137      0.0   1014.7
     3     1    19     8    29     0     0     0   -69.0  -54.254  -89.632   3685.7    626.6
     4     1    19     8    29     0     0     0   -69.0  -54.859  -94.310   3314.4    661.2
     5     1    19     8    29     0     0     0   -69.0  -57.502 -117.248   4544.2    557.0
