     7     1
    GDAS    19    12    29     0     0
    GDAS    20     1     1     0     0
    GDAS    20     1     8     0     0
    GDAS    20     1    15     0     0
    GDAS    20     1    22     0     0
    GDAS    20     1    29     0     0
    GDAS    20     2     1     0     0
     5 BACKWARD OMEGA   
    20     1    21    15  -34.572  -58.513    10.0
    20     1    21    15  -34.572  -58.513   200.0
    20     1    21    15  -34.572  -58.513   500.0
    20     1    21    15  -34.572  -58.513  1000.0
    20     1    21    15  -34.572  -58.513  2000.0
     1 PRESSURE
     1     1    20     1    21    15     0     3     0.0  -34.572  -58.513     10.0   1004.8
     2     1    20     1    21    15     0     3     0.0  -34.572  -58.513    200.0    984.5
     3     1    20     1    21    15     0     3     0.0  -34.572  -58.513    500.0    951.5
     4     1    20     1    21    15     0     3     0.0  -34.572  -58.513   1000.0    898.3
     5     1    20     1    21    15     0     3     0.0  -34.572  -58.513   2000.0    799.1
     1     1    20     1    21    14     0     2    -1.0  -34.563  -58.466      9.3   1005.1
     2     1    20     1    21    14     0     2    -1.0  -34.577  -58.440    184.7    987.0
     3     1    20     1    21    14     0     2    -1.0  -34.588  -58.428    479.8    955.1
     4     1    20     1    21    14     0     2    -1.0  -34.571  -58.415   1013.2    897.6
     5     1    20     1    21    14     0     2    -1.0  -34.568  -58.328   2148.3    783.3
     1     1    20     1    21    13     0     1    -2.0  -34.549  -58.434      8.8   1005.4
     2     1    20     1    21    13     0     1    -2.0  -34.569  -58.384    178.1    987.3
     3     1    20     1    21    13     0     1    -2.0  -34.587  -58.349    480.7    954.1
     4     1    20     1    21    13     0     1    -2.0  -34.552  -58.320   1043.1    893.7
     5     1    20     1    21    13     0     1    -2.0  -34.558  -58.151   2250.2    772.0
     1     1    20     1    21    12     0     0    -3.0  -34.532  -58.418      8.7   1005.7
     2     1    20     1    21    12     0     0    -3.0  -34.547  -58.348    176.6    987.4
     3     1    20     1    21    12     0     0    -3.0  -34.568  -58.281    493.0    951.9
     4     1    20     1    21    12     0     0    -3.0  -34.512  -58.228   1085.0    888.6
     5     1    20     1    21    12     0     0    -3.0  -34.546  -57.982   2281.9    767.2
     1     1    20     1    21    11     0     1    -4.0  -34.519  -58.412      8.6   1005.5
     2     1    20     1    21    11     0     1    -4.0  -34.532  -58.331    174.6    986.5
     3     1    20     1    21    11     0     1    -4.0  -34.553  -58.231    493.0    949.1
     4     1    20     1    21    11     0     1    -4.0  -34.475  -58.137   1086.2    882.6
     5     1    20     1    21    11     0     1    -4.0  -34.540  -57.824   2230.6    771.4
     1     1    20     1    21    10     0     2    -5.0  -34.521  -58.405      8.4   1005.3
     2     1    20     1    21    10     0     2    -5.0  -34.537  -58.322    167.9    987.2
     3     1    20     1    21    10     0     2    -5.0  -34.560  -58.199    463.6    952.3
     4     1    20     1    21    10     0     2    -5.0  -34.461  -58.053    993.0    891.0
     5     1    20     1    21    10     0     2    -5.0  -34.546  -57.676   2110.7    783.4
     1     1    20     1    21     9     0     3    -6.0  -34.536  -58.396      8.1   1005.1
     2     1    20     1    21     9     0     3    -6.0  -34.566  -58.315    157.6    988.4
     3     1    20     1    21     9     0     3    -6.0  -34.589  -58.178    413.6    958.6
     4     1    20     1    21     9     0     3    -6.0  -34.471  -57.982    826.1    910.2
     5     1    20     1    21     9     0     3    -6.0  -34.570  -57.539   1947.9    799.6
     1     1    20     1    21     8     0     2    -7.0  -34.558  -58.389      7.8   1004.9
     2     1    20     1    21     8     0     2    -7.0  -34.603  -58.305    148.5    990.2
     3     1    20     1    21     8     0     2    -7.0  -34.627  -58.154    370.3    965.5
     4     1    20     1    21     8     0     2    -7.0  -34.498  -57.926    689.7    933.5
     5     1    20     1    21     8     0     2    -7.0  -34.606  -57.411   1802.0    818.2
     1     1    20     1    21     7     0     1    -8.0  -34.578  -58.389      7.6   1004.7
     2     1    20     1    21     7     0     1    -8.0  -34.634  -58.296    144.6    990.5
     3     1    20     1    21     7     0     1    -8.0  -34.656  -58.120    350.0    967.2
     4     1    20     1    21     7     0     1    -8.0  -34.529  -57.872    624.0    937.6
     5     1    20     1    21     7     0     1    -8.0  -34.653  -57.295   1698.2    826.0
     1     1    20     1    21     6     0     0    -9.0  -34.597  -58.396      7.6   1004.5
     2     1    20     1    21     6     0     0    -9.0  -34.656  -58.290    145.6    990.2
     3     1    20     1    21     6     0     0    -9.0  -34.674  -58.080    350.0    966.9
     4     1    20     1    21     6     0     0    -9.0  -34.560  -57.811    603.6    938.5
     5     1    20     1    21     6     0     0    -9.0  -34.717  -57.194   1594.4    834.8
     1     1    20     1    21     5     0     1   -10.0  -34.612  -58.388      7.7   1004.3
     2     1    20     1    21     5     0     1   -10.0  -34.669  -58.259    148.5    989.5
     3     1    20     1    21     5     0     1   -10.0  -34.679  -58.008    362.3    964.8
     4     1    20     1    21     5     0     1   -10.0  -34.579  -57.724    607.4    937.1
     5     1    20     1    21     5     0     1   -10.0  -34.776  -57.105   1515.7    848.0
     1     1    20     1    21     4     0     2   -11.0  -34.623  -58.346      7.5   1004.1
     2     1    20     1    21     4     0     2   -11.0  -34.673  -58.175    150.3    989.2
     3     1    20     1    21     4     0     2   -11.0  -34.664  -57.880    377.6    962.9
     4     1    20     1    21     4     0     2   -11.0  -34.577  -57.596    619.8    935.7
     5     1    20     1    21     4     0     2   -11.0  -34.796  -57.014   1507.1    850.0
     1     1    20     1    21     3     0     3   -12.0  -34.629  -58.271      7.2   1003.7
     2     1    20     1    21     3     0     3   -12.0  -34.668  -58.043    153.9    988.7
     3     1    20     1    21     3     0     3   -12.0  -34.631  -57.703    392.1    960.7
     4     1    20     1    21     3     0     3   -12.0  -34.558  -57.431    638.4    933.4
     5     1    20     1    21     3     0     3   -12.0  -34.774  -56.917   1581.7    843.5
     1     1    20     1    21     2     0     2   -13.0  -34.632  -58.189      7.1   1003.4
     2     1    20     1    21     2     0     2   -13.0  -34.655  -57.895    159.0    987.2
     3     1    20     1    21     2     0     2   -13.0  -34.589  -57.524    399.8    958.5
     4     1    20     1    21     2     0     2   -13.0  -34.536  -57.264    650.3    929.8
     5     1    20     1    21     2     0     2   -13.0  -34.741  -56.824   1661.4    826.7
     1     1    20     1    21     1     0     1   -14.0  -34.631  -58.124      7.3   1003.1
     2     1    20     1    21     1     0     1   -14.0  -34.631  -57.762    164.3    986.1
     3     1    20     1    21     1     0     1   -14.0  -34.547  -57.380    406.7    957.6
     4     1    20     1    21     1     0     1   -14.0  -34.519  -57.124    649.0    929.7
     5     1    20     1    21     1     0     1   -14.0  -34.703  -56.751   1661.8    826.8
     1     1    20     1    21     0     0     0   -15.0  -34.629  -58.073      7.6   1002.8
     2     1    20     1    21     0     0     0   -15.0  -34.593  -57.648    175.7    984.4
     3     1    20     1    21     0     0     0   -15.0  -34.504  -57.271    429.5    955.2
     4     1    20     1    21     0     0     0   -15.0  -34.506  -57.007    645.2    930.2
     5     1    20     1    21     0     0     0   -15.0  -34.656  -56.697   1595.6    833.3
     1     1    20     1    20    23     0     1   -16.0  -34.622  -58.021      8.0   1002.7
     2     1    20     1    20    23     0     1   -16.0  -34.551  -57.548    203.9    980.8
     3     1    20     1    20    23     0     1   -16.0  -34.470  -57.194    497.2    949.1
     4     1    20     1    20    23     0     1   -16.0  -34.493  -56.919    684.5    930.3
     5     1    20     1    20    23     0     1   -16.0  -34.609  -56.665   1535.9    845.3
     1     1    20     1    20    22     0     2   -17.0  -34.608  -57.952      8.5   1002.6
     2     1    20     1    20    22     0     2   -17.0  -34.520  -57.452    262.5    974.4
     3     1    20     1    20    22     0     2   -17.0  -34.446  -57.152    643.0    934.4
     4     1    20     1    20    22     0     2   -17.0  -34.470  -56.882    809.1    916.5
     5     1    20     1    20    22     0     2   -17.0  -34.571  -56.658   1540.8    843.7
     1     1    20     1    20    21     0     3   -18.0  -34.589  -57.863      9.3   1002.4
     2     1    20     1    20    21     0     3   -18.0  -34.506  -57.370    374.4    963.0
     3     1    20     1    20    21     0     3   -18.0  -34.412  -57.157    902.0    908.3
     4     1    20     1    20    21     0     3   -18.0  -34.430  -56.898   1033.0    893.2
     5     1    20     1    20    21     0     3   -18.0  -34.542  -56.683   1596.0    836.9
     1     1    20     1    20    20     0     2   -19.0  -34.569  -57.776     10.2   1002.3
     2     1    20     1    20    20     0     2   -19.0  -34.487  -57.322    511.5    943.0
     3     1    20     1    20    20     0     2   -19.0  -34.368  -57.190   1130.6    868.9
     4     1    20     1    20    20     0     2   -19.0  -34.386  -56.943   1233.7    860.0
     5     1    20     1    20    20     0     2   -19.0  -34.516  -56.726   1642.3    827.1
     1     1    20     1    20    19     0     1   -20.0  -34.548  -57.714     10.1   1002.4
     2     1    20     1    20    19     0     1   -20.0  -34.446  -57.297    587.8    932.2
     3     1    20     1    20    19     0     1   -20.0  -34.320  -57.218   1194.3    863.0
     4     1    20     1    20    19     0     1   -20.0  -34.340  -56.983   1294.7    853.4
     5     1    20     1    20    19     0     1   -20.0  -34.484  -56.765   1633.2    827.7
     1     1    20     1    20    18     0     0   -21.0  -34.527  -57.680      8.7   1002.6
     2     1    20     1    20    18     0     0   -21.0  -34.394  -57.280    557.8    933.0
     3     1    20     1    20    18     0     0   -21.0  -34.261  -57.238   1096.5    872.8
     4     1    20     1    20    18     0     0   -21.0  -34.285  -57.008   1206.8    861.2
     5     1    20     1    20    18     0     0   -21.0  -34.441  -56.793   1560.8    834.0
     1     1    20     1    20    17     0     1   -22.0  -34.505  -57.651      6.4   1002.7
     2     1    20     1    20    17     0     1   -22.0  -34.346  -57.251    481.3    947.6
     3     1    20     1    20    17     0     1   -22.0  -34.200  -57.241    929.8    899.1
     4     1    20     1    20    17     0     1   -22.0  -34.220  -57.009   1063.7    885.2
     5     1    20     1    20    17     0     1   -22.0  -34.393  -56.801   1465.4    847.6
     1     1    20     1    20    16     0     2   -23.0  -34.485  -57.605      4.0   1002.8
     2     1    20     1    20    16     0     2   -23.0  -34.305  -57.199    423.9    953.7
     3     1    20     1    20    16     0     2   -23.0  -34.146  -57.216    798.4    912.6
     4     1    20     1    20    16     0     2   -23.0  -34.157  -56.984    972.0    894.7
     5     1    20     1    20    16     0     2   -23.0  -34.351  -56.787   1398.3    854.1
     1     1    20     1    20    15     0     3   -24.0  -34.465  -57.541      1.5   1002.9
     2     1    20     1    20    15     0     3   -24.0  -34.263  -57.125    391.2    956.6
     3     1    20     1    20    15     0     3   -24.0  -34.094  -57.163    714.6    921.2
     4     1    20     1    20    15     0     3   -24.0  -34.095  -56.937    939.6    898.0
     5     1    20     1    20    15     0     3   -24.0  -34.316  -56.751   1366.0    857.4
     1     1    20     1    20    14     0     2   -25.0  -34.436  -57.470      0.0   1002.6
     2     1    20     1    20    14     0     2   -25.0  -34.220  -57.048    378.1    956.0
     3     1    20     1    20    14     0     2   -25.0  -34.063  -57.107    666.0    923.6
     4     1    20     1    20    14     0     2   -25.0  -34.057  -56.889    935.5    894.5
     5     1    20     1    20    14     0     2   -25.0  -34.296  -56.709   1360.6    856.8
     1     1    20     1    20    13     0     1   -26.0  -34.391  -57.401      0.0   1002.0
     2     1    20     1    20    13     0     1   -26.0  -34.178  -56.985    367.0    955.6
     3     1    20     1    20    13     0     1   -26.0  -34.075  -57.068    620.8    927.4
     4     1    20     1    20    13     0     1   -26.0  -34.067  -56.853    927.1    895.8
     5     1    20     1    20    13     0     1   -26.0  -34.302  -56.676   1371.2    855.9
     1     1    20     1    20    12     0     0   -27.0  -34.329  -57.331      0.0   1001.1
     2     1    20     1    20    12     0     0   -27.0  -34.139  -56.932    350.2    956.8
     3     1    20     1    20    12     0     0   -27.0  -34.118  -57.039    571.5    932.7
     4     1    20     1    20    12     0     0   -27.0  -34.123  -56.828    916.5    897.9
     5     1    20     1    20    12     0     0   -27.0  -34.333  -56.652   1398.2    853.7
     1     1    20     1    20    11     0     1   -28.0  -34.253  -57.266      0.4   1000.0
     2     1    20     1    20    11     0     1   -28.0  -34.079  -56.897    335.6    958.5
     3     1    20     1    20    11     0     1   -28.0  -34.142  -57.032    530.2    938.4
     4     1    20     1    20    11     0     1   -28.0  -34.190  -56.823    899.6    900.0
     5     1    20     1    20    11     0     1   -28.0  -34.380  -56.646   1420.0    849.9
     1     1    20     1    20    10     0     2   -29.0  -34.169  -57.211      1.2    998.8
     2     1    20     1    20    10     0     2   -29.0  -33.985  -56.887    330.3    957.6
     3     1    20     1    20    10     0     2   -29.0  -34.122  -57.060    502.8    940.7
     4     1    20     1    20    10     0     2   -29.0  -34.236  -56.854    868.1    903.6
     5     1    20     1    20    10     0     2   -29.0  -34.432  -56.662   1413.7    850.9
     1     1    20     1    20     9     0     3   -30.0  -34.076  -57.165      2.5    997.8
     2     1    20     1    20     9     0     3   -30.0  -33.859  -56.899    333.2    957.6
     3     1    20     1    20     9     0     3   -30.0  -34.067  -57.123    489.5    941.5
     4     1    20     1    20     9     0     3   -30.0  -34.257  -56.926    824.7    907.8
     5     1    20     1    20     9     0     3   -30.0  -34.484  -56.702   1380.2    854.5
     1     1    20     1    20     8     0     2   -31.0  -33.975  -57.122      4.3    996.6
     2     1    20     1    20     8     0     2   -31.0  -33.707  -56.914    340.5    957.3
     3     1    20     1    20     8     0     2   -31.0  -33.978  -57.198    493.5    940.9
     4     1    20     1    20     8     0     2   -31.0  -34.237  -57.022    786.1    912.5
     5     1    20     1    20     8     0     2   -31.0  -34.523  -56.771   1336.5    860.6
     1     1    20     1    20     7     0     1   -32.0  -33.870  -57.071      6.1    996.9
     2     1    20     1    20     7     0     1   -32.0  -33.535  -56.908    350.4    957.4
     3     1    20     1    20     7     0     1   -32.0  -33.851  -57.257    509.8    939.9
     4     1    20     1    20     7     0     1   -32.0  -34.170  -57.121    765.3    914.0
     5     1    20     1    20     7     0     1   -32.0  -34.537  -56.867   1293.9    864.3
     1     1    20     1    20     6     0     0   -33.0  -33.759  -57.010      7.7    997.5
     2     1    20     1    20     6     0     0   -33.0  -33.350  -56.884    363.3    957.3
     3     1    20     1    20     6     0     0   -33.0  -33.696  -57.298    530.5    938.8
     4     1    20     1    20     6     0     0   -33.0  -34.056  -57.219    760.3    913.2
     5     1    20     1    20     6     0     0   -33.0  -34.522  -56.987   1243.8    868.3
     1     1    20     1    20     5     0     1   -34.0  -33.656  -56.937      9.2    998.2
     2     1    20     1    20     5     0     1   -34.0  -33.174  -56.822    379.4    957.0
     3     1    20     1    20     5     0     1   -34.0  -33.538  -57.306    548.5    938.0
     4     1    20     1    20     5     0     1   -34.0  -33.918  -57.290    768.8    912.7
     5     1    20     1    20     5     0     1   -34.0  -34.483  -57.122   1201.3    874.7
     1     1    20     1    20     4     0     2   -35.0  -33.568  -56.850     10.8    998.6
     2     1    20     1    20     4     0     2   -35.0  -33.020  -56.706    399.8    956.2
     3     1    20     1    20     4     0     2   -35.0  -33.394  -57.264    563.1    937.7
     4     1    20     1    20     4     0     2   -35.0  -33.781  -57.319    786.1    912.3
     5     1    20     1    20     4     0     2   -35.0  -34.433  -57.259   1189.9    876.6
     1     1    20     1    20     3     0     3   -36.0  -33.490  -56.747     12.6    998.7
     2     1    20     1    20     3     0     3   -36.0  -32.879  -56.550    422.0    953.2
     3     1    20     1    20     3     0     3   -36.0  -33.259  -57.180    576.3    937.0
     4     1    20     1    20     3     0     3   -36.0  -33.641  -57.314    808.4    911.1
     5     1    20     1    20     3     0     3   -36.0  -34.378  -57.397   1220.7    874.0
     1     1    20     1    20     2     0     2   -37.0  -33.421  -56.639     15.2    998.5
     2     1    20     1    20     2     0     2   -37.0  -32.753  -56.391    443.9    950.1
     3     1    20     1    20     2     0     2   -37.0  -33.135  -57.075    610.7    935.5
     4     1    20     1    20     2     0     2   -37.0  -33.503  -57.291    837.6    909.3
     5     1    20     1    20     2     0     2   -37.0  -34.318  -57.538   1262.8    865.7
     1     1    20     1    20     1     0     1   -38.0  -33.362  -56.535     19.1    997.7
     2     1    20     1    20     1     0     1   -38.0  -32.655  -56.256    467.5    946.5
     3     1    20     1    20     1     0     1   -38.0  -33.024  -56.975    692.2    927.6
     4     1    20     1    20     1     0     1   -38.0  -33.377  -57.261    885.5    905.8
     5     1    20     1    20     1     0     1   -38.0  -34.233  -57.670   1277.5    863.3
     1     1    20     1    20     0     0     0   -39.0  -33.316  -56.441     24.7    996.4
     2     1    20     1    20     0     0     0   -39.0  -32.590  -56.142    492.3    943.5
     3     1    20     1    20     0     0     0   -39.0  -32.924  -56.878    805.7    913.1
     4     1    20     1    20     0     0     0   -39.0  -33.266  -57.218    962.5    898.4
     5     1    20     1    20     0     0     0   -39.0  -34.114  -57.783   1256.6    864.2
     1     1    20     1    19    23     0     1   -40.0  -33.268  -56.358     30.2    995.0
     2     1    20     1    19    23     0     1   -40.0  -32.536  -56.043    522.3    940.1
     3     1    20     1    19    23     0     1   -40.0  -32.825  -56.803    865.3    899.2
     4     1    20     1    19    23     0     1   -40.0  -33.161  -57.183   1020.9    887.4
     5     1    20     1    19    23     0     1   -40.0  -33.969  -57.856   1244.0    869.7
     1     1    20     1    19    22     0     2   -41.0  -33.201  -56.286     32.6    994.2
     2     1    20     1    19    22     0     2   -41.0  -32.470  -55.954    568.4    935.1
     3     1    20     1    19    22     0     2   -41.0  -32.717  -56.753    835.0    904.8
     4     1    20     1    19    22     0     2   -41.0  -33.045  -57.153    997.3    888.5
     5     1    20     1    19    22     0     2   -41.0  -33.824  -57.905   1290.6    867.1
     1     1    20     1    19    21     0     3   -42.0  -33.122  -56.216     31.7    993.6
     2     1    20     1    19    21     0     3   -42.0  -32.390  -55.872    644.4    926.9
     3     1    20     1    19    21     0     3   -42.0  -32.608  -56.717    769.2    912.9
     4     1    20     1    19    21     0     3   -42.0  -32.908  -57.126    862.4    901.3
     5     1    20     1    19    21     0     3   -42.0  -33.681  -57.948   1399.2    857.7
     1     1    20     1    19    20     0     2   -43.0  -33.043  -56.133     30.1    994.9
     2     1    20     1    19    20     0     2   -43.0  -32.297  -55.796    736.1    914.6
     3     1    20     1    19    20     0     2   -43.0  -32.503  -56.682    722.3    921.2
     4     1    20     1    19    20     0     2   -43.0  -32.770  -57.102    703.3    926.0
     5     1    20     1    19    20     0     2   -43.0  -33.550  -57.989   1489.8    842.8
     1     1    20     1    19    19     0     1   -44.0  -32.970  -56.036     30.7    995.9
     2     1    20     1    19    19     0     1   -44.0  -32.200  -55.725    811.4    905.5
     3     1    20     1    19    19     0     1   -44.0  -32.399  -56.642    723.0    920.4
     4     1    20     1    19    19     0     1   -44.0  -32.647  -57.065    586.4    937.4
     5     1    20     1    19    19     0     1   -44.0  -33.436  -58.015   1493.0    843.2
     1     1    20     1    19    18     0     0   -45.0  -32.894  -55.942     33.3    995.7
     2     1    20     1    19    18     0     0   -45.0  -32.105  -55.659    848.1    900.8
     3     1    20     1    19    18     0     0   -45.0  -32.289  -56.604    765.5    915.2
     4     1    20     1    19    18     0     0   -45.0  -32.530  -57.019    515.7    944.2
     5     1    20     1    19    18     0     0   -45.0  -33.329  -58.007   1371.2    854.2
     1     1    20     1    19    17     0     1   -46.0  -32.805  -55.853     36.0    994.3
     2     1    20     1    19    17     0     1   -46.0  -32.012  -55.595    872.4    902.0
     3     1    20     1    19    17     0     1   -46.0  -32.175  -56.574    839.4    906.6
     4     1    20     1    19    17     0     1   -46.0  -32.405  -56.974    505.3    946.0
     5     1    20     1    19    17     0     1   -46.0  -33.208  -57.990   1182.5    884.8
     1     1    20     1    19    16     0     2   -47.0  -32.705  -55.757     38.6    993.5
     2     1    20     1    19    16     0     2   -47.0  -31.922  -55.534    911.3    898.0
     3     1    20     1    19    16     0     2   -47.0  -32.062  -56.549    931.6    896.2
     4     1    20     1    19    16     0     2   -47.0  -32.267  -56.940    556.9    938.4
     5     1    20     1    19    16     0     2   -47.0  -33.071  -57.986   1081.6    899.7
     1     1    20     1    19    15     0     3   -48.0  -32.599  -55.648     42.7    993.0
     2     1    20     1    19    15     0     3   -48.0  -31.840  -55.479    972.8    891.9
     3     1    20     1    19    15     0     3   -48.0  -31.953  -56.525   1027.4    884.9
     4     1    20     1    19    15     0     3   -48.0  -32.127  -56.914    647.4    927.6
     5     1    20     1    19    15     0     3   -48.0  -32.931  -58.004   1117.4    898.6
     1     1    20     1    19    14     0     2   -49.0  -32.497  -55.525     47.4    992.0
     2     1    20     1    19    14     0     2   -49.0  -31.770  -55.443   1031.2    882.4
     3     1    20     1    19    14     0     2   -49.0  -31.853  -56.518   1099.2    875.4
     4     1    20     1    19    14     0     2   -49.0  -31.994  -56.896    736.9    913.8
     5     1    20     1    19    14     0     2   -49.0  -32.803  -58.047   1192.5    879.5
     1     1    20     1    19    13     0     1   -50.0  -32.408  -55.396     49.7    991.6
     2     1    20     1    19    13     0     1   -50.0  -31.704  -55.431   1055.0    879.7
     3     1    20     1    19    13     0     1   -50.0  -31.763  -56.545   1136.9    871.8
     4     1    20     1    19    13     0     1   -50.0  -31.868  -56.905    774.8    908.0
     5     1    20     1    19    13     0     1   -50.0  -32.677  -58.124   1209.1    879.8
     1     1    20     1    19    12     0     0   -51.0  -32.334  -55.259     48.7    991.8
     2     1    20     1    19    12     0     0   -51.0  -31.640  -55.438   1045.8    880.4
     3     1    20     1    19    12     0     0   -51.0  -31.682  -56.607   1141.5    870.9
     4     1    20     1    19    12     0     0   -51.0  -31.741  -56.946    736.6    911.1
     5     1    20     1    19    12     0     0   -51.0  -32.548  -58.231   1201.1    882.3
     1     1    20     1    19    11     0     1   -52.0  -32.267  -55.122     47.0    991.8
     2     1    20     1    19    11     0     1   -52.0  -31.567  -55.448   1022.5    883.8
     3     1    20     1    19    11     0     1   -52.0  -31.588  -56.690   1115.3    873.9
     4     1    20     1    19    11     0     1   -52.0  -31.579  -56.991    658.6    923.9
     5     1    20     1    19    11     0     1   -52.0  -32.405  -58.341   1201.7    883.8
     1     1    20     1    19    10     0     2   -53.0  -32.198  -54.988     47.2    991.4
     2     1    20     1    19    10     0     2   -53.0  -31.480  -55.451   1002.9    885.3
     3     1    20     1    19    10     0     2   -53.0  -31.462  -56.777   1070.2    878.6
     4     1    20     1    19    10     0     2   -53.0  -31.369  -57.009    585.7    932.0
     5     1    20     1    19    10     0     2   -53.0  -32.239  -58.440   1224.8    880.7
     1     1    20     1    19     9     0     3   -54.0  -32.120  -54.860     49.2    991.8
     2     1    20     1    19     9     0     3   -54.0  -31.377  -55.445    990.9    886.1
     3     1    20     1    19     9     0     3   -54.0  -31.293  -56.861   1019.1    884.7
     4     1    20     1    19     9     0     3   -54.0  -31.111  -56.977    520.8    938.2
     5     1    20     1    19     9     0     3   -54.0  -32.047  -58.545   1260.3    876.3
     1     1    20     1    19     8     0     2   -55.0  -32.037  -54.730     52.0    992.5
     2     1    20     1    19     8     0     2   -55.0  -31.263  -55.433    981.4    885.7
     3     1    20     1    19     8     0     2   -55.0  -31.086  -56.920    967.9    889.9
     4     1    20     1    19     8     0     2   -55.0  -30.834  -56.889    469.7    944.1
     5     1    20     1    19     8     0     2   -55.0  -31.838  -58.642   1284.0    871.1
     1     1    20     1    19     7     0     1   -56.0  -31.956  -54.592     54.1    992.5
     2     1    20     1    19     7     0     1   -56.0  -31.144  -55.413    968.1    886.5
     3     1    20     1    19     7     0     1   -56.0  -30.858  -56.942    918.9    896.6
     4     1    20     1    19     7     0     1   -56.0  -30.573  -56.754    435.9    948.6
     5     1    20     1    19     7     0     1   -56.0  -31.616  -58.704   1278.2    870.4
     1     1    20     1    19     6     0     0   -57.0  -31.882  -54.442     55.5    991.8
     2     1    20     1    19     6     0     0   -57.0  -31.021  -55.382    951.3    887.8
     3     1    20     1    19     6     0     0   -57.0  -30.622  -56.926    875.3    902.7
     4     1    20     1    19     6     0     0   -57.0  -30.338  -56.567    410.0    950.6
     5     1    20     1    19     6     0     0   -57.0  -31.384  -58.728   1247.0    872.4
     1     1    20     1    19     5     0     1   -58.0  -31.815  -54.280     56.5    990.8
     2     1    20     1    19     5     0     1   -58.0  -30.899  -55.325    936.4    891.7
     3     1    20     1    19     5     0     1   -58.0  -30.394  -56.865    832.3    908.0
     4     1    20     1    19     5     0     1   -58.0  -30.141  -56.316    378.5    953.6
     5     1    20     1    19     5     0     1   -58.0  -31.145  -58.700   1202.9    877.0
     1     1    20     1    19     4     0     2   -59.0  -31.752  -54.104     56.8    989.1
     2     1    20     1    19     4     0     2   -59.0  -30.783  -55.236    925.1    895.0
     3     1    20     1    19     4     0     2   -59.0  -30.186  -56.751    785.9    913.6
     4     1    20     1    19     4     0     2   -59.0  -29.993  -55.999    336.4    957.6
     5     1    20     1    19     4     0     2   -59.0  -30.900  -58.613   1154.9    882.6
     1     1    20     1    19     3     0     3   -60.0  -31.692  -53.918     54.8    988.3
     2     1    20     1    19     3     0     3   -60.0  -30.680  -55.115    910.2    898.6
     3     1    20     1    19     3     0     3   -60.0  -30.009  -56.577    737.5    919.3
     4     1    20     1    19     3     0     3   -60.0  -29.884  -55.641    281.3    966.3
     5     1    20     1    19     3     0     3   -60.0  -30.658  -58.503   1108.9    888.6
     1     1    20     1    19     2     0     2   -61.0  -31.645  -53.732     47.7    989.6
     2     1    20     1    19     2     0     2   -61.0  -30.598  -54.964    900.7    902.6
     3     1    20     1    19     2     0     2   -61.0  -29.877  -56.355    694.9    923.4
     4     1    20     1    19     2     0     2   -61.0  -29.814  -55.310    229.4    974.0
     5     1    20     1    19     2     0     2   -61.0  -30.442  -58.392   1082.1    892.2
     1     1    20     1    19     1     0     1   -62.0  -31.619  -53.555     35.5    992.1
     2     1    20     1    19     1     0     1   -62.0  -30.536  -54.791    918.1    899.5
     3     1    20     1    19     1     0     1   -62.0  -29.793  -56.121    653.6    926.2
     4     1    20     1    19     1     0     1   -62.0  -29.788  -55.025    197.5    977.7
     5     1    20     1    19     1     0     1   -62.0  -30.259  -58.266   1091.9    890.8
     1     1    20     1    19     0     0     0   -63.0  -31.609  -53.394     22.5    995.1
     2     1    20     1    19     0     0     0   -63.0  -30.491  -54.607    961.2    893.2
     3     1    20     1    19     0     0     0   -63.0  -29.748  -55.893    603.7    931.0
     4     1    20     1    19     0     0     0   -63.0  -29.794  -54.762    184.1    977.6
     5     1    20     1    19     0     0     0   -63.0  -30.089  -58.098   1141.0    883.6
     1     1    20     1    18    23     0     1   -64.0  -31.606  -53.245     13.0    998.1
     2     1    20     1    18    23     0     1   -64.0  -30.457  -54.433   1016.9    885.4
     3     1    20     1    18    23     0     1   -64.0  -29.729  -55.679    583.6    937.0
     4     1    20     1    18    23     0     1   -64.0  -29.816  -54.520    186.3    977.0
     5     1    20     1    18    23     0     1   -64.0  -29.932  -57.909   1217.6    873.2
     1     1    20     1    18    22     0     2   -65.0  -31.599  -53.093      4.3    999.5
     2     1    20     1    18    22     0     2   -65.0  -30.426  -54.281   1078.7    878.8
     3     1    20     1    18    22     0     2   -65.0  -29.725  -55.489    640.7    931.1
     4     1    20     1    18    22     0     2   -65.0  -29.852  -54.309    204.0    975.4
     5     1    20     1    18    22     0     2   -65.0  -29.812  -57.747   1314.4    862.8
     1     1    20     1    18    21     0     3   -66.0  -31.588  -52.927      0.0   1001.4
     2     1    20     1    18    21     0     3   -66.0  -30.393  -54.142   1153.6    871.3
     3     1    20     1    18    21     0     3   -66.0  -29.733  -55.331    787.3    916.3
     4     1    20     1    18    21     0     3   -66.0  -29.908  -54.132    238.8    973.4
     5     1    20     1    18    21     0     3   -66.0  -29.727  -57.615   1436.0    851.5
     1     1    20     1    18    20     0     2   -67.0  -31.574  -52.761      0.0   1003.9
     2     1    20     1    18    20     0     2   -67.0  -30.352  -54.021   1232.0    862.4
     3     1    20     1    18    20     0     2   -67.0  -29.727  -55.198    963.1    891.0
     4     1    20     1    18    20     0     2   -67.0  -29.968  -53.972    284.1    970.8
     5     1    20     1    18    20     0     2   -67.0  -29.649  -57.516   1550.1    836.8
     1     1    20     1    18    19     0     1   -68.0  -31.559  -52.612      0.0   1006.3
     2     1    20     1    18    19     0     1   -68.0  -30.303  -53.923   1304.1    857.8
     3     1    20     1    18    19     0     1   -68.0  -29.699  -55.076   1089.8    878.0
     4     1    20     1    18    19     0     1   -68.0  -30.011  -53.822    323.5    968.8
     5     1    20     1    18    19     0     1   -68.0  -29.563  -57.451   1624.0    830.5
     1     1    20     1    18    18     0     0   -69.0  -31.548  -52.480      0.0   1008.4
     2     1    20     1    18    18     0     0   -69.0  -30.252  -53.842   1375.5    853.6
     3     1    20     1    18    18     0     0   -69.0  -29.659  -54.968   1172.7    869.8
     4     1    20     1    18    18     0     0   -69.0  -30.037  -53.687    351.8    967.0
     5     1    20     1    18    18     0     0   -69.0  -29.472  -57.417   1670.6    827.1
     1     1    20     1    18    17     0     1   -70.0  -31.531  -52.358      0.0   1010.0
     2     1    20     1    18    17     0     1   -70.0  -30.193  -53.781   1443.6    848.6
     3     1    20     1    18    17     0     1   -70.0  -29.612  -54.879   1237.5    863.8
     4     1    20     1    18    17     0     1   -70.0  -30.049  -53.555    374.2    966.8
     5     1    20     1    18    17     0     1   -70.0  -29.376  -57.401   1697.6    824.8
     1     1    20     1    18    16     0     2   -71.0  -31.497  -52.238      0.0   1011.5
     2     1    20     1    18    16     0     2   -71.0  -30.123  -53.740   1496.2    845.0
     3     1    20     1    18    16     0     2   -71.0  -29.557  -54.815   1296.1    855.3
     4     1    20     1    18    16     0     2   -71.0  -30.052  -53.411    396.4    966.5
     5     1    20     1    18    16     0     2   -71.0  -29.279  -57.391   1706.2    824.2
     1     1    20     1    18    15     0     3   -72.0  -31.445  -52.123      0.0   1012.9
     2     1    20     1    18    15     0     3   -72.0  -30.043  -53.716   1524.3    843.9
     3     1    20     1    18    15     0     3   -72.0  -29.494  -54.774   1332.1    849.4
     4     1    20     1    18    15     0     3   -72.0  -30.047  -53.261    419.7    966.4
     5     1    20     1    18    15     0     3   -72.0  -29.181  -57.380   1697.9    825.2
