     5     1
    GDAS    19     9     1     0     0
    GDAS    19     9     8     0     0
    GDAS    19     9    15     0     0
    GDAS    19     9    22     0     0
    GDAS    19     9    29     0     0
     5 BACKWARD OMEGA   
    19     9    10     9  -34.572  -58.513    10.0
    19     9    10     9  -34.572  -58.513   200.0
    19     9    10     9  -34.572  -58.513   500.0
    19     9    10     9  -34.572  -58.513  1000.0
    19     9    10     9  -34.572  -58.513  2000.0
     1 PRESSURE
     1     1    19     9    10     9     0     3     0.0  -34.572  -58.513     10.0   1013.4
     2     1    19     9    10     9     0     3     0.0  -34.572  -58.513    200.0    990.6
     3     1    19     9    10     9     0     3     0.0  -34.572  -58.513    500.0    955.5
     4     1    19     9    10     9     0     3     0.0  -34.572  -58.513   1000.0    899.2
     5     1    19     9    10     9     0     3     0.0  -34.572  -58.513   2000.0    795.0
     1     1    19     9    10     8     0     2    -1.0  -34.653  -58.504     10.6   1012.4
     2     1    19     9    10     8     0     2    -1.0  -34.740  -58.444    209.9    989.2
     3     1    19     9    10     8     0     2    -1.0  -34.758  -58.356    497.1    953.6
     4     1    19     9    10     8     0     2    -1.0  -34.725  -58.318    938.9    903.1
     5     1    19     9    10     8     0     2    -1.0  -34.711  -58.517   1950.8    797.8
     1     1    19     9    10     7     0     1    -2.0  -34.744  -58.503     11.3   1011.5
     2     1    19     9    10     7     0     1    -2.0  -34.937  -58.391    214.2    989.1
     3     1    19     9    10     7     0     1    -2.0  -34.989  -58.207    470.1    958.6
     4     1    19     9    10     7     0     1    -2.0  -34.928  -58.100    841.8    915.6
     5     1    19     9    10     7     0     1    -2.0  -34.866  -58.513   1870.4    808.1
     1     1    19     9    10     6     0     0    -3.0  -34.850  -58.515     12.3   1010.7
     2     1    19     9    10     6     0     0    -3.0  -35.172  -58.360    216.1    989.0
     3     1    19     9    10     6     0     0    -3.0  -35.270  -58.079    439.2    963.2
     4     1    19     9    10     6     0     0    -3.0  -35.191  -57.881    738.7    928.6
     5     1    19     9    10     6     0     0    -3.0  -35.038  -58.498   1802.3    817.2
     1     1    19     9    10     5     0     1    -4.0  -34.968  -58.532     13.6   1010.7
     2     1    19     9    10     5     0     1    -4.0  -35.429  -58.326    226.9    988.6
     3     1    19     9    10     5     0     1    -4.0  -35.586  -57.961    436.7    965.8
     4     1    19     9    10     5     0     1    -4.0  -35.511  -57.695    692.2    939.3
     5     1    19     9    10     5     0     1    -4.0  -35.217  -58.473   1770.7    820.6
     1     1    19     9    10     4     0     2    -5.0  -35.091  -58.542     15.2   1010.5
     2     1    19     9    10     4     0     2    -5.0  -35.700  -58.266    251.4    985.7
     3     1    19     9    10     4     0     2    -5.0  -35.931  -57.829    480.6    960.6
     4     1    19     9    10     4     0     2    -5.0  -35.856  -57.544    745.8    933.4
     5     1    19     9    10     4     0     2    -5.0  -35.390  -58.442   1782.8    819.7
     1     1    19     9    10     3     0     3    -6.0  -35.215  -58.541     16.9   1010.5
     2     1    19     9    10     3     0     3    -6.0  -35.992  -58.183    285.1    981.4
     3     1    19     9    10     3     0     3    -6.0  -36.305  -57.693    559.9    949.7
     4     1    19     9    10     3     0     3    -6.0  -36.206  -57.424    889.6    915.6
     5     1    19     9    10     3     0     3    -6.0  -35.560  -58.418   1843.6    814.1
     1     1    19     9    10     2     0     2    -7.0  -35.346  -58.542     19.1   1009.8
     2     1    19     9    10     2     0     2    -7.0  -36.323  -58.099    321.8    975.6
     3     1    19     9    10     2     0     2    -7.0  -36.707  -57.584    635.1    938.2
     4     1    19     9    10     2     0     2    -7.0  -36.552  -57.338   1036.7    891.1
     5     1    19     9    10     2     0     2    -7.0  -35.741  -58.414   1933.7    802.5
     1     1    19     9    10     1     0     1    -8.0  -35.489  -58.556     21.8   1009.0
     2     1    19     9    10     1     0     1    -8.0  -36.701  -58.034    363.6    971.2
     3     1    19     9    10     1     0     1    -8.0  -37.128  -57.502    681.5    931.4
     4     1    19     9    10     1     0     1    -8.0  -36.911  -57.260   1115.2    882.1
     5     1    19     9    10     1     0     1    -8.0  -35.947  -58.430   2031.7    792.6
     1     1    19     9    10     0     0     0    -9.0  -35.645  -58.580     24.3   1008.2
     2     1    19     9    10     0     0     0    -9.0  -37.107  -57.968    420.8    963.4
     3     1    19     9    10     0     0     0    -9.0  -37.546  -57.422    707.1    925.9
     4     1    19     9    10     0     0     0    -9.0  -37.292  -57.174   1138.7    880.1
     5     1    19     9    10     0     0     0    -9.0  -36.176  -58.453   2164.8    780.9
     1     1    19     9     9    23     0     1   -10.0  -35.807  -58.604     25.8   1007.2
     2     1    19     9     9    23     0     1   -10.0  -37.511  -57.896    446.7    947.7
     3     1    19     9     9    23     0     1   -10.0  -37.940  -57.324    710.6    922.8
     4     1    19     9     9    23     0     1   -10.0  -37.662  -57.067   1149.5    880.7
     5     1    19     9     9    23     0     1   -10.0  -36.413  -58.430   2322.8    759.7
     1     1    19     9     9    22     0     2   -11.0  -35.968  -58.621     26.2   1006.6
     2     1    19     9     9    22     0     2   -11.0  -37.891  -57.823    398.5    949.1
     3     1    19     9     9    22     0     2   -11.0  -38.306  -57.193    690.1    927.6
     4     1    19     9     9    22     0     2   -11.0  -38.001  -56.915   1160.5    878.8
     5     1    19     9     9    22     0     2   -11.0  -36.654  -58.346   2428.6    745.8
     1     1    19     9     9    21     0     3   -12.0  -36.132  -58.629     27.1   1005.1
     2     1    19     9     9    21     0     3   -12.0  -38.248  -57.731    322.4    963.2
     3     1    19     9     9    21     0     3   -12.0  -38.652  -57.021    653.8    933.7
     4     1    19     9     9    21     0     3   -12.0  -38.317  -56.709   1129.0    877.2
     5     1    19     9     9    21     0     3   -12.0  -36.898  -58.236   2441.4    742.5
     1     1    19     9     9    20     0     2   -13.0  -36.311  -58.608     29.1   1003.0
     2     1    19     9     9    20     0     2   -13.0  -38.576  -57.607    265.0    977.6
     3     1    19     9     9    20     0     2   -13.0  -38.966  -56.813    633.3    939.3
     4     1    19     9     9    20     0     2   -13.0  -38.602  -56.452   1067.0    889.0
     5     1    19     9     9    20     0     2   -13.0  -37.130  -58.098   2391.5    750.7
     1     1    19     9     9    19     0     1   -14.0  -36.509  -58.543     30.2   1001.1
     2     1    19     9     9    19     0     1   -14.0  -38.869  -57.459    242.3    983.7
     3     1    19     9     9    19     0     1   -14.0  -39.221  -56.579    651.2    937.5
     4     1    19     9     9    19     0     1   -14.0  -38.840  -56.156   1030.3    893.7
     5     1    19     9     9    19     0     1   -14.0  -37.354  -57.915   2339.0    754.8
     1     1    19     9     9    18     0     0   -15.0  -36.722  -58.438     28.6   1000.2
     2     1    19     9     9    18     0     0   -15.0  -39.129  -57.292    252.6    983.3
     3     1    19     9     9    18     0     0   -15.0  -39.413  -56.320    696.3    930.9
     4     1    19     9     9    18     0     0   -15.0  -39.027  -55.833   1010.4    894.7
     5     1    19     9     9    18     0     0   -15.0  -37.577  -57.713   2296.2    757.8
     1     1    19     9     9    17     0     1   -16.0  -36.933  -58.304     25.1   1001.6
     2     1    19     9     9    17     0     1   -16.0  -39.335  -57.109    274.4    979.6
     3     1    19     9     9    17     0     1   -16.0  -39.543  -56.038    742.3    925.2
     4     1    19     9     9    17     0     1   -16.0  -39.164  -55.506    995.8    898.0
     5     1    19     9     9    17     0     1   -16.0  -37.779  -57.519   2253.6    761.7
     1     1    19     9     9    16     0     2   -17.0  -37.128  -58.154     20.3   1002.3
     2     1    19     9     9    16     0     2   -17.0  -39.479  -56.909    282.4    979.2
     3     1    19     9     9    16     0     2   -17.0  -39.628  -55.746    769.6    922.9
     4     1    19     9     9    16     0     2   -17.0  -39.261  -55.197    995.5    900.0
     5     1    19     9     9    16     0     2   -17.0  -37.943  -57.349   2230.9    768.6
     1     1    19     9     9    15     0     3   -18.0  -37.304  -57.988     15.2   1002.7
     2     1    19     9     9    15     0     3   -18.0  -39.572  -56.701    273.3    981.4
     3     1    19     9     9    15     0     3   -18.0  -39.677  -55.460    779.5    923.6
     4     1    19     9     9    15     0     3   -18.0  -39.320  -54.913   1024.7    899.2
     5     1    19     9     9    15     0     3   -18.0  -38.064  -57.219   2254.5    768.6
     1     1    19     9     9    14     0     2   -19.0  -37.464  -57.824     11.9   1004.2
     2     1    19     9     9    14     0     2   -19.0  -39.643  -56.496    264.0    984.8
     3     1    19     9     9    14     0     2   -19.0  -39.714  -55.198    785.0    924.0
     4     1    19     9     9    14     0     2   -19.0  -39.358  -54.645   1069.7    891.6
     5     1    19     9     9    14     0     2   -19.0  -38.154  -57.138   2285.3    764.4
     1     1    19     9     9    13     0     1   -20.0  -37.611  -57.674     10.0   1005.4
     2     1    19     9     9    13     0     1   -20.0  -39.716  -56.307    271.0    984.5
     3     1    19     9     9    13     0     1   -20.0  -39.766  -54.973    786.7    923.4
     4     1    19     9     9    13     0     1   -20.0  -39.395  -54.386   1102.9    888.3
     5     1    19     9     9    13     0     1   -20.0  -38.229  -57.096   2283.2    766.0
     1     1    19     9     9    12     0     0   -21.0  -37.740  -57.535      8.3   1007.1
     2     1    19     9     9    12     0     0   -21.0  -39.787  -56.139    299.8    981.5
     3     1    19     9     9    12     0     0   -21.0  -39.830  -54.776    783.2    924.5
     4     1    19     9     9    12     0     0   -21.0  -39.431  -54.133   1127.6    886.0
     5     1    19     9     9    12     0     0   -21.0  -38.295  -57.083   2250.7    770.4
     1     1    19     9     9    11     0     1   -22.0  -37.849  -57.389      6.7   1007.5
     2     1    19     9     9    11     0     1   -22.0  -39.832  -55.986    337.5    974.2
     3     1    19     9     9    11     0     1   -22.0  -39.880  -54.595    794.6    924.5
     4     1    19     9     9    11     0     1   -22.0  -39.453  -53.900   1150.6    883.8
     5     1    19     9     9    11     0     1   -22.0  -38.360  -57.103   2221.5    775.0
     1     1    19     9     9    10     0     2   -23.0  -37.934  -57.217      5.1   1009.0
     2     1    19     9     9    10     0     2   -23.0  -39.826  -55.832    359.6    970.8
     3     1    19     9     9    10     0     2   -23.0  -39.892  -54.426    826.2    919.4
     4     1    19     9     9    10     0     2   -23.0  -39.453  -53.704   1167.5    880.6
     5     1    19     9     9    10     0     2   -23.0  -38.428  -57.182   2231.2    772.9
     1     1    19     9     9     9     0     3   -24.0  -37.995  -57.009      3.3   1011.7
     2     1    19     9     9     9     0     3   -24.0  -39.772  -55.667    369.2    969.8
     3     1    19     9     9     9     0     3   -24.0  -39.872  -54.276    857.3    914.7
     4     1    19     9     9     9     0     3   -24.0  -39.438  -53.538   1164.8    880.1
     5     1    19     9     9     9     0     3   -24.0  -38.494  -57.334   2279.9    766.5
     1     1    19     9     9     8     0     2   -25.0  -38.044  -56.795      1.3   1011.8
     2     1    19     9     9     8     0     2   -25.0  -39.696  -55.483    371.9    969.5
     3     1    19     9     9     8     0     2   -25.0  -39.832  -54.137    884.9    912.4
     4     1    19     9     9     8     0     2   -25.0  -39.411  -53.383   1146.1    883.0
     5     1    19     9     9     8     0     2   -25.0  -38.539  -57.543   2349.4    757.5
     1     1    19     9     9     7     0     1   -26.0  -38.086  -56.612      0.0   1011.7
     2     1    19     9     9     7     0     1   -26.0  -39.624  -55.280    366.5    970.2
     3     1    19     9     9     7     0     1   -26.0  -39.782  -53.998    924.2    909.5
     4     1    19     9     9     7     0     1   -26.0  -39.376  -53.220   1110.9    886.1
     5     1    19     9     9     7     0     1   -26.0  -38.542  -57.781   2409.8    749.9
     1     1    19     9     9     6     0     0   -27.0  -38.119  -56.460      0.0   1011.7
     2     1    19     9     9     6     0     0   -27.0  -39.562  -55.059    348.7    971.9
     3     1    19     9     9     6     0     0   -27.0  -39.727  -53.862    985.4    902.4
     4     1    19     9     9     6     0     0   -27.0  -39.336  -53.033   1046.2    892.2
     5     1    19     9     9     6     0     0   -27.0  -38.498  -58.040   2454.9    744.3
     1     1    19     9     9     5     0     1   -28.0  -38.144  -56.313      0.0   1011.7
     2     1    19     9     9     5     0     1   -28.0  -39.502  -54.808    330.1    975.9
     3     1    19     9     9     5     0     1   -28.0  -39.672  -53.714   1028.6    893.5
     4     1    19     9     9     5     0     1   -28.0  -39.295  -52.792    973.1    903.4
     5     1    19     9     9     5     0     1   -28.0  -38.423  -58.298   2500.8    739.7
     1     1    19     9     9     4     0     2   -29.0  -38.161  -56.145      0.0   1011.8
     2     1    19     9     9     4     0     2   -29.0  -39.435  -54.512    324.9    976.4
     3     1    19     9     9     4     0     2   -29.0  -39.615  -53.527   1030.8    894.5
     4     1    19     9     9     4     0     2   -29.0  -39.255  -52.494    924.7    909.7
     5     1    19     9     9     4     0     2   -29.0  -38.344  -58.530   2551.6    734.5
     1     1    19     9     9     3     0     3   -30.0  -38.174  -55.954      0.9   1011.9
     2     1    19     9     9     3     0     3   -30.0  -39.370  -54.168    323.7    975.9
     3     1    19     9     9     3     0     3   -30.0  -39.556  -53.294   1015.3    897.7
     4     1    19     9     9     3     0     3   -30.0  -39.217  -52.159    912.2    911.9
     5     1    19     9     9     3     0     3   -30.0  -38.272  -58.726   2615.9    728.3
     1     1    19     9     9     2     0     2   -31.0  -38.195  -55.745      2.0   1012.2
     2     1    19     9     9     2     0     2   -31.0  -39.329  -53.808    324.5    976.6
     3     1    19     9     9     2     0     2   -31.0  -39.507  -53.042   1001.2    900.1
     4     1    19     9     9     2     0     2   -31.0  -39.183  -51.828    909.1    908.9
     5     1    19     9     9     2     0     2   -31.0  -38.210  -58.931   2695.1    720.1
     1     1    19     9     9     1     0     1   -32.0  -38.235  -55.529      3.0   1012.5
     2     1    19     9     9     1     0     1   -32.0  -39.324  -53.472    327.7    976.0
     3     1    19     9     9     1     0     1   -32.0  -39.482  -52.811    982.1    901.4
     4     1    19     9     9     1     0     1   -32.0  -39.159  -51.509    883.4    912.4
     5     1    19     9     9     1     0     1   -32.0  -38.153  -59.200   2762.9    709.7
     1     1    19     9     9     0     0     0   -33.0  -38.293  -55.314      4.2   1012.8
     2     1    19     9     9     0     0     0   -33.0  -39.350  -53.165    325.5    976.1
     3     1    19     9     9     0     0     0   -33.0  -39.477  -52.602    947.8    905.4
     4     1    19     9     9     0     0     0   -33.0  -39.145  -51.197    836.7    917.7
     5     1    19     9     9     0     0     0   -33.0  -38.096  -59.530   2772.5    704.6
     1     1    19     9     8    23     0     1   -34.0  -38.366  -55.118      5.4   1013.1
     2     1    19     9     8    23     0     1   -34.0  -39.384  -52.885    318.7    977.4
     3     1    19     9     8    23     0     1   -34.0  -39.478  -52.401    907.5    911.0
     4     1    19     9     8    23     0     1   -34.0  -39.143  -50.889    796.1    924.6
     5     1    19     9     8    23     0     1   -34.0  -38.045  -59.901   2766.3    707.6
     1     1    19     9     8    22     0     2   -35.0  -38.445  -54.950      6.3   1013.5
     2     1    19     9     8    22     0     2   -35.0  -39.405  -52.630    310.1    978.5
     3     1    19     9     8    22     0     2   -35.0  -39.474  -52.195    869.6    915.2
     4     1    19     9     8    22     0     2   -35.0  -39.150  -50.593    782.4    925.3
     5     1    19     9     8    22     0     2   -35.0  -37.987  -60.318   2816.8    701.7
     1     1    19     9     8    21     0     3   -36.0  -38.527  -54.807      7.0   1013.8
     2     1    19     9     8    21     0     3   -36.0  -39.412  -52.396    300.8    979.5
     3     1    19     9     8    21     0     3   -36.0  -39.465  -51.984    838.2    918.6
     4     1    19     9     8    21     0     3   -36.0  -39.167  -50.319    789.5    924.1
     5     1    19     9     8    21     0     3   -36.0  -37.919  -60.766   2856.9    692.5
     1     1    19     9     8    20     0     2   -37.0  -38.596  -54.670      7.4   1014.1
     2     1    19     9     8    20     0     2   -37.0  -39.417  -52.154    291.2    980.3
     3     1    19     9     8    20     0     2   -37.0  -39.464  -51.755    811.4    920.5
     4     1    19     9     8    20     0     2   -37.0  -39.207  -50.053    801.3    920.7
     5     1    19     9     8    20     0     2   -37.0  -37.832  -61.235   2818.1    693.0
     1     1    19     9     8    19     0     1   -38.0  -38.638  -54.519      7.4   1014.3
     2     1    19     9     8    19     0     1   -38.0  -39.436  -51.876    282.3    981.0
     3     1    19     9     8    19     0     1   -38.0  -39.484  -51.491    782.1    923.0
     4     1    19     9     8    19     0     1   -38.0  -39.284  -49.785    807.0    920.1
     5     1    19     9     8    19     0     1   -38.0  -37.707  -61.725   2800.3    694.4
     1     1    19     9     8    18     0     0   -39.0  -38.658  -54.355      6.8   1014.6
     2     1    19     9     8    18     0     0   -39.0  -39.472  -51.560    273.4    981.5
     3     1    19     9     8    18     0     0   -39.0  -39.532  -51.193    747.4    926.1
     4     1    19     9     8    18     0     0   -39.0  -39.398  -49.529    815.4    919.0
     5     1    19     9     8    18     0     0   -39.0  -37.543  -62.226   2845.8    689.3
     1     1    19     9     8    17     0     1   -40.0  -38.679  -54.168      5.9   1014.4
     2     1    19     9     8    17     0     1   -40.0  -39.545  -51.209    262.4    983.0
     3     1    19     9     8    17     0     1   -40.0  -39.619  -50.867    721.7    931.1
     4     1    19     9     8    17     0     1   -40.0  -39.547  -49.292    855.1    917.4
     5     1    19     9     8    17     0     1   -40.0  -37.348  -62.708   2879.4    693.9
     1     1    19     9     8    16     0     2   -41.0  -38.724  -53.951      5.1   1014.4
     2     1    19     9     8    16     0     2   -41.0  -39.672  -50.835    250.7    984.9
     3     1    19     9     8    16     0     2   -41.0  -39.754  -50.533    725.7    931.4
     4     1    19     9     8    16     0     2   -41.0  -39.725  -49.081    968.0    906.9
     5     1    19     9     8    16     0     2   -41.0  -37.122  -63.180   2892.3    698.3
     1     1    19     9     8    15     0     3   -42.0  -38.799  -53.697      4.4   1014.6
     2     1    19     9     8    15     0     3   -42.0  -39.851  -50.447    247.3    986.3
     3     1    19     9     8    15     0     3   -42.0  -39.924  -50.205    770.6    927.4
     4     1    19     9     8    15     0     3   -42.0  -39.914  -48.904   1173.4    884.9
     5     1    19     9     8    15     0     3   -42.0  -36.872  -63.655   2932.4    698.6
     1     1    19     9     8    14     0     2   -43.0  -38.887  -53.395      4.0   1014.1
     2     1    19     9     8    14     0     2   -43.0  -40.048  -50.045    264.9    985.1
     3     1    19     9     8    14     0     2   -43.0  -40.110  -49.881    858.3    917.1
     4     1    19     9     8    14     0     2   -43.0  -40.063  -48.806   1343.4    853.3
     5     1    19     9     8    14     0     2   -43.0  -36.618  -64.106   2989.4    688.4
     1     1    19     9     8    13     0     1   -44.0  -38.967  -53.033      3.9   1013.3
     2     1    19     9     8    13     0     1   -44.0  -40.235  -49.598    294.2    979.4
     3     1    19     9     8    13     0     1   -44.0  -40.306  -49.559    944.2    903.3
     4     1    19     9     8    13     0     1   -44.0  -40.180  -48.688   1360.8    852.8
     5     1    19     9     8    13     0     1   -44.0  -36.354  -64.521   2996.4    680.1
     1     1    19     9     8    12     0     0   -45.0  -39.044  -52.616      4.8   1012.5
     2     1    19     9     8    12     0     0   -45.0  -40.419  -49.084    308.5    976.4
     3     1    19     9     8    12     0     0   -45.0  -40.503  -49.219    967.3    898.0
     4     1    19     9     8    12     0     0   -45.0  -40.289  -48.489   1272.7    865.2
     5     1    19     9     8    12     0     0   -45.0  -36.061  -64.912   2938.6    682.6
     1     1    19     9     8    11     0     1   -46.0  -39.157  -52.185      6.3   1013.0
     2     1    19     9     8    11     0     1   -46.0  -40.580  -48.513    301.6    977.5
     3     1    19     9     8    11     0     1   -46.0  -40.664  -48.866    927.9    904.6
     4     1    19     9     8    11     0     1   -46.0  -40.371  -48.196   1168.5    882.0
     5     1    19     9     8    11     0     1   -46.0  -35.768  -65.263   2871.9    689.6
     1     1    19     9     8    10     0     2   -47.0  -39.330  -51.770      7.5   1012.8
     2     1    19     9     8    10     0     2   -47.0  -40.671  -47.901    302.0    980.3
     3     1    19     9     8    10     0     2   -47.0  -40.748  -48.505    881.4    914.7
     4     1    19     9     8    10     0     2   -47.0  -40.373  -47.821   1098.0    889.5
     5     1    19     9     8    10     0     2   -47.0  -35.493  -65.581   2836.4    689.4
     1     1    19     9     8     9     0     3   -48.0  -39.530  -51.377      8.9   1012.1
     2     1    19     9     8     9     0     3   -48.0  -40.674  -47.267    302.0    977.1
     3     1    19     9     8     9     0     3   -48.0  -40.741  -48.127    895.4    915.9
     4     1    19     9     8     9     0     3   -48.0  -40.264  -47.317    963.1    894.8
     5     1    19     9     8     9     0     3   -48.0  -35.206  -65.888   2835.9    685.5
     1     1    19     9     8     8     0     2   -49.0  -39.699  -50.966      9.5   1012.1
     2     1    19     9     8     8     0     2   -49.0  -40.601  -46.658    294.2    982.8
     3     1    19     9     8     8     0     2   -49.0  -40.652  -47.729    966.5    905.4
     4     1    19     9     8     8     0     2   -49.0  -40.112  -46.640    758.2    929.1
     5     1    19     9     8     8     0     2   -49.0  -34.910  -66.190   2864.0    678.9
     1     1    19     9     8     7     0     1   -50.0  -39.798  -50.467     10.5   1012.7
     2     1    19     9     8     7     0     1   -50.0  -40.462  -46.132    295.9    983.2
     3     1    19     9     8     7     0     1   -50.0  -40.492  -47.305   1035.9    895.6
     4     1    19     9     8     7     0     1   -50.0  -39.939  -45.990    658.8    948.8
     5     1    19     9     8     7     0     1   -50.0  -34.629  -66.469   2872.7    673.1
     1     1    19     9     8     6     0     0   -51.0  -39.842  -49.871     18.6   1012.4
     2     1    19     9     8     6     0     0   -51.0  -40.274  -45.664    285.1    983.7
     3     1    19     9     8     6     0     0   -51.0  -40.284  -46.839   1041.2    893.2
     4     1    19     9     8     6     0     0   -51.0  -39.699  -45.415    579.3    943.6
     5     1    19     9     8     6     0     0   -51.0  -34.373  -66.684   2854.1    677.6
     1     1    19     9     8     5     0     1   -52.0  -39.893  -49.259     36.4   1011.1
     2     1    19     9     8     5     0     1   -52.0  -40.052  -45.244    248.1    989.8
     3     1    19     9     8     5     0     1   -52.0  -40.077  -46.394   1044.5    902.6
     4     1    19     9     8     5     0     1   -52.0  -39.402  -44.894    499.4    966.0
     5     1    19     9     8     5     0     1   -52.0  -34.148  -66.874   2818.3    681.5
     1     1    19     9     8     4     0     2   -53.0  -39.953  -48.713     48.9   1011.8
     2     1    19     9     8     4     0     2   -53.0  -39.786  -44.900    208.9    997.4
     3     1    19     9     8     4     0     2   -53.0  -39.853  -46.061   1053.1    895.3
     4     1    19     9     8     4     0     2   -53.0  -39.065  -44.450    488.0    966.4
     5     1    19     9     8     4     0     2   -53.0  -33.984  -67.071   2741.6    687.9
     1     1    19     9     8     3     0     3   -54.0  -39.923  -48.233     56.3   1012.7
     2     1    19     9     8     3     0     3   -54.0  -39.484  -44.607    180.4   1001.6
     3     1    19     9     8     3     0     3   -54.0  -39.593  -45.793   1045.6    898.9
     4     1    19     9     8     3     0     3   -54.0  -38.722  -44.086    535.2    963.4
     5     1    19     9     8     3     0     3   -54.0  -33.891  -67.276   2615.5    695.8
     1     1    19     9     8     2     0     2   -55.0  -39.794  -47.789     59.6   1013.4
     2     1    19     9     8     2     0     2   -55.0  -39.187  -44.328    168.4   1005.5
     3     1    19     9     8     2     0     2   -55.0  -39.304  -45.528   1035.8    902.7
     4     1    19     9     8     2     0     2   -55.0  -38.403  -43.767    611.8    951.4
     5     1    19     9     8     2     0     2   -55.0  -33.812  -67.498   2514.9    706.2
     1     1    19     9     8     1     0     1   -56.0  -39.637  -47.381     55.8   1015.3
     2     1    19     9     8     1     0     1   -56.0  -38.910  -44.064    175.0   1004.0
     3     1    19     9     8     1     0     1   -56.0  -39.003  -45.262   1088.0    902.8
     4     1    19     9     8     1     0     1   -56.0  -38.109  -43.479    668.4    944.8
     5     1    19     9     8     1     0     1   -56.0  -33.712  -67.736   2487.1    704.0
     1     1    19     9     8     0     0     0   -57.0  -39.467  -47.016     47.9   1017.9
     2     1    19     9     8     0     0     0   -57.0  -38.654  -43.814    183.1   1002.6
     3     1    19     9     8     0     0     0   -57.0  -38.710  -45.042   1229.8    886.6
     4     1    19     9     8     0     0     0   -57.0  -37.821  -43.233    692.7    941.6
     5     1    19     9     8     0     0     0   -57.0  -33.615  -67.986   2516.3    697.1
     1     1    19     9     7    23     0     1   -58.0  -39.290  -46.692     43.6   1019.0
     2     1    19     9     7    23     0     1   -58.0  -38.422  -43.572    184.9   1003.5
     3     1    19     9     7    23     0     1   -58.0  -38.415  -44.876   1366.6    862.9
     4     1    19     9     7    23     0     1   -58.0  -37.540  -43.029    688.9    943.6
     5     1    19     9     7    23     0     1   -58.0  -33.499  -68.244   2585.3    676.9
     1     1    19     9     7    22     0     2   -59.0  -39.107  -46.407     45.0   1018.6
     2     1    19     9     7    22     0     2   -59.0  -38.209  -43.368    185.7   1003.9
     3     1    19     9     7    22     0     2   -59.0  -38.112  -44.742   1411.3    858.4
     4     1    19     9     7    22     0     2   -59.0  -37.278  -42.859    683.4    946.6
     5     1    19     9     7    22     0     2   -59.0  -33.330  -68.527   2739.9    649.4
     1     1    19     9     7    21     0     3   -60.0  -38.902  -46.157     46.3   1018.3
     2     1    19     9     7    21     0     3   -60.0  -38.015  -43.218    186.2   1004.0
     3     1    19     9     7    21     0     3   -60.0  -37.812  -44.630   1398.7    864.3
     4     1    19     9     7    21     0     3   -60.0  -37.045  -42.726    704.6    945.7
     5     1    19     9     7    21     0     3   -60.0  -33.116  -68.831   3090.0    605.1
     1     1    19     9     7    20     0     2   -61.0  -38.695  -45.912     44.8   1018.7
     2     1    19     9     7    20     0     2   -61.0  -37.834  -43.095    181.3   1003.8
     3     1    19     9     7    20     0     2   -61.0  -37.527  -44.532   1410.8    867.3
     4     1    19     9     7    20     0     2   -61.0  -36.834  -42.623    739.4    938.4
     5     1    19     9     7    20     0     2   -61.0  -32.902  -69.235   3511.1    507.6
     1     1    19     9     7    19     0     1   -62.0  -38.510  -45.662     41.8   1019.3
     2     1    19     9     7    19     0     1   -62.0  -37.665  -42.977    167.9   1005.5
     3     1    19     9     7    19     0     1   -62.0  -37.266  -44.446   1447.2    859.3
     4     1    19     9     7    19     0     1   -62.0  -36.638  -42.538    768.8    936.5
     5     1    19     9     7    19     0     1   -62.0  -32.517  -70.099   3572.5    389.5
     1     1    19     9     7    18     0     0   -63.0  -38.351  -45.427     39.3   1019.9
     2     1    19     9     7    18     0     0   -63.0  -37.513  -42.867    150.2   1008.1
     3     1    19     9     7    18     0     0   -63.0  -37.022  -44.361   1444.7    859.4
     4     1    19     9     7    18     0     0   -63.0  -36.456  -42.471    817.2    931.1
     5     1    19     9     7    18     0     0   -63.0  -32.063  -70.833   3910.7    497.6
     1     1    19     9     7    17     0     1   -64.0  -38.206  -45.228     38.8   1021.2
     2     1    19     9     7    17     0     1   -64.0  -37.385  -42.774    135.1   1010.9
     3     1    19     9     7    17     0     1   -64.0  -36.793  -44.280   1416.4    864.1
     4     1    19     9     7    17     0     1   -64.0  -36.289  -42.423    877.7    924.2
     5     1    19     9     7    17     0     1   -64.0  -31.691  -71.178   3994.5    543.1
     1     1    19     9     7    16     0     2   -65.0  -38.063  -45.075     39.1   1022.6
     2     1    19     9     7    16     0     2   -65.0  -37.284  -42.701    124.2   1013.0
     3     1    19     9     7    16     0     2   -65.0  -36.583  -44.213   1407.7    866.3
     4     1    19     9     7    16     0     2   -65.0  -36.144  -42.393    907.7    919.0
     5     1    19     9     7    16     0     2   -65.0  -31.324  -71.420   3961.4    574.5
     1     1    19     9     7    15     0     3   -66.0  -37.924  -44.959     39.2   1024.1
     2     1    19     9     7    15     0     3   -66.0  -37.207  -42.644    115.2   1014.7
     3     1    19     9     7    15     0     3   -66.0  -36.393  -44.162   1416.1    865.8
     4     1    19     9     7    15     0     3   -66.0  -36.023  -42.379    889.0    920.7
     5     1    19     9     7    15     0     3   -66.0  -30.989  -71.617   3893.3    600.3
     1     1    19     9     7    14     0     2   -67.0  -37.809  -44.848     38.3   1024.3
     2     1    19     9     7    14     0     2   -67.0  -37.159  -42.601    106.2   1015.7
     3     1    19     9     7    14     0     2   -67.0  -36.224  -44.120   1424.1    863.6
     4     1    19     9     7    14     0     2   -67.0  -35.927  -42.375    860.6    929.1
     5     1    19     9     7    14     0     2   -67.0  -30.677  -71.774   3825.3    621.0
     1     1    19     9     7    13     0     1   -68.0  -37.734  -44.722     36.2   1024.7
     2     1    19     9     7    13     0     1   -68.0  -37.143  -42.563     96.2   1017.0
     3     1    19     9     7    13     0     1   -68.0  -36.081  -44.075   1420.7    864.7
     4     1    19     9     7    13     0     1   -68.0  -35.855  -42.373    856.8    929.1
     5     1    19     9     7    13     0     1   -68.0  -30.373  -71.891   3795.8    633.6
     1     1    19     9     7    12     0     0   -69.0  -37.698  -44.591     33.5   1025.1
     2     1    19     9     7    12     0     0   -69.0  -37.157  -42.526     85.4   1018.6
     3     1    19     9     7    12     0     0   -69.0  -35.958  -44.023   1411.2    866.1
     4     1    19     9     7    12     0     0   -69.0  -35.808  -42.372    870.6    927.5
     5     1    19     9     7    12     0     0   -69.0  -30.101  -72.000   3817.1    638.5
     1     1    19     9     7    11     0     1   -70.0  -37.695  -44.479     30.7   1024.8
     2     1    19     9     7    11     0     1   -70.0  -37.199  -42.512     77.3   1019.5
     3     1    19     9     7    11     0     1   -70.0  -35.861  -43.980   1428.0    867.4
     4     1    19     9     7    11     0     1   -70.0  -35.784  -42.387    886.2    923.9
     5     1    19     9     7    11     0     1   -70.0  -29.861  -72.118   3847.0    632.9
     1     1    19     9     7    10     0     2   -71.0  -37.718  -44.402     28.3   1024.4
     2     1    19     9     7    10     0     2   -71.0  -37.263  -42.542     73.6   1019.3
     3     1    19     9     7    10     0     2   -71.0  -35.794  -43.962   1492.7    859.6
     4     1    19     9     7    10     0     2   -71.0  -35.777  -42.431    886.0    923.6
     5     1    19     9     7    10     0     2   -71.0  -29.631  -72.244   3876.9    630.5
     1     1    19     9     7     9     0     3   -72.0  -37.764  -44.360     26.1   1024.0
     2     1    19     9     7     9     0     3   -72.0  -37.347  -42.615     73.0   1018.7
     3     1    19     9     7     9     0     3   -72.0  -35.757  -43.974   1600.7    847.7
     4     1    19     9     7     9     0     3   -72.0  -35.785  -42.503    864.7    925.4
     5     1    19     9     7     9     0     3   -72.0  -29.407  -72.385   3919.1    627.1
