     5     1
    GDAS    19     7     1     0     0
    GDAS    19     7     8     0     0
    GDAS    19     7    15     0     0
    GDAS    19     7    22     0     0
    GDAS    19     7    29     0     0
     5 BACKWARD OMEGA   
    19     7     9     3  -34.572  -58.513    10.0
    19     7     9     3  -34.572  -58.513   200.0
    19     7     9     3  -34.572  -58.513   500.0
    19     7     9     3  -34.572  -58.513  1000.0
    19     7     9     3  -34.572  -58.513  2000.0
     1 PRESSURE
     1     1    19     7     9     3     0     3     0.0  -34.572  -58.513     10.0   1016.7
     2     1    19     7     9     3     0     3     0.0  -34.572  -58.513    200.0    993.8
     3     1    19     7     9     3     0     3     0.0  -34.572  -58.513    500.0    958.8
     4     1    19     7     9     3     0     3     0.0  -34.572  -58.513   1000.0    903.2
     5     1    19     7     9     3     0     3     0.0  -34.572  -58.513   2000.0    801.5
     1     1    19     7     9     2     0     2    -1.0  -34.478  -58.456     11.5   1016.4
     2     1    19     7     9     2     0     2    -1.0  -34.290  -58.422    216.7    991.4
     3     1    19     7     9     2     0     2    -1.0  -34.217  -58.484    514.1    957.5
     4     1    19     7     9     2     0     2    -1.0  -34.260  -58.571    999.3    905.0
     5     1    19     7     9     2     0     2    -1.0  -34.315  -58.699   1988.3    805.3
     1     1    19     7     9     1     0     1    -2.0  -34.389  -58.379     14.5   1015.8
     2     1    19     7     9     1     0     1    -2.0  -34.006  -58.288    259.3    984.1
     3     1    19     7     9     1     0     1    -2.0  -33.892  -58.429    550.3    950.9
     4     1    19     7     9     1     0     1    -2.0  -33.954  -58.634   1030.0    899.7
     5     1    19     7     9     1     0     1    -2.0  -34.050  -58.887   2024.4    802.3
     1     1    19     7     9     0     0     0    -3.0  -34.308  -58.280     20.3   1014.8
     2     1    19     7     9     0     0     0    -3.0  -33.742  -58.127    315.4    976.7
     3     1    19     7     9     0     0     0    -3.0  -33.610  -58.358    586.7    947.6
     4     1    19     7     9     0     0     0    -3.0  -33.664  -58.695   1068.3    896.4
     5     1    19     7     9     0     0     0    -3.0  -33.767  -59.077   2073.7    795.5
     1     1    19     7     8    23     0     1    -4.0  -34.224  -58.168     30.3   1011.9
     2     1    19     7     8    23     0     1    -4.0  -33.511  -57.972    370.2    971.3
     3     1    19     7     8    23     0     1    -4.0  -33.362  -58.275    618.3    945.6
     4     1    19     7     8    23     0     1    -4.0  -33.381  -58.752   1102.8    893.2
     5     1    19     7     8    23     0     1    -4.0  -33.456  -59.269   2098.1    792.0
     1     1    19     7     8    22     0     2    -5.0  -34.127  -58.056     45.6   1008.0
     2     1    19     7     8    22     0     2    -5.0  -33.307  -57.836    420.8    966.3
     3     1    19     7     8    22     0     2    -5.0  -33.133  -58.192    653.4    943.7
     4     1    19     7     8    22     0     2    -5.0  -33.091  -58.807   1122.8    890.6
     5     1    19     7     8    22     0     2    -5.0  -33.111  -59.450   2099.4    792.1
     1     1    19     7     8    21     0     3    -6.0  -34.012  -57.949     65.1   1002.7
     2     1    19     7     8    21     0     3    -6.0  -33.128  -57.723    465.9    961.3
     3     1    19     7     8    21     0     3    -6.0  -32.918  -58.124    701.2    939.3
     4     1    19     7     8    21     0     3    -6.0  -32.793  -58.858   1120.1    890.6
     5     1    19     7     8    21     0     3    -6.0  -32.727  -59.607   2088.3    791.8
     1     1    19     7     8    20     0     2    -7.0  -33.889  -57.857     83.6   1000.0
     2     1    19     7     8    20     0     2    -7.0  -32.962  -57.634    502.3    956.9
     3     1    19     7     8    20     0     2    -7.0  -32.706  -58.092    745.3    932.2
     4     1    19     7     8    20     0     2    -7.0  -32.489  -58.899   1118.2    893.4
     5     1    19     7     8    20     0     2    -7.0  -32.321  -59.732   2078.5    790.6
     1     1    19     7     8    19     0     1    -8.0  -33.768  -57.787     97.3    999.2
     2     1    19     7     8    19     0     1    -8.0  -32.799  -57.571    528.2    953.1
     3     1    19     7     8    19     0     1    -8.0  -32.487  -58.089    770.1    929.7
     4     1    19     7     8    19     0     1    -8.0  -32.178  -58.925   1140.8    891.2
     5     1    19     7     8    19     0     1    -8.0  -31.908  -59.817   2077.4    788.7
     1     1    19     7     8    18     0     0    -9.0  -33.651  -57.737    107.0    999.1
     2     1    19     7     8    18     0     0    -9.0  -32.639  -57.534    545.8    950.3
     3     1    19     7     8    18     0     0    -9.0  -32.262  -58.107    778.3    929.1
     4     1    19     7     8    18     0     0    -9.0  -31.853  -58.937   1181.0    885.3
     5     1    19     7     8    18     0     0    -9.0  -31.485  -59.857   2081.5    789.9
     1     1    19     7     8    17     0     1   -10.0  -33.534  -57.698    113.7    999.8
     2     1    19     7     8    17     0     1   -10.0  -32.468  -57.522    551.0    949.0
     3     1    19     7     8    17     0     1   -10.0  -32.027  -58.135    771.0    930.3
     4     1    19     7     8    17     0     1   -10.0  -31.515  -58.941   1214.3    877.3
     5     1    19     7     8    17     0     1   -10.0  -31.061  -59.864   2073.7    793.1
     1     1    19     7     8    16     0     2   -11.0  -33.416  -57.665    118.0   1000.5
     2     1    19     7     8    16     0     2   -11.0  -32.272  -57.534    542.2    950.1
     3     1    19     7     8    16     0     2   -11.0  -31.772  -58.170    756.1    933.0
     4     1    19     7     8    16     0     2   -11.0  -31.175  -58.946   1231.2    873.6
     5     1    19     7     8    16     0     2   -11.0  -30.648  -59.855   2052.5    796.8
     1     1    19     7     8    15     0     3   -12.0  -33.297  -57.639    119.0   1001.7
     2     1    19     7     8    15     0     3   -12.0  -32.046  -57.567    523.1    952.8
     3     1    19     7     8    15     0     3   -12.0  -31.494  -58.216    744.4    934.3
     4     1    19     7     8    15     0     3   -12.0  -30.840  -58.953   1244.8    873.0
     5     1    19     7     8    15     0     3   -12.0  -30.252  -59.836   2023.2    800.5
     1     1    19     7     8    14     0     2   -13.0  -33.174  -57.614    119.6   1003.0
     2     1    19     7     8    14     0     2   -13.0  -31.804  -57.601    504.8    956.5
     3     1    19     7     8    14     0     2   -13.0  -31.205  -58.263    741.3    934.2
     4     1    19     7     8    14     0     2   -13.0  -30.513  -58.956   1250.8    874.1
     5     1    19     7     8    14     0     2   -13.0  -29.878  -59.809   1988.5    803.8
     1     1    19     7     8    13     0     1   -14.0  -33.045  -57.582    122.3   1003.5
     2     1    19     7     8    13     0     1   -14.0  -31.555  -57.619    492.8    958.0
     3     1    19     7     8    13     0     1   -14.0  -30.921  -58.298    742.7    932.0
     4     1    19     7     8    13     0     1   -14.0  -30.202  -58.952   1239.6    878.1
     5     1    19     7     8    13     0     1   -14.0  -29.533  -59.779   1947.2    804.5
     1     1    19     7     8    12     0     0   -15.0  -32.907  -57.538    127.0   1002.8
     2     1    19     7     8    12     0     0   -15.0  -31.294  -57.616    482.9    958.8
     3     1    19     7     8    12     0     0   -15.0  -30.641  -58.314    738.4    930.9
     4     1    19     7     8    12     0     0   -15.0  -29.909  -58.939   1210.5    881.9
     5     1    19     7     8    12     0     0   -15.0  -29.219  -59.749   1887.8    807.0
     1     1    19     7     8    11     0     1   -16.0  -32.749  -57.496    134.0   1000.7
     2     1    19     7     8    11     0     1   -16.0  -31.018  -57.590    470.5    959.3
     3     1    19     7     8    11     0     1   -16.0  -30.356  -58.316    731.3    931.2
     4     1    19     7     8    11     0     1   -16.0  -29.624  -58.924   1173.8    884.4
     5     1    19     7     8    11     0     1   -16.0  -28.924  -59.724   1833.6    813.4
     1     1    19     7     8    10     0     2   -17.0  -32.568  -57.463    142.8    998.3
     2     1    19     7     8    10     0     2   -17.0  -30.731  -57.541    453.7    959.7
     3     1    19     7     8    10     0     2   -17.0  -30.063  -58.308    724.8    930.2
     4     1    19     7     8    10     0     2   -17.0  -29.338  -58.908   1150.0    885.1
     5     1    19     7     8    10     0     2   -17.0  -28.631  -59.715   1820.9    815.5
     1     1    19     7     8     9     0     3   -18.0  -32.362  -57.438    153.7    995.3
     2     1    19     7     8     9     0     3   -18.0  -30.443  -57.462    435.9    960.7
     3     1    19     7     8     9     0     3   -18.0  -29.767  -58.285    720.4    929.8
     4     1    19     7     8     9     0     3   -18.0  -29.054  -58.886   1155.8    882.7
     5     1    19     7     8     9     0     3   -18.0  -28.341  -59.721   1848.2    813.1
     1     1    19     7     8     8     0     2   -19.0  -32.131  -57.404    172.1    992.4
     2     1    19     7     8     8     0     2   -19.0  -30.158  -57.345    427.1    962.4
     3     1    19     7     8     8     0     2   -19.0  -29.476  -58.235    729.3    928.9
     4     1    19     7     8     8     0     2   -19.0  -28.772  -58.854   1190.5    879.6
     5     1    19     7     8     8     0     2   -19.0  -28.046  -59.735   1889.3    807.6
     1     1    19     7     8     7     0     1   -20.0  -31.871  -57.344    202.1    987.3
     2     1    19     7     8     7     0     1   -20.0  -29.883  -57.189    434.7    962.3
     3     1    19     7     8     7     0     1   -20.0  -29.195  -58.159    758.1    925.2
     4     1    19     7     8     7     0     1   -20.0  -28.487  -58.811   1235.7    876.3
     5     1    19     7     8     7     0     1   -20.0  -27.738  -59.747   1917.4    804.2
     1     1    19     7     8     6     0     0   -21.0  -31.586  -57.249    237.4    981.6
     2     1    19     7     8     6     0     0   -21.0  -29.629  -57.012    458.9    959.7
     3     1    19     7     8     6     0     0   -21.0  -28.923  -58.067    804.4    920.0
     4     1    19     7     8     6     0     0   -21.0  -28.199  -58.755   1278.5    873.1
     5     1    19     7     8     6     0     0   -21.0  -27.418  -59.757   1926.4    802.3
     1     1    19     7     8     5     0     1   -22.0  -31.293  -57.117    265.2    975.6
     2     1    19     7     8     5     0     1   -22.0  -29.401  -56.826    493.0    954.7
     3     1    19     7     8     5     0     1   -22.0  -28.658  -57.968    849.6    913.6
     4     1    19     7     8     5     0     1   -22.0  -27.907  -58.689   1304.0    869.9
     5     1    19     7     8     5     0     1   -22.0  -27.085  -59.761   1911.8    803.1
     1     1    19     7     8     4     0     2   -23.0  -31.012  -56.945    281.4    971.3
     2     1    19     7     8     4     0     2   -23.0  -29.197  -56.629    528.5    950.7
     3     1    19     7     8     4     0     2   -23.0  -28.396  -57.861    877.5    910.9
     4     1    19     7     8     4     0     2   -23.0  -27.608  -58.618   1312.3    867.9
     5     1    19     7     8     4     0     2   -23.0  -26.737  -59.754   1882.3    806.9
     1     1    19     7     8     3     0     3   -24.0  -30.759  -56.731    294.2    969.9
     2     1    19     7     8     3     0     3   -24.0  -29.010  -56.423    562.8    947.6
     3     1    19     7     8     3     0     3   -24.0  -28.133  -57.751    890.0    909.8
     4     1    19     7     8     3     0     3   -24.0  -27.300  -58.541   1322.1    865.9
     5     1    19     7     8     3     0     3   -24.0  -26.374  -59.736   1846.0    810.5
     1     1    19     7     8     2     0     2   -25.0  -30.553  -56.486    308.4    967.6
     2     1    19     7     8     2     0     2   -25.0  -28.847  -56.210    590.2    943.3
     3     1    19     7     8     2     0     2   -25.0  -27.873  -57.631    890.4    910.0
     4     1    19     7     8     2     0     2   -25.0  -26.988  -58.451   1338.9    862.4
     5     1    19     7     8     2     0     2   -25.0  -26.004  -59.697   1822.9    814.8
     1     1    19     7     8     1     0     1   -26.0  -30.400  -56.225    320.3    964.7
     2     1    19     7     8     1     0     1   -26.0  -28.717  -55.986    606.7    940.2
     3     1    19     7     8     1     0     1   -26.0  -27.625  -57.491    886.6    911.1
     4     1    19     7     8     1     0     1   -26.0  -26.677  -58.338   1357.9    860.2
     5     1    19     7     8     1     0     1   -26.0  -25.641  -59.633   1827.0    813.7
     1     1    19     7     8     0     0     0   -27.0  -30.297  -55.945    320.4    963.9
     2     1    19     7     8     0     0     0   -27.0  -28.612  -55.744    622.1    935.6
     3     1    19     7     8     0     0     0   -27.0  -27.384  -57.326    889.5    911.4
     4     1    19     7     8     0     0     0   -27.0  -26.367  -58.205   1387.6    858.4
     5     1    19     7     8     0     0     0   -27.0  -25.291  -59.544   1843.5    811.6
     1     1    19     7     7    23     0     1   -28.0  -30.230  -55.676    314.5    969.4
     2     1    19     7     7    23     0     1   -28.0  -28.517  -55.504    655.2    930.0
     3     1    19     7     7    23     0     1   -28.0  -27.162  -57.147    893.5    909.6
     4     1    19     7     7    23     0     1   -28.0  -26.066  -58.055   1434.0    852.9
     5     1    19     7     7    23     0     1   -28.0  -24.965  -59.433   1855.5    809.1
     1     1    19     7     7    22     0     2   -29.0  -30.187  -55.453    315.9    972.5
     2     1    19     7     7    22     0     2   -29.0  -28.418  -55.296    707.4    921.7
     3     1    19     7     7    22     0     2   -29.0  -26.968  -56.967    869.5    909.8
     4     1    19     7     7    22     0     2   -29.0  -25.786  -57.890   1469.6    846.6
     5     1    19     7     7    22     0     2   -29.0  -24.672  -59.306   1860.9    808.7
     1     1    19     7     7    21     0     3   -30.0  -30.167  -55.280    332.5    972.8
     2     1    19     7     7    21     0     3   -30.0  -28.311  -55.117    774.1    914.0
     3     1    19     7     7    21     0     3   -30.0  -26.812  -56.794    814.2    914.9
     4     1    19     7     7    21     0     3   -30.0  -25.535  -57.705   1472.2    845.4
     5     1    19     7     7    21     0     3   -30.0  -24.408  -59.166   1867.8    807.8
     1     1    19     7     7    20     0     2   -31.0  -30.155  -55.146    359.6    970.1
     2     1    19     7     7    20     0     2   -31.0  -28.197  -54.961    839.1    905.2
     3     1    19     7     7    20     0     2   -31.0  -26.693  -56.634    775.8    921.0
     4     1    19     7     7    20     0     2   -31.0  -25.317  -57.508   1461.3    848.9
     5     1    19     7     7    20     0     2   -31.0  -24.169  -59.015   1873.3    807.8
     1     1    19     7     7    19     0     1   -32.0  -30.136  -55.029    385.3    968.2
     2     1    19     7     7    19     0     1   -32.0  -28.093  -54.813    881.7    897.9
     3     1    19     7     7    19     0     1   -32.0  -26.585  -56.492    768.0    918.7
     4     1    19     7     7    19     0     1   -32.0  -25.126  -57.302   1457.5    850.0
     5     1    19     7     7    19     0     1   -32.0  -23.957  -58.863   1881.4    807.9
     1     1    19     7     7    18     0     0   -33.0  -30.108  -54.926    404.0    966.3
     2     1    19     7     7    18     0     0   -33.0  -28.010  -54.665    900.2    892.8
     3     1    19     7     7    18     0     0   -33.0  -26.483  -56.368    768.7    916.2
     4     1    19     7     7    18     0     0   -33.0  -24.955  -57.085   1455.6    850.6
     5     1    19     7     7    18     0     0   -33.0  -23.773  -58.713   1894.5    806.4
     1     1    19     7     7    17     0     1   -34.0  -30.079  -54.821    424.2    966.0
     2     1    19     7     7    17     0     1   -34.0  -27.950  -54.513    914.1    889.7
     3     1    19     7     7    17     0     1   -34.0  -26.382  -56.239    765.3    914.9
     4     1    19     7     7    17     0     1   -34.0  -24.810  -56.866   1451.0    848.7
     5     1    19     7     7    17     0     1   -34.0  -23.620  -58.567   1904.8    805.6
     1     1    19     7     7    16     0     2   -35.0  -30.058  -54.708    458.1    962.7
     2     1    19     7     7    16     0     2   -35.0  -27.905  -54.357    950.1    882.5
     3     1    19     7     7    16     0     2   -35.0  -26.277  -56.079    754.1    914.9
     4     1    19     7     7    16     0     2   -35.0  -24.702  -56.658   1452.9    844.9
     5     1    19     7     7    16     0     2   -35.0  -23.497  -58.427   1909.9    805.7
     1     1    19     7     7    15     0     3   -36.0  -30.044  -54.593    506.0    957.4
     2     1    19     7     7    15     0     3   -36.0  -27.878  -54.199   1018.5    872.0
     3     1    19     7     7    15     0     3   -36.0  -26.165  -55.884    744.3    915.4
     4     1    19     7     7    15     0     3   -36.0  -24.628  -56.459   1470.2    840.1
     5     1    19     7     7    15     0     3   -36.0  -23.403  -58.293   1910.3    806.1
     1     1    19     7     7    14     0     2   -37.0  -30.036  -54.488    556.6    950.2
     2     1    19     7     7    14     0     2   -37.0  -27.880  -54.050   1102.6    857.4
     3     1    19     7     7    14     0     2   -37.0  -26.062  -55.667    756.7    914.8
     4     1    19     7     7    14     0     2   -37.0  -24.581  -56.274   1502.0    832.9
     5     1    19     7     7    14     0     2   -37.0  -23.332  -58.161   1908.9    806.4
     1     1    19     7     7    13     0     1   -38.0  -30.033  -54.405    595.6    945.5
     2     1    19     7     7    13     0     1   -38.0  -27.917  -53.919   1166.0    847.3
     3     1    19     7     7    13     0     1   -38.0  -25.993  -55.446    797.1    909.4
     4     1    19     7     7    13     0     1   -38.0  -24.553  -56.109   1538.3    825.5
     5     1    19     7     7    13     0     1   -38.0  -23.285  -58.028   1908.3    806.1
     1     1    19     7     7    12     0     0   -39.0  -30.037  -54.340    618.6    942.5
     2     1    19     7     7    12     0     0   -39.0  -27.989  -53.800   1196.4    842.7
     3     1    19     7     7    12     0     0   -39.0  -25.962  -55.222    852.4    902.5
     4     1    19     7     7    12     0     0   -39.0  -24.541  -55.964   1569.9    819.6
     5     1    19     7     7    12     0     0   -39.0  -23.263  -57.892   1907.0    805.7
     1     1    19     7     7    11     0     1   -40.0  -30.047  -54.287    629.6    941.2
     2     1    19     7     7    11     0     1   -40.0  -28.090  -53.697   1214.6    841.5
     3     1    19     7     7    11     0     1   -40.0  -25.967  -54.995    901.1    895.0
     4     1    19     7     7    11     0     1   -40.0  -24.548  -55.830   1596.1    816.6
     5     1    19     7     7    11     0     1   -40.0  -23.256  -57.766   1902.9    804.9
     1     1    19     7     7    10     0     2   -41.0  -30.061  -54.244    635.5    939.7
     2     1    19     7     7    10     0     2   -41.0  -28.214  -53.623   1245.1    837.2
     3     1    19     7     7    10     0     2   -41.0  -25.997  -54.773    945.7    887.2
     4     1    19     7     7    10     0     2   -41.0  -24.574  -55.702   1622.2    813.3
     5     1    19     7     7    10     0     2   -41.0  -23.255  -57.663   1891.9    805.1
     1     1    19     7     7     9     0     3   -42.0  -30.077  -54.209    638.2    938.6
     2     1    19     7     7     9     0     3   -42.0  -28.362  -53.583   1290.0    831.8
     3     1    19     7     7     9     0     3   -42.0  -26.050  -54.568   1007.4    876.0
     4     1    19     7     7     9     0     3   -42.0  -24.620  -55.578   1653.3    809.6
     5     1    19     7     7     9     0     3   -42.0  -23.261  -57.582   1872.2    806.3
     1     1    19     7     7     8     0     2   -43.0  -30.096  -54.182    641.7    938.5
     2     1    19     7     7     8     0     2   -43.0  -28.527  -53.572   1353.8    825.9
     3     1    19     7     7     8     0     2   -43.0  -26.130  -54.391   1087.0    864.5
     4     1    19     7     7     8     0     2   -43.0  -24.684  -55.465   1696.1    805.9
     5     1    19     7     7     8     0     2   -43.0  -23.271  -57.509   1852.7    809.3
     1     1    19     7     7     7     0     1   -44.0  -30.120  -54.163    648.5    937.3
     2     1    19     7     7     7     0     1   -44.0  -28.709  -53.588   1437.9    817.6
     3     1    19     7     7     7     0     1   -44.0  -26.240  -54.249   1176.5    853.0
     4     1    19     7     7     7     0     1   -44.0  -24.762  -55.371   1752.9    800.6
     5     1    19     7     7     7     0     1   -44.0  -23.284  -57.436   1844.8    810.1
     1     1    19     7     7     6     0     0   -45.0  -30.151  -54.151    657.6    935.8
     2     1    19     7     7     6     0     0   -45.0  -28.912  -53.632   1539.7    807.2
     3     1    19     7     7     6     0     0   -45.0  -26.379  -54.138   1266.7    842.4
     4     1    19     7     7     6     0     0   -45.0  -24.858  -55.296   1822.2    794.6
     5     1    19     7     7     6     0     0   -45.0  -23.302  -57.364   1849.3    809.8
     1     1    19     7     7     5     0     1   -46.0  -30.201  -54.148    656.4    933.6
     2     1    19     7     7     5     0     1   -46.0  -29.132  -53.700   1634.7    799.7
     3     1    19     7     7     5     0     1   -46.0  -26.536  -54.058   1355.2    833.3
     4     1    19     7     7     5     0     1   -46.0  -24.964  -55.236   1896.9    787.1
     5     1    19     7     7     5     0     1   -46.0  -23.328  -57.291   1859.7    808.1
     1     1    19     7     7     4     0     2   -47.0  -30.281  -54.153    635.6    934.8
     2     1    19     7     7     4     0     2   -47.0  -29.357  -53.777   1696.7    802.0
     3     1    19     7     7     4     0     2   -47.0  -26.696  -54.010   1439.9    825.1
     4     1    19     7     7     4     0     2   -47.0  -25.074  -55.185   1964.6    781.1
     5     1    19     7     7     4     0     2   -47.0  -23.370  -57.213   1870.5    807.2
     1     1    19     7     7     3     0     3   -48.0  -30.389  -54.166    605.4    936.6
     2     1    19     7     7     3     0     3   -48.0  -29.579  -53.857   1728.7    807.3
     3     1    19     7     7     3     0     3   -48.0  -26.861  -53.990   1511.5    818.2
     4     1    19     7     7     3     0     3   -48.0  -25.191  -55.140   2021.7    776.8
     5     1    19     7     7     3     0     3   -48.0  -23.425  -57.131   1882.5    806.2
     1     1    19     7     7     2     0     2   -49.0  -30.511  -54.199    584.9    937.0
     2     1    19     7     7     2     0     2   -49.0  -29.797  -53.937   1749.1    814.2
     3     1    19     7     7     2     0     2   -49.0  -27.044  -53.980   1561.9    813.3
     4     1    19     7     7     2     0     2   -49.0  -25.325  -55.099   2064.7    773.5
     5     1    19     7     7     2     0     2   -49.0  -23.492  -57.045   1906.7    805.1
     1     1    19     7     7     1     0     1   -50.0  -30.636  -54.265    577.2    934.6
     2     1    19     7     7     1     0     1   -50.0  -30.008  -54.023   1770.5    818.6
     3     1    19     7     7     1     0     1   -50.0  -27.259  -53.965   1589.6    809.0
     4     1    19     7     7     1     0     1   -50.0  -25.483  -55.061   2089.6    772.3
     5     1    19     7     7     1     0     1   -50.0  -23.572  -56.958   1949.3    800.3
     1     1    19     7     7     0     0     0   -51.0  -30.762  -54.359    566.7    933.2
     2     1    19     7     7     0     0     0   -51.0  -30.217  -54.120   1781.3    812.2
     3     1    19     7     7     0     0     0   -51.0  -27.499  -53.950   1603.4    806.4
     4     1    19     7     7     0     0     0   -51.0  -25.662  -55.027   2096.1    772.9
     5     1    19     7     7     0     0     0   -51.0  -23.670  -56.871   1999.7    794.3
     1     1    19     7     6    23     0     1   -52.0  -30.885  -54.468    559.6    934.8
     2     1    19     7     6    23     0     1   -52.0  -30.433  -54.242   1785.2    807.0
     3     1    19     7     6    23     0     1   -52.0  -27.749  -53.954   1622.2    803.8
     4     1    19     7     6    23     0     1   -52.0  -25.866  -54.996   2117.0    774.7
     5     1    19     7     6    23     0     1   -52.0  -23.784  -56.783   2048.6    788.2
     1     1    19     7     6    22     0     2   -53.0  -31.005  -54.583    576.5    933.7
     2     1    19     7     6    22     0     2   -53.0  -30.655  -54.395   1792.1    804.4
     3     1    19     7     6    22     0     2   -53.0  -28.006  -53.984   1659.9    798.2
     4     1    19     7     6    22     0     2   -53.0  -26.104  -54.973   2184.4    767.6
     5     1    19     7     6    22     0     2   -53.0  -23.913  -56.696   2095.9    783.2
     1     1    19     7     6    21     0     3   -54.0  -31.125  -54.707    626.1    931.7
     2     1    19     7     6    21     0     3   -54.0  -30.882  -54.577   1824.2    800.7
     3     1    19     7     6    21     0     3   -54.0  -28.272  -54.038   1718.6    791.3
     4     1    19     7     6    21     0     3   -54.0  -26.381  -54.966   2275.1    755.0
     5     1    19     7     6    21     0     3   -54.0  -24.058  -56.613   2146.7    777.5
     1     1    19     7     6    20     0     2   -55.0  -31.241  -54.839    659.5    925.0
     2     1    19     7     6    20     0     2   -55.0  -31.117  -54.774   1884.3    796.3
     3     1    19     7     6    20     0     2   -55.0  -28.553  -54.116   1786.0    783.4
     4     1    19     7     6    20     0     2   -55.0  -26.693  -54.986   2354.6    744.6
     5     1    19     7     6    20     0     2   -55.0  -24.224  -56.539   2198.4    770.7
     1     1    19     7     6    19     0     1   -56.0  -31.349  -54.973    631.3    930.9
     2     1    19     7     6    19     0     1   -56.0  -31.363  -54.971   1971.9    792.0
     3     1    19     7     6    19     0     1   -56.0  -28.854  -54.225   1848.0    777.4
     4     1    19     7     6    19     0     1   -56.0  -27.039  -55.034   2428.2    738.6
     5     1    19     7     6    19     0     1   -56.0  -24.418  -56.482   2250.7    764.3
     1     1    19     7     6    18     0     0   -57.0  -31.449  -55.108    556.5    940.5
     2     1    19     7     6    18     0     0   -57.0  -31.625  -55.163   2083.1    779.4
     3     1    19     7     6    18     0     0   -57.0  -29.168  -54.359   1908.9    777.9
     4     1    19     7     6    18     0     0   -57.0  -27.413  -55.110   2541.2    734.6
     5     1    19     7     6    18     0     0   -57.0  -24.642  -56.446   2310.1    757.1
     1     1    19     7     6    17     0     1   -58.0  -31.549  -55.243    491.4    952.7
     2     1    19     7     6    17     0     1   -58.0  -31.907  -55.352   2206.8    767.9
     3     1    19     7     6    17     0     1   -58.0  -29.487  -54.510   1970.7    783.6
     4     1    19     7     6    17     0     1   -58.0  -27.814  -55.216   2679.2    724.2
     5     1    19     7     6    17     0     1   -58.0  -24.902  -56.441   2373.4    748.8
     1     1    19     7     6    16     0     2   -59.0  -31.660  -55.376    463.7    955.1
     2     1    19     7     6    16     0     2   -59.0  -32.216  -55.548   2340.6    755.6
     3     1    19     7     6    16     0     2   -59.0  -29.809  -54.671   2048.3    787.1
     4     1    19     7     6    16     0     2   -59.0  -28.235  -55.355   2809.4    713.0
     5     1    19     7     6    16     0     2   -59.0  -25.201  -56.469   2436.9    743.8
     1     1    19     7     6    15     0     3   -60.0  -31.784  -55.505    460.3    955.6
     2     1    19     7     6    15     0     3   -60.0  -32.559  -55.763   2467.8    743.8
     3     1    19     7     6    15     0     3   -60.0  -30.142  -54.838   2170.7    780.3
     4     1    19     7     6    15     0     3   -60.0  -28.675  -55.539   2946.0    701.3
     5     1    19     7     6    15     0     3   -60.0  -25.539  -56.525   2503.0    740.0
     1     1    19     7     6    14     0     2   -61.0  -31.933  -55.640    471.5    954.2
     2     1    19     7     6    14     0     2   -61.0  -32.931  -55.996   2541.1    737.6
     3     1    19     7     6    14     0     2   -61.0  -30.499  -55.007   2354.9    760.1
     4     1    19     7     6    14     0     2   -61.0  -29.135  -55.781   3092.8    690.7
     5     1    19     7     6    14     0     2   -61.0  -25.908  -56.609   2571.1    734.8
     1     1    19     7     6    13     0     1   -62.0  -32.122  -55.788    493.6    952.7
     2     1    19     7     6    13     0     1   -62.0  -33.313  -56.237   2565.7    738.7
     3     1    19     7     6    13     0     1   -62.0  -30.901  -55.194   2575.3    732.1
     4     1    19     7     6    13     0     1   -62.0  -29.620  -56.086   3226.8    679.1
     5     1    19     7     6    13     0     1   -62.0  -26.296  -56.722   2633.8    730.8
     1     1    19     7     6    12     0     0   -63.0  -32.349  -55.942    527.9    950.3
     2     1    19     7     6    12     0     0   -63.0  -33.705  -56.496   2583.9    734.5
     3     1    19     7     6    12     0     0   -63.0  -31.352  -55.411   2796.0    708.7
     4     1    19     7     6    12     0     0   -63.0  -30.127  -56.428   3356.3    667.0
     5     1    19     7     6    12     0     0   -63.0  -26.699  -56.863   2687.1    729.0
     1     1    19     7     6    11     0     1   -64.0  -32.598  -56.094    564.5    946.5
     2     1    19     7     6    11     0     1   -64.0  -34.105  -56.779   2610.2    731.8
     3     1    19     7     6    11     0     1   -64.0  -31.834  -55.671   2985.5    691.2
     4     1    19     7     6    11     0     1   -64.0  -30.651  -56.782   3471.3    653.9
     5     1    19     7     6    11     0     1   -64.0  -27.107  -57.035   2724.4    726.7
     1     1    19     7     6    10     0     2   -65.0  -32.846  -56.244    594.8    944.3
     2     1    19     7     6    10     0     2   -65.0  -34.496  -57.084   2665.1    730.5
     3     1    19     7     6    10     0     2   -65.0  -32.323  -55.988   3101.4    681.9
     4     1    19     7     6    10     0     2   -65.0  -31.184  -57.134   3571.3    647.5
     5     1    19     7     6    10     0     2   -65.0  -27.511  -57.233   2749.9    724.9
     1     1    19     7     6     9     0     3   -66.0  -33.095  -56.391    622.9    941.8
     2     1    19     7     6     9     0     3   -66.0  -34.866  -57.402   2725.2    728.2
     3     1    19     7     6     9     0     3   -66.0  -32.809  -56.338   3160.0    682.5
     4     1    19     7     6     9     0     3   -66.0  -31.726  -57.480   3668.4    643.1
     5     1    19     7     6     9     0     3   -66.0  -27.909  -57.452   2792.6    721.4
     1     1    19     7     6     8     0     2   -67.0  -33.338  -56.548    653.4    937.4
     2     1    19     7     6     8     0     2   -67.0  -35.222  -57.718   2760.5    725.8
     3     1    19     7     6     8     0     2   -67.0  -33.294  -56.689   3219.4    678.1
     4     1    19     7     6     8     0     2   -67.0  -32.277  -57.822   3767.2    640.1
     5     1    19     7     6     8     0     2   -67.0  -28.305  -57.695   2860.4    715.1
     1     1    19     7     6     7     0     1   -68.0  -33.569  -56.728    690.3    931.9
     2     1    19     7     6     7     0     1   -68.0  -35.573  -58.022   2773.5    725.7
     3     1    19     7     6     7     0     1   -68.0  -33.789  -57.034   3277.0    669.2
     4     1    19     7     6     7     0     1   -68.0  -32.841  -58.165   3868.1    633.5
     5     1    19     7     6     7     0     1   -68.0  -28.709  -57.960   2943.5    707.2
     1     1    19     7     6     6     0     0   -69.0  -33.786  -56.929    738.8    924.4
     2     1    19     7     6     6     0     0   -69.0  -35.919  -58.321   2764.7    725.5
     3     1    19     7     6     6     0     0   -69.0  -34.290  -57.367   3339.4    667.9
     4     1    19     7     6     6     0     0   -69.0  -33.422  -58.514   3936.1    624.2
     5     1    19     7     6     6     0     0   -69.0  -29.131  -58.239   3028.8    699.5
     1     1    19     7     6     5     0     1   -70.0  -33.989  -57.138    796.5    916.3
     2     1    19     7     6     5     0     1   -70.0  -36.262  -58.622   2745.7    728.2
     3     1    19     7     6     5     0     1   -70.0  -34.786  -57.690   3411.1    668.0
     4     1    19     7     6     5     0     1   -70.0  -34.012  -58.852   3971.4    622.8
     5     1    19     7     6     5     0     1   -70.0  -29.563  -58.521   3113.4    694.0
     1     1    19     7     6     4     0     2   -71.0  -34.179  -57.334    853.4    913.2
     2     1    19     7     6     4     0     2   -71.0  -36.610  -58.934   2731.8    724.9
     3     1    19     7     6     4     0     2   -71.0  -35.276  -58.014   3469.1    662.6
     4     1    19     7     6     4     0     2   -71.0  -34.607  -59.179   4026.3    621.9
     5     1    19     7     6     4     0     2   -71.0  -30.001  -58.804   3206.5    690.2
     1     1    19     7     6     3     0     3   -72.0  -34.358  -57.513    899.9    911.1
     2     1    19     7     6     3     0     3   -72.0  -36.959  -59.252   2711.4    720.7
     3     1    19     7     6     3     0     3   -72.0  -35.760  -58.341   3500.5    660.4
     4     1    19     7     6     3     0     3   -72.0  -35.217  -59.516   4124.3    612.2
     5     1    19     7     6     3     0     3   -72.0  -30.453  -59.094   3308.7    679.7
