     5     1
    GDAS    19     6     1     0     0
    GDAS    19     6     8     0     0
    GDAS    19     6    15     0     0
    GDAS    19     6    22     0     0
    GDAS    19     6    29     0     0
     5 BACKWARD OMEGA   
    19     6     2    15  -34.572  -58.513    10.0
    19     6     2    15  -34.572  -58.513   200.0
    19     6     2    15  -34.572  -58.513   500.0
    19     6     2    15  -34.572  -58.513  1000.0
    19     6     2    15  -34.572  -58.513  2000.0
     1 PRESSURE
     1     1    19     6     2    15     0     3     0.0  -34.572  -58.513     10.0   1018.4
     2     1    19     6     2    15     0     3     0.0  -34.572  -58.513    200.0    994.7
     3     1    19     6     2    15     0     3     0.0  -34.572  -58.513    500.0    959.9
     4     1    19     6     2    15     0     3     0.0  -34.572  -58.513   1000.0    904.3
     5     1    19     6     2    15     0     3     0.0  -34.572  -58.513   2000.0    800.9
     1     1    19     6     2    14     0     2    -1.0  -34.573  -58.602     10.0   1018.0
     2     1    19     6     2    14     0     2    -1.0  -34.577  -58.655    202.1    994.3
     3     1    19     6     2    14     0     2    -1.0  -34.585  -58.695    509.6    958.6
     4     1    19     6     2    14     0     2    -1.0  -34.564  -58.634   1034.9    900.0
     5     1    19     6     2    14     0     2    -1.0  -34.672  -58.592   2059.8    794.4
     1     1    19     6     2    13     0     1    -2.0  -34.570  -58.689     10.0   1017.6
     2     1    19     6     2    13     0     1    -2.0  -34.583  -58.819    203.7    993.9
     3     1    19     6     2    13     0     1    -2.0  -34.596  -58.893    517.3    957.5
     4     1    19     6     2    13     0     1    -2.0  -34.560  -58.734   1063.6    896.6
     5     1    19     6     2    13     0     1    -2.0  -34.798  -58.670   2112.0    789.2
     1     1    19     6     2    12     0     0    -3.0  -34.563  -58.774     10.0   1017.3
     2     1    19     6     2    12     0     0    -3.0  -34.588  -59.009    204.4    993.6
     3     1    19     6     2    12     0     0    -3.0  -34.603  -59.109    523.1    956.4
     4     1    19     6     2    12     0     0    -3.0  -34.560  -58.814   1084.9    894.0
     5     1    19     6     2    12     0     0    -3.0  -34.955  -58.748   2156.3    784.6
     1     1    19     6     2    11     0     1    -4.0  -34.555  -58.859     10.0   1017.5
     2     1    19     6     2    11     0     1    -4.0  -34.587  -59.214    205.7    992.9
     3     1    19     6     2    11     0     1    -4.0  -34.598  -59.327    531.8    955.1
     4     1    19     6     2    11     0     1    -4.0  -34.579  -58.882   1108.1    892.4
     5     1    19     6     2    11     0     1    -4.0  -35.155  -58.847   2205.1    780.8
     1     1    19     6     2    10     0     2    -5.0  -34.544  -58.943     10.1   1017.8
     2     1    19     6     2    10     0     2    -5.0  -34.571  -59.419    209.7    991.6
     3     1    19     6     2    10     0     2    -5.0  -34.579  -59.528    545.0    952.6
     4     1    19     6     2    10     0     2    -5.0  -34.635  -58.939   1145.1    888.5
     5     1    19     6     2    10     0     2    -5.0  -35.413  -59.003   2269.8    774.4
     1     1    19     6     2     9     0     3    -6.0  -34.530  -59.025     10.1   1017.8
     2     1    19     6     2     9     0     3    -6.0  -34.542  -59.624    216.5    990.2
     3     1    19     6     2     9     0     3    -6.0  -34.551  -59.709    558.2    950.4
     4     1    19     6     2     9     0     3    -6.0  -34.741  -58.978   1198.7    882.6
     5     1    19     6     2     9     0     3    -6.0  -35.717  -59.235   2349.6    765.4
     1     1    19     6     2     8     0     2    -7.0  -34.513  -59.107     10.4   1017.2
     2     1    19     6     2     8     0     2    -7.0  -34.500  -59.821    227.3    988.9
     3     1    19     6     2     8     0     2    -7.0  -34.515  -59.871    575.1    949.0
     4     1    19     6     2     8     0     2    -7.0  -34.884  -59.020   1265.1    874.7
     5     1    19     6     2     8     0     2    -7.0  -36.028  -59.538   2416.2    755.1
     1     1    19     6     2     7     0     1    -8.0  -34.492  -59.189     11.1   1016.5
     2     1    19     6     2     7     0     1    -8.0  -34.447  -60.003    242.0    987.1
     3     1    19     6     2     7     0     1    -8.0  -34.476  -60.010    602.1    946.1
     4     1    19     6     2     7     0     1    -8.0  -35.041  -59.088   1333.6    866.7
     5     1    19     6     2     7     0     1    -8.0  -36.335  -59.900   2447.5    747.9
     1     1    19     6     2     6     0     0    -9.0  -34.465  -59.271     12.5   1015.7
     2     1    19     6     2     6     0     0    -9.0  -34.383  -60.165    259.2    984.8
     3     1    19     6     2     6     0     0    -9.0  -34.435  -60.122    639.7    941.8
     4     1    19     6     2     6     0     0    -9.0  -35.222  -59.189   1400.0    859.4
     5     1    19     6     2     6     0     0    -9.0  -36.647  -60.335   2463.8    743.0
     1     1    19     6     2     5     0     1   -10.0  -34.441  -59.352     14.3   1015.5
     2     1    19     6     2     5     0     1   -10.0  -34.330  -60.305    279.0    981.9
     3     1    19     6     2     5     0     1   -10.0  -34.418  -60.211    682.7    935.8
     4     1    19     6     2     5     0     1   -10.0  -35.436  -59.317   1464.8    852.4
     5     1    19     6     2     5     0     1   -10.0  -36.948  -60.835   2491.7    740.2
     1     1    19     6     2     4     0     2   -11.0  -34.427  -59.428     16.2   1015.3
     2     1    19     6     2     4     0     2   -11.0  -34.310  -60.418    302.0    978.5
     3     1    19     6     2     4     0     2   -11.0  -34.454  -60.277    725.1    930.5
     4     1    19     6     2     4     0     2   -11.0  -35.685  -59.476   1532.8    845.1
     5     1    19     6     2     4     0     2   -11.0  -37.237  -61.385   2531.9    731.5
     1     1    19     6     2     3     0     3   -12.0  -34.423  -59.499     18.1   1015.0
     2     1    19     6     2     3     0     3   -12.0  -34.328  -60.502    327.9    974.9
     3     1    19     6     2     3     0     3   -12.0  -34.545  -60.329    767.9    925.6
     4     1    19     6     2     3     0     3   -12.0  -35.972  -59.672   1615.1    836.4
     5     1    19     6     2     3     0     3   -12.0  -37.528  -62.009   2552.0    715.5
     1     1    19     6     2     2     0     2   -13.0  -34.426  -59.572     20.1   1013.8
     2     1    19     6     2     2     0     2   -13.0  -34.373  -60.586    355.5    970.9
     3     1    19     6     2     2     0     2   -13.0  -34.669  -60.394    813.8    920.1
     4     1    19     6     2     2     0     2   -13.0  -36.287  -59.923   1703.2    821.1
     5     1    19     6     2     2     0     2   -13.0  -37.799  -62.706   2577.8    719.6
     1     1    19     6     2     1     0     1   -14.0  -34.432  -59.656     22.1   1012.6
     2     1    19     6     2     1     0     1   -14.0  -34.431  -60.694    383.4    967.1
     3     1    19     6     2     1     0     1   -14.0  -34.799  -60.493    865.0    914.3
     4     1    19     6     2     1     0     1   -14.0  -36.622  -60.239   1784.9    807.8
     5     1    19     6     2     1     0     1   -14.0  -38.033  -63.433   2609.5    725.3
     1     1    19     6     2     0     0     0   -15.0  -34.442  -59.754     24.0   1011.6
     2     1    19     6     2     0     0     0   -15.0  -34.502  -60.829    413.1    963.3
     3     1    19     6     2     0     0     0   -15.0  -34.933  -60.629    925.0    907.4
     4     1    19     6     2     0     0     0   -15.0  -36.995  -60.625   1869.8    797.0
     5     1    19     6     2     0     0     0   -15.0  -38.217  -64.176   2651.9    723.5
     1     1    19     6     1    23     0     1   -16.0  -34.452  -59.860     25.5   1010.8
     2     1    19     6     1    23     0     1   -16.0  -34.571  -60.981    445.2    958.8
     3     1    19     6     1    23     0     1   -16.0  -35.066  -60.786    987.8    898.9
     4     1    19     6     1    23     0     1   -16.0  -37.370  -61.091   1954.4    784.3
     5     1    19     6     1    23     0     1   -16.0  -38.357  -64.919   2729.0    714.5
     1     1    19     6     1    22     0     2   -17.0  -34.455  -59.967     26.4   1010.2
     2     1    19     6     1    22     0     2   -17.0  -34.616  -61.136    476.6    954.0
     3     1    19     6     1    22     0     2   -17.0  -35.188  -60.953   1037.6    891.9
     4     1    19     6     1    22     0     2   -17.0  -37.710  -61.633   2034.7    764.2
     5     1    19     6     1    22     0     2   -17.0  -38.490  -65.665   2839.0    699.4
     1     1    19     6     1    21     0     3   -18.0  -34.449  -60.077     26.7   1009.4
     2     1    19     6     1    21     0     3   -18.0  -34.639  -61.295    503.5    950.0
     3     1    19     6     1    21     0     3   -18.0  -35.297  -61.137   1069.0    887.5
     4     1    19     6     1    21     0     3   -18.0  -38.041  -62.254   2127.0    745.6
     5     1    19     6     1    21     0     3   -18.0  -38.603  -66.477   2904.3    689.6
     1     1    19     6     1    20     0     2   -19.0  -34.434  -60.191     26.7   1008.3
     2     1    19     6     1    20     0     2   -19.0  -34.647  -61.450    525.5    947.1
     3     1    19     6     1    20     0     2   -19.0  -35.403  -61.326   1094.3    884.7
     4     1    19     6     1    20     0     2   -19.0  -38.349  -62.935   2240.4    757.7
     5     1    19     6     1    20     0     2   -19.0  -38.709  -67.391   2905.0    684.1
     1     1    19     6     1    19     0     1   -20.0  -34.410  -60.312     26.7   1007.2
     2     1    19     6     1    19     0     1   -20.0  -34.644  -61.592    542.0    944.7
     3     1    19     6     1    19     0     1   -20.0  -35.522  -61.514   1118.0    881.3
     4     1    19     6     1    19     0     1   -20.0  -38.621  -63.639   2297.3    756.4
     5     1    19     6     1    19     0     1   -20.0  -38.769  -68.382   2842.9    682.2
     1     1    19     6     1    18     0     0   -21.0  -34.376  -60.439     26.7   1006.1
     2     1    19     6     1    18     0     0   -21.0  -34.628  -61.726    551.4    943.1
     3     1    19     6     1    18     0     0   -21.0  -35.650  -61.703   1129.4    879.2
     4     1    19     6     1    18     0     0   -21.0  -38.893  -64.361   2255.0    759.5
     5     1    19     6     1    18     0     0   -21.0  -38.757  -69.383   2587.3    673.2
     1     1    19     6     1    17     0     1   -22.0  -34.330  -60.565     26.4   1006.2
     2     1    19     6     1    17     0     1   -22.0  -34.595  -61.861    557.7    942.3
     3     1    19     6     1    17     0     1   -22.0  -35.785  -61.902   1134.2    878.7
     4     1    19     6     1    17     0     1   -22.0  -39.129  -65.126   2164.5    765.8
     5     1    19     6     1    17     0     1   -22.0  -38.642  -70.348   2038.9    702.2
     1     1    19     6     1    16     0     2   -23.0  -34.275  -60.684     25.7   1006.3
     2     1    19     6     1    16     0     2   -23.0  -34.546  -62.009    567.6    941.1
     3     1    19     6     1    16     0     2   -23.0  -35.930  -62.123   1146.6    877.4
     4     1    19     6     1    16     0     2   -23.0  -39.317  -65.930   2101.8    766.1
     5     1    19     6     1    16     0     2   -23.0  -38.430  -71.343   2986.4    589.0
     1     1    19     6     1    15     0     3   -24.0  -34.210  -60.801     24.8   1006.2
     2     1    19     6     1    15     0     3   -24.0  -34.487  -62.169    582.7    938.9
     3     1    19     6     1    15     0     3   -24.0  -36.092  -62.382   1160.7    875.1
     4     1    19     6     1    15     0     3   -24.0  -39.462  -66.765   2057.7    765.9
     5     1    19     6     1    15     0     3   -24.0  -38.139  -72.230   2899.5    657.1
     1     1    19     6     1    14     0     2   -25.0  -34.146  -60.907     24.2   1005.5
     2     1    19     6     1    14     0     2   -25.0  -34.432  -62.338    597.9    936.3
     3     1    19     6     1    14     0     2   -25.0  -36.264  -62.685   1163.6    873.7
     4     1    19     6     1    14     0     2   -25.0  -39.558  -67.628   2003.1    754.7
     5     1    19     6     1    14     0     2   -25.0  -37.681  -72.925   2501.2    729.6
     1     1    19     6     1    13     0     1   -26.0  -34.094  -60.993     24.1   1004.9
     2     1    19     6     1    13     0     1   -26.0  -34.383  -62.513    609.8    934.0
     3     1    19     6     1    13     0     1   -26.0  -36.438  -63.028   1157.9    873.3
     4     1    19     6     1    13     0     1   -26.0  -39.591  -68.528   2034.9    727.0
     5     1    19     6     1    13     0     1   -26.0  -37.245  -73.526   2214.1    766.0
     1     1    19     6     1    12     0     0   -27.0  -34.053  -61.058     24.1   1004.9
     2     1    19     6     1    12     0     0   -27.0  -34.343  -62.697    619.5    931.9
     3     1    19     6     1    12     0     0   -27.0  -36.616  -63.416   1160.4    870.7
     4     1    19     6     1    12     0     0   -27.0  -39.558  -69.427   1981.2    714.2
     5     1    19     6     1    12     0     0   -27.0  -36.825  -74.061   1924.9    808.8
     1     1    19     6     1    11     0     1   -28.0  -34.019  -61.114     24.1   1004.6
     2     1    19     6     1    11     0     1   -28.0  -34.301  -62.890    629.6    930.0
     3     1    19     6     1    11     0     1   -28.0  -36.793  -63.853   1181.0    865.7
     4     1    19     6     1    11     0     1   -28.0  -39.402  -70.388   1641.3    751.7
     5     1    19     6     1    11     0     1   -28.0  -36.451  -74.550   1775.9    820.6
     1     1    19     6     1    10     0     2   -29.0  -33.987  -61.174     24.1   1004.4
     2     1    19     6     1    10     0     2   -29.0  -34.240  -63.095    640.2    927.5
     3     1    19     6     1    10     0     2   -29.0  -36.956  -64.324   1198.9    857.8
     4     1    19     6     1    10     0     2   -29.0  -39.096  -71.312   2395.2    656.2
     5     1    19     6     1    10     0     2   -29.0  -36.119  -75.033   1656.9    832.3
     1     1    19     6     1     9     0     3   -30.0  -33.957  -61.236     24.1   1004.2
     2     1    19     6     1     9     0     3   -30.0  -34.165  -63.317    648.4    924.8
     3     1    19     6     1     9     0     3   -30.0  -37.113  -64.786   1232.3    847.4
     4     1    19     6     1     9     0     3   -30.0  -38.758  -72.029   2735.0    661.3
     5     1    19     6     1     9     0     3   -30.0  -35.800  -75.523   1540.6    844.2
     1     1    19     6     1     8     0     2   -31.0  -33.922  -61.292     22.5   1004.0
     2     1    19     6     1     8     0     2   -31.0  -34.086  -63.543    647.9    923.0
     3     1    19     6     1     8     0     2   -31.0  -37.248  -65.248   1297.0    838.0
     4     1    19     6     1     8     0     2   -31.0  -38.347  -72.584   2512.6    713.8
     5     1    19     6     1     8     0     2   -31.0  -35.508  -76.033   1432.5    856.0
     1     1    19     6     1     7     0     1   -32.0  -33.877  -61.336     18.6   1004.2
     2     1    19     6     1     7     0     1   -32.0  -33.994  -63.765    628.9    922.4
     3     1    19     6     1     7     0     1   -32.0  -37.340  -65.714   1373.0    833.5
     4     1    19     6     1     7     0     1   -32.0  -37.962  -73.115   2395.3    743.9
     5     1    19     6     1     7     0     1   -32.0  -35.248  -76.561   1342.3    865.8
     1     1    19     6     1     6     0     0   -33.0  -33.825  -61.367     13.9   1004.9
     2     1    19     6     1     6     0     0   -33.0  -33.872  -63.981    593.8    923.4
     3     1    19     6     1     6     0     0   -33.0  -37.405  -66.155   1486.4    824.6
     4     1    19     6     1     6     0     0   -33.0  -37.642  -73.609   2308.9    755.0
     5     1    19     6     1     6     0     0   -33.0  -35.002  -77.113   1265.1    874.0
     1     1    19     6     1     5     0     1   -34.0  -33.774  -61.387     10.6   1005.9
     2     1    19     6     1     5     0     1   -34.0  -33.723  -64.157    581.9    920.7
     3     1    19     6     1     5     0     1   -34.0  -37.439  -66.620   1598.4    806.3
     4     1    19     6     1     5     0     1   -34.0  -37.373  -74.061   2214.8    778.5
     5     1    19     6     1     5     0     1   -34.0  -34.772  -77.691   1211.8    880.9
     1     1    19     6     1     4     0     2   -35.0  -33.729  -61.394      9.2   1006.2
     2     1    19     6     1     4     0     2   -35.0  -33.569  -64.299    616.0    907.0
     3     1    19     6     1     4     0     2   -35.0  -37.408  -67.139   1660.4    797.2
     4     1    19     6     1     4     0     2   -35.0  -37.150  -74.534   2153.2    782.9
     5     1    19     6     1     4     0     2   -35.0  -34.574  -78.291   1179.9    883.1
     1     1    19     6     1     3     0     3   -36.0  -33.688  -61.389      8.8   1006.6
     2     1    19     6     1     3     0     3   -36.0  -33.411  -64.444    688.3    886.5
     3     1    19     6     1     3     0     3   -36.0  -37.321  -67.752   1658.6    778.2
     4     1    19     6     1     3     0     3   -36.0  -36.978  -75.058   2111.1    785.9
     5     1    19     6     1     3     0     3   -36.0  -34.390  -78.909   1162.4    885.6
     1     1    19     6     1     2     0     2   -37.0  -33.654  -61.377      8.8   1006.9
     2     1    19     6     1     2     0     2   -37.0  -33.264  -64.628    781.4    858.6
     3     1    19     6     1     2     0     2   -37.0  -37.181  -68.540   1481.1    750.6
     4     1    19     6     1     2     0     2   -37.0  -36.844  -75.629   2082.2    787.9
     5     1    19     6     1     2     0     2   -37.0  -34.214  -79.541   1155.8    884.9
     1     1    19     6     1     1     0     1   -38.0  -33.626  -61.366      9.1   1007.1
     2     1    19     6     1     1     0     1   -38.0  -33.131  -64.877    881.5    825.5
     3     1    19     6     1     1     0     1   -38.0  -36.927  -69.512   1118.1    745.9
     4     1    19     6     1     1     0     1   -38.0  -36.738  -76.242   2069.0    787.9
     5     1    19     6     1     1     0     1   -38.0  -34.041  -80.188   1155.1    884.7
     1     1    19     6     1     0     0     0   -39.0  -33.606  -61.354      9.5   1007.2
     2     1    19     6     1     0     0     0   -39.0  -32.990  -65.202    976.9    792.7
     3     1    19     6     1     0     0     0   -39.0  -36.515  -70.485   1783.2    621.7
     4     1    19     6     1     0     0     0   -39.0  -36.661  -76.887   2066.1    787.5
     5     1    19     6     1     0     0     0   -39.0  -33.861  -80.848   1168.5    883.0
