     5     1
    GDAS    19     7     1     0     0
    GDAS    19     7     8     0     0
    GDAS    19     7    15     0     0
    GDAS    19     7    22     0     0
    GDAS    19     7    29     0     0
     5 BACKWARD OMEGA   
    19     7    26    15  -34.572  -58.513    10.0
    19     7    26    15  -34.572  -58.513   200.0
    19     7    26    15  -34.572  -58.513   500.0
    19     7    26    15  -34.572  -58.513  1000.0
    19     7    26    15  -34.572  -58.513  2000.0
     1 PRESSURE
     1     1    19     7    26    15     0     3     0.0  -34.572  -58.513     10.0   1013.5
     2     1    19     7    26    15     0     3     0.0  -34.572  -58.513    200.0    991.2
     3     1    19     7    26    15     0     3     0.0  -34.572  -58.513    500.0    956.2
     4     1    19     7    26    15     0     3     0.0  -34.572  -58.513   1000.0    900.0
     5     1    19     7    26    15     0     3     0.0  -34.572  -58.513   2000.0    796.3
     1     1    19     7    26    14     0     2    -1.0  -34.674  -58.612      8.5   1013.3
     2     1    19     7    26    14     0     2    -1.0  -34.752  -58.648    184.5    995.7
     3     1    19     7    26    14     0     2    -1.0  -34.785  -58.619    481.5    961.2
     4     1    19     7    26    14     0     2    -1.0  -34.788  -58.614   1012.9    901.9
     5     1    19     7    26    14     0     2    -1.0  -34.824  -58.619   2013.5    796.7
     1     1    19     7    26    13     0     1    -2.0  -34.769  -58.684      8.0   1012.6
     2     1    19     7    26    13     0     1    -2.0  -34.926  -58.723    183.6    995.4
     3     1    19     7    26    13     0     1    -2.0  -34.974  -58.640    489.8    960.3
     4     1    19     7    26    13     0     1    -2.0  -34.982  -58.664   1062.9    896.5
     5     1    19     7    26    13     0     1    -2.0  -35.072  -58.702   2012.8    794.6
     1     1    19     7    26    12     0     0    -3.0  -34.857  -58.729      8.2   1011.6
     2     1    19     7    26    12     0     0    -3.0  -35.097  -58.734    188.3    994.4
     3     1    19     7    26    12     0     0    -3.0  -35.129  -58.576    513.8    956.2
     4     1    19     7    26    12     0     0    -3.0  -35.149  -58.670   1117.1    887.6
     5     1    19     7    26    12     0     0    -3.0  -35.310  -58.747   1965.3    798.2
     1     1    19     7    26    11     0     1    -4.0  -34.948  -58.745      8.5   1011.6
     2     1    19     7    26    11     0     1    -4.0  -35.271  -58.683    190.3    993.6
     3     1    19     7    26    11     0     1    -4.0  -35.261  -58.442    528.3    952.4
     4     1    19     7    26    11     0     1    -4.0  -35.291  -58.635   1148.8    884.0
     5     1    19     7    26    11     0     1    -4.0  -35.520  -58.755   1907.5    808.4
     1     1    19     7    26    10     0     2    -5.0  -35.053  -58.729      8.5   1011.9
     2     1    19     7    26    10     0     2    -5.0  -35.455  -58.572    185.1    994.4
     3     1    19     7    26    10     0     2    -5.0  -35.395  -58.237    512.8    954.4
     4     1    19     7    26    10     0     2    -5.0  -35.411  -58.560   1164.3    883.9
     5     1    19     7    26    10     0     2    -5.0  -35.683  -58.748   1883.3    811.9
     1     1    19     7    26     9     0     3    -6.0  -35.168  -58.682      8.2   1012.5
     2     1    19     7    26     9     0     3    -6.0  -35.645  -58.395    175.5    995.9
     3     1    19     7    26     9     0     3    -6.0  -35.530  -57.943    472.9    959.5
     4     1    19     7    26     9     0     3    -6.0  -35.503  -58.451   1190.4    882.4
     5     1    19     7    26     9     0     3    -6.0  -35.799  -58.741   1908.3    810.1
     1     1    19     7    26     8     0     2    -7.0  -35.284  -58.604      7.6   1013.8
     2     1    19     7    26     8     0     2    -7.0  -35.827  -58.154    168.0    998.2
     3     1    19     7    26     8     0     2    -7.0  -35.656  -57.567    439.3    967.2
     4     1    19     7    26     8     0     2    -7.0  -35.552  -58.314   1230.7    877.4
     5     1    19     7    26     8     0     2    -7.0  -35.856  -58.723   1951.9    802.4
     1     1    19     7    26     7     0     1    -8.0  -35.393  -58.496      6.9   1014.9
     2     1    19     7    26     7     0     1    -8.0  -35.986  -57.850    171.8    999.0
     3     1    19     7    26     7     0     1    -8.0  -35.750  -57.117    427.7    968.1
     4     1    19     7    26     7     0     1    -8.0  -35.543  -58.156   1273.8    873.0
     5     1    19     7    26     7     0     1    -8.0  -35.848  -58.674   1982.0    799.8
     1     1    19     7    26     6     0     0    -9.0  -35.493  -58.361      6.2   1016.1
     2     1    19     7    26     6     0     0    -9.0  -36.119  -57.475    184.6    997.2
     3     1    19     7    26     6     0     0    -9.0  -35.808  -56.601    404.6    968.7
     4     1    19     7    26     6     0     0    -9.0  -35.476  -57.996   1318.3    868.6
     5     1    19     7    26     6     0     0    -9.0  -35.775  -58.598   1999.5    798.4
     1     1    19     7    26     5     0     1   -10.0  -35.582  -58.201      5.7   1017.0
     2     1    19     7    26     5     0     1   -10.0  -36.222  -57.046    193.5    996.5
     3     1    19     7    26     5     0     1   -10.0  -35.836  -56.068    344.9    976.3
     4     1    19     7    26     5     0     1   -10.0  -35.352  -57.829   1323.4    864.3
     5     1    19     7    26     5     0     1   -10.0  -35.647  -58.487   1996.0    798.3
     1     1    19     7    26     4     0     2   -11.0  -35.664  -58.023      4.8   1017.8
     2     1    19     7    26     4     0     2   -11.0  -36.279  -56.596    189.1    997.9
     3     1    19     7    26     4     0     2   -11.0  -35.817  -55.517    300.9    988.7
     4     1    19     7    26     4     0     2   -11.0  -35.172  -57.629   1262.1    872.5
     5     1    19     7    26     4     0     2   -11.0  -35.471  -58.341   1975.6    801.8
     1     1    19     7    26     3     0     3   -12.0  -35.739  -57.819      3.5   1019.0
     2     1    19     7    26     3     0     3   -12.0  -36.277  -56.144    168.2   1001.7
     3     1    19     7    26     3     0     3   -12.0  -35.716  -54.913    310.3    988.0
     4     1    19     7    26     3     0     3   -12.0  -34.923  -57.393   1151.0    884.6
     5     1    19     7    26     3     0     3   -12.0  -35.242  -58.186   1967.2    804.6
     1     1    19     7    26     2     0     2   -13.0  -35.810  -57.578      2.2   1020.6
     2     1    19     7    26     2     0     2   -13.0  -36.233  -55.687    149.1   1007.1
     3     1    19     7    26     2     0     2   -13.0  -35.574  -54.282    321.2    982.1
     4     1    19     7    26     2     0     2   -13.0  -34.638  -57.106   1027.0    896.3
     5     1    19     7    26     2     0     2   -13.0  -34.983  -58.019   1963.3    801.8
     1     1    19     7    26     1     0     1   -14.0  -35.873  -57.306      1.0   1022.1
     2     1    19     7    26     1     0     1   -14.0  -36.166  -55.210    152.6   1007.5
     3     1    19     7    26     1     0     1   -14.0  -35.445  -53.654    324.2    985.6
     4     1    19     7    26     1     0     1   -14.0  -34.334  -56.739    873.4    905.0
     5     1    19     7    26     1     0     1   -14.0  -34.707  -57.808   1889.1    803.8
     1     1    19     7    26     0     0     0   -15.0  -35.925  -57.011      0.0   1023.6
     2     1    19     7    26     0     0     0   -15.0  -36.078  -54.711    175.4   1003.5
     3     1    19     7    26     0     0     0   -15.0  -35.318  -53.016    374.3    984.1
     4     1    19     7    26     0     0     0   -15.0  -34.025  -56.228    619.2    929.1
     5     1    19     7    26     0     0     0   -15.0  -34.394  -57.568   1760.0    816.6
     1     1    19     7    25    23     0     1   -16.0  -35.970  -56.693      0.0   1023.9
     2     1    19     7    25    23     0     1   -16.0  -35.984  -54.211    192.7   1000.3
     3     1    19     7    25    23     0     1   -16.0  -35.179  -52.409    444.9    968.8
     4     1    19     7    25    23     0     1   -16.0  -33.824  -55.659    429.8    965.8
     5     1    19     7    25    23     0     1   -16.0  -34.061  -57.291   1610.8    824.7
     1     1    19     7    25    22     0     2   -17.0  -36.015  -56.350      0.0   1024.1
     2     1    19     7    25    22     0     2   -17.0  -35.892  -53.736    198.2   1000.8
     3     1    19     7    25    22     0     2   -17.0  -35.042  -51.877    430.8    967.3
     4     1    19     7    25    22     0     2   -17.0  -33.712  -55.052    380.7    957.9
     5     1    19     7    25    22     0     2   -17.0  -33.731  -56.951   1416.6    842.7
     1     1    19     7    25    21     0     3   -18.0  -36.069  -55.993      0.0   1024.2
     2     1    19     7    25    21     0     3   -18.0  -35.789  -53.295    196.8   1001.0
     3     1    19     7    25    21     0     3   -18.0  -34.921  -51.382    380.4    981.9
     4     1    19     7    25    21     0     3   -18.0  -33.658  -54.411    430.2    958.4
     5     1    19     7    25    21     0     3   -18.0  -33.391  -56.573   1218.2    871.5
     1     1    19     7    25    20     0     2   -19.0  -36.134  -55.648      0.0   1024.5
     2     1    19     7    25    20     0     2   -19.0  -35.680  -52.886    189.7   1002.5
     3     1    19     7    25    20     0     2   -19.0  -34.816  -50.893    366.6    984.7
     4     1    19     7    25    20     0     2   -19.0  -33.627  -53.783    484.7    956.7
     5     1    19     7    25    20     0     2   -19.0  -33.032  -56.154   1080.0    889.4
     1     1    19     7    25    19     0     1   -20.0  -36.206  -55.336      0.0   1024.9
     2     1    19     7    25    19     0     1   -20.0  -35.582  -52.501    180.6   1004.3
     3     1    19     7    25    19     0     1   -20.0  -34.743  -50.434    364.9    982.0
     4     1    19     7    25    19     0     1   -20.0  -33.592  -53.169    466.9    961.0
     5     1    19     7    25    19     0     1   -20.0  -32.683  -55.695   1014.5    891.4
     1     1    19     7    25    18     0     0   -21.0  -36.286  -55.056      0.0   1025.6
     2     1    19     7    25    18     0     0   -21.0  -35.503  -52.135    175.5   1006.3
     3     1    19     7    25    18     0     0   -21.0  -34.717  -50.024    349.2    985.1
     4     1    19     7    25    18     0     0   -21.0  -33.566  -52.572    425.4    975.8
     5     1    19     7    25    18     0     0   -21.0  -32.356  -55.245    985.1    889.9
     1     1    19     7    25    17     0     1   -22.0  -36.359  -54.802      0.0   1026.6
     2     1    19     7    25    17     0     1   -22.0  -35.440  -51.789    175.0   1006.4
     3     1    19     7    25    17     0     1   -22.0  -34.716  -49.649    335.3    988.1
     4     1    19     7    25    17     0     1   -22.0  -33.555  -52.018    427.5    977.0
     5     1    19     7    25    17     0     1   -22.0  -32.071  -54.816   1027.8    892.6
     1     1    19     7    25    16     0     2   -23.0  -36.416  -54.566      0.4   1027.5
     2     1    19     7    25    16     0     2   -23.0  -35.394  -51.464    174.3   1006.9
     3     1    19     7    25    16     0     2   -23.0  -34.720  -49.298    336.8    988.8
     4     1    19     7    25    16     0     2   -23.0  -33.554  -51.513    440.6    971.6
     5     1    19     7    25    16     0     2   -23.0  -31.781  -54.405    990.6    875.3
     1     1    19     7    25    15     0     3   -24.0  -36.459  -54.348      1.3   1028.2
     2     1    19     7    25    15     0     3   -24.0  -35.364  -51.164    174.0   1007.5
     3     1    19     7    25    15     0     3   -24.0  -34.731  -48.976    364.9    986.2
     4     1    19     7    25    15     0     3   -24.0  -33.555  -51.046    438.1    974.5
     5     1    19     7    25    15     0     3   -24.0  -31.486  -53.918    897.2    894.2
     1     1    19     7    25    14     0     2   -25.0  -36.505  -54.151      2.1   1028.3
     2     1    19     7    25    14     0     2   -25.0  -35.350  -50.882    174.6   1007.4
     3     1    19     7    25    14     0     2   -25.0  -34.751  -48.676    406.0    979.5
     4     1    19     7    25    14     0     2   -25.0  -33.565  -50.598    440.7    975.2
     5     1    19     7    25    14     0     2   -25.0  -31.195  -53.414    869.5    902.6
     1     1    19     7    25    13     0     1   -26.0  -36.567  -53.971      2.3   1028.4
     2     1    19     7    25    13     0     1   -26.0  -35.354  -50.606    177.5   1007.5
     3     1    19     7    25    13     0     1   -26.0  -34.784  -48.393    438.5    976.1
     4     1    19     7    25    13     0     1   -26.0  -33.600  -50.159    467.6    973.4
     5     1    19     7    25    13     0     1   -26.0  -30.974  -52.871    838.0    908.0
     1     1    19     7    25    12     0     0   -27.0  -36.649  -53.802      2.0   1028.5
     2     1    19     7    25    12     0     0   -27.0  -35.377  -50.336    188.2   1006.7
     3     1    19     7    25    12     0     0   -27.0  -34.831  -48.124    463.9    973.2
     4     1    19     7    25    12     0     0   -27.0  -33.663  -49.735    511.9    966.0
     5     1    19     7    25    12     0     0   -27.0  -30.843  -52.284    753.8    929.2
     1     1    19     7    25    11     0     1   -28.0  -36.738  -53.645      1.4   1028.2
     2     1    19     7    25    11     0     1   -28.0  -35.421  -50.076    200.9   1003.5
     3     1    19     7    25    11     0     1   -28.0  -34.900  -47.875    488.0    970.3
     4     1    19     7    25    11     0     1   -28.0  -33.749  -49.342    541.0    961.0
     5     1    19     7    25    11     0     1   -28.0  -30.801  -51.712    665.0    947.8
     1     1    19     7    25    10     0     2   -29.0  -36.824  -53.501      1.2   1028.0
     2     1    19     7    25    10     0     2   -29.0  -35.485  -49.835    202.9   1002.4
     3     1    19     7    25    10     0     2   -29.0  -35.001  -47.653    515.3    966.3
     4     1    19     7    25    10     0     2   -29.0  -33.852  -48.984    578.0    960.6
     5     1    19     7    25    10     0     2   -29.0  -30.815  -51.162    616.9    953.7
     1     1    19     7    25     9     0     3   -30.0  -36.912  -53.372      1.2   1027.7
     2     1    19     7    25     9     0     3   -30.0  -35.570  -49.618    194.6   1003.3
     3     1    19     7    25     9     0     3   -30.0  -35.137  -47.460    549.6    962.3
     4     1    19     7    25     9     0     3   -30.0  -33.967  -48.669    674.8    951.3
     5     1    19     7    25     9     0     3   -30.0  -30.863  -50.610    609.1    952.1
     1     1    19     7    25     8     0     2   -31.0  -37.010  -53.257      1.3   1027.7
     2     1    19     7    25     8     0     2   -31.0  -35.674  -49.436    187.8   1005.7
     3     1    19     7    25     8     0     2   -31.0  -35.296  -47.301    585.4    957.2
     4     1    19     7    25     8     0     2   -31.0  -34.092  -48.400    790.5    931.2
     5     1    19     7    25     8     0     2   -31.0  -30.949  -50.081    649.2    950.9
     1     1    19     7    25     7     0     1   -32.0  -37.125  -53.157      1.3   1027.7
     2     1    19     7    25     7     0     1   -32.0  -35.789  -49.294    187.4   1005.7
     3     1    19     7    25     7     0     1   -32.0  -35.461  -47.176    602.2    954.8
     4     1    19     7    25     7     0     1   -32.0  -34.228  -48.173    846.1    924.7
     5     1    19     7    25     7     0     1   -32.0  -31.069  -49.628    704.1    938.3
     1     1    19     7    25     6     0     0   -33.0  -37.260  -53.072      1.3   1027.7
     2     1    19     7    25     6     0     0   -33.0  -35.912  -49.191    188.3   1005.8
     3     1    19     7    25     6     0     0   -33.0  -35.633  -47.081    587.9    956.0
     4     1    19     7    25     6     0     0   -33.0  -34.379  -47.982    840.0    926.2
     5     1    19     7    25     6     0     0   -33.0  -31.225  -49.240    708.7    938.0
     1     1    19     7    25     5     0     1   -34.0  -37.412  -53.007      1.5   1028.0
     2     1    19     7    25     5     0     1   -34.0  -36.053  -49.111    191.9   1005.2
     3     1    19     7    25     5     0     1   -34.0  -35.822  -47.010    559.2    960.9
     4     1    19     7    25     5     0     1   -34.0  -34.556  -47.813    821.3    932.5
     5     1    19     7    25     5     0     1   -34.0  -31.397  -48.884    698.0    943.8
     1     1    19     7    25     4     0     2   -35.0  -37.578  -52.966      2.1   1028.4
     2     1    19     7    25     4     0     2   -35.0  -36.222  -49.040    201.5   1003.5
     3     1    19     7    25     4     0     2   -35.0  -36.038  -46.957    534.7    963.2
     4     1    19     7    25     4     0     2   -35.0  -34.770  -47.657    836.0    930.2
     5     1    19     7    25     4     0     2   -35.0  -31.559  -48.559    699.5    943.7
     1     1    19     7    25     3     0     3   -36.0  -37.756  -52.954      3.0   1028.7
     2     1    19     7    25     3     0     3   -36.0  -36.415  -48.980    215.4   1001.3
     3     1    19     7    25     3     0     3   -36.0  -36.279  -46.924    524.4    964.8
     4     1    19     7    25     3     0     3   -36.0  -35.027  -47.525    894.1    924.3
     5     1    19     7    25     3     0     3   -36.0  -31.710  -48.261    714.1    941.8
     1     1    19     7    25     2     0     2   -37.0  -37.946  -52.973      4.0   1028.9
     2     1    19     7    25     2     0     2   -37.0  -36.629  -48.941    226.5    999.3
     3     1    19     7    25     2     0     2   -37.0  -36.534  -46.919    533.7    963.2
     4     1    19     7    25     2     0     2   -37.0  -35.294  -47.432    970.5    911.7
     5     1    19     7    25     2     0     2   -37.0  -31.870  -47.965    759.8    938.6
     1     1    19     7    25     1     0     1   -38.0  -38.146  -53.026      4.9   1029.1
     2     1    19     7    25     1     0     1   -38.0  -36.861  -48.932    228.1    999.0
     3     1    19     7    25     1     0     1   -38.0  -36.796  -46.948    564.7    960.5
     4     1    19     7    25     1     0     1   -38.0  -35.544  -47.377   1023.1    904.8
     5     1    19     7    25     1     0     1   -38.0  -32.042  -47.669    836.9    927.3
     1     1    19     7    25     0     0     0   -39.0  -38.355  -53.103      5.6   1029.3
     2     1    19     7    25     0     0     0   -39.0  -37.120  -48.952    221.9    999.9
     3     1    19     7    25     0     0     0   -39.0  -37.072  -47.007    627.9    953.7
     4     1    19     7    25     0     0     0   -39.0  -35.788  -47.355   1034.0    902.7
     5     1    19     7    25     0     0     0   -39.0  -32.220  -47.410    902.4    918.1
     1     1    19     7    24    23     0     1   -40.0  -38.559  -53.192      6.1   1028.4
     2     1    19     7    24    23     0     1   -40.0  -37.391  -49.005    218.7   1000.6
     3     1    19     7    24    23     0     1   -40.0  -37.363  -47.106    687.2    941.6
     4     1    19     7    24    23     0     1   -40.0  -36.035  -47.368   1016.1    906.6
     5     1    19     7    24    23     0     1   -40.0  -32.407  -47.204    914.8    912.8
     1     1    19     7    24    22     0     2   -41.0  -38.751  -53.290      6.4   1027.7
     2     1    19     7    24    22     0     2   -41.0  -37.660  -49.089    221.8    999.4
     3     1    19     7    24    22     0     2   -41.0  -37.659  -47.250    706.7    939.1
     4     1    19     7    24    22     0     2   -41.0  -36.286  -47.420   1012.2    908.7
     5     1    19     7    24    22     0     2   -41.0  -32.628  -47.009    865.8    919.9
     1     1    19     7    24    21     0     3   -42.0  -38.936  -53.403      6.8   1027.3
     2     1    19     7    24    21     0     3   -42.0  -37.921  -49.204    224.0    998.2
     3     1    19     7    24    21     0     3   -42.0  -37.949  -47.430    695.4    940.1
     4     1    19     7    24    21     0     3   -42.0  -36.543  -47.512   1032.3    904.8
     5     1    19     7    24    21     0     3   -42.0  -32.885  -46.818    800.6    930.3
     1     1    19     7    24    20     0     2   -43.0  -39.123  -53.534      7.3   1027.3
     2     1    19     7    24    20     0     2   -43.0  -38.169  -49.348    223.6    998.0
     3     1    19     7    24    20     0     2   -43.0  -38.229  -47.639    681.9    944.1
     4     1    19     7    24    20     0     2   -43.0  -36.806  -47.632   1059.8    900.5
     5     1    19     7    24    20     0     2   -43.0  -33.160  -46.632    754.0    935.4
     1     1    19     7    24    19     0     1   -44.0  -39.317  -53.679      7.9   1027.1
     2     1    19     7    24    19     0     1   -44.0  -38.410  -49.515    224.1    997.6
     3     1    19     7    24    19     0     1   -44.0  -38.500  -47.867    679.5    942.6
     4     1    19     7    24    19     0     1   -44.0  -37.075  -47.769   1094.6    896.8
     5     1    19     7    24    19     0     1   -44.0  -33.444  -46.447    737.8    937.4
     1     1    19     7    24    18     0     0   -45.0  -39.518  -53.838      8.2   1026.9
     2     1    19     7    24    18     0     0   -45.0  -38.653  -49.700    231.6    996.8
     3     1    19     7    24    18     0     0   -45.0  -38.772  -48.112    667.2    942.4
     4     1    19     7    24    18     0     0   -45.0  -37.346  -47.922   1125.0    891.2
     5     1    19     7    24    18     0     0   -45.0  -33.741  -46.269    763.6    934.6
     1     1    19     7    24    17     0     1   -46.0  -39.722  -54.004      8.3   1027.0
     2     1    19     7    24    17     0     1   -46.0  -38.905  -49.900    251.2    994.8
     3     1    19     7    24    17     0     1   -46.0  -39.047  -48.368    656.9    946.5
     4     1    19     7    24    17     0     1   -46.0  -37.614  -48.085   1134.7    890.4
     5     1    19     7    24    17     0     1   -46.0  -34.054  -46.113    835.5    926.1
     1     1    19     7    24    16     0     2   -47.0  -39.920  -54.170      8.3   1027.2
     2     1    19     7    24    16     0     2   -47.0  -39.167  -50.114    281.8    991.2
     3     1    19     7    24    16     0     2   -47.0  -39.320  -48.635    656.0    945.0
     4     1    19     7    24    16     0     2   -47.0  -37.877  -48.259   1130.5    891.5
     5     1    19     7    24    16     0     2   -47.0  -34.367  -46.000    918.5    914.0
     1     1    19     7    24    15     0     3   -48.0  -40.110  -54.338      8.6   1027.4
     2     1    19     7    24    15     0     3   -48.0  -39.435  -50.347    313.1    986.3
     3     1    19     7    24    15     0     3   -48.0  -39.588  -48.916    651.8    945.8
     4     1    19     7    24    15     0     3   -48.0  -38.140  -48.448   1132.2    893.0
     5     1    19     7    24    15     0     3   -48.0  -34.671  -45.915    974.5    906.0
     1     1    19     7    24    14     0     2   -49.0  -40.302  -54.507      9.1   1027.0
     2     1    19     7    24    14     0     2   -49.0  -39.708  -50.597    336.4    983.2
     3     1    19     7    24    14     0     2   -49.0  -39.857  -49.214    663.7    946.4
     4     1    19     7    24    14     0     2   -49.0  -38.403  -48.659   1159.3    890.4
     5     1    19     7    24    14     0     2   -49.0  -34.981  -45.844    995.5    904.7
     1     1    19     7    24    13     0     1   -50.0  -40.508  -54.678      9.5   1026.5
     2     1    19     7    24    13     0     1   -50.0  -39.984  -50.865    348.3    981.3
     3     1    19     7    24    13     0     1   -50.0  -40.133  -49.531    707.0    940.5
     4     1    19     7    24    13     0     1   -50.0  -38.666  -48.900   1204.6    883.9
     5     1    19     7    24    13     0     1   -50.0  -35.295  -45.793   1033.1    904.6
     1     1    19     7    24    12     0     0   -51.0  -40.733  -54.863     10.2   1025.6
     2     1    19     7    24    12     0     0   -51.0  -40.266  -51.158    341.9    981.4
     3     1    19     7    24    12     0     0   -51.0  -40.410  -49.874    767.8    932.0
     4     1    19     7    24    12     0     0   -51.0  -38.930  -49.166   1265.3    877.9
     5     1    19     7    24    12     0     0   -51.0  -35.595  -45.783   1159.5    894.1
     1     1    19     7    24    11     0     1   -52.0  -40.974  -55.067     12.0   1024.4
     2     1    19     7    24    11     0     1   -52.0  -40.552  -51.486    330.5    984.2
     3     1    19     7    24    11     0     1   -52.0  -40.686  -50.251    803.8    923.8
     4     1    19     7    24    11     0     1   -52.0  -39.193  -49.464   1329.2    867.8
     5     1    19     7    24    11     0     1   -52.0  -35.858  -45.860   1393.2    866.5
     1     1    19     7    24    10     0     2   -53.0  -41.212  -55.282     14.8   1023.5
     2     1    19     7    24    10     0     2   -53.0  -40.836  -51.854    327.6    983.7
     3     1    19     7    24    10     0     2   -53.0  -40.962  -50.660    806.5    925.8
     4     1    19     7    24    10     0     2   -53.0  -39.454  -49.806   1359.0    862.9
     5     1    19     7    24    10     0     2   -53.0  -36.064  -46.061   1696.2    832.8
     1     1    19     7    24     9     0     3   -54.0  -41.431  -55.509     17.6   1022.4
     2     1    19     7    24     9     0     3   -54.0  -41.121  -52.265    335.0    982.8
     3     1    19     7    24     9     0     3   -54.0  -41.232  -51.100    829.1    925.8
     4     1    19     7    24     9     0     3   -54.0  -39.716  -50.183   1342.8    864.1
     5     1    19     7    24     9     0     3   -54.0  -36.213  -46.362   1939.4    798.9
     1     1    19     7    24     8     0     2   -55.0  -41.625  -55.752     19.4   1022.4
     2     1    19     7    24     8     0     2   -55.0  -41.387  -52.708    361.4    980.3
     3     1    19     7    24     8     0     2   -55.0  -41.490  -51.573    888.4    918.3
     4     1    19     7    24     8     0     2   -55.0  -39.973  -50.587   1316.0    870.9
     5     1    19     7    24     8     0     2   -55.0  -36.318  -46.690   2092.7    790.3
     1     1    19     7    24     7     0     1   -56.0  -41.797  -56.004     20.2   1022.5
     2     1    19     7    24     7     0     1   -56.0  -41.623  -53.157    394.3    974.7
     3     1    19     7    24     7     0     1   -56.0  -41.735  -52.063    992.2    907.8
     4     1    19     7    24     7     0     1   -56.0  -40.219  -51.028   1305.0    871.6
     5     1    19     7    24     7     0     1   -56.0  -36.371  -47.021   2249.6    777.8
     1     1    19     7    24     6     0     0   -57.0  -41.955  -56.256     19.7   1022.8
     2     1    19     7    24     6     0     0   -57.0  -41.844  -53.604    407.8    972.3
     3     1    19     7    24     6     0     0   -57.0  -41.968  -52.553   1097.8    889.4
     4     1    19     7    24     6     0     0   -57.0  -40.464  -51.509   1350.3    871.4
     5     1    19     7    24     6     0     0   -57.0  -36.379  -47.345   2379.4    761.0
     1     1    19     7    24     5     0     1   -58.0  -42.104  -56.508     19.0   1022.7
     2     1    19     7    24     5     0     1   -58.0  -42.061  -54.056    400.7    973.7
     3     1    19     7    24     5     0     1   -58.0  -42.196  -53.054   1150.3    884.2
     4     1    19     7    24     5     0     1   -58.0  -40.701  -52.018   1516.9    855.1
     5     1    19     7    24     5     0     1   -58.0  -36.363  -47.635   2411.2    756.8
     1     1    19     7    24     4     0     2   -59.0  -42.252  -56.767     19.2   1022.2
     2     1    19     7    24     4     0     2   -59.0  -42.277  -54.512    397.0    975.9
     3     1    19     7    24     4     0     2   -59.0  -42.420  -53.576   1179.0    883.6
     4     1    19     7    24     4     0     2   -59.0  -40.899  -52.574   1739.5    823.2
     5     1    19     7    24     4     0     2   -59.0  -36.333  -47.878   2384.1    763.8
     1     1    19     7    24     3     0     3   -60.0  -42.405  -57.041     20.2   1021.6
     2     1    19     7    24     3     0     3   -60.0  -42.493  -54.971    408.8    974.0
     3     1    19     7    24     3     0     3   -60.0  -42.643  -54.122   1199.3    880.0
     4     1    19     7    24     3     0     3   -60.0  -41.064  -53.187   1884.2    803.6
     5     1    19     7    24     3     0     3   -60.0  -36.292  -48.082   2404.4    766.9
     1     1    19     7    24     2     0     2   -61.0  -42.553  -57.319     21.4   1021.2
     2     1    19     7    24     2     0     2   -61.0  -42.712  -55.433    428.0    971.0
     3     1    19     7    24     2     0     2   -61.0  -42.873  -54.694   1224.0    879.3
     4     1    19     7    24     2     0     2   -61.0  -41.226  -53.832   1945.6    799.5
     5     1    19     7    24     2     0     2   -61.0  -36.240  -48.282   2472.5    755.9
     1     1    19     7    24     1     0     1   -62.0  -42.684  -57.583     22.6   1021.0
     2     1    19     7    24     1     0     1   -62.0  -42.932  -55.882    453.1    967.6
     3     1    19     7    24     1     0     1   -62.0  -43.116  -55.275   1277.0    873.0
     4     1    19     7    24     1     0     1   -62.0  -41.391  -54.482   1963.9    800.1
     5     1    19     7    24     1     0     1   -62.0  -36.178  -48.480   2514.6    751.7
     1     1    19     7    24     0     0     0   -63.0  -42.800  -57.822     24.1   1020.7
     2     1    19     7    24     0     0     0   -63.0  -43.151  -56.305    482.8    962.8
     3     1    19     7    24     0     0     0   -63.0  -43.367  -55.864   1338.8    863.4
     4     1    19     7    24     0     0     0   -63.0  -41.543  -55.130   1982.3    799.9
     5     1    19     7    24     0     0     0   -63.0  -36.102  -48.652   2510.8    751.3
     1     1    19     7    23    23     0     1   -64.0  -42.906  -58.070     25.4   1019.1
     2     1    19     7    23    23     0     1   -64.0  -43.375  -56.745    501.9    958.3
     3     1    19     7    23    23     0     1   -64.0  -43.623  -56.476   1380.0    857.3
     4     1    19     7    23    23     0     1   -64.0  -41.687  -55.771   2007.4    796.0
     5     1    19     7    23    23     0     1   -64.0  -36.022  -48.789   2447.9    757.0
     1     1    19     7    23    22     0     2   -65.0  -43.011  -58.368     25.7   1017.4
     2     1    19     7    23    22     0     2   -65.0  -43.616  -57.225    505.1    958.1
     3     1    19     7    23    22     0     2   -65.0  -43.905  -57.124   1392.1    855.7
     4     1    19     7    23    22     0     2   -65.0  -41.844  -56.406   2017.8    793.3
     5     1    19     7    23    22     0     2   -65.0  -35.955  -48.903   2335.1    768.2
     1     1    19     7    23    21     0     3   -66.0  -43.123  -58.710     23.6   1016.2
     2     1    19     7    23    21     0     3   -66.0  -43.891  -57.713    500.8    957.9
     3     1    19     7    23    21     0     3   -66.0  -44.215  -57.771   1428.4    856.8
     4     1    19     7    23    21     0     3   -66.0  -42.016  -57.045   1980.2    794.8
     5     1    19     7    23    21     0     3   -66.0  -35.914  -48.998   2197.5    782.8
     1     1    19     7    23    20     0     2   -67.0  -43.234  -59.065     20.6   1016.6
     2     1    19     7    23    20     0     2   -67.0  -44.179  -58.226    490.8    958.5
     3     1    19     7    23    20     0     2   -67.0  -44.514  -58.410   1496.4    844.0
     4     1    19     7    23    20     0     2   -67.0  -42.202  -57.664   1955.4    805.4
     5     1    19     7    23    20     0     2   -67.0  -35.901  -49.076   2087.6    797.1
     1     1    19     7    23    19     0     1   -68.0  -43.327  -59.419     18.8   1016.8
     2     1    19     7    23    19     0     1   -68.0  -44.451  -58.787    477.3    959.9
     3     1    19     7    23    19     0     1   -68.0  -44.793  -59.059   1554.3    838.2
     4     1    19     7    23    19     0     1   -68.0  -42.380  -58.278   1985.5    797.7
     5     1    19     7    23    19     0     1   -68.0  -35.899  -49.146   2040.2    801.3
     1     1    19     7    23    18     0     0   -69.0  -43.401  -59.784     18.3   1016.2
     2     1    19     7    23    18     0     0   -69.0  -44.716  -59.362    476.6    960.7
     3     1    19     7    23    18     0     0   -69.0  -45.090  -59.706   1597.3    831.3
     4     1    19     7    23    18     0     0   -69.0  -42.550  -58.913   2007.7    792.5
     5     1    19     7    23    18     0     0   -69.0  -35.898  -49.217   2047.1    800.2
     1     1    19     7    23    17     0     1   -70.0  -43.467  -60.164     18.2   1016.1
     2     1    19     7    23    17     0     1   -70.0  -44.980  -59.937    483.5    957.4
     3     1    19     7    23    17     0     1   -70.0  -45.411  -60.353   1636.1    829.3
     4     1    19     7    23    17     0     1   -70.0  -42.732  -59.566   1999.0    793.5
     5     1    19     7    23    17     0     1   -70.0  -35.901  -49.297   2061.4    794.7
     1     1    19     7    23    16     0     2   -71.0  -43.546  -60.562     17.8   1016.0
     2     1    19     7    23    16     0     2   -71.0  -45.243  -60.497    506.6    957.6
     3     1    19     7    23    16     0     2   -71.0  -45.734  -61.002   1707.3    823.0
     4     1    19     7    23    16     0     2   -71.0  -42.926  -60.220   1979.4    797.6
     5     1    19     7    23    16     0     2   -71.0  -35.919  -49.379   2049.1    796.4
     1     1    19     7    23    15     0     3   -72.0  -43.643  -60.987     17.7   1016.0
     2     1    19     7    23    15     0     3   -72.0  -45.518  -61.039    575.0    949.2
     3     1    19     7    23    15     0     3   -72.0  -46.078  -61.654   1749.7    810.8
     4     1    19     7    23    15     0     3   -72.0  -43.134  -60.880   2010.2    798.5
     5     1    19     7    23    15     0     3   -72.0  -35.954  -49.460   2018.0    799.8
