     5     1
    GDAS    19     7     1     0     0
    GDAS    19     7     8     0     0
    GDAS    19     7    15     0     0
    GDAS    19     7    22     0     0
    GDAS    19     7    29     0     0
     5 BACKWARD OMEGA   
    19     7    27     9  -34.572  -58.513    10.0
    19     7    27     9  -34.572  -58.513   200.0
    19     7    27     9  -34.572  -58.513   500.0
    19     7    27     9  -34.572  -58.513  1000.0
    19     7    27     9  -34.572  -58.513  2000.0
     1 PRESSURE
     1     1    19     7    27     9     0     3     0.0  -34.572  -58.513     10.0   1021.2
     2     1    19     7    27     9     0     3     0.0  -34.572  -58.513    200.0    998.2
     3     1    19     7    27     9     0     3     0.0  -34.572  -58.513    500.0    963.1
     4     1    19     7    27     9     0     3     0.0  -34.572  -58.513   1000.0    906.4
     5     1    19     7    27     9     0     3     0.0  -34.572  -58.513   2000.0    801.6
     1     1    19     7    27     8     0     2    -1.0  -34.602  -58.599      9.8   1021.0
     2     1    19     7    27     8     0     2    -1.0  -34.679  -58.672    200.0    999.5
     3     1    19     7    27     8     0     2    -1.0  -34.701  -58.674    502.3    964.3
     4     1    19     7    27     8     0     2    -1.0  -34.710  -58.692    999.4    907.9
     5     1    19     7    27     8     0     2    -1.0  -34.775  -58.757   1988.3    804.8
     1     1    19     7    27     7     0     1    -2.0  -34.639  -58.693      9.7   1020.7
     2     1    19     7    27     7     0     1    -2.0  -34.798  -58.842    205.4    999.4
     3     1    19     7    27     7     0     1    -2.0  -34.830  -58.835    508.8    964.0
     4     1    19     7    27     7     0     1    -2.0  -34.846  -58.876   1003.4    908.0
     5     1    19     7    27     7     0     1    -2.0  -34.979  -59.014   1989.7    805.2
     1     1    19     7    27     6     0     0    -3.0  -34.681  -58.797      9.8   1020.2
     2     1    19     7    27     6     0     0    -3.0  -34.926  -59.029    215.2    998.4
     3     1    19     7    27     6     0     0    -3.0  -34.946  -58.997    516.6    963.2
     4     1    19     7    27     6     0     0    -3.0  -34.979  -59.075   1008.3    907.4
     5     1    19     7    27     6     0     0    -3.0  -35.181  -59.289   2004.0    803.3
     1     1    19     7    27     5     0     1    -4.0  -34.724  -58.902     10.1   1020.2
     2     1    19     7    27     5     0     1    -4.0  -35.049  -59.217    225.6    996.5
     3     1    19     7    27     5     0     1    -4.0  -35.061  -59.156    523.8    961.8
     4     1    19     7    27     5     0     1    -4.0  -35.120  -59.270   1020.6    906.3
     5     1    19     7    27     5     0     1    -4.0  -35.383  -59.565   2026.9    798.9
     1     1    19     7    27     4     0     2    -5.0  -34.757  -58.996     10.4   1020.3
     2     1    19     7    27     4     0     2    -5.0  -35.160  -59.390    234.1    994.7
     3     1    19     7    27     4     0     2    -5.0  -35.185  -59.307    529.3    960.1
     4     1    19     7    27     4     0     2    -5.0  -35.269  -59.447   1043.1    901.8
     5     1    19     7    27     4     0     2    -5.0  -35.584  -59.835   2048.2    793.5
     1     1    19     7    27     3     0     3    -6.0  -34.780  -59.078     10.8   1020.1
     2     1    19     7    27     3     0     3    -6.0  -35.267  -59.553    240.4    992.8
     3     1    19     7    27     3     0     3    -6.0  -35.312  -59.454    530.1    958.5
     4     1    19     7    27     3     0     3    -6.0  -35.419  -59.618   1060.5    897.3
     5     1    19     7    27     3     0     3    -6.0  -35.776  -60.108   2061.8    789.2
     1     1    19     7    27     2     0     2    -7.0  -34.804  -59.152     11.1   1019.4
     2     1    19     7    27     2     0     2    -7.0  -35.391  -59.718    242.6    990.8
     3     1    19     7    27     2     0     2    -7.0  -35.451  -59.598    523.4    957.7
     4     1    19     7    27     2     0     2    -7.0  -35.574  -59.786   1062.7    894.9
     5     1    19     7    27     2     0     2    -7.0  -35.969  -60.368   2091.6    786.8
     1     1    19     7    27     1     0     1    -8.0  -34.839  -59.220     11.2   1018.8
     2     1    19     7    27     1     0     1    -8.0  -35.545  -59.894    240.3    988.8
     3     1    19     7    27     1     0     1    -8.0  -35.618  -59.740    514.2    957.2
     4     1    19     7    27     1     0     1    -8.0  -35.739  -59.951   1059.9    893.8
     5     1    19     7    27     1     0     1    -8.0  -36.170  -60.608   2152.4    778.4
     1     1    19     7    27     0     0     0    -9.0  -34.884  -59.282     11.0   1018.3
     2     1    19     7    27     0     0     0    -9.0  -35.730  -60.084    239.7    986.5
     3     1    19     7    27     0     0     0    -9.0  -35.806  -59.884    516.2    955.2
     4     1    19     7    27     0     0     0    -9.0  -35.908  -60.118   1076.3    891.1
     5     1    19     7    27     0     0     0    -9.0  -36.368  -60.842   2232.7    769.1
     1     1    19     7    26    23     0     1   -10.0  -34.940  -59.348     10.3   1017.3
     2     1    19     7    26    23     0     1   -10.0  -35.924  -60.271    240.5    983.1
     3     1    19     7    26    23     0     1   -10.0  -35.994  -60.028    509.9    949.0
     4     1    19     7    26    23     0     1   -10.0  -36.084  -60.288   1087.3    883.7
     5     1    19     7    26    23     0     1   -10.0  -36.572  -61.072   2306.1    758.5
     1     1    19     7    26    22     0     2   -11.0  -35.007  -59.425      9.4   1016.3
     2     1    19     7    26    22     0     2   -11.0  -36.102  -60.446    237.8    981.2
     3     1    19     7    26    22     0     2   -11.0  -36.176  -60.170    474.2    951.1
     4     1    19     7    26    22     0     2   -11.0  -36.263  -60.452   1066.3    884.5
     5     1    19     7    26    22     0     2   -11.0  -36.785  -61.290   2347.8    752.7
     1     1    19     7    26    21     0     3   -12.0  -35.083  -59.507      8.2   1015.4
     2     1    19     7    26    21     0     3   -12.0  -36.265  -60.616    241.2    979.4
     3     1    19     7    26    21     0     3   -12.0  -36.352  -60.315    436.0    955.3
     4     1    19     7    26    21     0     3   -12.0  -36.440  -60.616   1029.9    887.2
     5     1    19     7    26    21     0     3   -12.0  -36.994  -61.502   2365.9    749.9
     1     1    19     7    26    20     0     2   -13.0  -35.173  -59.587      7.1   1014.4
     2     1    19     7    26    20     0     2   -13.0  -36.419  -60.777    259.2    976.4
     3     1    19     7    26    20     0     2   -13.0  -36.519  -60.454    422.4    956.2
     4     1    19     7    26    20     0     2   -13.0  -36.610  -60.767    998.6    890.7
     5     1    19     7    26    20     0     2   -13.0  -37.199  -61.710   2364.0    745.3
     1     1    19     7    26    19     0     1   -14.0  -35.282  -59.655      6.5   1013.3
     2     1    19     7    26    19     0     1   -14.0  -36.565  -60.919    283.3    971.5
     3     1    19     7    26    19     0     1   -14.0  -36.678  -60.569    429.6    952.5
     4     1    19     7    26    19     0     1   -14.0  -36.765  -60.884    977.3    891.4
     5     1    19     7    26    19     0     1   -14.0  -37.398  -61.919   2342.4    740.7
     1     1    19     7    26    18     0     0   -15.0  -35.413  -59.710      6.5   1012.3
     2     1    19     7    26    18     0     0   -15.0  -36.700  -61.043    297.3    968.1
     3     1    19     7    26    18     0     0   -15.0  -36.825  -60.660    435.2    949.5
     4     1    19     7    26    18     0     0   -15.0  -36.895  -60.967    956.8    892.7
     5     1    19     7    26    18     0     0   -15.0  -37.576  -62.131   2307.5    740.0
     1     1    19     7    26    17     0     1   -16.0  -35.556  -59.753      6.9   1012.5
     2     1    19     7    26    17     0     1   -16.0  -36.824  -61.138    304.9    967.7
     3     1    19     7    26    17     0     1   -16.0  -36.964  -60.716    435.6    949.3
     4     1    19     7    26    17     0     1   -16.0  -37.019  -61.017    943.5    894.6
     5     1    19     7    26    17     0     1   -16.0  -37.747  -62.345   2273.3    743.6
     1     1    19     7    26    16     0     2   -17.0  -35.700  -59.788      7.2   1012.5
     2     1    19     7    26    16     0     2   -17.0  -36.943  -61.195    315.2    965.8
     3     1    19     7    26    16     0     2   -17.0  -37.101  -60.727    437.4    948.7
     4     1    19     7    26    16     0     2   -17.0  -37.158  -61.043    945.1    893.5
     5     1    19     7    26    16     0     2   -17.0  -37.920  -62.567   2250.0    747.4
     1     1    19     7    26    15     0     3   -18.0  -35.847  -59.813      7.5   1012.2
     2     1    19     7    26    15     0     3   -18.0  -37.058  -61.215    327.8    963.1
     3     1    19     7    26    15     0     3   -18.0  -37.235  -60.696    443.2    947.3
     4     1    19     7    26    15     0     3   -18.0  -37.310  -61.049    953.6    890.4
     5     1    19     7    26    15     0     3   -18.0  -38.092  -62.809   2244.3    754.9
     1     1    19     7    26    14     0     2   -19.0  -35.997  -59.824      7.6   1011.5
     2     1    19     7    26    14     0     2   -19.0  -37.182  -61.215    345.7    959.8
     3     1    19     7    26    14     0     2   -19.0  -37.369  -60.649    458.9    945.2
     4     1    19     7    26    14     0     2   -19.0  -37.464  -61.048    970.3    888.5
     5     1    19     7    26    14     0     2   -19.0  -38.259  -63.069   2260.9    761.9
     1     1    19     7    26    13     0     1   -20.0  -36.151  -59.827      7.7   1009.3
     2     1    19     7    26    13     0     1   -20.0  -37.318  -61.219    374.8    955.0
     3     1    19     7    26    13     0     1   -20.0  -37.501  -60.611    487.7    941.0
     4     1    19     7    26    13     0     1   -20.0  -37.617  -61.055   1007.8    883.3
     5     1    19     7    26    13     0     1   -20.0  -38.410  -63.331   2296.6    760.8
     1     1    19     7    26    12     0     0   -21.0  -36.308  -59.828      8.1   1007.0
     2     1    19     7    26    12     0     0   -21.0  -37.456  -61.230    420.8    948.4
     3     1    19     7    26    12     0     0   -21.0  -37.628  -60.582    528.8    935.7
     4     1    19     7    26    12     0     0   -21.0  -37.768  -61.070   1071.2    875.4
     5     1    19     7    26    12     0     0   -21.0  -38.539  -63.604   2345.5    757.2
     1     1    19     7    26    11     0     1   -22.0  -36.462  -59.817      8.5   1005.2
     2     1    19     7    26    11     0     1   -22.0  -37.559  -61.255    479.5    938.6
     3     1    19     7    26    11     0     1   -22.0  -37.716  -60.562    572.6    929.2
     4     1    19     7    26    11     0     1   -22.0  -37.898  -61.093   1131.6    864.1
     5     1    19     7    26    11     0     1   -22.0  -38.643  -63.892   2389.5    751.6
     1     1    19     7    26    10     0     2   -23.0  -36.606  -59.785      9.2   1004.0
     2     1    19     7    26    10     0     2   -23.0  -37.606  -61.293    541.4    929.9
     3     1    19     7    26    10     0     2   -23.0  -37.737  -60.546    606.1    925.2
     4     1    19     7    26    10     0     2   -23.0  -37.987  -61.127   1162.0    859.2
     5     1    19     7    26    10     0     2   -23.0  -38.715  -64.198   2416.0    747.8
     1     1    19     7    26     9     0     3   -24.0  -36.735  -59.733     10.0   1003.4
     2     1    19     7    26     9     0     3   -24.0  -37.599  -61.340    606.2    922.0
     3     1    19     7    26     9     0     3   -24.0  -37.698  -60.529    627.7    922.8
     4     1    19     7    26     9     0     3   -24.0  -38.041  -61.170   1168.5    858.7
     5     1    19     7    26     9     0     3   -24.0  -38.762  -64.520   2438.7    744.3
     1     1    19     7    26     8     0     2   -25.0  -36.846  -59.661     11.1   1002.7
     2     1    19     7    26     8     0     2   -25.0  -37.556  -61.366    671.0    914.8
     3     1    19     7    26     8     0     2   -25.0  -37.615  -60.484    648.3    922.1
     4     1    19     7    26     8     0     2   -25.0  -38.061  -61.208   1168.8    860.3
     5     1    19     7    26     8     0     2   -25.0  -38.793  -64.826   2465.1    740.2
     1     1    19     7    26     7     0     1   -26.0  -36.937  -59.570     12.4   1002.3
     2     1    19     7    26     7     0     1   -26.0  -37.489  -61.342    727.1    909.9
     3     1    19     7    26     7     0     1   -26.0  -37.502  -60.379    674.3    919.1
     4     1    19     7    26     7     0     1   -26.0  -38.049  -61.227   1173.9    858.8
     5     1    19     7    26     7     0     1   -26.0  -38.800  -65.095   2488.2    736.3
     1     1    19     7    26     6     0     0   -27.0  -37.009  -59.456     13.5   1002.5
     2     1    19     7    26     6     0     0   -27.0  -37.392  -61.264    772.0    907.7
     3     1    19     7    26     6     0     0   -27.0  -37.363  -60.204    703.5    915.5
     4     1    19     7    26     6     0     0   -27.0  -38.006  -61.223   1181.5    857.2
     5     1    19     7    26     6     0     0   -27.0  -38.785  -65.330   2492.3    734.1
     1     1    19     7    26     5     0     1   -28.0  -37.068  -59.323     14.1   1004.5
     2     1    19     7    26     5     0     1   -28.0  -37.281  -61.136    807.8    906.8
     3     1    19     7    26     5     0     1   -28.0  -37.211  -59.950    729.2    911.8
     4     1    19     7    26     5     0     1   -28.0  -37.940  -61.196   1194.9    857.2
     5     1    19     7    26     5     0     1   -28.0  -38.776  -65.540   2462.7    735.9
     1     1    19     7    26     4     0     2   -29.0  -37.121  -59.177     14.1   1007.1
     2     1    19     7    26     4     0     2   -29.0  -37.174  -60.971    831.2    905.8
     3     1    19     7    26     4     0     2   -29.0  -37.049  -59.627    753.6    914.9
     4     1    19     7    26     4     0     2   -29.0  -37.861  -61.148   1212.2    857.7
     5     1    19     7    26     4     0     2   -29.0  -38.797  -65.742   2402.1    741.6
     1     1    19     7    26     3     0     3   -30.0  -37.174  -59.025     14.0   1010.0
     2     1    19     7    26     3     0     3   -30.0  -37.066  -60.759    840.8    904.8
     3     1    19     7    26     3     0     3   -30.0  -36.868  -59.248    783.0    919.2
     4     1    19     7    26     3     0     3   -30.0  -37.770  -61.077   1232.5    858.1
     5     1    19     7    26     3     0     3   -30.0  -38.863  -65.944   2316.1    749.2
     1     1    19     7    26     2     0     2   -31.0  -37.218  -58.872     13.6   1011.1
     2     1    19     7    26     2     0     2   -31.0  -36.948  -60.507    842.6    904.2
     3     1    19     7    26     2     0     2   -31.0  -36.695  -58.833    808.7    921.8
     4     1    19     7    26     2     0     2   -31.0  -37.669  -60.984   1259.2    858.2
     5     1    19     7    26     2     0     2   -31.0  -38.957  -66.165   2233.5    758.6
     1     1    19     7    26     1     0     1   -32.0  -37.251  -58.724     12.4   1012.3
     2     1    19     7    26     1     0     1   -32.0  -36.826  -60.242    843.2    904.4
     3     1    19     7    26     1     0     1   -32.0  -36.541  -58.391    811.1    924.4
     4     1    19     7    26     1     0     1   -32.0  -37.558  -60.876   1288.4    855.0
     5     1    19     7    26     1     0     1   -32.0  -39.040  -66.397   2179.2    761.7
     1     1    19     7    26     0     0     0   -33.0  -37.277  -58.580     10.8   1013.5
     2     1    19     7    26     0     0     0   -33.0  -36.714  -59.976    844.1    904.6
     3     1    19     7    26     0     0     0   -33.0  -36.386  -57.913    803.3    929.8
     4     1    19     7    26     0     0     0   -33.0  -37.440  -60.749   1310.4    852.7
     5     1    19     7    26     0     0     0   -33.0  -39.127  -66.615   2133.9    763.4
     1     1    19     7    25    23     0     1   -34.0  -37.297  -58.445      9.8   1014.8
     2     1    19     7    25    23     0     1   -34.0  -36.609  -59.706    855.3    909.6
     3     1    19     7    25    23     0     1   -34.0  -36.238  -57.427    786.1    929.5
     4     1    19     7    25    23     0     1   -34.0  -37.309  -60.608   1343.8    851.5
     5     1    19     7    25    23     0     1   -34.0  -39.204  -66.837   2082.7    767.6
     1     1    19     7    25    22     0     2   -35.0  -37.312  -58.321      9.8   1015.7
     2     1    19     7    25    22     0     2   -35.0  -36.508  -59.425    881.1    911.2
     3     1    19     7    25    22     0     2   -35.0  -36.115  -56.953    747.9    935.1
     4     1    19     7    25    22     0     2   -35.0  -37.163  -60.453   1419.8    844.3
     5     1    19     7    25    22     0     2   -35.0  -39.250  -67.080   2041.7    770.5
     1     1    19     7    25    21     0     3   -36.0  -37.320  -58.203     10.9   1016.4
     2     1    19     7    25    21     0     3   -36.0  -36.426  -59.143    912.9    911.5
     3     1    19     7    25    21     0     3   -36.0  -36.008  -56.476    721.7    941.1
     4     1    19     7    25    21     0     3   -36.0  -37.009  -60.282   1553.4    830.6
     5     1    19     7    25    21     0     3   -36.0  -39.260  -67.328   2030.4    768.4
     1     1    19     7    25    20     0     2   -37.0  -37.318  -58.077     12.3   1017.5
     2     1    19     7    25    20     0     2   -37.0  -36.346  -58.854    928.8    910.7
     3     1    19     7    25    20     0     2   -37.0  -35.899  -55.995    721.8    940.2
     4     1    19     7    25    20     0     2   -37.0  -36.862  -60.082   1680.2    810.9
     5     1    19     7    25    20     0     2   -37.0  -39.242  -67.563   2035.3    762.4
     1     1    19     7    25    19     0     1   -38.0  -37.303  -57.933     12.9   1019.4
     2     1    19     7    25    19     0     1   -38.0  -36.248  -58.540    914.7    914.9
     3     1    19     7    25    19     0     1   -38.0  -35.782  -55.529    730.6    938.7
     4     1    19     7    25    19     0     1   -38.0  -36.735  -59.862   1731.1    808.9
     5     1    19     7    25    19     0     1   -38.0  -39.214  -67.777   2033.6    760.0
     1     1    19     7    25    18     0     0   -39.0  -37.275  -57.771     12.6   1021.4
     2     1    19     7    25    18     0     0   -39.0  -36.130  -58.207    889.2    920.4
     3     1    19     7    25    18     0     0   -39.0  -35.656  -55.089    733.1    937.9
     4     1    19     7    25    18     0     0   -39.0  -36.616  -59.624   1721.7    815.6
     5     1    19     7    25    18     0     0   -39.0  -39.189  -67.975   2024.2    758.9
     1     1    19     7    25    17     0     1   -40.0  -37.242  -57.605     12.0   1022.9
     2     1    19     7    25    17     0     1   -40.0  -36.000  -57.852    857.0    924.0
     3     1    19     7    25    17     0     1   -40.0  -35.532  -54.663    733.0    939.8
     4     1    19     7    25    17     0     1   -40.0  -36.505  -59.365   1699.1    825.7
     5     1    19     7    25    17     0     1   -40.0  -39.145  -68.185   2004.9    758.7
     1     1    19     7    25    16     0     2   -41.0  -37.212  -57.447     11.7   1024.4
     2     1    19     7    25    16     0     2   -41.0  -35.874  -57.481    796.7    929.7
     3     1    19     7    25    16     0     2   -41.0  -35.424  -54.259    736.6    939.5
     4     1    19     7    25    16     0     2   -41.0  -36.416  -59.091   1687.6    830.4
     5     1    19     7    25    16     0     2   -41.0  -39.069  -68.416   1971.4    759.8
     1     1    19     7    25    15     0     3   -42.0  -37.184  -57.297     11.6   1026.1
     2     1    19     7    25    15     0     3   -42.0  -35.753  -57.085    699.5    941.9
     3     1    19     7    25    15     0     3   -42.0  -35.335  -53.891    741.4    939.9
     4     1    19     7    25    15     0     3   -42.0  -36.357  -58.809   1661.1    833.9
     5     1    19     7    25    15     0     3   -42.0  -38.990  -68.646   1911.5    762.8
     1     1    19     7    25    14     0     2   -43.0  -37.165  -57.163     11.7   1027.0
     2     1    19     7    25    14     0     2   -43.0  -35.663  -56.659    619.7    957.0
     3     1    19     7    25    14     0     2   -43.0  -35.273  -53.540    732.0    939.0
     4     1    19     7    25    14     0     2   -43.0  -36.319  -58.535   1611.7    841.2
     5     1    19     7    25    14     0     2   -43.0  -38.914  -68.859   1841.6    769.0
     1     1    19     7    25    13     0     1   -44.0  -37.154  -57.051     12.2   1027.7
     2     1    19     7    25    13     0     1   -44.0  -35.617  -56.234    574.9    959.2
     3     1    19     7    25    13     0     1   -44.0  -35.250  -53.192    695.6    943.9
     4     1    19     7    25    13     0     1   -44.0  -36.297  -58.280   1562.4    848.9
     5     1    19     7    25    13     0     1   -44.0  -38.818  -69.051   1793.6    771.1
     1     1    19     7    25    12     0     0   -45.0  -37.152  -56.957     13.1   1027.9
     2     1    19     7    25    12     0     0   -45.0  -35.620  -55.824    527.7    963.6
     3     1    19     7    25    12     0     0   -45.0  -35.263  -52.864    658.3    950.9
     4     1    19     7    25    12     0     0   -45.0  -36.304  -58.049   1536.0    853.6
     5     1    19     7    25    12     0     0   -45.0  -38.696  -69.228   1775.5    767.1
     1     1    19     7    25    11     0     1   -46.0  -37.154  -56.871     14.5   1027.4
     2     1    19     7    25    11     0     1   -46.0  -35.666  -55.438    491.6    970.9
     3     1    19     7    25    11     0     1   -46.0  -35.296  -52.566    647.8    953.2
     4     1    19     7    25    11     0     1   -46.0  -36.335  -57.850   1523.9    852.7
     5     1    19     7    25    11     0     1   -46.0  -38.576  -69.387   1776.8    759.0
     1     1    19     7    25    10     0     2   -47.0  -37.157  -56.787     16.4   1026.8
     2     1    19     7    25    10     0     2   -47.0  -35.730  -55.085    498.8    970.7
     3     1    19     7    25    10     0     2   -47.0  -35.338  -52.297    647.2    949.7
     4     1    19     7    25    10     0     2   -47.0  -36.375  -57.687   1507.7    854.7
     5     1    19     7    25    10     0     2   -47.0  -38.477  -69.523   1781.4    752.8
     1     1    19     7    25     9     0     3   -48.0  -37.158  -56.708     18.7   1026.2
     2     1    19     7    25     9     0     3   -48.0  -35.795  -54.766    556.5    963.3
     3     1    19     7    25     9     0     3   -48.0  -35.392  -52.053    610.8    951.3
     4     1    19     7    25     9     0     3   -48.0  -36.419  -57.557   1492.7    856.3
     5     1    19     7    25     9     0     3   -48.0  -38.393  -69.636   1790.1    746.6
     1     1    19     7    25     8     0     2   -49.0  -37.153  -56.626     20.9   1026.3
     2     1    19     7    25     8     0     2   -49.0  -35.851  -54.472    636.0    951.4
     3     1    19     7    25     8     0     2   -49.0  -35.462  -51.836    560.9    961.8
     4     1    19     7    25     8     0     2   -49.0  -36.463  -57.453   1485.0    858.1
     5     1    19     7    25     8     0     2   -49.0  -38.320  -69.729   1792.4    741.3
     1     1    19     7    25     7     0     1   -50.0  -37.136  -56.534     22.6   1026.7
     2     1    19     7    25     7     0     1   -50.0  -35.905  -54.199    703.8    944.1
     3     1    19     7    25     7     0     1   -50.0  -35.547  -51.648    531.2    965.7
     4     1    19     7    25     7     0     1   -50.0  -36.506  -57.366   1483.8    858.1
     5     1    19     7    25     7     0     1   -50.0  -38.250  -69.803   1777.6    739.1
     1     1    19     7    25     6     0     0   -51.0  -37.109  -56.432     23.8   1027.5
     2     1    19     7    25     6     0     0   -51.0  -35.960  -53.952    770.0    938.1
     3     1    19     7    25     6     0     0   -51.0  -35.642  -51.493    516.4    967.6
     4     1    19     7    25     6     0     0   -51.0  -36.551  -57.295   1481.8    858.5
     5     1    19     7    25     6     0     0   -51.0  -38.176  -69.855   1745.1    739.6
     1     1    19     7    25     5     0     1   -52.0  -37.090  -56.321     24.9   1027.3
     2     1    19     7    25     5     0     1   -52.0  -36.027  -53.728    829.7    929.7
     3     1    19     7    25     5     0     1   -52.0  -35.759  -51.361    505.0    967.8
     4     1    19     7    25     5     0     1   -52.0  -36.604  -57.242   1477.8    859.0
     5     1    19     7    25     5     0     1   -52.0  -38.087  -69.885   1711.9    742.9
     1     1    19     7    25     4     0     2   -53.0  -37.100  -56.201     26.2   1026.8
     2     1    19     7    25     4     0     2   -53.0  -36.133  -53.531    875.0    925.6
     3     1    19     7    25     4     0     2   -53.0  -35.910  -51.247    497.3    969.4
     4     1    19     7    25     4     0     2   -53.0  -36.670  -57.213   1469.4    859.5
     5     1    19     7    25     4     0     2   -53.0  -37.982  -69.896   1693.5    742.7
     1     1    19     7    25     3     0     3   -54.0  -37.145  -56.073     28.3   1025.9
     2     1    19     7    25     3     0     3   -54.0  -36.284  -53.370    925.0    920.6
     3     1    19     7    25     3     0     3   -54.0  -36.093  -51.154    505.8    968.7
     4     1    19     7    25     3     0     3   -54.0  -36.747  -57.208   1446.1    861.3
     5     1    19     7    25     3     0     3   -54.0  -37.869  -69.891   1684.1    734.0
     1     1    19     7    25     2     0     2   -55.0  -37.206  -55.949     31.1   1025.8
     2     1    19     7    25     2     0     2   -55.0  -36.455  -53.255    985.8    913.2
     3     1    19     7    25     2     0     2   -55.0  -36.290  -51.084    512.1    965.3
     4     1    19     7    25     2     0     2   -55.0  -36.823  -57.221   1413.6    866.2
     5     1    19     7    25     2     0     2   -55.0  -37.758  -69.871   1696.7    725.1
     1     1    19     7    25     1     0     1   -56.0  -37.262  -55.845     33.5   1025.7
     2     1    19     7    25     1     0     1   -56.0  -36.620  -53.181   1053.7    905.7
     3     1    19     7    25     1     0     1   -56.0  -36.492  -51.039    490.5    967.4
     4     1    19     7    25     1     0     1   -56.0  -36.888  -57.249   1395.3    869.1
     5     1    19     7    25     1     0     1   -56.0  -37.656  -69.837   1739.3    714.8
     1     1    19     7    25     0     0     0   -57.0  -37.314  -55.763     35.3   1025.7
     2     1    19     7    25     0     0     0   -57.0  -36.774  -53.141   1129.0    897.4
     3     1    19     7    25     0     0     0   -57.0  -36.707  -51.024    439.4    973.8
     4     1    19     7    25     0     0     0   -57.0  -36.940  -57.294   1408.4    868.9
     5     1    19     7    25     0     0     0   -57.0  -37.559  -69.787   1809.3    703.2
     1     1    19     7    24    23     0     1   -58.0  -37.374  -55.701     37.2   1025.5
     2     1    19     7    24    23     0     1   -58.0  -36.918  -53.134   1204.4    887.9
     3     1    19     7    24    23     0     1   -58.0  -36.936  -51.035    379.1    982.2
     4     1    19     7    24    23     0     1   -58.0  -36.988  -57.349   1448.4    862.8
     5     1    19     7    24    23     0     1   -58.0  -37.466  -69.715   1894.1    691.3
     1     1    19     7    24    22     0     2   -59.0  -37.451  -55.655     40.3   1025.2
     2     1    19     7    24    22     0     2   -59.0  -37.050  -53.160   1268.4    879.6
     3     1    19     7    24    22     0     2   -59.0  -37.165  -51.070    328.2    988.0
     4     1    19     7    24    22     0     2   -59.0  -37.045  -57.402   1494.6    856.6
     5     1    19     7    24    22     0     2   -59.0  -37.371  -69.616   1992.2    681.2
     1     1    19     7    24    21     0     3   -60.0  -37.545  -55.621     44.5   1024.7
     2     1    19     7    24    21     0     3   -60.0  -37.174  -53.213   1311.9    873.9
     3     1    19     7    24    21     0     3   -60.0  -37.386  -51.130    286.6    992.3
     4     1    19     7    24    21     0     3   -60.0  -37.118  -57.451   1537.3    850.5
     5     1    19     7    24    21     0     3   -60.0  -37.275  -69.488   2107.7    671.3
     1     1    19     7    24    20     0     2   -61.0  -37.650  -55.597     49.3   1023.5
     2     1    19     7    24    20     0     2   -61.0  -37.297  -53.281   1346.1    871.6
     3     1    19     7    24    20     0     2   -61.0  -37.599  -51.217    257.8    996.3
     4     1    19     7    24    20     0     2   -61.0  -37.209  -57.505   1565.0    845.8
     5     1    19     7    24    20     0     2   -61.0  -37.185  -69.314   2232.7    663.2
     1     1    19     7    24    19     0     1   -62.0  -37.757  -55.583     54.1   1022.3
     2     1    19     7    24    19     0     1   -62.0  -37.428  -53.363   1386.2    867.1
     3     1    19     7    24    19     0     1   -62.0  -37.812  -51.328    247.5    997.2
     4     1    19     7    24    19     0     1   -62.0  -37.315  -57.570   1565.8    844.1
     5     1    19     7    24    19     0     1   -62.0  -37.100  -69.086   2373.7    659.8
     1     1    19     7    24    18     0     0   -63.0  -37.864  -55.578     59.0   1020.9
     2     1    19     7    24    18     0     0   -63.0  -37.569  -53.458   1429.9    862.1
     3     1    19     7    24    18     0     0   -63.0  -38.031  -51.456    254.1    996.1
     4     1    19     7    24    18     0     0   -63.0  -37.436  -57.642   1532.9    845.6
     5     1    19     7    24    18     0     0   -63.0  -37.023  -68.811   2548.6    654.3
     1     1    19     7    24    17     0     1   -64.0  -37.977  -55.578     64.1   1020.4
     2     1    19     7    24    17     0     1   -64.0  -37.728  -53.560   1461.5    857.4
     3     1    19     7    24    17     0     1   -64.0  -38.263  -51.593    266.0    993.8
     4     1    19     7    24    17     0     1   -64.0  -37.575  -57.720   1479.7    851.2
     5     1    19     7    24    17     0     1   -64.0  -36.967  -68.521   2728.0    648.4
     1     1    19     7    24    16     0     2   -65.0  -38.104  -55.575     69.4   1019.8
     2     1    19     7    24    16     0     2   -65.0  -37.911  -53.657   1467.2    856.9
     3     1    19     7    24    16     0     2   -65.0  -38.509  -51.740    272.8    992.9
     4     1    19     7    24    16     0     2   -65.0  -37.732  -57.808   1426.1    854.3
     5     1    19     7    24    16     0     2   -65.0  -36.936  -68.240   2876.3    649.5
     1     1    19     7    24    15     0     3   -66.0  -38.246  -55.566     75.4   1019.2
     2     1    19     7    24    15     0     3   -66.0  -38.118  -53.746   1459.2    858.8
     3     1    19     7    24    15     0     3   -66.0  -38.772  -51.911    275.3    992.8
     4     1    19     7    24    15     0     3   -66.0  -37.906  -57.907   1376.3    856.2
     5     1    19     7    24    15     0     3   -66.0  -36.921  -67.965   2998.5    652.5
     1     1    19     7    24    14     0     2   -67.0  -38.404  -55.560     81.8   1018.5
     2     1    19     7    24    14     0     2   -67.0  -38.345  -53.849   1465.5    859.5
     3     1    19     7    24    14     0     2   -67.0  -39.044  -52.106    277.8    992.9
     4     1    19     7    24    14     0     2   -67.0  -38.092  -58.023   1342.5    859.1
     5     1    19     7    24    14     0     2   -67.0  -36.914  -67.714   3101.4    652.7
     1     1    19     7    24    13     0     1   -68.0  -38.569  -55.565     88.4   1017.8
     2     1    19     7    24    13     0     1   -68.0  -38.582  -53.986   1493.3    855.8
     3     1    19     7    24    13     0     1   -68.0  -39.316  -52.307    283.2    991.8
     4     1    19     7    24    13     0     1   -68.0  -38.282  -58.163   1341.1    862.7
     5     1    19     7    24    13     0     1   -68.0  -36.911  -67.503   3189.6    651.5
     1     1    19     7    24    12     0     0   -69.0  -38.739  -55.583     94.6   1017.1
     2     1    19     7    24    12     0     0   -69.0  -38.823  -54.159   1528.1    850.8
     3     1    19     7    24    12     0     0   -69.0  -39.588  -52.517    287.2    990.7
     4     1    19     7    24    12     0     0   -69.0  -38.474  -58.331   1372.9    862.1
     5     1    19     7    24    12     0     0   -69.0  -36.917  -67.330   3251.0    651.4
     1     1    19     7    24    11     0     1   -70.0  -38.910  -55.631     99.8   1015.7
     2     1    19     7    24    11     0     1   -70.0  -39.065  -54.366   1543.3    846.8
     3     1    19     7    24    11     0     1   -70.0  -39.859  -52.753    287.4    990.2
     4     1    19     7    24    11     0     1   -70.0  -38.669  -58.533   1436.9    857.9
     5     1    19     7    24    11     0     1   -70.0  -36.926  -67.187   3295.4    653.4
     1     1    19     7    24    10     0     2   -71.0  -39.079  -55.725    102.9   1014.6
     2     1    19     7    24    10     0     2   -71.0  -39.314  -54.602   1524.7    848.3
     3     1    19     7    24    10     0     2   -71.0  -40.123  -53.017    288.8    990.1
     4     1    19     7    24    10     0     2   -71.0  -38.866  -58.777   1529.1    850.4
     5     1    19     7    24    10     0     2   -71.0  -36.938  -67.066   3340.5    653.4
     1     1    19     7    24     9     0     3   -72.0  -39.248  -55.861    102.1   1013.8
     2     1    19     7    24     9     0     3   -72.0  -39.574  -54.865   1472.2    853.5
     3     1    19     7    24     9     0     3   -72.0  -40.385  -53.311    297.5    988.7
     4     1    19     7    24     9     0     3   -72.0  -39.057  -59.052   1624.2    839.9
     5     1    19     7    24     9     0     3   -72.0  -36.954  -66.959   3386.7    651.5
