     7     1
    GDAS    19    11    29     0     0
    GDAS    19    12     1     0     0
    GDAS    19    12     8     0     0
    GDAS    19    12    15     0     0
    GDAS    19    12    22     0     0
    GDAS    19    12    29     0     0
    GDAS    20     1     1     0     0
     5 BACKWARD OMEGA   
    19    12     9     3  -34.572  -58.513    10.0
    19    12     9     3  -34.572  -58.513   200.0
    19    12     9     3  -34.572  -58.513   500.0
    19    12     9     3  -34.572  -58.513  1000.0
    19    12     9     3  -34.572  -58.513  2000.0
     1 PRESSURE
     1     1    19    12     9     3     0     3     0.0  -34.572  -58.513     10.0   1005.6
     2     1    19    12     9     3     0     3     0.0  -34.572  -58.513    200.0    984.5
     3     1    19    12     9     3     0     3     0.0  -34.572  -58.513    500.0    951.2
     4     1    19    12     9     3     0     3     0.0  -34.572  -58.513   1000.0    898.1
     5     1    19    12     9     3     0     3     0.0  -34.572  -58.513   2000.0    798.6
     1     1    19    12     9     2     0     2    -1.0  -34.483  -58.525     10.3   1005.3
     2     1    19    12     9     2     0     2    -1.0  -34.384  -58.541    194.7    986.7
     3     1    19    12     9     2     0     2    -1.0  -34.388  -58.568    478.1    957.2
     4     1    19    12     9     2     0     2    -1.0  -34.489  -58.625    970.7    905.5
     5     1    19    12     9     2     0     2    -1.0  -34.687  -58.696   1940.9    809.2
     1     1    19    12     9     1     0     1    -2.0  -34.418  -58.515     11.5   1004.6
     2     1    19    12     9     1     0     1    -2.0  -34.247  -58.533    201.8    982.4
     3     1    19    12     9     1     0     1    -2.0  -34.261  -58.591    469.0    951.7
     4     1    19    12     9     1     0     1    -2.0  -34.436  -58.717    971.1    900.8
     5     1    19    12     9     1     0     1    -2.0  -34.789  -58.879   1995.0    807.3
     1     1    19    12     9     0     0     0    -3.0  -34.380  -58.484     13.3   1003.8
     2     1    19    12     9     0     0     0    -3.0  -34.169  -58.498    192.2    981.6
     3     1    19    12     9     0     0     0    -3.0  -34.185  -58.592    405.5    956.2
     4     1    19    12     9     0     0     0    -3.0  -34.411  -58.789    939.3    902.1
     5     1    19    12     9     0     0     0    -3.0  -34.896  -59.075   2159.5    789.3
     1     1    19    12     8    23     0     1    -4.0  -34.354  -58.470     15.1   1002.8
     2     1    19    12     8    23     0     1    -4.0  -34.126  -58.486    177.7    984.0
     3     1    19    12     8    23     0     1    -4.0  -34.132  -58.607    323.0    969.1
     4     1    19    12     8    23     0     1    -4.0  -34.394  -58.870    812.0    911.0
     5     1    19    12     8    23     0     1    -4.0  -35.011  -59.301   2178.8    766.5
     1     1    19    12     8    22     0     2    -5.0  -34.326  -58.505     15.4   1002.2
     2     1    19    12     8    22     0     2    -5.0  -34.083  -58.537    154.6    986.1
     3     1    19    12     8    22     0     2    -5.0  -34.075  -58.679    240.7    978.3
     4     1    19    12     8    22     0     2    -5.0  -34.350  -58.987    563.2    940.4
     5     1    19    12     8    22     0     2    -5.0  -35.101  -59.519   2025.7    796.0
     1     1    19    12     8    21     0     3    -6.0  -34.294  -58.586     14.0   1001.9
     2     1    19    12     8    21     0     3    -6.0  -34.035  -58.652    125.0    989.7
     3     1    19    12     8    21     0     3    -6.0  -34.011  -58.810    169.7    987.4
     4     1    19    12     8    21     0     3    -6.0  -34.282  -59.143    352.8    975.3
     5     1    19    12     8    21     0     3    -6.0  -35.169  -59.721   2000.9    811.0
     1     1    19    12     8    20     0     2    -7.0  -34.257  -58.694     12.1   1002.9
     2     1    19    12     8    20     0     2    -7.0  -33.979  -58.804     97.0    994.9
     3     1    19    12     8    20     0     2    -7.0  -33.942  -58.971    119.7    995.1
     4     1    19    12     8    20     0     2    -7.0  -34.219  -59.316    248.3    985.8
     5     1    19    12     8    20     0     2    -7.0  -35.224  -59.928   2188.4    786.1
     1     1    19    12     8    19     0     1    -8.0  -34.218  -58.818     10.8   1003.8
     2     1    19    12     8    19     0     1    -8.0  -33.922  -58.966     78.4    999.0
     3     1    19    12     8    19     0     1    -8.0  -33.882  -59.131     93.3    998.0
     4     1    19    12     8    19     0     1    -8.0  -34.166  -59.494    201.3    986.2
     5     1    19    12     8    19     0     1    -8.0  -35.261  -60.154   2391.0    753.8
     1     1    19    12     8    18     0     0    -9.0  -34.175  -58.959     10.4   1004.7
     2     1    19    12     8    18     0     0    -9.0  -33.876  -59.137     68.6   1000.4
     3     1    19    12     8    18     0     0    -9.0  -33.840  -59.298     79.3    998.9
     4     1    19    12     8    18     0     0    -9.0  -34.124  -59.674    162.0    989.4
     5     1    19    12     8    18     0     0    -9.0  -35.277  -60.390   2447.1    746.3
     1     1    19    12     8    17     0     1   -10.0  -34.122  -59.112     11.0   1005.9
     2     1    19    12     8    17     0     1   -10.0  -33.827  -59.313     65.7   1001.2
     3     1    19    12     8    17     0     1   -10.0  -33.796  -59.470     72.5   1000.4
     4     1    19    12     8    17     0     1   -10.0  -34.071  -59.857    132.9    994.6
     5     1    19    12     8    17     0     1   -10.0  -35.278  -60.619   2418.1    754.4
     1     1    19    12     8    16     0     2   -11.0  -34.049  -59.272     12.7   1006.7
     2     1    19    12     8    16     0     2   -11.0  -33.758  -59.487     67.9   1001.4
     3     1    19    12     8    16     0     2   -11.0  -33.730  -59.641     72.2   1000.8
     4     1    19    12     8    16     0     2   -11.0  -33.982  -60.051    119.4    995.5
     5     1    19    12     8    16     0     2   -11.0  -35.268  -60.826   2390.6    756.6
     1     1    19    12     8    15     0     3   -12.0  -33.954  -59.442     16.1   1007.1
     2     1    19    12     8    15     0     3   -12.0  -33.669  -59.659     74.4   1001.2
     3     1    19    12     8    15     0     3   -12.0  -33.646  -59.809     76.9   1000.8
     4     1    19    12     8    15     0     3   -12.0  -33.865  -60.254    118.3    994.1
     5     1    19    12     8    15     0     3   -12.0  -35.244  -61.011   2380.5    757.1
     1     1    19    12     8    14     0     2   -13.0  -33.839  -59.592     20.4   1006.5
     2     1    19    12     8    14     0     2   -13.0  -33.562  -59.801     82.0   1000.3
     3     1    19    12     8    14     0     2   -13.0  -33.547  -59.946     83.2   1000.2
     4     1    19    12     8    14     0     2   -13.0  -33.731  -60.430    123.3    991.8
     5     1    19    12     8    14     0     2   -13.0  -35.216  -61.187   2396.8    755.8
     1     1    19    12     8    13     0     1   -14.0  -33.709  -59.688     23.7   1006.6
     2     1    19    12     8    13     0     1   -14.0  -33.437  -59.888     87.7   1000.3
     3     1    19    12     8    13     0     1   -14.0  -33.428  -60.032     88.2    999.9
     4     1    19    12     8    13     0     1   -14.0  -33.581  -60.551    128.0    990.6
     5     1    19    12     8    13     0     1   -14.0  -35.197  -61.364   2455.1    751.3
     1     1    19    12     8    12     0     0   -15.0  -33.563  -59.732     26.3   1007.0
     2     1    19    12     8    12     0     0   -15.0  -33.288  -59.924     92.5   1000.3
     3     1    19    12     8    12     0     0   -15.0  -33.283  -60.070     92.3    999.7
     4     1    19    12     8    12     0     0   -15.0  -33.413  -60.623    130.8    990.0
     5     1    19    12     8    12     0     0   -15.0  -35.184  -61.525   2580.8    741.1
     1     1    19    12     8    11     0     1   -16.0  -33.420  -59.736     28.5   1006.9
     2     1    19    12     8    11     0     1   -16.0  -33.129  -59.913     95.5   1000.0
     3     1    19    12     8    11     0     1   -16.0  -33.130  -60.063     94.5    999.5
     4     1    19    12     8    11     0     1   -16.0  -33.234  -60.649    130.9    989.9
     5     1    19    12     8    11     0     1   -16.0  -35.186  -61.667   2745.6    722.5
     1     1    19    12     8    10     0     2   -17.0  -33.295  -59.712     30.8   1006.7
     2     1    19    12     8    10     0     2   -17.0  -32.975  -59.857     96.8    999.6
     3     1    19    12     8    10     0     2   -17.0  -32.984  -60.010     94.0    999.9
     4     1    19    12     8    10     0     2   -17.0  -33.056  -60.624    129.1    990.5
     5     1    19    12     8    10     0     2   -17.0  -35.214  -61.807   2882.6    708.8
     1     1    19    12     8     9     0     3   -18.0  -33.184  -59.659     33.6   1006.4
     2     1    19    12     8     9     0     3   -18.0  -32.815  -59.760     98.4    998.2
     3     1    19    12     8     9     0     3   -18.0  -32.838  -59.915     92.8    998.8
     4     1    19    12     8     9     0     3   -18.0  -32.875  -60.548    126.9    991.6
     5     1    19    12     8     9     0     3   -18.0  -35.272  -61.951   2970.0    700.6
     1     1    19    12     8     8     0     2   -19.0  -33.083  -59.580     36.7   1005.7
     2     1    19    12     8     8     0     2   -19.0  -32.649  -59.627    100.9    996.8
     3     1    19    12     8     8     0     2   -19.0  -32.685  -59.786     91.9    997.5
     4     1    19    12     8     8     0     2   -19.0  -32.689  -60.430    120.2    992.1
     5     1    19    12     8     8     0     2   -19.0  -35.344  -62.110   3001.8    697.8
     1     1    19    12     8     7     0     1   -20.0  -32.988  -59.473     40.1   1005.2
     2     1    19    12     8     7     0     1   -20.0  -32.485  -59.466    104.0    996.2
     3     1    19    12     8     7     0     1   -20.0  -32.533  -59.634     91.2    997.0
     4     1    19    12     8     7     0     1   -20.0  -32.508  -60.284    108.0    993.2
     5     1    19    12     8     7     0     1   -20.0  -35.414  -62.291   2982.7    699.9
     1     1    19    12     8     6     0     0   -21.0  -32.897  -59.335     45.5   1004.4
     2     1    19    12     8     6     0     0   -21.0  -32.328  -59.282    108.7    996.1
     3     1    19    12     8     6     0     0   -21.0  -32.384  -59.459     92.2    996.8
     4     1    19    12     8     6     0     0   -21.0  -32.333  -60.108     96.1    993.2
     5     1    19    12     8     6     0     0   -21.0  -35.479  -62.488   2916.7    705.7
     1     1    19    12     8     5     0     1   -22.0  -32.804  -59.166     54.9   1003.8
     2     1    19    12     8     5     0     1   -22.0  -32.182  -59.083    114.0    996.8
     3     1    19    12     8     5     0     1   -22.0  -32.243  -59.267     95.1    997.2
     4     1    19    12     8     5     0     1   -22.0  -32.162  -59.906     88.5    993.1
     5     1    19    12     8     5     0     1   -22.0  -35.539  -62.702   2804.9    715.8
     1     1    19    12     8     4     0     2   -23.0  -32.706  -58.960     71.5   1002.2
     2     1    19    12     8     4     0     2   -23.0  -32.052  -58.870    117.9    997.2
     3     1    19    12     8     4     0     2   -23.0  -32.112  -59.064     98.5    998.1
     4     1    19    12     8     4     0     2   -23.0  -32.001  -59.689     85.2    993.7
     5     1    19    12     8     4     0     2   -23.0  -35.589  -62.933   2664.7    729.7
     1     1    19    12     8     3     0     3   -24.0  -32.610  -58.712     95.7    999.8
     2     1    19    12     8     3     0     3   -24.0  -31.952  -58.633    122.6    997.0
     3     1    19    12     8     3     0     3   -24.0  -31.999  -58.848    101.4    998.5
     4     1    19    12     8     3     0     3   -24.0  -31.862  -59.463     84.0    995.7
     5     1    19    12     8     3     0     3   -24.0  -35.620  -63.185   2513.9    742.5
     1     1    19    12     8     2     0     2   -25.0  -32.540  -58.429    125.0    997.6
     2     1    19    12     8     2     0     2   -25.0  -31.892  -58.368    136.3    996.5
     3     1    19    12     8     2     0     2   -25.0  -31.921  -58.609    110.2    998.2
     4     1    19    12     8     2     0     2   -25.0  -31.762  -59.225     86.0    996.8
     5     1    19    12     8     2     0     2   -25.0  -35.624  -63.443   2404.5    755.2
     1     1    19    12     8     1     0     1   -26.0  -32.512  -58.123    162.2    994.3
     2     1    19    12     8     1     0     1   -26.0  -31.869  -58.079    169.5    993.8
     3     1    19    12     8     1     0     1   -26.0  -31.882  -58.339    134.6    996.8
     4     1    19    12     8     1     0     1   -26.0  -31.704  -58.968     96.2    996.9
     5     1    19    12     8     1     0     1   -26.0  -35.613  -63.698   2353.5    755.6
     1     1    19    12     8     0     0     0   -27.0  -32.528  -57.822    208.9    986.6
     2     1    19    12     8     0     0     0   -27.0  -31.872  -57.801    227.5    984.0
     3     1    19    12     8     0     0     0   -27.0  -31.871  -58.048    184.7    992.7
     4     1    19    12     8     0     0     0   -27.0  -31.684  -58.685    118.5    995.9
     5     1    19    12     8     0     0     0   -27.0  -35.581  -63.957   2303.4    755.9
     1     1    19    12     7    23     0     1   -28.0  -32.584  -57.573    249.0    977.6
     2     1    19    12     7    23     0     1   -28.0  -31.896  -57.583    296.4    970.9
     3     1    19    12     7    23     0     1   -28.0  -31.885  -57.795    254.1    979.5
     4     1    19    12     7    23     0     1   -28.0  -31.686  -58.412    142.2    993.5
     5     1    19    12     7    23     0     1   -28.0  -35.529  -64.201   2285.9    760.8
     1     1    19    12     7    22     0     2   -29.0  -32.675  -57.395    266.2    973.3
     2     1    19    12     7    22     0     2   -29.0  -31.942  -57.434    369.3    961.2
     3     1    19    12     7    22     0     2   -29.0  -31.918  -57.618    322.7    968.7
     4     1    19    12     7    22     0     2   -29.0  -31.697  -58.195    157.3    992.7
     5     1    19    12     7    22     0     2   -29.0  -35.483  -64.429   2347.3    750.3
     1     1    19    12     7    21     0     3   -30.0  -32.807  -57.270    254.0    973.2
     2     1    19    12     7    21     0     3   -30.0  -32.011  -57.328    470.0    950.0
     3     1    19    12     7    21     0     3   -30.0  -31.972  -57.499    403.2    959.0
     4     1    19    12     7    21     0     3   -30.0  -31.713  -58.046    170.2    991.9
     5     1    19    12     7    21     0     3   -30.0  -35.445  -64.672   2447.3    736.2
     1     1    19    12     7    20     0     2   -31.0  -32.965  -57.187    222.1    978.4
     2     1    19    12     7    20     0     2   -31.0  -32.096  -57.242    589.8    933.8
     3     1    19    12     7    20     0     2   -31.0  -32.041  -57.405    502.1    946.5
     4     1    19    12     7    20     0     2   -31.0  -31.737  -57.931    194.7    989.9
     5     1    19    12     7    20     0     2   -31.0  -35.415  -64.930   2624.9    723.5
     1     1    19    12     7    19     0     1   -32.0  -33.124  -57.143    195.8    981.8
     2     1    19    12     7    19     0     1   -32.0  -32.191  -57.173    691.1    921.3
     3     1    19    12     7    19     0     1   -32.0  -32.120  -57.322    602.3    934.0
     4     1    19    12     7    19     0     1   -32.0  -31.775  -57.820    247.9    982.6
     5     1    19    12     7    19     0     1   -32.0  -35.401  -65.201   2884.9    693.7
     1     1    19    12     7    18     0     0   -33.0  -33.279  -57.139    187.6    982.5
     2     1    19    12     7    18     0     0   -33.0  -32.299  -57.128    760.0    914.1
     3     1    19    12     7    18     0     0   -33.0  -32.211  -57.260    683.0    924.2
     4     1    19    12     7    18     0     0   -33.0  -31.826  -57.716    330.5    972.1
     5     1    19    12     7    18     0     0   -33.0  -35.392  -65.480   3121.6    667.6
     1     1    19    12     7    17     0     1   -34.0  -33.428  -57.163    197.0    980.6
     2     1    19    12     7    17     0     1   -34.0  -32.411  -57.114    811.2    911.2
     3     1    19    12     7    17     0     1   -34.0  -32.306  -57.225    743.8    918.6
     4     1    19    12     7    17     0     1   -34.0  -31.875  -57.620    421.6    958.7
     5     1    19    12     7    17     0     1   -34.0  -35.370  -65.767   3211.0    651.4
     1     1    19    12     7    16     0     2   -35.0  -33.563  -57.207    219.1    977.8
     2     1    19    12     7    16     0     2   -35.0  -32.518  -57.134    867.1    907.3
     3     1    19    12     7    16     0     2   -35.0  -32.396  -57.219    798.2    914.2
     4     1    19    12     7    16     0     2   -35.0  -31.911  -57.534    488.6    949.3
     5     1    19    12     7    16     0     2   -35.0  -35.304  -66.034   3124.3    659.5
     1     1    19    12     7    15     0     3   -36.0  -33.686  -57.270    253.2    974.0
     2     1    19    12     7    15     0     3   -36.0  -32.624  -57.190    937.2    901.6
     3     1    19    12     7    15     0     3   -36.0  -32.480  -57.243    855.6    909.8
     4     1    19    12     7    15     0     3   -36.0  -31.934  -57.461    528.6    944.2
     5     1    19    12     7    15     0     3   -36.0  -35.178  -66.276   2926.8    678.6
     1     1    19    12     7    14     0     2   -37.0  -33.798  -57.336    290.3    968.3
     2     1    19    12     7    14     0     2   -37.0  -32.743  -57.282   1006.4    893.6
     3     1    19    12     7    14     0     2   -37.0  -32.571  -57.295    908.5    903.8
     4     1    19    12     7    14     0     2   -37.0  -31.951  -57.390    549.5    941.4
     5     1    19    12     7    14     0     2   -37.0  -35.024  -66.476   2737.2    702.0
     1     1    19    12     7    13     0     1   -38.0  -33.901  -57.390    317.8    964.1
     2     1    19    12     7    13     0     1   -38.0  -32.875  -57.406   1053.7    890.1
     3     1    19    12     7    13     0     1   -38.0  -32.673  -57.371    943.9    900.9
     4     1    19    12     7    13     0     1   -38.0  -31.973  -57.311    558.1    939.0
     5     1    19    12     7    13     0     1   -38.0  -34.855  -66.649   2617.6    707.7
     1     1    19    12     7    12     0     0   -39.0  -34.002  -57.435    328.3    961.9
     2     1    19    12     7    12     0     0   -39.0  -33.010  -57.562   1076.2    889.4
     3     1    19    12     7    12     0     0   -39.0  -32.780  -57.474    960.3    900.5
     4     1    19    12     7    12     0     0   -39.0  -32.007  -57.221    553.1    937.9
     5     1    19    12     7    12     0     0   -39.0  -34.668  -66.811   2470.4    715.7
     1     1    19    12     7    11     0     1   -40.0  -34.102  -57.460    331.7    964.1
     2     1    19    12     7    11     0     1   -40.0  -33.144  -57.707   1084.4    889.5
     3     1    19    12     7    11     0     1   -40.0  -32.886  -57.570    967.3    901.7
     4     1    19    12     7    11     0     1   -40.0  -32.044  -57.126    542.9    938.0
     5     1    19    12     7    11     0     1   -40.0  -34.479  -66.960   2268.1    735.9
     1     1    19    12     7    10     0     2   -41.0  -34.204  -57.460    339.9    964.0
     2     1    19    12     7    10     0     2   -41.0  -33.280  -57.816   1100.8    888.1
     3     1    19    12     7    10     0     2   -41.0  -32.991  -57.632    976.5    901.4
     4     1    19    12     7    10     0     2   -41.0  -32.076  -57.030    535.8    937.1
     5     1    19    12     7    10     0     2   -41.0  -34.295  -67.073   2011.7    756.6
     1     1    19    12     7     9     0     3   -42.0  -34.309  -57.441    351.7    963.4
     2     1    19    12     7     9     0     3   -42.0  -33.420  -57.912   1140.4    883.9
     3     1    19    12     7     9     0     3   -42.0  -33.097  -57.664    992.4    899.1
     4     1    19    12     7     9     0     3   -42.0  -32.099  -56.927    532.9    936.5
     5     1    19    12     7     9     0     3   -42.0  -34.110  -67.122   1658.4    785.7
     1     1    19    12     7     8     0     2   -43.0  -34.432  -57.410    371.8    963.2
     2     1    19    12     7     8     0     2   -43.0  -33.582  -58.018   1200.4    875.7
     3     1    19    12     7     8     0     2   -43.0  -33.221  -57.683   1014.5    895.2
     4     1    19    12     7     8     0     2   -43.0  -32.121  -56.809    526.7    936.3
     5     1    19    12     7     8     0     2   -43.0  -33.915  -67.054   1367.6    830.9
     1     1    19    12     7     7     0     1   -44.0  -34.589  -57.381    399.6    961.5
     2     1    19    12     7     7     0     1   -44.0  -33.776  -58.150   1268.4    866.9
     3     1    19    12     7     7     0     1   -44.0  -33.380  -57.707   1046.1    890.9
     4     1    19    12     7     7     0     1   -44.0  -32.153  -56.665    511.5    938.2
     5     1    19    12     7     7     0     1   -44.0  -33.701  -66.921   1302.5    833.1
     1     1    19    12     7     6     0     0   -45.0  -34.785  -57.368    417.7    961.2
     2     1    19    12     7     6     0     0   -45.0  -33.978  -58.311   1330.6    859.4
     3     1    19    12     7     6     0     0   -45.0  -33.582  -57.755   1096.1    884.5
     4     1    19    12     7     6     0     0   -45.0  -32.197  -56.497    492.5    940.6
     5     1    19    12     7     6     0     0   -45.0  -33.473  -66.808   1373.3    810.4
     1     1    19    12     7     5     0     1   -46.0  -34.998  -57.349    419.9    964.9
     2     1    19    12     7     5     0     1   -46.0  -34.169  -58.468   1388.4    856.7
     3     1    19    12     7     5     0     1   -46.0  -33.812  -57.832   1169.7    876.0
     4     1    19    12     7     5     0     1   -46.0  -32.261  -56.313    474.5    943.3
     5     1    19    12     7     5     0     1   -46.0  -33.227  -66.740   1390.1    787.7
     1     1    19    12     7     4     0     2   -47.0  -35.209  -57.300    420.5    966.1
     2     1    19    12     7     4     0     2   -47.0  -34.352  -58.607   1443.8    852.5
     3     1    19    12     7     4     0     2   -47.0  -34.034  -57.928   1263.0    865.1
     4     1    19    12     7     4     0     2   -47.0  -32.358  -56.117    456.4    945.9
     5     1    19    12     7     4     0     2   -47.0  -32.961  -66.663   1265.1    790.6
     1     1    19    12     7     3     0     3   -48.0  -35.438  -57.240    425.6    965.3
     2     1    19    12     7     3     0     3   -48.0  -34.536  -58.724   1481.6    849.2
     3     1    19    12     7     3     0     3   -48.0  -34.242  -58.034   1367.1    856.5
     4     1    19    12     7     3     0     3   -48.0  -32.485  -55.900    440.8    948.4
     5     1    19    12     7     3     0     3   -48.0  -32.714  -66.507   1096.4    813.0
     1     1    19    12     7     2     0     2   -49.0  -35.707  -57.209    426.6    964.2
     2     1    19    12     7     2     0     2   -49.0  -34.735  -58.817   1467.3    848.7
     3     1    19    12     7     2     0     2   -49.0  -34.469  -58.158   1448.4    848.3
     4     1    19    12     7     2     0     2   -49.0  -32.642  -55.694    449.4    948.0
     5     1    19    12     7     2     0     2   -49.0  -32.522  -66.295    923.4    830.3
     1     1    19    12     7     1     0     1   -50.0  -36.041  -57.247    430.2    964.2
     2     1    19    12     7     1     0     1   -50.0  -34.957  -58.867   1389.9    858.2
     3     1    19    12     7     1     0     1   -50.0  -34.734  -58.275   1448.5    847.7
     4     1    19    12     7     1     0     1   -50.0  -32.822  -55.547    491.8    940.8
     5     1    19    12     7     1     0     1   -50.0  -32.396  -66.090    778.4    852.8
     1     1    19    12     7     0     0     0   -51.0  -36.426  -57.337    477.6    961.1
     2     1    19    12     7     0     0     0   -51.0  -35.200  -58.890   1308.0    870.4
     3     1    19    12     7     0     0     0   -51.0  -35.019  -58.334   1336.8    859.7
     4     1    19    12     7     0     0     0   -51.0  -33.022  -55.461    568.0    931.1
     5     1    19    12     7     0     0     0   -51.0  -32.349  -65.896    788.7    858.8
     1     1    19    12     6    23     0     1   -52.0  -36.820  -57.495    524.3    947.6
     2     1    19    12     6    23     0     1   -52.0  -35.466  -58.953   1212.1    874.6
     3     1    19    12     6    23     0     1   -52.0  -35.327  -58.384   1202.6    883.4
     4     1    19    12     6    23     0     1   -52.0  -33.241  -55.456    606.3    918.5
     5     1    19    12     6    23     0     1   -52.0  -32.333  -65.718    951.0    829.4
     1     1    19    12     6    22     0     2   -53.0  -37.214  -57.723    512.0    947.2
     2     1    19    12     6    22     0     2   -53.0  -35.771  -59.061   1104.7    890.5
     3     1    19    12     6    22     0     2   -53.0  -35.639  -58.509   1123.4    888.8
     4     1    19    12     6    22     0     2   -53.0  -33.474  -55.508    565.2    925.7
     5     1    19    12     6    22     0     2   -53.0  -32.309  -65.577   1132.9    796.4
     1     1    19    12     6    21     0     3   -54.0  -37.612  -58.009    483.9    946.1
     2     1    19    12     6    21     0     3   -54.0  -36.102  -59.205   1054.9    894.5
     3     1    19    12     6    21     0     3   -54.0  -35.962  -58.681   1074.9    893.7
     4     1    19    12     6    21     0     3   -54.0  -33.717  -55.614    501.1    937.3
     5     1    19    12     6    21     0     3   -54.0  -32.295  -65.473   1153.9    783.1
     1     1    19    12     6    20     0     2   -55.0  -38.012  -58.333    445.5    941.9
     2     1    19    12     6    20     0     2   -55.0  -36.439  -59.394   1066.3    887.8
     3     1    19    12     6    20     0     2   -55.0  -36.296  -58.895   1076.8    892.2
     4     1    19    12     6    20     0     2   -55.0  -33.955  -55.753    500.3    945.6
     5     1    19    12     6    20     0     2   -55.0  -32.287  -65.401   1060.0    799.0
     1     1    19    12     6    19     0     1   -56.0  -38.410  -58.672    396.7    957.0
     2     1    19    12     6    19     0     1   -56.0  -36.777  -59.629   1140.9    873.9
     3     1    19    12     6    19     0     1   -56.0  -36.633  -59.154   1110.2    881.2
     4     1    19    12     6    19     0     1   -56.0  -34.181  -55.885    592.8    937.4
     5     1    19    12     6    19     0     1   -56.0  -32.272  -65.358    944.8    809.9
     1     1    19    12     6    18     0     0   -57.0  -38.811  -59.010    372.3    968.1
     2     1    19    12     6    18     0     0   -57.0  -37.121  -59.906   1282.3    852.8
     3     1    19    12     6    18     0     0   -57.0  -36.979  -59.449   1157.7    870.0
     4     1    19    12     6    18     0     0   -57.0  -34.409  -56.021    742.6    922.5
     5     1    19    12     6    18     0     0   -57.0  -32.244  -65.345    817.0    822.8
     1     1    19    12     6    17     0     1   -58.0  -39.217  -59.321    372.8    969.5
     2     1    19    12     6    17     0     1   -58.0  -37.461  -60.213   1435.6    830.8
     3     1    19    12     6    17     0     1   -58.0  -37.331  -59.762   1236.5    857.0
     4     1    19    12     6    17     0     1   -58.0  -34.666  -56.206    836.6    904.1
     5     1    19    12     6    17     0     1   -58.0  -32.203  -65.346    674.7    837.4
     1     1    19    12     6    16     0     2   -59.0  -39.628  -59.606    381.6    967.4
     2     1    19    12     6    16     0     2   -59.0  -37.796  -60.525   1558.8    820.3
     3     1    19    12     6    16     0     2   -59.0  -37.681  -60.081   1344.2    842.1
     4     1    19    12     6    16     0     2   -59.0  -34.950  -56.393    820.3    913.2
     5     1    19    12     6    16     0     2   -59.0  -32.152  -65.348    518.2    853.7
     1     1    19    12     6    15     0     3   -60.0  -40.054  -59.897    414.7    965.5
     2     1    19    12     6    15     0     3   -60.0  -38.130  -60.843   1678.9    809.9
     3     1    19    12     6    15     0     3   -60.0  -38.037  -60.403   1477.6    829.5
     4     1    19    12     6    15     0     3   -60.0  -35.256  -56.565    791.9    922.3
     5     1    19    12     6    15     0     3   -60.0  -32.087  -65.353    345.0    873.4
     1     1    19    12     6    14     0     2   -61.0  -40.503  -60.193    457.9    956.0
     2     1    19    12     6    14     0     2   -61.0  -38.472  -61.186   1743.8    803.4
     3     1    19    12     6    14     0     2   -61.0  -38.404  -60.748   1573.8    820.4
     4     1    19    12     6    14     0     2   -61.0  -35.594  -56.762    806.2    920.0
     5     1    19    12     6    14     0     2   -61.0  -32.013  -65.363    211.0    895.2
     1     1    19    12     6    13     0     1   -62.0  -40.979  -60.491    482.5    954.1
     2     1    19    12     6    13     0     1   -62.0  -38.820  -61.541   1739.3    815.1
     3     1    19    12     6    13     0     1   -62.0  -38.784  -61.116   1546.2    830.5
     4     1    19    12     6    13     0     1   -62.0  -35.970  -56.976    881.3    913.8
     5     1    19    12     6    13     0     1   -62.0  -31.936  -65.370    138.4    904.6
     1     1    19    12     6    12     0     0   -63.0  -41.487  -60.802    520.4    951.6
     2     1    19    12     6    12     0     0   -63.0  -39.154  -61.871   1735.9    824.7
     3     1    19    12     6    12     0     0   -63.0  -39.158  -61.463   1466.2    852.0
     4     1    19    12     6    12     0     0   -63.0  -36.402  -57.178   1010.6    896.3
     5     1    19    12     6    12     0     0   -63.0  -31.862  -65.366    106.2    908.6
     1     1    19    12     6    11     0     1   -64.0  -42.020  -61.120    590.7    942.4
     2     1    19    12     6    11     0     1   -64.0  -39.490  -62.176   1734.2    821.9
     3     1    19    12     6    11     0     1   -64.0  -39.524  -61.777   1430.2    856.7
     4     1    19    12     6    11     0     1   -64.0  -36.874  -57.401   1126.5    879.9
     5     1    19    12     6    11     0     1   -64.0  -31.790  -65.353     89.3    908.8
     1     1    19    12     6    10     0     2   -65.0  -42.577  -61.464    660.7    931.0
     2     1    19    12     6    10     0     2   -65.0  -39.838  -62.481   1736.6    822.6
     3     1    19    12     6    10     0     2   -65.0  -39.906  -62.096   1440.6    852.5
     4     1    19    12     6    10     0     2   -65.0  -37.376  -57.649   1218.4    867.9
     5     1    19    12     6    10     0     2   -65.0  -31.723  -65.330     76.5    910.2
     1     1    19    12     6     9     0     3   -66.0  -43.158  -61.859    726.8    925.3
     2     1    19    12     6     9     0     3   -66.0  -40.173  -62.786   1758.1    819.9
     3     1    19    12     6     9     0     3   -66.0  -40.282  -62.415   1462.6    848.6
     4     1    19    12     6     9     0     3   -66.0  -37.972  -57.923   1315.8    846.6
     5     1    19    12     6     9     0     3   -66.0  -31.664  -65.298     73.1    909.7
     1     1    19    12     6     8     0     2   -67.0  -43.734  -62.276    802.6    915.5
     2     1    19    12     6     8     0     2   -67.0  -40.505  -63.078   1755.0    815.4
     3     1    19    12     6     8     0     2   -67.0  -40.633  -62.707   1492.7    846.4
     4     1    19    12     6     8     0     2   -67.0  -38.595  -58.248   1431.1    841.7
     5     1    19    12     6     8     0     2   -67.0  -31.602  -65.260     78.5    908.5
     1     1    19    12     6     7     0     1   -68.0  -44.289  -62.679    906.6    907.3
     2     1    19    12     6     7     0     1   -68.0  -40.859  -63.343   1674.3    821.5
     3     1    19    12     6     7     0     1   -68.0  -40.995  -62.988   1514.4    841.1
     4     1    19    12     6     7     0     1   -68.0  -39.155  -58.587   1546.3    836.3
     5     1    19    12     6     7     0     1   -68.0  -31.533  -65.215     92.7    906.7
     1     1    19    12     6     6     0     0   -69.0  -44.861  -63.080   1007.3    887.7
     2     1    19    12     6     6     0     0   -69.0  -41.225  -63.574   1547.6    839.0
     3     1    19    12     6     6     0     0   -69.0  -41.381  -63.263   1499.5    841.3
     4     1    19    12     6     6     0     0   -69.0  -39.730  -58.941   1616.4    823.9
     5     1    19    12     6     6     0     0   -69.0  -31.458  -65.163    116.8    904.3
     1     1    19    12     6     5     0     1   -70.0  -45.460  -63.453   1065.6    886.0
     2     1    19    12     6     5     0     1   -70.0  -41.590  -63.792   1466.2    852.4
     3     1    19    12     6     5     0     1   -70.0  -41.769  -63.526   1495.2    847.5
     4     1    19    12     6     5     0     1   -70.0  -40.299  -59.337   1648.8    827.3
     5     1    19    12     6     5     0     1   -70.0  -31.371  -65.103    141.2    901.6
     1     1    19    12     6     4     0     2   -71.0  -46.116  -63.801   1130.1    878.1
     2     1    19    12     6     4     0     2   -71.0  -41.963  -63.978   1463.6    851.2
     3     1    19    12     6     4     0     2   -71.0  -42.172  -63.767   1530.0    841.1
     4     1    19    12     6     4     0     2   -71.0  -40.854  -59.757   1748.1    819.9
     5     1    19    12     6     4     0     2   -71.0  -31.268  -65.029    162.4    900.8
     1     1    19    12     6     3     0     3   -72.0  -46.844  -64.154   1165.0    870.8
     2     1    19    12     6     3     0     3   -72.0  -42.354  -64.140   1479.6    843.9
     3     1    19    12     6     3     0     3   -72.0  -42.593  -63.983   1540.6    835.8
     4     1    19    12     6     3     0     3   -72.0  -41.438  -60.185   1876.1    801.0
     5     1    19    12     6     3     0     3   -72.0  -31.148  -64.937    187.3    905.4
