     4     1
    GDAS    19     8     8     0     0
    GDAS    19     8    15     0     0
    GDAS    19     8    22     0     0
    GDAS    19     8    29     0     0
     3 BACKWARD OMEGA   
    19     8    28    21  -34.572  -58.513    10.0
    19     8    28    21  -34.572  -58.513   200.0
    19     8    28    21  -34.572  -58.513   500.0
     1 PRESSURE
     1     1    19     8    28    21     0     3     0.0  -34.572  -58.513     10.0   1004.2
     2     1    19     8    28    21     0     3     0.0  -34.572  -58.513    200.0    983.6
     3     1    19     8    28    21     0     3     0.0  -34.572  -58.513    500.0    949.4
     1     1    19     8    28    20     0     2    -1.0  -34.410  -58.504     10.6   1004.2
     2     1    19     8    28    20     0     2    -1.0  -34.230  -58.520    237.0    978.1
     3     1    19     8    28    20     0     2    -1.0  -34.139  -58.617    564.9    940.4
     1     1    19     8    28    19     0     1    -2.0  -34.240  -58.507     11.2   1004.1
     2     1    19     8    28    19     0     1    -2.0  -33.906  -58.538    271.5    974.5
     3     1    19     8    28    19     0     1    -2.0  -33.745  -58.707    607.1    939.4
     1     1    19     8    28    18     0     0    -3.0  -34.060  -58.520     11.6   1004.0
     2     1    19     8    28    18     0     0    -3.0  -33.604  -58.564    302.8    973.3
     3     1    19     8    28    18     0     0    -3.0  -33.378  -58.783    636.2    938.1
     1     1    19     8    28    17     0     1    -4.0  -33.872  -58.534     11.8   1005.5
     2     1    19     8    28    17     0     1    -4.0  -33.306  -58.594    325.7    972.5
     3     1    19     8    28    17     0     1    -4.0  -33.003  -58.862    644.0    938.0
     1     1    19     8    28    16     0     2    -5.0  -33.678  -58.543     12.1   1006.9
     2     1    19     8    28    16     0     2    -5.0  -32.992  -58.619    337.8    973.5
     3     1    19     8    28    16     0     2    -5.0  -32.595  -58.943    637.4    941.1
     1     1    19     8    28    15     0     3    -6.0  -33.480  -58.547     12.4   1008.0
     2     1    19     8    28    15     0     3    -6.0  -32.666  -58.636    349.6    973.9
     3     1    19     8    28    15     0     3    -6.0  -32.162  -59.017    645.0    942.4
     1     1    19     8    28    14     0     2    -7.0  -33.275  -58.543     12.7   1009.0
     2     1    19     8    28    14     0     2    -7.0  -32.304  -58.642    371.9    972.4
     3     1    19     8    28    14     0     2    -7.0  -31.700  -59.088    666.0    935.8
     1     1    19     8    28    13     0     1    -8.0  -33.064  -58.528     13.4   1009.9
     2     1    19     8    28    13     0     1    -8.0  -31.884  -58.630    405.1    968.2
     3     1    19     8    28    13     0     1    -8.0  -31.211  -59.150    677.6    930.6
     1     1    19     8    28    12     0     0    -9.0  -32.845  -58.500     14.4   1010.4
     2     1    19     8    28    12     0     0    -9.0  -31.418  -58.601    437.5    961.4
     3     1    19     8    28    12     0     0    -9.0  -30.710  -59.184    684.5    932.6
     1     1    19     8    28    11     0     1   -10.0  -32.632  -58.455     16.1   1009.9
     2     1    19     8    28    11     0     1   -10.0  -30.952  -58.549    460.7    956.5
     3     1    19     8    28    11     0     1   -10.0  -30.225  -59.187    699.4    934.8
     1     1    19     8    28    10     0     2   -11.0  -32.441  -58.398     18.2   1009.7
     2     1    19     8    28    10     0     2   -11.0  -30.521  -58.466    479.7    955.4
     3     1    19     8    28    10     0     2   -11.0  -29.779  -59.161    720.8    931.6
     1     1    19     8    28     9     0     3   -12.0  -32.272  -58.332     20.3   1009.6
     2     1    19     8    28     9     0     3   -12.0  -30.130  -58.354    503.2    951.7
     3     1    19     8    28     9     0     3   -12.0  -29.375  -59.114    746.8    924.8
     1     1    19     8    28     8     0     2   -13.0  -32.116  -58.254     22.7   1009.6
     2     1    19     8    28     8     0     2   -13.0  -29.779  -58.222    530.8    946.9
     3     1    19     8    28     8     0     2   -13.0  -29.012  -59.046    772.4    918.6
     1     1    19     8    28     7     0     1   -14.0  -31.961  -58.161     26.7   1009.3
     2     1    19     8    28     7     0     1   -14.0  -29.465  -58.080    563.4    943.0
     3     1    19     8    28     7     0     1   -14.0  -28.681  -58.950    792.7    919.6
     1     1    19     8    28     6     0     0   -15.0  -31.811  -58.054     32.4   1009.0
     2     1    19     8    28     6     0     0   -15.0  -29.182  -57.924    604.4    938.9
     3     1    19     8    28     6     0     0   -15.0  -28.382  -58.823    808.3    920.5
     1     1    19     8    28     5     0     1   -16.0  -31.665  -57.932     39.1   1008.3
     2     1    19     8    28     5     0     1   -16.0  -28.938  -57.753    654.5    934.1
     3     1    19     8    28     5     0     1   -16.0  -28.116  -58.667    831.8    920.3
     1     1    19     8    28     4     0     2   -17.0  -31.516  -57.791     47.7   1006.2
     2     1    19     8    28     4     0     2   -17.0  -28.738  -57.569    719.0    927.6
     3     1    19     8    28     4     0     2   -17.0  -27.883  -58.489    877.2    914.8
     1     1    19     8    28     3     0     3   -18.0  -31.361  -57.622     61.7   1002.9
     2     1    19     8    28     3     0     3   -18.0  -28.580  -57.378    802.8    919.0
     3     1    19     8    28     3     0     3   -18.0  -27.680  -58.301    946.1    906.2
     1     1    19     8    28     2     0     2   -19.0  -31.204  -57.414     85.9    998.1
     2     1    19     8    28     2     0     2   -19.0  -28.462  -57.202    887.3    908.7
     3     1    19     8    28     2     0     2   -19.0  -27.513  -58.128   1028.6    895.2
     1     1    19     8    28     1     0     1   -20.0  -31.046  -57.148    128.1    990.0
     2     1    19     8    28     1     0     1   -20.0  -28.376  -57.051    947.3    902.5
     3     1    19     8    28     1     0     1   -20.0  -27.380  -57.980   1109.2    886.0
     1     1    19     8    28     0     0     0   -21.0  -30.904  -56.803    198.2    979.1
     2     1    19     8    28     0     0     0   -21.0  -28.316  -56.915    981.3    898.9
     3     1    19     8    28     0     0     0   -21.0  -27.275  -57.847   1184.5    878.8
     1     1    19     8    27    23     0     1   -22.0  -30.803  -56.430    273.9    963.5
     2     1    19     8    27    23     0     1   -22.0  -28.273  -56.796   1021.4    896.9
     3     1    19     8    27    23     0     1   -22.0  -27.191  -57.731   1257.0    871.5
     1     1    19     8    27    22     0     2   -23.0  -30.745  -56.083    337.5    953.7
     2     1    19     8    27    22     0     2   -23.0  -28.244  -56.709   1095.1    887.9
     3     1    19     8    27    22     0     2   -23.0  -27.126  -57.643   1326.8    863.8
     1     1    19     8    27    21     0     3   -24.0  -30.724  -55.772    390.8    949.4
     2     1    19     8    27    21     0     3   -24.0  -28.224  -56.654   1194.1    876.6
     3     1    19     8    27    21     0     3   -24.0  -27.079  -57.585   1389.9    856.7
     1     1    19     8    27    20     0     2   -25.0  -30.719  -55.508    427.7    948.6
     2     1    19     8    27    20     0     2   -25.0  -28.210  -56.625   1288.8    865.1
     3     1    19     8    27    20     0     2   -25.0  -27.045  -57.558   1445.0    851.6
     1     1    19     8    27    19     0     1   -26.0  -30.713  -55.287    449.1    949.8
     2     1    19     8    27    19     0     1   -26.0  -28.200  -56.611   1362.7    858.3
     3     1    19     8    27    19     0     1   -26.0  -27.015  -57.558   1492.8    847.4
     1     1    19     8    27    18     0     0   -27.0  -30.709  -55.101    461.6    951.4
     2     1    19     8    27    18     0     0   -27.0  -28.191  -56.609   1425.2    852.6
     3     1    19     8    27    18     0     0   -27.0  -26.987  -57.584   1533.3    843.8
     1     1    19     8    27    17     0     1   -28.0  -30.715  -54.936    463.7    951.4
     2     1    19     8    27    17     0     1   -28.0  -28.190  -56.618   1477.7    847.6
     3     1    19     8    27    17     0     1   -28.0  -26.957  -57.622   1561.9    840.9
     1     1    19     8    27    16     0     2   -29.0  -30.735  -54.776    452.6    950.7
     2     1    19     8    27    16     0     2   -29.0  -28.200  -56.639   1515.8    844.1
     3     1    19     8    27    16     0     2   -29.0  -26.922  -57.655   1574.4    839.9
     1     1    19     8    27    15     0     3   -30.0  -30.766  -54.620    431.8    950.7
     2     1    19     8    27    15     0     3   -30.0  -28.224  -56.668   1536.0    842.6
     3     1    19     8    27    15     0     3   -30.0  -26.882  -57.683   1570.6    840.6
     1     1    19     8    27    14     0     2   -31.0  -30.813  -54.471    407.0    950.9
     2     1    19     8    27    14     0     2   -31.0  -28.252  -56.704   1550.7    842.6
     3     1    19     8    27    14     0     2   -31.0  -26.838  -57.708   1554.4    842.4
     1     1    19     8    27    13     0     1   -32.0  -30.884  -54.337    381.6    950.0
     2     1    19     8    27    13     0     1   -32.0  -28.278  -56.752   1572.1    840.5
     3     1    19     8    27    13     0     1   -32.0  -26.790  -57.732   1531.2    844.8
     1     1    19     8    27    12     0     0   -33.0  -30.987  -54.223    354.3    948.0
     2     1    19     8    27    12     0     0   -33.0  -28.301  -56.815   1598.3    838.1
     3     1    19     8    27    12     0     0   -33.0  -26.739  -57.755   1504.7    847.5
     1     1    19     8    27    11     0     1   -34.0  -31.084  -54.134    333.1    949.6
     2     1    19     8    27    11     0     1   -34.0  -28.312  -56.900   1620.2    834.6
     3     1    19     8    27    11     0     1   -34.0  -26.683  -57.782   1478.8    849.2
     1     1    19     8    27    10     0     2   -35.0  -31.132  -54.067    322.6    949.3
     2     1    19     8    27    10     0     2   -35.0  -28.300  -57.014   1629.2    833.2
     3     1    19     8    27    10     0     2   -35.0  -26.620  -57.816   1453.8    850.6
     1     1    19     8    27     9     0     3   -36.0  -31.133  -54.020    320.5    947.6
     2     1    19     8    27     9     0     3   -36.0  -28.266  -57.157   1626.6    832.7
     3     1    19     8    27     9     0     3   -36.0  -26.549  -57.855   1425.6    852.2
     1     1    19     8    27     8     0     2   -37.0  -31.097  -53.979    330.4    946.3
     2     1    19     8    27     8     0     2   -37.0  -28.201  -57.313   1620.3    833.8
     3     1    19     8    27     8     0     2   -37.0  -26.465  -57.898   1389.4    855.8
     1     1    19     8    27     7     0     1   -38.0  -31.037  -53.932    355.9    943.4
     2     1    19     8    27     7     0     1   -38.0  -28.095  -57.472   1618.3    834.3
     3     1    19     8    27     7     0     1   -38.0  -26.361  -57.948   1336.1    861.0
     1     1    19     8    27     6     0     0   -39.0  -30.953  -53.878    394.8    940.8
     2     1    19     8    27     6     0     0   -39.0  -27.944  -57.635   1627.7    833.8
     3     1    19     8    27     6     0     0   -39.0  -26.234  -58.005   1254.6    869.3
     1     1    19     8    27     5     0     1   -40.0  -30.862  -53.808    432.6    938.5
     2     1    19     8    27     5     0     1   -40.0  -27.770  -57.774   1659.7    831.1
     3     1    19     8    27     5     0     1   -40.0  -26.080  -58.053   1181.6    879.9
     1     1    19     8    27     4     0     2   -41.0  -30.776  -53.711    460.9    939.2
     2     1    19     8    27     4     0     2   -41.0  -27.593  -57.868   1708.6    825.3
     3     1    19     8    27     4     0     2   -41.0  -25.901  -58.087   1151.9    882.5
     1     1    19     8    27     3     0     3   -42.0  -30.694  -53.583    485.4    940.9
     2     1    19     8    27     3     0     3   -42.0  -27.415  -57.923   1758.4    819.5
     3     1    19     8    27     3     0     3   -42.0  -25.702  -58.108   1165.2    880.4
     1     1    19     8    27     2     0     2   -43.0  -30.618  -53.452    509.1    942.4
     2     1    19     8    27     2     0     2   -43.0  -27.251  -57.957   1808.5    815.1
     3     1    19     8    27     2     0     2   -43.0  -25.492  -58.117   1204.4    874.9
     1     1    19     8    27     1     0     1   -44.0  -30.556  -53.353    529.2    943.3
     2     1    19     8    27     1     0     1   -44.0  -27.107  -57.983   1875.5    809.4
     3     1    19     8    27     1     0     1   -44.0  -25.275  -58.118   1264.1    870.2
     1     1    19     8    27     0     0     0   -45.0  -30.511  -53.292    540.9    943.8
     2     1    19     8    27     0     0     0   -45.0  -26.987  -58.009   1971.6    800.5
     3     1    19     8    27     0     0     0   -45.0  -25.051  -58.112   1372.2    860.8
     1     1    19     8    26    23     0     1   -46.0  -30.475  -53.254    539.3    944.6
     2     1    19     8    26    23     0     1   -46.0  -26.904  -58.048   2084.6    787.9
     3     1    19     8    26    23     0     1   -46.0  -24.858  -58.121   1522.8    843.2
     1     1    19     8    26    22     0     2   -47.0  -30.439  -53.221    521.4    947.2
     2     1    19     8    26    22     0     2   -47.0  -26.862  -58.105   2198.8    777.7
     3     1    19     8    26    22     0     2   -47.0  -24.697  -58.172   1668.9    826.9
     1     1    19     8    26    21     0     3   -48.0  -30.412  -53.194    486.7    951.5
     2     1    19     8    26    21     0     3   -48.0  -26.850  -58.189   2308.3    766.1
     3     1    19     8    26    21     0     3   -48.0  -24.533  -58.262   1771.0    815.1
     1     1    19     8    26    20     0     2   -49.0  -30.385  -53.163    436.3    958.2
     2     1    19     8    26    20     0     2   -49.0  -26.862  -58.329   2376.5    757.8
     3     1    19     8    26    20     0     2   -49.0  -24.354  -58.377   1824.3    811.0
     1     1    19     8    26    19     0     1   -50.0  -30.349  -53.125    370.2    967.4
     2     1    19     8    26    19     0     1   -50.0  -26.894  -58.539   2374.5    757.6
     3     1    19     8    26    19     0     1   -50.0  -24.174  -58.512   1835.4    809.5
     1     1    19     8    26    18     0     0   -51.0  -30.294  -53.090    295.7    977.2
     2     1    19     8    26    18     0     0   -51.0  -26.945  -58.820   2308.3    764.1
     3     1    19     8    26    18     0     0   -51.0  -23.986  -58.652   1808.1    812.7
     1     1    19     8    26    17     0     1   -52.0  -30.237  -53.071    247.3    988.6
     2     1    19     8    26    17     0     1   -52.0  -26.995  -59.162   2238.6    776.1
     3     1    19     8    26    17     0     1   -52.0  -23.772  -58.802   1824.6    818.7
     1     1    19     8    26    16     0     2   -53.0  -30.191  -53.075    241.1    990.0
     2     1    19     8    26    16     0     2   -53.0  -27.010  -59.531   2213.3    778.2
     3     1    19     8    26    16     0     2   -53.0  -23.525  -59.002   1939.0    807.7
     1     1    19     8    26    15     0     3   -54.0  -30.153  -53.102    275.4    987.0
     2     1    19     8    26    15     0     3   -54.0  -26.979  -59.920   2189.9    777.7
     3     1    19     8    26    15     0     3   -54.0  -23.236  -59.261   2098.8    786.4
     1     1    19     8    26    14     0     2   -55.0  -30.112  -53.165    331.4    978.1
     2     1    19     8    26    14     0     2   -55.0  -26.893  -60.317   2124.5    782.4
     3     1    19     8    26    14     0     2   -55.0  -22.881  -59.536   2183.6    770.3
     1     1    19     8    26    13     0     1   -56.0  -30.057  -53.276    376.0    973.3
     2     1    19     8    26    13     0     1   -56.0  -26.746  -60.709   2016.5    791.6
     3     1    19     8    26    13     0     1   -56.0  -22.493  -59.788   2159.4    774.5
     1     1    19     8    26    12     0     0   -57.0  -29.988  -53.459    414.7    968.6
     2     1    19     8    26    12     0     0   -57.0  -26.538  -61.099   1870.0    803.2
     3     1    19     8    26    12     0     0   -57.0  -22.102  -60.008   2086.5    782.2
     1     1    19     8    26    11     0     1   -58.0  -29.891  -53.645    458.9    955.9
     2     1    19     8    26    11     0     1   -58.0  -26.252  -61.461   1736.5    818.3
     3     1    19     8    26    11     0     1   -58.0  -21.694  -60.188   1943.7    788.8
     1     1    19     8    26    10     0     2   -59.0  -29.743  -53.743    489.8    942.4
     2     1    19     8    26    10     0     2   -59.0  -25.860  -61.776   1646.4    824.0
     3     1    19     8    26    10     0     2   -59.0  -21.253  -60.320   1703.5    813.4
     1     1    19     8    26     9     0     3   -60.0  -29.519  -53.755    509.3    930.5
     2     1    19     8    26     9     0     3   -60.0  -25.386  -62.040   1579.5    828.4
     3     1    19     8    26     9     0     3   -60.0  -20.784  -60.411   1463.2    841.7
     1     1    19     8    26     8     0     2   -61.0  -29.202  -53.765    550.4    915.1
     2     1    19     8    26     8     0     2   -61.0  -24.876  -62.246   1444.4    832.6
     3     1    19     8    26     8     0     2   -61.0  -20.315  -60.473   1330.8    857.9
     1     1    19     8    26     7     0     1   -62.0  -28.799  -53.851    618.4    899.2
     2     1    19     8    26     7     0     1   -62.0  -24.353  -62.376   1249.4    857.3
     3     1    19     8    26     7     0     1   -62.0  -19.863  -60.518   1276.6    855.6
     1     1    19     8    26     6     0     0   -63.0  -28.333  -53.942    688.9    892.5
     2     1    19     8    26     6     0     0   -63.0  -23.813  -62.440   1078.4    872.4
     3     1    19     8    26     6     0     0   -63.0  -19.404  -60.544   1238.9    854.9
     1     1    19     8    26     5     0     1   -64.0  -27.837  -53.974    739.3    889.1
     2     1    19     8    26     5     0     1   -64.0  -23.265  -62.436    973.1    888.0
     3     1    19     8    26     5     0     1   -64.0  -18.942  -60.555   1252.9    852.1
     1     1    19     8    26     4     0     2   -65.0  -27.361  -53.929    768.7    890.6
     2     1    19     8    26     4     0     2   -65.0  -22.709  -62.379    914.3    886.4
     3     1    19     8    26     4     0     2   -65.0  -18.511  -60.556   1329.5    841.3
     1     1    19     8    26     3     0     3   -66.0  -26.920  -53.809    794.2    889.6
     2     1    19     8    26     3     0     3   -66.0  -22.151  -62.253    812.2    892.6
     3     1    19     8    26     3     0     3   -66.0  -18.137  -60.545   1491.7    827.3
     1     1    19     8    26     2     0     2   -67.0  -26.520  -53.633    821.2    881.5
     2     1    19     8    26     2     0     2   -67.0  -21.611  -62.047    737.5    906.5
     3     1    19     8    26     2     0     2   -67.0  -17.803  -60.552   1746.4    800.0
     1     1    19     8    26     1     0     1   -68.0  -26.171  -53.424    847.5    871.3
     2     1    19     8    26     1     0     1   -68.0  -21.091  -61.840    667.0    903.3
     3     1    19     8    26     1     0     1   -68.0  -17.485  -60.591   2014.3    771.6
     1     1    19     8    26     0     0     0   -69.0  -25.867  -53.178    870.1    860.9
     2     1    19     8    26     0     0     0   -69.0  -20.598  -61.630    571.6    915.9
     3     1    19     8    26     0     0     0   -69.0  -17.178  -60.657   2239.5    750.3
     1     1    19     8    25    23     0     1   -70.0  -25.594  -52.928    895.4    850.0
     2     1    19     8    25    23     0     1   -70.0  -20.138  -61.432    526.5    923.7
     3     1    19     8    25    23     0     1   -70.0  -16.896  -60.734   2429.0    734.9
     1     1    19     8    25    22     0     2   -71.0  -25.350  -52.712    941.4    838.9
     2     1    19     8    25    22     0     2   -71.0  -19.707  -61.288    579.5    918.7
     3     1    19     8    25    22     0     2   -71.0  -16.647  -60.785   2588.0    718.9
     1     1    19     8    25    21     0     3   -72.0  -25.142  -52.541   1001.5    827.0
     2     1    19     8    25    21     0     3   -72.0  -19.302  -61.203    786.8    899.0
     3     1    19     8    25    21     0     3   -72.0  -16.420  -60.779   2672.4    709.6
