     5     1
    GDAS    19     9     1     0     0
    GDAS    19     9     8     0     0
    GDAS    19     9    15     0     0
    GDAS    19     9    22     0     0
    GDAS    19     9    29     0     0
     5 BACKWARD OMEGA   
    19     9    21    15  -34.572  -58.513    10.0
    19     9    21    15  -34.572  -58.513   200.0
    19     9    21    15  -34.572  -58.513   500.0
    19     9    21    15  -34.572  -58.513  1000.0
    19     9    21    15  -34.572  -58.513  2000.0
     1 PRESSURE
     1     1    19     9    21    15     0     3     0.0  -34.572  -58.513     10.0   1014.7
     2     1    19     9    21    15     0     3     0.0  -34.572  -58.513    200.0    993.7
     3     1    19     9    21    15     0     3     0.0  -34.572  -58.513    500.0    959.2
     4     1    19     9    21    15     0     3     0.0  -34.572  -58.513   1000.0    903.3
     5     1    19     9    21    15     0     3     0.0  -34.572  -58.513   2000.0    799.6
     1     1    19     9    21    14     0     2    -1.0  -34.517  -58.762     10.2   1015.6
     2     1    19     9    21    14     0     2    -1.0  -34.502  -58.912    211.2    994.1
     3     1    19     9    21    14     0     2    -1.0  -34.495  -59.007    523.6    958.0
     4     1    19     9    21    14     0     2    -1.0  -34.509  -59.115   1019.3    902.7
     5     1    19     9    21    14     0     2    -1.0  -34.618  -59.101   2029.3    801.1
     1     1    19     9    21    13     0     1    -2.0  -34.462  -58.988     10.4   1016.7
     2     1    19     9    21    13     0     1    -2.0  -34.422  -59.310    219.7    993.4
     3     1    19     9    21    13     0     1    -2.0  -34.414  -59.522    531.3    956.3
     4     1    19     9    21    13     0     1    -2.0  -34.444  -59.685   1020.1    901.6
     5     1    19     9    21    13     0     1    -2.0  -34.682  -59.645   2094.7    792.8
     1     1    19     9    21    12     0     0    -3.0  -34.400  -59.196     10.7   1016.5
     2     1    19     9    21    12     0     0    -3.0  -34.325  -59.710    227.9    992.8
     3     1    19     9    21    12     0     0    -3.0  -34.319  -60.057    525.5    957.2
     4     1    19     9    21    12     0     0    -3.0  -34.370  -60.228    995.4    902.4
     5     1    19     9    21    12     0     0    -3.0  -34.765  -60.152   2189.4    783.1
     1     1    19     9    21    11     0     1    -4.0  -34.326  -59.377     11.1   1015.7
     2     1    19     9    21    11     0     1    -4.0  -34.193  -60.102    238.3    990.4
     3     1    19     9    21    11     0     1    -4.0  -34.191  -60.569    515.6    953.5
     4     1    19     9    21    11     0     1    -4.0  -34.285  -60.734    954.1    902.7
     5     1    19     9    21    11     0     1    -4.0  -34.882  -60.651   2272.4    765.6
     1     1    19     9    21    10     0     2    -5.0  -34.239  -59.525     12.0   1014.8
     2     1    19     9    21    10     0     2    -5.0  -34.018  -60.474    249.6    985.4
     3     1    19     9    21    10     0     2    -5.0  -34.019  -61.026    508.0    950.3
     4     1    19     9    21    10     0     2    -5.0  -34.186  -61.194    921.4    905.4
     5     1    19     9    21    10     0     2    -5.0  -35.028  -61.168   2293.1    760.6
     1     1    19     9    21     9     0     3    -6.0  -34.141  -59.642     13.8   1013.9
     2     1    19     9    21     9     0     3    -6.0  -33.820  -60.831    265.7    980.3
     3     1    19     9    21     9     0     3    -6.0  -33.812  -61.433    521.3    950.3
     4     1    19     9    21     9     0     3    -6.0  -34.052  -61.614    924.7    906.5
     5     1    19     9    21     9     0     3    -6.0  -35.183  -61.692   2255.5    764.0
     1     1    19     9    21     8     0     2    -7.0  -34.040  -59.747     16.2   1013.1
     2     1    19     9    21     8     0     2    -7.0  -33.614  -61.162    282.6    975.6
     3     1    19     9    21     8     0     2    -7.0  -33.588  -61.779    551.3    945.0
     4     1    19     9    21     8     0     2    -7.0  -33.894  -61.994    959.2    900.6
     5     1    19     9    21     8     0     2    -7.0  -35.338  -62.224   2177.1    773.6
     1     1    19     9    21     7     0     1    -8.0  -33.941  -59.852     19.0   1012.7
     2     1    19     9    21     7     0     1    -8.0  -33.400  -61.449    293.3    974.7
     3     1    19     9    21     7     0     1    -8.0  -33.360  -62.070    576.6    941.7
     4     1    19     9    21     7     0     1    -8.0  -33.739  -62.332    990.9    893.3
     5     1    19     9    21     7     0     1    -8.0  -35.493  -62.759   2101.0    782.4
     1     1    19     9    21     6     0     0    -9.0  -33.844  -59.954     22.6   1012.5
     2     1    19     9    21     6     0     0    -9.0  -33.179  -61.698    297.8    974.2
     3     1    19     9    21     6     0     0    -9.0  -33.124  -62.309    597.1    938.3
     4     1    19     9    21     6     0     0    -9.0  -33.567  -62.624   1017.8    890.0
     5     1    19     9    21     6     0     0    -9.0  -35.636  -63.275   2047.7    786.8
     1     1    19     9    21     5     0     1   -10.0  -33.762  -60.049     26.2   1012.8
     2     1    19     9    21     5     0     1   -10.0  -32.966  -61.905    284.5    975.1
     3     1    19     9    21     5     0     1   -10.0  -32.888  -62.494    603.8    935.6
     4     1    19     9    21     5     0     1   -10.0  -33.377  -62.869   1032.3    885.2
     5     1    19     9    21     5     0     1   -10.0  -35.756  -63.767   2074.5    786.5
     1     1    19     9    21     4     0     2   -11.0  -33.701  -60.135     28.6   1013.0
     2     1    19     9    21     4     0     2   -11.0  -32.768  -62.066    256.2    980.0
     3     1    19     9    21     4     0     2   -11.0  -32.664  -62.626    593.3    937.2
     4     1    19     9    21     4     0     2   -11.0  -33.181  -63.063   1014.2    885.6
     5     1    19     9    21     4     0     2   -11.0  -35.873  -64.261   2172.0    765.8
     1     1    19     9    21     3     0     3   -12.0  -33.661  -60.210     29.4   1013.2
     2     1    19     9    21     3     0     3   -12.0  -32.579  -62.180    231.2    983.1
     3     1    19     9    21     3     0     3   -12.0  -32.451  -62.706    580.1    939.1
     4     1    19     9    21     3     0     3   -12.0  -32.961  -63.202    969.0    888.8
     5     1    19     9    21     3     0     3   -12.0  -36.007  -64.749   2187.6    752.1
     1     1    19     9    21     2     0     2   -13.0  -33.638  -60.280     30.1   1012.6
     2     1    19     9    21     2     0     2   -13.0  -32.416  -62.250    224.5    984.2
     3     1    19     9    21     2     0     2   -13.0  -32.268  -62.743    594.0    940.1
     4     1    19     9    21     2     0     2   -13.0  -32.746  -63.288    918.4    894.1
     5     1    19     9    21     2     0     2   -13.0  -36.140  -65.220   2080.1    761.7
     1     1    19     9    21     1     0     1   -14.0  -33.629  -60.351     32.8   1011.6
     2     1    19     9    21     1     0     1   -14.0  -32.304  -62.281    240.4    981.7
     3     1    19     9    21     1     0     1   -14.0  -32.137  -62.753    655.0    933.3
     4     1    19     9    21     1     0     1   -14.0  -32.571  -63.330    872.5    898.3
     5     1    19     9    21     1     0     1   -14.0  -36.258  -65.681   1936.7    775.7
     1     1    19     9    21     0     0     0   -15.0  -33.640  -60.424     37.7   1010.3
     2     1    19     9    21     0     0     0   -15.0  -32.252  -62.270    275.2    978.1
     3     1    19     9    21     0     0     0   -15.0  -32.064  -62.748    752.3    921.4
     4     1    19     9    21     0     0     0   -15.0  -32.435  -63.335    836.6    902.5
     5     1    19     9    21     0     0     0   -15.0  -36.352  -66.118   1846.7    790.3
     1     1    19     9    20    23     0     1   -16.0  -33.665  -60.506     43.3   1008.4
     2     1    19     9    20    23     0     1   -16.0  -32.260  -62.252    328.7    970.8
     3     1    19     9    20    23     0     1   -16.0  -32.039  -62.746    865.9    907.4
     4     1    19     9    20    23     0     1   -16.0  -32.337  -63.324    829.7    904.3
     5     1    19     9    20    23     0     1   -16.0  -36.439  -66.529   1862.9    787.4
     1     1    19     9    20    22     0     2   -17.0  -33.698  -60.605     47.8   1006.6
     2     1    19     9    20    22     0     2   -17.0  -32.307  -62.256    401.3    962.0
     3     1    19     9    20    22     0     2   -17.0  -32.043  -62.760    990.0    893.3
     4     1    19     9    20    22     0     2   -17.0  -32.274  -63.316    859.5    900.2
     5     1    19     9    20    22     0     2   -17.0  -36.533  -66.926   1955.4    777.6
     1     1    19     9    20    21     0     3   -18.0  -33.738  -60.726     52.1   1004.6
     2     1    19     9    20    21     0     3   -18.0  -32.386  -62.282    489.5    950.8
     3     1    19     9    20    21     0     3   -18.0  -32.070  -62.791   1131.1    877.8
     4     1    19     9    20    21     0     3   -18.0  -32.244  -63.313    919.7    892.9
     5     1    19     9    20    21     0     3   -18.0  -36.620  -67.338   1988.9    749.8
     1     1    19     9    20    20     0     2   -19.0  -33.784  -60.879     58.4   1003.1
     2     1    19     9    20    20     0     2   -19.0  -32.476  -62.341    566.0    939.7
     3     1    19     9    20    20     0     2   -19.0  -32.114  -62.845   1268.8    860.6
     4     1    19     9    20    20     0     2   -19.0  -32.236  -63.326   1001.5    883.4
     5     1    19     9    20    20     0     2   -19.0  -36.707  -67.740   1875.3    748.0
     1     1    19     9    20    19     0     1   -20.0  -33.829  -61.070     67.7   1000.9
     2     1    19     9    20    19     0     1   -20.0  -32.558  -62.429    611.1    935.0
     3     1    19     9    20    19     0     1   -20.0  -32.170  -62.921   1384.1    848.9
     4     1    19     9    20    19     0     1   -20.0  -32.235  -63.358   1103.1    872.6
     5     1    19     9    20    19     0     1   -20.0  -36.798  -68.113   1714.1    754.9
     1     1    19     9    20    18     0     0   -21.0  -33.869  -61.293     79.3    999.4
     2     1    19     9    20    18     0     0   -21.0  -32.636  -62.544    635.9    932.5
     3     1    19     9    20    18     0     0   -21.0  -32.235  -63.014   1489.1    838.5
     4     1    19     9    20    18     0     0   -21.0  -32.240  -63.411   1229.2    858.9
     5     1    19     9    20    18     0     0   -21.0  -36.893  -68.478   1675.6    750.4
     1     1    19     9    20    17     0     1   -22.0  -33.911  -61.520     90.9    998.3
     2     1    19     9    20    17     0     1   -22.0  -32.701  -62.664    654.5    930.6
     3     1    19     9    20    17     0     1   -22.0  -32.309  -63.118   1581.6    826.0
     4     1    19     9    20    17     0     1   -22.0  -32.254  -63.475   1357.0    841.8
     5     1    19     9    20    17     0     1   -22.0  -37.002  -68.896   1785.4    713.9
     1     1    19     9    20    16     0     2   -23.0  -33.953  -61.718     99.6    997.9
     2     1    19     9    20    16     0     2   -23.0  -32.747  -62.775    674.7    928.0
     3     1    19     9    20    16     0     2   -23.0  -32.397  -63.230   1651.8    816.7
     4     1    19     9    20    16     0     2   -23.0  -32.282  -63.541   1455.0    830.6
     5     1    19     9    20    16     0     2   -23.0  -37.139  -69.340   1912.0    679.8
     1     1    19     9    20    15     0     3   -24.0  -33.987  -61.886    103.8    998.0
     2     1    19     9    20    15     0     3   -24.0  -32.775  -62.878    698.9    925.1
     3     1    19     9    20    15     0     3   -24.0  -32.508  -63.347   1696.9    810.0
     4     1    19     9    20    15     0     3   -24.0  -32.329  -63.606   1516.9    822.7
     5     1    19     9    20    15     0     3   -24.0  -37.308  -69.750   1994.4    661.5
     1     1    19     9    20    14     0     2   -25.0  -34.023  -62.035    104.7    997.6
     2     1    19     9    20    14     0     2   -25.0  -32.801  -62.969    716.0    920.7
     3     1    19     9    20    14     0     2   -25.0  -32.643  -63.478   1734.2    805.2
     4     1    19     9    20    14     0     2   -25.0  -32.395  -63.675   1557.0    818.6
     5     1    19     9    20    14     0     2   -25.0  -37.501  -70.119   2051.2    654.5
     1     1    19     9    20    13     0     1   -26.0  -34.080  -62.180    104.9    996.5
     2     1    19     9    20    13     0     1   -26.0  -32.843  -63.043    713.8    919.5
     3     1    19     9    20    13     0     1   -26.0  -32.803  -63.636   1787.2    797.1
     4     1    19     9    20    13     0     1   -26.0  -32.480  -63.754   1593.6    813.1
     5     1    19     9    20    13     0     1   -26.0  -37.701  -70.449   2106.1    651.4
     1     1    19     9    20    12     0     0   -27.0  -34.161  -62.319    105.1    995.5
     2     1    19     9    20    12     0     0   -27.0  -32.896  -63.102    691.6    920.3
     3     1    19     9    20    12     0     0   -27.0  -32.999  -63.836   1865.1    785.7
     4     1    19     9    20    12     0     0   -27.0  -32.589  -63.851   1629.6    807.4
     5     1    19     9    20    12     0     0   -27.0  -37.912  -70.742   2167.4    637.7
     1     1    19     9    20    11     0     1   -28.0  -34.252  -62.470    105.9    994.5
     2     1    19     9    20    11     0     1   -28.0  -32.972  -63.156    656.5    923.7
     3     1    19     9    20    11     0     1   -28.0  -33.220  -64.098   1954.3    769.0
     4     1    19     9    20    11     0     1   -28.0  -32.732  -63.971   1667.2    800.9
     5     1    19     9    20    11     0     1   -28.0  -38.144  -71.006   2226.6    621.4
     1     1    19     9    20    10     0     2   -29.0  -34.337  -62.651    108.5    993.2
     2     1    19     9    20    10     0     2   -29.0  -33.083  -63.218    614.8    926.6
     3     1    19     9    20    10     0     2   -29.0  -33.429  -64.408   2030.5    751.7
     4     1    19     9    20    10     0     2   -29.0  -32.916  -64.138   1686.0    787.1
     5     1    19     9    20    10     0     2   -29.0  -38.388  -71.245   2307.4    642.9
     1     1    19     9    20     9     0     3   -30.0  -34.412  -62.860    113.3    991.8
     2     1    19     9    20     9     0     3   -30.0  -33.226  -63.301    572.6    930.3
     3     1    19     9    20     9     0     3   -30.0  -33.632  -64.734   2139.3    740.8
     4     1    19     9    20     9     0     3   -30.0  -33.112  -64.370   1676.0    776.2
     5     1    19     9    20     9     0     3   -30.0  -38.653  -71.481   2362.6    664.7
     1     1    19     9    20     8     0     2   -31.0  -34.472  -63.078    122.6    990.4
     2     1    19     9    20     8     0     2   -31.0  -33.365  -63.414    554.8    933.0
     3     1    19     9    20     8     0     2   -31.0  -33.873  -65.047   2318.8    728.9
     4     1    19     9    20     8     0     2   -31.0  -33.296  -64.641   1685.8    771.1
     5     1    19     9    20     8     0     2   -31.0  -38.968  -71.775   2426.7    687.6
     1     1    19     9    20     7     0     1   -32.0  -34.518  -63.290    139.4    987.6
     2     1    19     9    20     7     0     1   -32.0  -33.479  -63.540    573.9    929.4
     3     1    19     9    20     7     0     1   -32.0  -34.179  -65.389   2476.3    709.5
     4     1    19     9    20     7     0     1   -32.0  -33.482  -64.916   1745.1    761.5
     5     1    19     9    20     7     0     1   -32.0  -39.348  -72.192   2565.7    691.3
     1     1    19     9    20     6     0     0   -33.0  -34.559  -63.499    162.9    983.2
     2     1    19     9    20     6     0     0   -33.0  -33.574  -63.663    628.1    922.7
     3     1    19     9    20     6     0     0   -33.0  -34.495  -65.814   2571.0    700.9
     4     1    19     9    20     6     0     0   -33.0  -33.689  -65.139   1826.3    759.4
     5     1    19     9    20     6     0     0   -33.0  -39.756  -72.644   2762.5    681.0
     1     1    19     9    20     5     0     1   -34.0  -34.609  -63.699    185.0    978.2
     2     1    19     9    20     5     0     1   -34.0  -33.666  -63.782    695.7    911.8
     3     1    19     9    20     5     0     1   -34.0  -34.784  -66.320   2661.6    695.0
     4     1    19     9    20     5     0     1   -34.0  -33.932  -65.287   1871.7    764.4
     5     1    19     9    20     5     0     1   -34.0  -40.149  -73.087   2881.0    686.5
     1     1    19     9    20     4     0     2   -35.0  -34.670  -63.878    195.9    975.5
     2     1    19     9    20     4     0     2   -35.0  -33.763  -63.905    749.3    904.8
     3     1    19     9    20     4     0     2   -35.0  -35.022  -66.846   2717.8    692.6
     4     1    19     9    20     4     0     2   -35.0  -34.202  -65.405   1845.4    770.8
     5     1    19     9    20     4     0     2   -35.0  -40.512  -73.519   2906.6    703.9
     1     1    19     9    20     3     0     3   -36.0  -34.729  -64.036    194.6    974.5
     2     1    19     9    20     3     0     3   -36.0  -33.858  -64.028    774.8    900.7
     3     1    19     9    20     3     0     3   -36.0  -35.212  -67.337   2856.9    686.7
     4     1    19     9    20     3     0     3   -36.0  -34.492  -65.528   1731.1    780.1
     5     1    19     9    20     3     0     3   -36.0  -40.874  -73.925   2976.5    709.1
     1     1    19     9    20     2     0     2   -37.0  -34.786  -64.171    187.0    973.8
     2     1    19     9    20     2     0     2   -37.0  -33.951  -64.147    794.0    900.9
     3     1    19     9    20     2     0     2   -37.0  -35.398  -67.864   3145.6    638.9
     4     1    19     9    20     2     0     2   -37.0  -34.771  -65.644   1536.8    804.7
     5     1    19     9    20     2     0     2   -37.0  -41.245  -74.323   3083.2    696.3
     1     1    19     9    20     1     0     1   -38.0  -34.848  -64.282    180.2    973.3
     2     1    19     9    20     1     0     1   -38.0  -34.056  -64.259    832.9    895.7
     3     1    19     9    20     1     0     1   -38.0  -35.547  -68.413   3054.6    585.3
     4     1    19     9    20     1     0     1   -38.0  -35.029  -65.749   1353.3    828.7
     5     1    19     9    20     1     0     1   -38.0  -41.630  -74.737   3154.6    686.9
     1     1    19     9    20     0     0     0   -39.0  -34.920  -64.370    178.8    972.4
     2     1    19     9    20     0     0     0   -39.0  -34.177  -64.368    881.2    889.2
     3     1    19     9    20     0     0     0   -39.0  -35.663  -68.903   1982.4    634.3
     4     1    19     9    20     0     0     0   -39.0  -35.288  -65.862   1238.2    843.0
     5     1    19     9    20     0     0     0   -39.0  -42.054  -75.165   3152.6    686.0
     1     1    19     9    19    23     0     1   -40.0  -35.017  -64.445    184.0    970.2
     2     1    19     9    19    23     0     1   -40.0  -34.324  -64.473    929.5    881.7
     3     1    19     9    19    23     0     1   -40.0  -35.772  -69.307   1144.6    787.9
     4     1    19     9    19    23     0     1   -40.0  -35.572  -65.990   1154.1    845.5
     5     1    19     9    19    23     0     1   -40.0  -42.483  -75.619   3136.5    692.3
     1     1    19     9    19    22     0     2   -41.0  -35.154  -64.520    196.2    966.6
     2     1    19     9    19    22     0     2   -41.0  -34.501  -64.568    973.7    876.0
     3     1    19     9    19    22     0     2   -41.0  -35.838  -69.794   1300.3    699.3
     4     1    19     9    19    22     0     2   -41.0  -35.889  -66.124   1094.7    856.4
     5     1    19     9    19    22     0     2   -41.0  -42.901  -76.116   3147.0    688.7
     1     1    19     9    19    21     0     3   -42.0  -35.332  -64.607    212.0    962.1
     2     1    19     9    19    21     0     3   -42.0  -34.706  -64.653   1006.5    870.7
     3     1    19     9    19    21     0     3   -42.0  -35.921  -70.443   2135.6    608.3
     4     1    19     9    19    21     0     3   -42.0  -36.224  -66.287   1123.3    857.2
     5     1    19     9    19    21     0     3   -42.0  -43.342  -76.658   3144.8    687.0
     1     1    19     9    19    20     0     2   -43.0  -35.547  -64.716    230.6    958.8
     2     1    19     9    19    20     0     2   -43.0  -34.941  -64.740   1047.1    869.7
     3     1    19     9    19    20     0     2   -43.0  -36.032  -71.098   2628.5    566.5
     4     1    19     9    19    20     0     2   -43.0  -36.571  -66.503   1232.7    843.6
     5     1    19     9    19    20     0     2   -43.0  -43.795  -77.221   3119.3    689.3
     1     1    19     9    19    19     0     1   -44.0  -35.797  -64.857    251.2    954.2
     2     1    19     9    19    19     0     1   -44.0  -35.210  -64.853   1134.3    860.5
     3     1    19     9    19    19     0     1   -44.0  -36.205  -71.584   2742.6    655.8
     4     1    19     9    19    19     0     1   -44.0  -36.934  -66.787   1358.6    830.9
     5     1    19     9    19    19     0     1   -44.0  -44.236  -77.793   3079.8    693.0
     1     1    19     9    19    18     0     0   -45.0  -36.069  -65.035    261.6    949.4
     2     1    19     9    19    18     0     0   -45.0  -35.511  -64.998   1263.5    843.2
     3     1    19     9    19    18     0     0   -45.0  -36.443  -71.948   2883.0    691.3
     4     1    19     9    19    18     0     0   -45.0  -37.302  -67.135   1451.8    814.4
     5     1    19     9    19    18     0     0   -45.0  -44.670  -78.377   3039.1    697.2
     1     1    19     9    19    17     0     1   -46.0  -36.376  -65.242    266.4    947.9
     2     1    19     9    19    17     0     1   -46.0  -35.854  -65.172   1365.8    825.5
     3     1    19     9    19    17     0     1   -46.0  -36.720  -72.277   2991.1    685.5
     4     1    19     9    19    17     0     1   -46.0  -37.666  -67.535   1508.3    804.3
     5     1    19     9    19    17     0     1   -46.0  -45.118  -78.965   3022.7    700.1
     1     1    19     9    19    16     0     2   -47.0  -36.733  -65.477    267.8    946.2
     2     1    19     9    19    16     0     2   -47.0  -36.251  -65.380   1407.7    821.9
     3     1    19     9    19    16     0     2   -47.0  -37.025  -72.622   3104.3    674.8
     4     1    19     9    19    16     0     2   -47.0  -38.032  -67.960   1433.0    804.9
     5     1    19     9    19    16     0     2   -47.0  -45.590  -79.552   3023.3    697.8
     1     1    19     9    19    15     0     3   -48.0  -37.125  -65.749    250.6    950.6
     2     1    19     9    19    15     0     3   -48.0  -36.701  -65.650   1409.3    820.1
     3     1    19     9    19    15     0     3   -48.0  -37.369  -73.000   3251.4    660.2
     4     1    19     9    19    15     0     3   -48.0  -38.373  -68.407   1245.9    832.2
     5     1    19     9    19    15     0     3   -48.0  -46.064  -80.172   3018.8    698.0
     1     1    19     9    19    14     0     2   -49.0  -37.523  -66.077    236.9    958.6
     2     1    19     9    19    14     0     2   -49.0  -37.200  -66.004   1408.1    828.1
     3     1    19     9    19    14     0     2   -49.0  -37.779  -73.426   3467.9    649.9
     4     1    19     9    19    14     0     2   -49.0  -38.690  -68.913   1029.0    845.3
     5     1    19     9    19    14     0     2   -49.0  -46.550  -80.826   3009.1    698.4
     1     1    19     9    19    13     0     1   -50.0  -37.899  -66.500    260.0    953.3
     2     1    19     9    19    13     0     1   -50.0  -37.722  -66.431   1469.5    822.0
     3     1    19     9    19    13     0     1   -50.0  -38.247  -73.895   3742.8    635.8
     4     1    19     9    19    13     0     1   -50.0  -39.045  -69.517    792.5    839.2
     5     1    19     9    19    13     0     1   -50.0  -47.052  -81.491   3018.1    698.5
     1     1    19     9    19    12     0     0   -51.0  -38.242  -67.032    291.4    939.6
     2     1    19     9    19    12     0     0   -51.0  -38.239  -66.888   1478.0    803.9
     3     1    19     9    19    12     0     0   -51.0  -38.732  -74.400   3948.4    616.1
     4     1    19     9    19    12     0     0   -51.0  -39.346  -70.211    665.1    845.0
     5     1    19     9    19    12     0     0   -51.0  -47.547  -82.189   3042.3    693.8
     1     1    19     9    19    11     0     1   -52.0  -38.552  -67.655    358.7    937.2
     2     1    19     9    19    11     0     1   -52.0  -38.769  -67.407   1406.9    819.7
     3     1    19     9    19    11     0     1   -52.0  -39.219  -74.936   4061.3    608.0
     4     1    19     9    19    11     0     1   -52.0  -39.472  -70.867    650.3    825.9
     5     1    19     9    19    11     0     1   -52.0  -48.059  -82.921   3080.3    691.7
     1     1    19     9    19    10     0     2   -53.0  -38.852  -68.374    537.4    909.8
     2     1    19     9    19    10     0     2   -53.0  -39.306  -68.034   1510.2    810.7
     3     1    19     9    19    10     0     2   -53.0  -39.710  -75.498   4130.7    604.1
     4     1    19     9    19    10     0     2   -53.0  -39.528  -71.405    604.2    827.9
     5     1    19     9    19    10     0     2   -53.0  -48.609  -83.658   3113.6    685.8
     1     1    19     9    19     9     0     3   -54.0  -39.229  -69.188    768.0    847.4
     2     1    19     9    19     9     0     3   -54.0  -39.891  -68.630   1845.0    744.6
     3     1    19     9    19     9     0     3   -54.0  -40.208  -76.068   4209.3    599.6
     4     1    19     9    19     9     0     3   -54.0  -39.591  -71.782    453.9    852.8
     5     1    19     9    19     9     0     3   -54.0  -49.158  -84.401   3144.7    685.8
     1     1    19     9    19     8     0     2   -55.0  -39.644  -70.059    693.7    843.7
     2     1    19     9    19     8     0     2   -55.0  -40.514  -69.205   2125.4    678.6
     3     1    19     9    19     8     0     2   -55.0  -40.719  -76.654   4276.9    592.0
     4     1    19     9    19     8     0     2   -55.0  -39.633  -72.006    255.4    888.8
     5     1    19     9    19     8     0     2   -55.0  -49.711  -85.166   3200.4    678.9
     1     1    19     9    19     7     0     1   -56.0  -39.831  -70.866    672.9    831.4
     2     1    19     9    19     7     0     1   -56.0  -41.151  -69.809   2127.7    669.0
     3     1    19     9    19     7     0     1   -56.0  -41.254  -77.251   4302.3    590.1
     4     1    19     9    19     7     0     1   -56.0  -39.645  -72.136    130.8    912.9
     5     1    19     9    19     7     0     1   -56.0  -50.288  -85.975   3237.2    675.0
     1     1    19     9    19     6     0     0   -57.0  -39.926  -71.488    683.8    821.0
     2     1    19     9    19     6     0     0   -57.0  -41.828  -70.395   2151.8    675.7
     3     1    19     9    19     6     0     0   -57.0  -41.810  -77.858   4343.0    587.6
     4     1    19     9    19     6     0     0   -57.0  -39.633  -72.230     72.1    926.8
     5     1    19     9    19     6     0     0   -57.0  -50.874  -86.835   3250.1    673.5
     1     1    19     9    19     5     0     1   -58.0  -40.008  -71.882    478.8    840.3
     2     1    19     9    19     5     0     1   -58.0  -42.549  -71.022   2371.6    671.8
     3     1    19     9    19     5     0     1   -58.0  -42.386  -78.493   4423.9    579.5
     4     1    19     9    19     5     0     1   -58.0  -39.613  -72.307     41.5    936.3
     5     1    19     9    19     5     0     1   -58.0  -51.473  -87.731   3272.7    672.1
     1     1    19     9    19     4     0     2   -59.0  -40.043  -72.099    247.9    879.7
     2     1    19     9    19     4     0     2   -59.0  -43.259  -71.710   2793.5    611.0
     3     1    19     9    19     4     0     2   -59.0  -42.967  -79.149   4449.6    577.4
     4     1    19     9    19     4     0     2   -59.0  -39.599  -72.378     22.5    943.9
     5     1    19     9    19     4     0     2   -59.0  -52.082  -88.702   3321.6    667.1
     1     1    19     9    19     3     0     3   -60.0  -40.068  -72.252    140.8    904.0
     2     1    19     9    19     3     0     3   -60.0  -43.955  -72.415   3047.2    620.3
     3     1    19     9    19     3     0     3   -60.0  -43.561  -79.818   4435.6    579.1
     4     1    19     9    19     3     0     3   -60.0  -39.591  -72.446     12.2    950.3
     5     1    19     9    19     3     0     3   -60.0  -52.662  -89.760   3387.4    662.3
     1     1    19     9    19     2     0     2   -61.0  -40.089  -72.388     91.2    919.6
     2     1    19     9    19     2     0     2   -61.0  -44.677  -73.048   3706.8    580.3
     3     1    19     9    19     2     0     2   -61.0  -44.167  -80.517   4430.0    578.9
     4     1    19     9    19     2     0     2   -61.0  -39.586  -72.512      6.6    954.9
     5     1    19     9    19     2     0     2   -61.0  -53.236  -90.883   3480.0    652.4
     1     1    19     9    19     1     0     1   -62.0  -40.107  -72.517     66.5    933.3
     2     1    19     9    19     1     0     1   -62.0  -45.502  -73.631   4232.1    543.2
     3     1    19     9    19     1     0     1   -62.0  -44.776  -81.231   4417.1    580.1
     4     1    19     9    19     1     0     1   -62.0  -39.582  -72.581      1.7    959.4
     5     1    19     9    19     1     0     1   -62.0  -53.804  -92.081   3517.4    649.3
     1     1    19     9    19     0     0     0   -63.0  -40.126  -72.651     56.9    945.4
     2     1    19     9    19     0     0     0   -63.0  -46.453  -74.156   4724.8    516.8
     3     1    19     9    19     0     0     0   -63.0  -45.366  -81.971   4474.1    576.7
     4     1    19     9    19     0     0     0   -63.0  -39.580  -72.656      0.0    964.0
     5     1    19     9    19     0     0     0   -63.0  -54.324  -93.322   3532.9    647.6
     1     1    19     9    18    23     0     1   -64.0  -40.167  -72.807     59.3    958.5
     2     1    19     9    18    23     0     1   -64.0  -47.390  -74.682   4517.9    547.8
     3     1    19     9    18    23     0     1   -64.0  -45.963  -82.722   4582.8    565.4
     4     1    19     9    18    23     0     1   -64.0  -39.589  -72.742      0.0    969.5
     5     1    19     9    18    23     0     1   -64.0  -54.812  -94.590   3521.3    649.7
     1     1    19     9    18    22     0     2   -65.0  -40.259  -73.013     73.6    974.6
     2     1    19     9    18    22     0     2   -65.0  -48.196  -75.233   4312.6    571.4
     3     1    19     9    18    22     0     2   -65.0  -46.612  -83.454   4609.3    564.4
     4     1    19     9    18    22     0     2   -65.0  -39.615  -72.847      0.0    976.2
     5     1    19     9    18    22     0     2   -65.0  -55.282  -95.883   3563.7    646.1
     1     1    19     9    18    21     0     3   -66.0  -40.437  -73.299     79.4    982.5
     2     1    19     9    18    21     0     3   -66.0  -48.994  -75.763   4388.6    555.1
     3     1    19     9    18    21     0     3   -66.0  -47.275  -84.190   4636.1    563.1
     4     1    19     9    18    21     0     3   -66.0  -39.661  -72.972      1.2    984.5
     5     1    19     9    18    21     0     3   -66.0  -55.723  -97.175   3615.5    641.3
     1     1    19     9    18    20     0     2   -67.0  -40.678  -73.655     45.0    996.6
     2     1    19     9    18    20     0     2   -67.0  -49.784  -76.244   4320.7    571.2
     3     1    19     9    18    20     0     2   -67.0  -47.934  -84.954   4704.7    556.8
     4     1    19     9    18    20     0     2   -67.0  -39.722  -73.136      3.7    988.4
     5     1    19     9    18    20     0     2   -67.0  -56.161  -98.473   3663.8    637.0
     1     1    19     9    18    19     0     1   -68.0  -40.942  -74.068      3.7   1006.1
     2     1    19     9    18    19     0     1   -68.0  -50.565  -76.721   4330.8    568.1
     3     1    19     9    18    19     0     1   -68.0  -48.605  -85.741   4749.8    553.1
     4     1    19     9    18    19     0     1   -68.0  -39.815  -73.382      4.9    993.3
     5     1    19     9    18    19     0     1   -68.0  -56.580  -99.847   3717.9    633.2
     1     1    19     9    18    18     0     0   -69.0  -41.222  -74.546      0.0   1008.5
     2     1    19     9    18    18     0     0   -69.0  -51.298  -77.189   4400.5    562.1
     3     1    19     9    18    18     0     0   -69.0  -49.271  -86.543   4802.0    549.0
     4     1    19     9    18    18     0     0   -69.0  -39.984  -73.737      6.1   1003.0
     5     1    19     9    18    18     0     0   -69.0  -56.973 -101.282   3792.2    625.9
     1     1    19     9    18    17     0     1   -70.0  -41.525  -75.072      0.0   1010.6
     2     1    19     9    18    17     0     1   -70.0  -52.102  -77.622   4474.8    554.2
     3     1    19     9    18    17     0     1   -70.0  -49.931  -87.362   4828.3    546.6
     4     1    19     9    18    17     0     1   -70.0  -40.199  -74.192      4.5   1011.4
     5     1    19     9    18    17     0     1   -70.0  -57.359 -102.755   3859.3    621.1
     1     1    19     9    18    16     0     2   -71.0  -41.852  -75.638      0.0   1010.5
     2     1    19     9    18    16     0     2   -71.0  -52.920  -78.012   4504.9    552.6
     3     1    19     9    18    16     0     2   -71.0  -50.617  -88.255   4841.4    546.4
     4     1    19     9    18    16     0     2   -71.0  -40.335  -74.693      0.0   1011.7
     5     1    19     9    18    16     0     2   -71.0  -57.714 -104.294   3933.5    614.6
     1     1    19     9    18    15     0     3   -72.0  -42.180  -76.231      0.0   1011.7
     2     1    19     9    18    15     0     3   -72.0  -53.638  -78.391   4572.6    546.2
     3     1    19     9    18    15     0     3   -72.0  -51.308  -89.193   4890.7    542.3
     4     1    19     9    18    15     0     3   -72.0  -40.459  -75.249      0.0   1012.9
     5     1    19     9    18    15     0     3   -72.0  -58.020 -105.876   3993.0    609.7
