     5     1
    GDAS    19     6     1     0     0
    GDAS    19     6     8     0     0
    GDAS    19     6    15     0     0
    GDAS    19     6    22     0     0
    GDAS    19     6    29     0     0
     5 BACKWARD OMEGA   
    19     6    30     3  -34.572  -58.513    10.0
    19     6    30     3  -34.572  -58.513   200.0
    19     6    30     3  -34.572  -58.513   500.0
    19     6    30     3  -34.572  -58.513  1000.0
    19     6    30     3  -34.572  -58.513  2000.0
     1 PRESSURE
     1     1    19     6    30     3     0     3     0.0  -34.572  -58.513     10.0   1007.3
     2     1    19     6    30     3     0     3     0.0  -34.572  -58.513    200.0    985.1
     3     1    19     6    30     3     0     3     0.0  -34.572  -58.513    500.0    950.0
     4     1    19     6    30     3     0     3     0.0  -34.572  -58.513   1000.0    894.3
     5     1    19     6    30     3     0     3     0.0  -34.572  -58.513   2000.0    791.6
     1     1    19     6    30     2     0     2    -1.0  -34.684  -58.631      9.4   1007.5
     2     1    19     6    30     2     0     2    -1.0  -34.767  -58.681    180.5    989.1
     3     1    19     6    30     2     0     2    -1.0  -34.783  -58.676    460.0    955.0
     4     1    19     6    30     2     0     2    -1.0  -34.757  -58.753    978.4    895.2
     5     1    19     6    30     2     0     2    -1.0  -34.678  -58.852   2112.0    780.2
     1     1    19     6    30     1     0     1    -2.0  -34.807  -58.735      9.0   1007.3
     2     1    19     6    30     1     0     1    -2.0  -34.968  -58.815    167.5    991.4
     3     1    19     6    30     1     0     1    -2.0  -34.992  -58.772    417.9    962.0
     4     1    19     6    30     1     0     1    -2.0  -34.914  -58.941    917.3    903.8
     5     1    19     6    30     1     0     1    -2.0  -34.775  -59.169   2207.3    774.0
     1     1    19     6    30     0     0     0    -3.0  -34.945  -58.822      9.0   1006.9
     2     1    19     6    30     0     0     0    -3.0  -35.178  -58.908    160.4    992.3
     3     1    19     6    30     0     0     0    -3.0  -35.204  -58.800    384.6    965.6
     4     1    19     6    30     0     0     0    -3.0  -35.041  -59.063    855.9    913.4
     5     1    19     6    30     0     0     0    -3.0  -34.855  -59.472   2305.7    764.1
     1     1    19     6    29    23     0     1    -4.0  -35.086  -58.885      8.7   1006.4
     2     1    19     6    29    23     0     1    -4.0  -35.387  -58.951    152.9    992.0
     3     1    19     6    29    23     0     1    -4.0  -35.415  -58.764    349.8    967.9
     4     1    19     6    29    23     0     1    -4.0  -35.147  -59.126    797.2    917.0
     5     1    19     6    29    23     0     1    -4.0  -34.909  -59.782   2388.0    754.6
     1     1    19     6    29    22     0     2    -5.0  -35.215  -58.919      7.7   1005.9
     2     1    19     6    29    22     0     2    -5.0  -35.581  -58.943    142.4    993.0
     3     1    19     6    29    22     0     2    -5.0  -35.627  -58.678    310.0    972.4
     4     1    19     6    29    22     0     2    -5.0  -35.245  -59.124    726.6    924.2
     5     1    19     6    29    22     0     2    -5.0  -34.942  -60.106   2437.6    748.3
     1     1    19     6    29    21     0     3    -6.0  -35.331  -58.923      6.2   1005.4
     2     1    19     6    29    21     0     3    -6.0  -35.763  -58.882    130.9    993.4
     3     1    19     6    29    21     0     3    -6.0  -35.844  -58.540    272.0    976.8
     4     1    19     6    29    21     0     3    -6.0  -35.337  -59.043    651.0    932.8
     5     1    19     6    29    21     0     3    -6.0  -34.947  -60.448   2434.7    743.7
     1     1    19     6    29    20     0     2    -7.0  -35.444  -58.896      4.8   1005.3
     2     1    19     6    29    20     0     2    -7.0  -35.938  -58.773    121.5    994.5
     3     1    19     6    29    20     0     2    -7.0  -36.066  -58.361    241.9    980.4
     4     1    19     6    29    20     0     2    -7.0  -35.431  -58.880    583.1    941.1
     5     1    19     6    29    20     0     2    -7.0  -34.928  -60.806   2387.9    747.4
     1     1    19     6    29    19     0     1    -8.0  -35.559  -58.841      4.1   1005.3
     2     1    19     6    29    19     0     1    -8.0  -36.112  -58.629    115.2    994.2
     3     1    19     6    29    19     0     1    -8.0  -36.289  -58.152    218.7    982.3
     4     1    19     6    29    19     0     1    -8.0  -35.537  -58.650    528.0    946.9
     5     1    19     6    29    19     0     1    -8.0  -34.907  -61.161   2330.4    752.0
     1     1    19     6    29    18     0     0    -9.0  -35.677  -58.757      3.9   1005.4
     2     1    19     6    29    18     0     0    -9.0  -36.284  -58.456    110.0    994.2
     3     1    19     6    29    18     0     0    -9.0  -36.505  -57.915    199.4    985.5
     4     1    19     6    29    18     0     0    -9.0  -35.666  -58.367    487.2    952.0
     5     1    19     6    29    18     0     0    -9.0  -34.880  -61.500   2280.3    757.4
     1     1    19     6    29    17     0     1   -10.0  -35.797  -58.652      3.8   1005.8
     2     1    19     6    29    17     0     1   -10.0  -36.456  -58.265    104.5    995.3
     3     1    19     6    29    17     0     1   -10.0  -36.716  -57.659    175.5    987.8
     4     1    19     6    29    17     0     1   -10.0  -35.825  -58.046    457.1    955.1
     5     1    19     6    29    17     0     1   -10.0  -34.828  -61.831   2225.5    761.2
     1     1    19     6    29    16     0     2   -11.0  -35.922  -58.531      3.7   1006.3
     2     1    19     6    29    16     0     2   -11.0  -36.636  -58.070     96.9    997.5
     3     1    19     6    29    16     0     2   -11.0  -36.922  -57.407    145.9    992.9
     4     1    19     6    29    16     0     2   -11.0  -36.009  -57.687    421.7    958.6
     5     1    19     6    29    16     0     2   -11.0  -34.755  -62.138   2155.0    768.8
     1     1    19     6    29    15     0     3   -12.0  -36.053  -58.398      3.6   1006.8
     2     1    19     6    29    15     0     3   -12.0  -36.822  -57.881     86.1    999.6
     3     1    19     6    29    15     0     3   -12.0  -37.117  -57.160    124.5    996.3
     4     1    19     6    29    15     0     3   -12.0  -36.203  -57.293    364.2    964.8
     5     1    19     6    29    15     0     3   -12.0  -34.673  -62.424   2090.4    775.8
     1     1    19     6    29    14     0     2   -13.0  -36.188  -58.255      3.5   1007.4
     2     1    19     6    29    14     0     2   -13.0  -37.007  -57.693     73.4   1001.6
     3     1    19     6    29    14     0     2   -13.0  -37.320  -56.893    115.7    997.6
     4     1    19     6    29    14     0     2   -13.0  -36.412  -56.898    302.4    974.7
     5     1    19     6    29    14     0     2   -13.0  -34.584  -62.704   2042.2    779.1
     1     1    19     6    29    13     0     1   -14.0  -36.322  -58.103      3.2   1008.3
     2     1    19     6    29    13     0     1   -14.0  -37.185  -57.487     62.1   1002.5
     3     1    19     6    29    13     0     1   -14.0  -37.560  -56.592    119.4    997.9
     4     1    19     6    29    13     0     1   -14.0  -36.643  -56.509    260.4    980.9
     5     1    19     6    29    13     0     1   -14.0  -34.489  -62.966   2005.0    780.9
     1     1    19     6    29    12     0     0   -15.0  -36.457  -57.939      2.6   1009.2
     2     1    19     6    29    12     0     0   -15.0  -37.368  -57.253     53.9   1004.0
     3     1    19     6    29    12     0     0   -15.0  -37.842  -56.263    143.8    996.3
     4     1    19     6    29    12     0     0   -15.0  -36.904  -56.101    243.1    982.6
     5     1    19     6    29    12     0     0   -15.0  -34.381  -63.198   1971.3    781.7
     1     1    19     6    29    11     0     1   -16.0  -36.592  -57.779      1.7   1008.4
     2     1    19     6    29    11     0     1   -16.0  -37.566  -56.998     50.0   1005.9
     3     1    19     6    29    11     0     1   -16.0  -38.150  -55.938    185.5    989.4
     4     1    19     6    29    11     0     1   -16.0  -37.188  -55.708    247.5    981.7
     5     1    19     6    29    11     0     1   -16.0  -34.257  -63.427   1952.4    782.4
     1     1    19     6    29    10     0     2   -17.0  -36.724  -57.639      0.5   1007.7
     2     1    19     6    29    10     0     2   -17.0  -37.794  -56.741     51.1   1005.6
     3     1    19     6    29    10     0     2   -17.0  -38.464  -55.642    212.9    983.6
     4     1    19     6    29    10     0     2   -17.0  -37.471  -55.373    258.0    979.0
     5     1    19     6    29    10     0     2   -17.0  -34.113  -63.700   1961.1    778.7
     1     1    19     6    29     9     0     3   -18.0  -36.849  -57.522      0.0   1006.9
     2     1    19     6    29     9     0     3   -18.0  -38.060  -56.500     55.8   1004.9
     3     1    19     6    29     9     0     3   -18.0  -38.786  -55.380    213.1    984.0
     4     1    19     6    29     9     0     3   -18.0  -37.757  -55.065    249.4    977.8
     5     1    19     6    29     9     0     3   -18.0  -33.951  -64.028   2002.4    771.3
     1     1    19     6    29     8     0     2   -19.0  -36.970  -57.417      0.0   1007.8
     2     1    19     6    29     8     0     2   -19.0  -38.351  -56.278     59.7   1004.2
     3     1    19     6    29     8     0     2   -19.0  -39.111  -55.163    202.6    986.7
     4     1    19     6    29     8     0     2   -19.0  -38.041  -54.779    226.8    982.6
     5     1    19     6    29     8     0     2   -19.0  -33.738  -64.371   2069.7    753.3
     1     1    19     6    29     7     0     1   -20.0  -37.100  -57.307      0.0   1008.6
     2     1    19     6    29     7     0     1   -20.0  -38.660  -56.081     61.0   1004.4
     3     1    19     6    29     7     0     1   -20.0  -39.433  -54.985    191.6    988.5
     4     1    19     6    29     7     0     1   -20.0  -38.315  -54.527    212.9    985.3
     5     1    19     6    29     7     0     1   -20.0  -33.439  -64.724   2174.0    722.9
     1     1    19     6    29     6     0     0   -21.0  -37.247  -57.183      0.0   1009.8
     2     1    19     6    29     6     0     0   -21.0  -38.985  -55.922     60.2   1004.8
     3     1    19     6    29     6     0     0   -21.0  -39.752  -54.838    185.3    990.0
     4     1    19     6    29     6     0     0   -21.0  -38.579  -54.307    208.6    985.7
     5     1    19     6    29     6     0     0   -21.0  -32.989  -65.173   2312.1    667.6
     1     1    19     6    29     5     0     1   -22.0  -37.408  -57.041      0.0   1009.9
     2     1    19     6    29     5     0     1   -22.0  -39.304  -55.786     60.2   1005.3
     3     1    19     6    29     5     0     1   -22.0  -40.056  -54.710    185.3    989.8
     4     1    19     6    29     5     0     1   -22.0  -38.833  -54.095    206.3    985.6
     5     1    19     6    29     5     0     1   -22.0  -32.406  -65.685   2307.3    672.7
     1     1    19     6    29     4     0     2   -23.0  -37.587  -56.878      0.0   1009.3
     2     1    19     6    29     4     0     2   -23.0  -39.596  -55.654     60.9   1005.1
     3     1    19     6    29     4     0     2   -23.0  -40.327  -54.595    186.5    989.6
     4     1    19     6    29     4     0     2   -23.0  -39.082  -53.880    206.2    985.9
     5     1    19     6    29     4     0     2   -23.0  -31.959  -66.064   2273.1    737.7
     1     1    19     6    29     3     0     3   -24.0  -37.790  -56.692      0.0   1008.5
     2     1    19     6    29     3     0     3   -24.0  -39.860  -55.534     59.9   1005.5
     3     1    19     6    29     3     0     3   -24.0  -40.563  -54.489    186.9    989.6
     4     1    19     6    29     3     0     3   -24.0  -39.321  -53.675    211.1    985.4
     5     1    19     6    29     3     0     3   -24.0  -31.562  -66.398   2289.8    722.4
     1     1    19     6    29     2     0     2   -25.0  -38.015  -56.500      0.0   1008.9
     2     1    19     6    29     2     0     2   -25.0  -40.111  -55.420     56.7   1006.4
     3     1    19     6    29     2     0     2   -25.0  -40.784  -54.392    189.2    989.8
     4     1    19     6    29     2     0     2   -25.0  -39.554  -53.502    220.9    984.5
     5     1    19     6    29     2     0     2   -25.0  -31.128  -66.751   2314.4    715.6
     1     1    19     6    29     1     0     1   -26.0  -38.245  -56.320      0.5   1009.7
     2     1    19     6    29     1     0     1   -26.0  -40.360  -55.300     52.9   1007.3
     3     1    19     6    29     1     0     1   -26.0  -41.005  -54.308    197.1    989.1
     4     1    19     6    29     1     0     1   -26.0  -39.787  -53.365    232.1    983.3
     5     1    19     6    29     1     0     1   -26.0  -30.631  -67.165   2343.3    700.5
     1     1    19     6    29     0     0     0   -27.0  -38.471  -56.152      1.0   1009.8
     2     1    19     6    29     0     0     0   -27.0  -40.603  -55.176     49.6   1007.8
     3     1    19     6    29     0     0     0   -27.0  -41.223  -54.241    211.9    987.3
     4     1    19     6    29     0     0     0   -27.0  -40.012  -53.250    237.1    982.5
     5     1    19     6    29     0     0     0   -27.0  -30.080  -67.591   2429.7    676.1
     1     1    19     6    28    23     0     1   -28.0  -38.675  -56.004      0.9   1009.6
     2     1    19     6    28    23     0     1   -28.0  -40.847  -55.067     47.7   1007.3
     3     1    19     6    28    23     0     1   -28.0  -41.452  -54.199    231.6    984.4
     4     1    19     6    28    23     0     1   -28.0  -40.219  -53.173    234.1    982.8
     5     1    19     6    28    23     0     1   -28.0  -29.417  -68.105   2663.2    567.3
     1     1    19     6    28    22     0     2   -29.0  -38.841  -55.884      0.1   1009.7
     2     1    19     6    28    22     0     2   -29.0  -41.110  -54.985     47.3   1006.4
     3     1    19     6    28    22     0     2   -29.0  -41.704  -54.194    257.0    981.6
     4     1    19     6    28    22     0     2   -29.0  -40.408  -53.154    227.1    983.5
     5     1    19     6    28    22     0     2   -29.0  -28.684  -69.004   2860.4    422.9
     1     1    19     6    28    21     0     3   -30.0  -38.964  -55.793      0.0   1009.8
     2     1    19     6    28    21     0     3   -30.0  -41.392  -54.934     47.3   1005.5
     3     1    19     6    28    21     0     3   -30.0  -41.981  -54.235    298.3    976.0
     4     1    19     6    28    21     0     3   -30.0  -40.594  -53.187    218.2    984.3
     5     1    19     6    28    21     0     3   -30.0  -27.872  -69.893   2507.0    560.0
     1     1    19     6    28    20     0     2   -31.0  -39.062  -55.742      0.0   1010.2
     2     1    19     6    28    20     0     2   -31.0  -41.673  -54.939     49.0   1005.5
     3     1    19     6    28    20     0     2   -31.0  -42.266  -54.333    345.2    969.2
     4     1    19     6    28    20     0     2   -31.0  -40.772  -53.277    211.8    985.0
     5     1    19     6    28    20     0     2   -31.0  -27.218  -70.189   1813.5    691.6
     1     1    19     6    28    19     0     1   -32.0  -39.160  -55.743      0.0   1010.6
     2     1    19     6    28    19     0     1   -32.0  -41.957  -55.002     57.1   1005.3
     3     1    19     6    28    19     0     1   -32.0  -42.547  -54.493    375.0    964.7
     4     1    19     6    28    19     0     1   -32.0  -40.924  -53.433    207.2    985.3
     5     1    19     6    28    19     0     1   -32.0  -26.772  -70.358   1426.4    776.8
     1     1    19     6    28    18     0     0   -33.0  -39.253  -55.799      0.0   1010.9
     2     1    19     6    28    18     0     0   -33.0  -42.257  -55.120     72.5   1002.8
     3     1    19     6    28    18     0     0   -33.0  -42.839  -54.720    384.8    963.0
     4     1    19     6    28    18     0     0   -33.0  -41.054  -53.656    201.2    985.7
     5     1    19     6    28    18     0     0   -33.0  -26.431  -70.501   1215.0    817.7
     1     1    19     6    28    17     0     1   -34.0  -39.320  -55.896      0.0   1011.2
     2     1    19     6    28    17     0     1   -34.0  -42.549  -55.293     86.2    999.5
     3     1    19     6    28    17     0     1   -34.0  -43.137  -54.989    383.7    964.1
     4     1    19     6    28    17     0     1   -34.0  -41.162  -53.922    190.9    986.6
     5     1    19     6    28    17     0     1   -34.0  -26.160  -70.610   1115.1    845.2
     1     1    19     6    28    16     0     2   -35.0  -39.340  -56.019      0.0   1011.4
     2     1    19     6    28    16     0     2   -35.0  -42.825  -55.501     94.3    998.2
     3     1    19     6    28    16     0     2   -35.0  -43.411  -55.276    394.3    963.6
     4     1    19     6    28    16     0     2   -35.0  -41.236  -54.213    178.6    988.3
     5     1    19     6    28    16     0     2   -35.0  -25.890  -70.681   1100.2    853.2
     1     1    19     6    28    15     0     3   -36.0  -39.316  -56.169      0.0   1011.4
     2     1    19     6    28    15     0     3   -36.0  -43.091  -55.738     98.2    997.2
     3     1    19     6    28    15     0     3   -36.0  -43.653  -55.592    411.3    959.7
     4     1    19     6    28    15     0     3   -36.0  -41.267  -54.544    168.7    989.5
     5     1    19     6    28    15     0     3   -36.0  -25.570  -70.703   1155.9    843.5
     1     1    19     6    28    14     0     2   -37.0  -39.261  -56.330      0.0   1010.4
     2     1    19     6    28    14     0     2   -37.0  -43.341  -55.996    101.3    996.9
     3     1    19     6    28    14     0     2   -37.0  -43.877  -55.932    436.3    958.4
     4     1    19     6    28    14     0     2   -37.0  -41.258  -54.908    164.7    990.2
     5     1    19     6    28    14     0     2   -37.0  -25.173  -70.689   1292.2    816.7
     1     1    19     6    28    13     0     1   -38.0  -39.186  -56.484      0.0   1009.4
     2     1    19     6    28    13     0     1   -38.0  -43.576  -56.261    109.4    995.7
     3     1    19     6    28    13     0     1   -38.0  -44.090  -56.293    483.5    951.2
     4     1    19     6    28    13     0     1   -38.0  -41.216  -55.286    160.1    989.5
     5     1    19     6    28    13     0     1   -38.0  -24.755  -70.692   1438.4    798.7
     1     1    19     6    28    12     0     0   -39.0  -39.088  -56.636      0.0   1008.5
     2     1    19     6    28    12     0     0   -39.0  -43.801  -56.543    120.4    993.4
     3     1    19     6    28    12     0     0   -39.0  -44.297  -56.697    518.0    943.0
     4     1    19     6    28    12     0     0   -39.0  -41.136  -55.674    142.5    991.0
     5     1    19     6    28    12     0     0   -39.0  -24.393  -70.709   1504.0    800.8
     1     1    19     6    28    11     0     1   -40.0  -38.974  -56.793      0.0   1008.5
     2     1    19     6    28    11     0     1   -40.0  -44.003  -56.863    116.6    991.5
     3     1    19     6    28    11     0     1   -40.0  -44.491  -57.130    521.2    943.2
     4     1    19     6    28    11     0     1   -40.0  -41.023  -56.053    121.7    994.2
     5     1    19     6    28    11     0     1   -40.0  -24.098  -70.714   1503.9    811.2
     1     1    19     6    28    10     0     2   -41.0  -38.850  -56.968      0.0   1008.6
     2     1    19     6    28    10     0     2   -41.0  -44.186  -57.210    100.1    994.1
     3     1    19     6    28    10     0     2   -41.0  -44.668  -57.563    509.6    944.1
     4     1    19     6    28    10     0     2   -41.0  -40.869  -56.419    110.9    995.2
     5     1    19     6    28    10     0     2   -41.0  -23.842  -70.707   1484.8    815.9
     1     1    19     6    28     9     0     3   -42.0  -38.716  -57.162      0.2   1007.8
     2     1    19     6    28     9     0     3   -42.0  -44.373  -57.563     88.1    995.1
     3     1    19     6    28     9     0     3   -42.0  -44.823  -57.981    453.0    946.0
     4     1    19     6    28     9     0     3   -42.0  -40.665  -56.775    108.6    994.3
     5     1    19     6    28     9     0     3   -42.0  -23.608  -70.703   1464.0    815.9
     1     1    19     6    28     8     0     2   -43.0  -38.571  -57.367      0.8   1006.1
     2     1    19     6    28     8     0     2   -43.0  -44.551  -57.890     81.6    995.2
     3     1    19     6    28     8     0     2   -43.0  -44.965  -58.366    407.8    960.3
     4     1    19     6    28     8     0     2   -43.0  -40.437  -57.120    108.9    994.6
     5     1    19     6    28     8     0     2   -43.0  -23.384  -70.707   1442.6    817.5
     1     1    19     6    28     7     0     1   -44.0  -38.421  -57.569      2.4   1003.9
     2     1    19     6    28     7     0     1   -44.0  -44.711  -58.166     82.7    994.8
     3     1    19     6    28     7     0     1   -44.0  -45.109  -58.723    418.3    956.2
     4     1    19     6    28     7     0     1   -44.0  -40.210  -57.454    111.7    994.7
     5     1    19     6    28     7     0     1   -44.0  -23.164  -70.714   1419.0    819.5
     1     1    19     6    28     6     0     0   -45.0  -38.268  -57.752      5.8   1001.4
     2     1    19     6    28     6     0     0   -45.0  -44.861  -58.404     94.8    992.8
     3     1    19     6    28     6     0     0   -45.0  -45.251  -59.058    444.3    950.3
     4     1    19     6    28     6     0     0   -45.0  -39.973  -57.776    116.7    994.4
     5     1    19     6    28     6     0     0   -45.0  -22.950  -70.715   1391.0    821.5
     1     1    19     6    28     5     0     1   -46.0  -38.104  -57.908     11.6    997.0
     2     1    19     6    28     5     0     1   -46.0  -45.013  -58.632    109.5    989.3
     3     1    19     6    28     5     0     1   -46.0  -45.398  -59.389    458.5    947.1
     4     1    19     6    28     5     0     1   -46.0  -39.734  -58.092    120.1    993.5
     5     1    19     6    28     5     0     1   -46.0  -22.741  -70.718   1362.1    824.1
     1     1    19     6    28     4     0     2   -47.0  -37.914  -58.042     26.6    992.3
     2     1    19     6    28     4     0     2   -47.0  -45.175  -58.863    112.1    988.0
     3     1    19     6    28     4     0     2   -47.0  -45.560  -59.730    473.2    946.9
     4     1    19     6    28     4     0     2   -47.0  -39.498  -58.409    122.4    993.3
     5     1    19     6    28     4     0     2   -47.0  -22.541  -70.732   1336.8    827.7
     1     1    19     6    28     3     0     3   -48.0  -37.688  -58.166     55.3    990.9
     2     1    19     6    28     3     0     3   -48.0  -45.350  -59.089    104.5    988.6
     3     1    19     6    28     3     0     3   -48.0  -45.733  -60.070    509.9    941.9
     4     1    19     6    28     3     0     3   -48.0  -39.249  -58.727    126.5    992.5
     5     1    19     6    28     3     0     3   -48.0  -22.353  -70.754   1314.0    832.2
     1     1    19     6    28     2     0     2   -49.0  -37.433  -58.276     91.2    989.3
     2     1    19     6    28     2     0     2   -49.0  -45.527  -59.315     99.4    989.6
     3     1    19     6    28     2     0     2   -49.0  -45.913  -60.412    538.5    934.4
     4     1    19     6    28     2     0     2   -49.0  -38.990  -59.047    129.8    991.9
     5     1    19     6    28     2     0     2   -49.0  -22.181  -70.783   1293.5    837.6
     1     1    19     6    28     1     0     1   -50.0  -37.153  -58.366    118.2    987.9
     2     1    19     6    28     1     0     1   -50.0  -45.705  -59.544     98.3    988.5
     3     1    19     6    28     1     0     1   -50.0  -46.102  -60.769    561.0    935.1
     4     1    19     6    28     1     0     1   -50.0  -38.724  -59.355    140.8    986.4
     5     1    19     6    28     1     0     1   -50.0  -22.031  -70.819   1271.6    843.9
     1     1    19     6    28     0     0     0   -51.0  -36.875  -58.409    118.6    990.5
     2     1    19     6    28     0     0     0   -51.0  -45.900  -59.769     91.4    988.3
     3     1    19     6    28     0     0     0   -51.0  -46.298  -61.154    615.8    928.9
     4     1    19     6    28     0     0     0   -51.0  -38.431  -59.654    173.3    975.5
     5     1    19     6    28     0     0     0   -51.0  -21.906  -70.859   1244.6    853.2
     1     1    19     6    27    23     0     1   -52.0  -36.621  -58.417    110.8    993.3
     2     1    19     6    27    23     0     1   -52.0  -46.097  -60.009     77.2    988.9
     3     1    19     6    27    23     0     1   -52.0  -46.506  -61.552    681.3    917.3
     4     1    19     6    27    23     0     1   -52.0  -38.086  -59.957    231.8    958.4
     5     1    19     6    27    23     0     1   -52.0  -21.797  -70.901   1224.9    862.9
     1     1    19     6    27    22     0     2   -53.0  -36.386  -58.413    106.1    994.6
     2     1    19     6    27    22     0     2   -53.0  -46.288  -60.281     66.8    990.1
     3     1    19     6    27    22     0     2   -53.0  -46.722  -61.942    717.8    910.0
     4     1    19     6    27    22     0     2   -53.0  -37.696  -60.241    295.8    945.9
     5     1    19     6    27    22     0     2   -53.0  -21.693  -70.941   1221.1    868.2
     1     1    19     6    27    21     0     3   -54.0  -36.159  -58.402    103.0    995.7
     2     1    19     6    27    21     0     3   -54.0  -46.499  -60.559     66.9    988.3
     3     1    19     6    27    21     0     3   -54.0  -46.939  -62.323    710.3    909.9
     4     1    19     6    27    21     0     3   -54.0  -37.304  -60.468    316.1    942.9
     5     1    19     6    27    21     0     3   -54.0  -21.594  -70.980   1225.4    872.1
     1     1    19     6    27    20     0     2   -55.0  -35.943  -58.400    102.6    997.2
     2     1    19     6    27    20     0     2   -55.0  -46.718  -60.835     75.3    986.6
     3     1    19     6    27    20     0     2   -55.0  -47.162  -62.708    703.1    915.5
     4     1    19     6    27    20     0     2   -55.0  -36.938  -60.614    292.2    950.9
     5     1    19     6    27    20     0     2   -55.0  -21.497  -71.007   1218.3    874.0
     1     1    19     6    27    19     0     1   -56.0  -35.744  -58.427    106.2    997.2
     2     1    19     6    27    19     0     1   -56.0  -46.935  -61.123     86.8    984.4
     3     1    19     6    27    19     0     1   -56.0  -47.385  -63.111    734.8    910.5
     4     1    19     6    27    19     0     1   -56.0  -36.617  -60.694    263.8    961.2
     5     1    19     6    27    19     0     1   -56.0  -21.399  -71.009   1182.3    878.2
     1     1    19     6    27    18     0     0   -57.0  -35.555  -58.486    114.0    996.9
     2     1    19     6    27    18     0     0   -57.0  -47.150  -61.424     96.0    982.7
     3     1    19     6    27    18     0     0   -57.0  -47.599  -63.535    796.2    902.9
     4     1    19     6    27    18     0     0   -57.0  -36.334  -60.745    254.5    965.5
     5     1    19     6    27    18     0     0   -57.0  -21.300  -70.990   1116.7    884.1
     1     1    19     6    27    17     0     1   -58.0  -35.357  -58.561    123.9    996.2
     2     1    19     6    27    17     0     1   -58.0  -47.333  -61.716    101.7    981.7
     3     1    19     6    27    17     0     1   -58.0  -47.803  -63.962    874.9    892.8
     4     1    19     6    27    17     0     1   -58.0  -36.059  -60.805    260.7    967.8
     5     1    19     6    27    17     0     1   -58.0  -21.203  -70.958   1055.7    890.9
     1     1    19     6    27    16     0     2   -59.0  -35.129  -58.638    132.9    996.0
     2     1    19     6    27    16     0     2   -59.0  -47.484  -61.979    103.3    980.8
     3     1    19     6    27    16     0     2   -59.0  -47.997  -64.372    955.2    882.7
     4     1    19     6    27    16     0     2   -59.0  -35.768  -60.897    277.1    967.1
     5     1    19     6    27    16     0     2   -59.0  -21.108  -70.917   1027.8    890.7
     1     1    19     6    27    15     0     3   -60.0  -34.871  -58.712    140.9    995.6
     2     1    19     6    27    15     0     3   -60.0  -47.622  -62.219    101.3    980.8
     3     1    19     6    27    15     0     3   -60.0  -48.192  -64.760   1031.1    873.4
     4     1    19     6    27    15     0     3   -60.0  -35.456  -61.016    299.5    964.3
     5     1    19     6    27    15     0     3   -60.0  -21.016  -70.868   1032.6    887.2
     1     1    19     6    27    14     0     2   -61.0  -34.594  -58.776    148.0    994.3
     2     1    19     6    27    14     0     2   -61.0  -47.754  -62.459     97.7    980.7
     3     1    19     6    27    14     0     2   -61.0  -48.405  -65.142   1091.0    865.5
     4     1    19     6    27    14     0     2   -61.0  -35.103  -61.152    317.4    961.1
     5     1    19     6    27    14     0     2   -61.0  -20.934  -70.818   1062.0    879.5
     1     1    19     6    27    13     0     1   -62.0  -34.301  -58.823    154.8    993.3
     2     1    19     6    27    13     0     1   -62.0  -47.888  -62.721     91.6    980.7
     3     1    19     6    27    13     0     1   -62.0  -48.642  -65.543   1129.8    860.9
     4     1    19     6    27    13     0     1   -62.0  -34.691  -61.296    325.1    960.4
     5     1    19     6    27    13     0     1   -62.0  -20.864  -70.772   1101.3    871.3
     1     1    19     6    27    12     0     0   -63.0  -33.991  -58.853    161.8    992.4
     2     1    19     6    27    12     0     0   -63.0  -48.025  -63.014     81.2    981.0
     3     1    19     6    27    12     0     0   -63.0  -48.892  -65.966   1148.2    858.1
     4     1    19     6    27    12     0     0   -63.0  -34.223  -61.439    325.0    960.4
     5     1    19     6    27    12     0     0   -63.0  -20.799  -70.732   1141.1    863.6
     1     1    19     6    27    11     0     1   -64.0  -33.669  -58.874    170.0    991.7
     2     1    19     6    27    11     0     1   -64.0  -48.168  -63.330     71.7    982.4
     3     1    19     6    27    11     0     1   -64.0  -49.149  -66.413   1177.0    857.8
     4     1    19     6    27    11     0     1   -64.0  -33.726  -61.557    327.0    960.9
     5     1    19     6    27    11     0     1   -64.0  -20.733  -70.702   1179.8    857.0
     1     1    19     6    27    10     0     2   -65.0  -33.344  -58.899    179.2    990.7
     2     1    19     6    27    10     0     2   -65.0  -48.320  -63.659     66.0    982.2
     3     1    19     6    27    10     0     2   -65.0  -49.408  -66.887   1249.1    848.5
     4     1    19     6    27    10     0     2   -65.0  -33.215  -61.657    332.2    959.1
     5     1    19     6    27    10     0     2   -65.0  -20.661  -70.690   1219.9    851.3
     1     1    19     6    27     9     0     3   -66.0  -33.008  -58.936    189.6    989.5
     2     1    19     6    27     9     0     3   -66.0  -48.477  -64.007     61.3    981.8
     3     1    19     6    27     9     0     3   -66.0  -49.674  -67.387   1333.7    832.8
     4     1    19     6    27     9     0     3   -66.0  -32.689  -61.742    333.6    959.9
     5     1    19     6    27     9     0     3   -66.0  -20.585  -70.692   1260.1    846.8
     1     1    19     6    27     8     0     2   -67.0  -32.656  -58.971    204.7    988.5
     2     1    19     6    27     8     0     2   -67.0  -48.636  -64.382     58.6    982.4
     3     1    19     6    27     8     0     2   -67.0  -49.948  -67.878   1419.4    826.8
     4     1    19     6    27     8     0     2   -67.0  -32.157  -61.809    338.5    961.6
     5     1    19     6    27     8     0     2   -67.0  -20.507  -70.704   1295.0    844.0
     1     1    19     6    27     7     0     1   -68.0  -32.285  -58.982    222.4    986.3
     2     1    19     6    27     7     0     1   -68.0  -48.797  -64.789     60.1    981.8
     3     1    19     6    27     7     0     1   -68.0  -50.221  -68.336   1473.1    814.9
     4     1    19     6    27     7     0     1   -68.0  -31.624  -61.851    339.0    960.9
     5     1    19     6    27     7     0     1   -68.0  -20.433  -70.720   1322.5    843.0
     1     1    19     6    27     6     0     0   -69.0  -31.913  -58.954    230.9    984.5
     2     1    19     6    27     6     0     0   -69.0  -48.954  -65.229     66.5    980.7
     3     1    19     6    27     6     0     0   -69.0  -50.488  -68.765   1450.0    815.3
     4     1    19     6    27     6     0     0   -69.0  -31.108  -61.846    321.5    963.9
     5     1    19     6    27     6     0     0   -69.0  -20.360  -70.741   1346.2    842.7
     1     1    19     6    27     5     0     1   -70.0  -31.546  -58.893    238.1    982.4
     2     1    19     6    27     5     0     1   -70.0  -49.122  -65.679     75.3    979.0
     3     1    19     6    27     5     0     1   -70.0  -50.767  -69.166   1375.3    823.5
     4     1    19     6    27     5     0     1   -70.0  -30.634  -61.769    304.3    968.7
     5     1    19     6    27     5     0     1   -70.0  -20.284  -70.762   1362.8    842.4
     1     1    19     6    27     4     0     2   -71.0  -31.180  -58.803    258.2    978.4
     2     1    19     6    27     4     0     2   -71.0  -49.318  -66.107     81.6    977.6
     3     1    19     6    27     4     0     2   -71.0  -51.073  -69.550   1287.8    827.1
     4     1    19     6    27     4     0     2   -71.0  -30.198  -61.618    303.6    968.7
     5     1    19     6    27     4     0     2   -71.0  -20.197  -70.778   1365.6    843.4
     1     1    19     6    27     3     0     3   -72.0  -30.843  -58.678    288.1    975.4
     2     1    19     6    27     3     0     3   -72.0  -49.535  -66.520     88.3    976.7
     3     1    19     6    27     3     0     3   -72.0  -51.403  -69.924   1179.5    830.4
     4     1    19     6    27     3     0     3   -72.0  -29.787  -61.405    314.8    966.5
     5     1    19     6    27     3     0     3   -72.0  -20.099  -70.788   1350.6    845.7
