     7     1
    GDAS    19    10    29     0     0
    GDAS    19    11     1     0     0
    GDAS    19    11     8     0     0
    GDAS    19    11    15     0     0
    GDAS    19    11    22     0     0
    GDAS    19    11    29     0     0
    GDAS    19    12     1     0     0
     5 BACKWARD OMEGA   
    19    11    14    15  -34.572  -58.513    10.0
    19    11    14    15  -34.572  -58.513   200.0
    19    11    14    15  -34.572  -58.513   500.0
    19    11    14    15  -34.572  -58.513  1000.0
    19    11    14    15  -34.572  -58.513  2000.0
     1 PRESSURE
     1     1    19    11    14    15     0     3     0.0  -34.572  -58.513     10.0   1007.5
     2     1    19    11    14    15     0     3     0.0  -34.572  -58.513    200.0    986.1
     3     1    19    11    14    15     0     3     0.0  -34.572  -58.513    500.0    952.5
     4     1    19    11    14    15     0     3     0.0  -34.572  -58.513   1000.0    898.4
     5     1    19    11    14    15     0     3     0.0  -34.572  -58.513   2000.0    797.4
     1     1    19    11    14    14     0     2    -1.0  -34.740  -58.570     10.3   1007.3
     2     1    19    11    14    14     0     2    -1.0  -34.800  -58.590    199.5    986.2
     3     1    19    11    14    14     0     2    -1.0  -34.836  -58.602    490.7    952.4
     4     1    19    11    14    14     0     2    -1.0  -34.861  -58.638    972.8    900.0
     5     1    19    11    14    14     0     2    -1.0  -34.910  -58.788   1998.0    801.3
     1     1    19    11    14    13     0     1    -2.0  -34.887  -58.606      9.9   1007.1
     2     1    19    11    14    13     0     1    -2.0  -35.008  -58.642    188.6    988.9
     3     1    19    11    14    13     0     1    -2.0  -35.097  -58.667    460.7    958.5
     4     1    19    11    14    13     0     1    -2.0  -35.153  -58.747    917.2    908.7
     5     1    19    11    14    13     0     1    -2.0  -35.219  -59.037   2006.8    797.6
     1     1    19    11    14    12     0     0    -3.0  -35.013  -58.617      9.3   1006.7
     2     1    19    11    14    12     0     0    -3.0  -35.196  -58.668    177.9    990.5
     3     1    19    11    14    12     0     0    -3.0  -35.354  -58.705    434.5    962.1
     4     1    19    11    14    12     0     0    -3.0  -35.465  -58.819    870.8    914.9
     5     1    19    11    14    12     0     0    -3.0  -35.507  -59.266   1999.7    797.1
     1     1    19    11    14    11     0     1    -4.0  -35.128  -58.625      9.0   1006.0
     2     1    19    11    14    11     0     1    -4.0  -35.377  -58.698    171.5    990.7
     3     1    19    11    14    11     0     1    -4.0  -35.604  -58.754    413.3    963.2
     4     1    19    11    14    11     0     1    -4.0  -35.786  -58.896    839.8    916.6
     5     1    19    11    14    11     0     1    -4.0  -35.820  -59.484   2004.1    796.7
     1     1    19    11    14    10     0     2    -5.0  -35.238  -58.653      9.1   1005.5
     2     1    19    11    14    10     0     2    -5.0  -35.560  -58.755    167.8    990.4
     3     1    19    11    14    10     0     2    -5.0  -35.847  -58.832    390.3    964.8
     4     1    19    11    14    10     0     2    -5.0  -36.087  -59.010    818.4    917.9
     5     1    19    11    14    10     0     2    -5.0  -36.177  -59.690   2068.5    787.6
     1     1    19    11    14     9     0     3    -6.0  -35.342  -58.697      9.5   1005.0
     2     1    19    11    14     9     0     3    -6.0  -35.740  -58.826    165.4    990.1
     3     1    19    11    14     9     0     3    -6.0  -36.089  -58.929    369.4    966.3
     4     1    19    11    14     9     0     3    -6.0  -36.375  -59.168    823.6    913.7
     5     1    19    11    14     9     0     3    -6.0  -36.567  -59.918   2194.3    767.1
     1     1    19    11    14     8     0     2    -7.0  -35.435  -58.744      9.9   1005.0
     2     1    19    11    14     8     0     2    -7.0  -35.910  -58.891    158.8    990.2
     3     1    19    11    14     8     0     2    -7.0  -36.335  -59.039    362.4    964.7
     4     1    19    11    14     8     0     2    -7.0  -36.661  -59.355    863.5    903.6
     5     1    19    11    14     8     0     2    -7.0  -36.971  -60.202   2298.6    746.3
     1     1    19    11    14     7     0     1    -8.0  -35.516  -58.781     10.1   1004.9
     2     1    19    11    14     7     0     1    -8.0  -36.069  -58.941    147.7    991.3
     3     1    19    11    14     7     0     1    -8.0  -36.578  -59.165    378.2    959.2
     4     1    19    11    14     7     0     1    -8.0  -36.936  -59.567    951.8    890.9
     5     1    19    11    14     7     0     1    -8.0  -37.379  -60.513   2377.7    744.7
     1     1    19    11    14     6     0     0    -9.0  -35.588  -58.809     10.2   1004.9
     2     1    19    11    14     6     0     0    -9.0  -36.223  -58.988    139.2    991.0
     3     1    19    11    14     6     0     0    -9.0  -36.798  -59.308    427.8    950.6
     4     1    19    11    14     6     0     0    -9.0  -37.183  -59.831   1086.8    869.9
     5     1    19    11    14     6     0     0    -9.0  -37.807  -60.844   2468.7    734.5
     1     1    19    11    14     5     0     1   -10.0  -35.648  -58.820     10.4   1004.8
     2     1    19    11    14     5     0     1   -10.0  -36.357  -59.023    141.8    989.3
     3     1    19    11    14     5     0     1   -10.0  -36.981  -59.451    510.0    936.4
     4     1    19    11    14     5     0     1   -10.0  -37.422  -60.099   1174.9    851.2
     5     1    19    11    14     5     0     1   -10.0  -38.245  -61.211   2527.6    726.2
     1     1    19    11    14     4     0     2   -11.0  -35.690  -58.806     11.4   1004.5
     2     1    19    11    14     4     0     2   -11.0  -36.460  -59.030    159.3    985.7
     3     1    19    11    14     4     0     2   -11.0  -37.130  -59.571    567.3    922.9
     4     1    19    11    14     4     0     2   -11.0  -37.662  -60.335   1143.1    856.9
     5     1    19    11    14     4     0     2   -11.0  -38.655  -61.605   2558.5    733.6
     1     1    19    11    14     3     0     3   -12.0  -35.714  -58.767     13.2   1004.3
     2     1    19    11    14     3     0     3   -12.0  -36.534  -59.002    193.1    981.3
     3     1    19    11    14     3     0     3   -12.0  -37.254  -59.646    547.9    922.5
     4     1    19    11    14     3     0     3   -12.0  -37.884  -60.585   1052.8    870.0
     5     1    19    11    14     3     0     3   -12.0  -39.052  -62.024   2579.9    741.8
     1     1    19    11    14     2     0     2   -13.0  -35.736  -58.724     15.4   1004.0
     2     1    19    11    14     2     0     2   -13.0  -36.621  -58.958    245.4    974.9
     3     1    19    11    14     2     0     2   -13.0  -37.384  -59.679    516.6    932.3
     4     1    19    11    14     2     0     2   -13.0  -38.085  -60.838   1004.0    881.7
     5     1    19    11    14     2     0     2   -13.0  -39.426  -62.469   2595.4    743.5
     1     1    19    11    14     1     0     1   -14.0  -35.774  -58.696     16.9   1004.0
     2     1    19    11    14     1     0     1   -14.0  -36.769  -58.928    321.4    966.1
     3     1    19    11    14     1     0     1   -14.0  -37.542  -59.704    530.0    929.9
     4     1    19    11    14     1     0     1   -14.0  -38.270  -61.053    978.5    881.0
     5     1    19    11    14     1     0     1   -14.0  -39.765  -62.944   2728.5    738.7
     1     1    19    11    14     0     0     0   -15.0  -35.827  -58.685     17.4   1004.0
     2     1    19    11    14     0     0     0   -15.0  -36.982  -58.931    452.3    951.9
     3     1    19    11    14     0     0     0   -15.0  -37.728  -59.738    591.0    922.8
     4     1    19    11    14     0     0     0   -15.0  -38.440  -61.199    911.9    888.2
     5     1    19    11    14     0     0     0   -15.0  -40.084  -63.450   2895.1    707.1
     1     1    19    11    13    23     0     1   -16.0  -35.895  -58.690     17.2   1003.5
     2     1    19    11    13    23     0     1   -16.0  -37.244  -59.014    632.5    925.2
     3     1    19    11    13    23     0     1   -16.0  -37.942  -59.822    655.8    909.4
     4     1    19    11    13    23     0     1   -16.0  -38.619  -61.293    855.5    904.8
     5     1    19    11    13    23     0     1   -16.0  -40.379  -63.998   2974.9    697.8
     1     1    19    11    13    22     0     2   -17.0  -35.976  -58.709     16.5   1003.0
     2     1    19    11    13    22     0     2   -17.0  -37.514  -59.170    797.6    901.3
     3     1    19    11    13    22     0     2   -17.0  -38.165  -59.953    672.4    909.9
     4     1    19    11    13    22     0     2   -17.0  -38.802  -61.408    877.0    907.7
     5     1    19    11    13    22     0     2   -17.0  -40.642  -64.564   3078.5    701.3
     1     1    19    11    13    21     0     3   -18.0  -36.070  -58.741     15.7   1001.9
     2     1    19    11    13    21     0     3   -18.0  -37.791  -59.373    908.1    884.6
     3     1    19    11    13    21     0     3   -18.0  -38.383  -60.105    667.6    917.5
     4     1    19    11    13    21     0     3   -18.0  -38.955  -61.580    990.9    900.5
     5     1    19    11    13    21     0     3   -18.0  -40.865  -65.097   3176.6    679.2
     1     1    19    11    13    20     0     2   -19.0  -36.173  -58.798     15.2   1001.0
     2     1    19    11    13    20     0     2   -19.0  -38.069  -59.616    968.6    879.4
     3     1    19    11    13    20     0     2   -19.0  -38.600  -60.272    692.7    923.2
     4     1    19    11    13    20     0     2   -19.0  -39.058  -61.822   1135.3    881.1
     5     1    19    11    13    20     0     2   -19.0  -41.035  -65.546   2938.8    666.1
     1     1    19    11    13    19     0     1   -20.0  -36.279  -58.890     15.4    999.8
     2     1    19    11    13    19     0     1   -20.0  -38.340  -59.879   1041.3    880.5
     3     1    19    11    13    19     0     1   -20.0  -38.826  -60.454    744.9    919.8
     4     1    19    11    13    19     0     1   -20.0  -39.132  -62.094   1218.0    869.5
     5     1    19    11    13    19     0     1   -20.0  -41.164  -65.885   2312.3    730.7
     1     1    19    11    13    18     0     0   -21.0  -36.394  -59.020     16.4    998.0
     2     1    19    11    13    18     0     0   -21.0  -38.635  -60.155   1135.8    874.7
     3     1    19    11    13    18     0     0   -21.0  -39.057  -60.646    765.9    919.0
     4     1    19    11    13    18     0     0   -21.0  -39.183  -62.353   1220.8    870.5
     5     1    19    11    13    18     0     0   -21.0  -41.260  -66.156   1836.5    791.5
     1     1    19    11    13    17     0     1   -22.0  -36.509  -59.155     18.4    996.6
     2     1    19    11    13    17     0     1   -22.0  -38.935  -60.442   1173.0    872.0
     3     1    19    11    13    17     0     1   -22.0  -39.285  -60.855    756.9    922.8
     4     1    19    11    13    17     0     1   -22.0  -39.230  -62.583   1185.8    877.3
     5     1    19    11    13    17     0     1   -22.0  -41.357  -66.401   1627.6    791.7
     1     1    19    11    13    16     0     2   -23.0  -36.613  -59.276     23.0    994.8
     2     1    19    11    13    16     0     2   -23.0  -39.214  -60.725   1166.3    880.5
     3     1    19    11    13    16     0     2   -23.0  -39.515  -61.093    756.9    924.3
     4     1    19    11    13    16     0     2   -23.0  -39.286  -62.785   1149.7    883.2
     5     1    19    11    13    16     0     2   -23.0  -41.474  -66.642   1554.5    788.4
     1     1    19    11    13    15     0     3   -24.0  -36.706  -59.392     33.3    992.3
     2     1    19    11    13    15     0     3   -24.0  -39.497  -61.010   1196.9    879.9
     3     1    19    11    13    15     0     3   -24.0  -39.742  -61.346    783.0    921.9
     4     1    19    11    13    15     0     3   -24.0  -39.346  -62.974   1135.3    885.7
     5     1    19    11    13    15     0     3   -24.0  -41.593  -66.908   1573.2    775.5
     1     1    19    11    13    14     0     2   -25.0  -36.796  -59.502     50.3    988.5
     2     1    19    11    13    14     0     2   -25.0  -39.770  -61.261   1253.4    869.7
     3     1    19    11    13    14     0     2   -25.0  -39.953  -61.577    820.4    916.4
     4     1    19    11    13    14     0     2   -25.0  -39.407  -63.162   1144.9    883.0
     5     1    19    11    13    14     0     2   -25.0  -41.690  -67.206   1582.1    757.5
     1     1    19    11    13    13     0     1   -26.0  -36.889  -59.603     70.0    983.6
     2     1    19    11    13    13     0     1   -26.0  -40.020  -61.448   1286.8    865.9
     3     1    19    11    13    13     0     1   -26.0  -40.143  -61.750    852.7    913.4
     4     1    19    11    13    13     0     1   -26.0  -39.464  -63.355   1167.2    878.7
     5     1    19    11    13    13     0     1   -26.0  -41.764  -67.525   1567.0    748.3
     1     1    19    11    13    12     0     0   -27.0  -36.981  -59.693     85.9    978.8
     2     1    19    11    13    12     0     0   -27.0  -40.258  -61.580   1290.6    865.5
     3     1    19    11    13    12     0     0   -27.0  -40.321  -61.861    882.3    910.7
     4     1    19    11    13    12     0     0   -27.0  -39.514  -63.557   1188.2    874.1
     5     1    19    11    13    12     0     0   -27.0  -41.808  -67.866   1622.2    730.9
     1     1    19    11    13    11     0     1   -28.0  -37.067  -59.784    100.4    976.2
     2     1    19    11    13    11     0     1   -28.0  -40.483  -61.680   1304.5    868.1
     3     1    19    11    13    11     0     1   -28.0  -40.497  -61.932    926.8    907.4
     4     1    19    11    13    11     0     1   -28.0  -39.561  -63.756   1173.5    870.7
     5     1    19    11    13    11     0     1   -28.0  -41.810  -68.245   1719.7    706.3
     1     1    19    11    13    10     0     2   -29.0  -37.140  -59.889    120.7    972.4
     2     1    19    11    13    10     0     2   -29.0  -40.705  -61.770   1371.6    861.1
     3     1    19    11    13    10     0     2   -29.0  -40.681  -61.991   1006.8    898.4
     4     1    19    11    13    10     0     2   -29.0  -39.614  -63.928   1119.3    877.0
     5     1    19    11    13    10     0     2   -29.0  -41.820  -68.675   1798.8    695.8
     1     1    19    11    13     9     0     3   -30.0  -37.206  -60.009    147.1    967.8
     2     1    19    11    13     9     0     3   -30.0  -40.934  -61.861   1499.3    848.6
     3     1    19    11    13     9     0     3   -30.0  -40.875  -62.045   1119.2    885.8
     4     1    19    11    13     9     0     3   -30.0  -39.673  -64.070   1068.8    882.9
     5     1    19    11    13     9     0     3   -30.0  -41.862  -69.155   1876.2    691.0
     1     1    19    11    13     8     0     2   -31.0  -37.242  -60.122    167.3    964.4
     2     1    19    11    13     8     0     2   -31.0  -41.166  -61.944   1663.8    829.0
     3     1    19    11    13     8     0     2   -31.0  -41.072  -62.085   1249.3    871.1
     4     1    19    11    13     8     0     2   -31.0  -39.739  -64.172   1037.2    885.6
     5     1    19    11    13     8     0     2   -31.0  -41.916  -69.658   1862.2    700.9
     1     1    19    11    13     7     0     1   -32.0  -37.227  -60.200    169.5    964.6
     2     1    19    11    13     7     0     1   -32.0  -41.381  -62.007   1832.4    812.6
     3     1    19    11    13     7     0     1   -32.0  -41.260  -62.094   1389.4    857.0
     4     1    19    11    13     7     0     1   -32.0  -39.818  -64.221   1010.5    887.5
     5     1    19    11    13     7     0     1   -32.0  -41.988  -70.139   1790.4    732.6
     1     1    19    11    13     6     0     0   -33.0  -37.159  -60.238    154.8    966.7
     2     1    19    11    13     6     0     0   -33.0  -41.573  -62.076   1992.0    795.7
     3     1    19    11    13     6     0     0   -33.0  -41.436  -62.080   1539.2    842.0
     4     1    19    11    13     6     0     0   -33.0  -39.922  -64.214    971.1    891.0
     5     1    19    11    13     6     0     0   -33.0  -42.051  -70.687   1835.5    731.8
     1     1    19    11    13     5     0     1   -34.0  -37.054  -60.222    134.7    971.0
     2     1    19    11    13     5     0     1   -34.0  -41.740  -62.153   2111.2    782.9
     3     1    19    11    13     5     0     1   -34.0  -41.594  -62.057   1673.0    826.6
     4     1    19    11    13     5     0     1   -34.0  -40.043  -64.167    920.8    898.4
     5     1    19    11    13     5     0     1   -34.0  -42.048  -71.315   2020.0    704.7
     1     1    19    11    13     4     0     2   -35.0  -36.938  -60.150    120.6    973.5
     2     1    19    11    13     4     0     2   -35.0  -41.887  -62.231   2178.9    777.8
     3     1    19    11    13     4     0     2   -35.0  -41.728  -62.027   1765.5    817.8
     4     1    19    11    13     4     0     2   -35.0  -40.167  -64.106    883.5    905.0
     5     1    19    11    13     4     0     2   -35.0  -41.998  -71.907   2258.5    682.4
     1     1    19    11    13     3     0     3   -36.0  -36.825  -60.038    111.2    976.1
     2     1    19    11    13     3     0     3   -36.0  -42.012  -62.311   2207.9    776.0
     3     1    19    11    13     3     0     3   -36.0  -41.839  -61.975   1817.4    813.4
     4     1    19    11    13     3     0     3   -36.0  -40.285  -64.041    876.1    907.8
     5     1    19    11    13     3     0     3   -36.0  -41.906  -72.464   2539.5    692.6
     1     1    19    11    13     2     0     2   -37.0  -36.723  -59.913    100.4    979.4
     2     1    19    11    13     2     0     2   -37.0  -42.123  -62.375   2243.5    776.6
     3     1    19    11    13     2     0     2   -37.0  -41.936  -61.890   1866.9    812.1
     4     1    19    11    13     2     0     2   -37.0  -40.395  -63.971    886.8    906.2
     5     1    19    11    13     2     0     2   -37.0  -41.794  -72.940   2641.8    717.7
     1     1    19    11    13     1     0     1   -38.0  -36.634  -59.796     84.8    984.1
     2     1    19    11    13     1     0     1   -38.0  -42.236  -62.412   2317.9    769.2
     3     1    19    11    13     1     0     1   -38.0  -42.032  -61.775   1941.4    804.4
     4     1    19    11    13     1     0     1   -38.0  -40.495  -63.893    898.2    906.4
     5     1    19    11    13     1     0     1   -38.0  -41.690  -73.330   2602.9    740.1
     1     1    19    11    13     0     0     0   -39.0  -36.552  -59.684     66.1    989.3
     2     1    19    11    13     0     0     0   -39.0  -42.350  -62.428   2424.3    758.9
     3     1    19    11    13     0     0     0   -39.0  -42.131  -61.631   2028.0    795.0
     4     1    19    11    13     0     0     0   -39.0  -40.597  -63.810    912.9    906.2
     5     1    19    11    13     0     0     0   -39.0  -41.592  -73.687   2591.6    743.5
     1     1    19    11    12    23     0     1   -40.0  -36.482  -59.598     52.1    993.2
     2     1    19    11    12    23     0     1   -40.0  -42.466  -62.448   2531.1    746.1
     3     1    19    11    12    23     0     1   -40.0  -42.225  -61.477   2101.3    786.2
     4     1    19    11    12    23     0     1   -40.0  -40.704  -63.730    946.2    904.6
     5     1    19    11    12    23     0     1   -40.0  -41.489  -74.024   2603.1    741.9
     1     1    19    11    12    22     0     2   -41.0  -36.417  -59.564     45.9    994.2
     2     1    19    11    12    22     0     2   -41.0  -42.579  -62.491   2613.7    738.6
     3     1    19    11    12    22     0     2   -41.0  -42.307  -61.335   2154.9    781.5
     4     1    19    11    12    22     0     2   -41.0  -40.814  -63.658   1003.1    898.1
     5     1    19    11    12    22     0     2   -41.0  -41.383  -74.351   2589.5    740.9
     1     1    19    11    12    21     0     3   -42.0  -36.354  -59.578     46.1    994.5
     2     1    19    11    12    21     0     3   -42.0  -42.689  -62.559   2679.1    732.9
     3     1    19    11    12    21     0     3   -42.0  -42.380  -61.209   2199.3    777.4
     4     1    19    11    12    21     0     3   -42.0  -40.923  -63.599   1065.8    890.8
     5     1    19    11    12    21     0     3   -42.0  -41.284  -74.684   2561.7    746.6
     1     1    19    11    12    20     0     2   -43.0  -36.285  -59.618     48.6    995.2
     2     1    19    11    12    20     0     2   -43.0  -42.791  -62.654   2731.8    728.3
     3     1    19    11    12    20     0     2   -43.0  -42.440  -61.104   2236.5    774.0
     4     1    19    11    12    20     0     2   -43.0  -41.032  -63.535   1128.9    885.3
     5     1    19    11    12    20     0     2   -43.0  -41.186  -75.022   2546.8    747.4
     1     1    19    11    12    19     0     1   -44.0  -36.201  -59.651     46.8    996.8
     2     1    19    11    12    19     0     1   -44.0  -42.883  -62.775   2770.3    724.7
     3     1    19    11    12    19     0     1   -44.0  -42.482  -61.019   2267.2    771.4
     4     1    19    11    12    19     0     1   -44.0  -41.143  -63.450   1193.7    878.7
     5     1    19    11    12    19     0     1   -44.0  -41.080  -75.347   2532.0    748.4
     1     1    19    11    12    18     0     0   -45.0  -36.102  -59.675     39.5    999.2
     2     1    19    11    12    18     0     0   -45.0  -42.965  -62.924   2788.1    722.9
     3     1    19    11    12    18     0     0   -45.0  -42.506  -60.954   2292.6    769.1
     4     1    19    11    12    18     0     0   -45.0  -41.257  -63.350   1253.8    871.7
     5     1    19    11    12    18     0     0   -45.0  -40.968  -75.650   2511.1    750.4
     1     1    19    11    12    17     0     1   -46.0  -35.980  -59.682     29.8   1001.8
     2     1    19    11    12    17     0     1   -46.0  -43.038  -63.092   2791.3    723.8
     3     1    19    11    12    17     0     1   -46.0  -42.511  -60.911   2315.5    767.4
     4     1    19    11    12    17     0     1   -46.0  -41.363  -63.239   1301.4    866.7
     5     1    19    11    12    17     0     1   -46.0  -40.858  -75.937   2491.8    753.1
     1     1    19    11    12    16     0     2   -47.0  -35.835  -59.668     21.9   1003.3
     2     1    19    11    12    16     0     2   -47.0  -43.097  -63.268   2791.6    723.9
     3     1    19    11    12    16     0     2   -47.0  -42.496  -60.888   2341.4    765.3
     4     1    19    11    12    16     0     2   -47.0  -41.443  -63.121   1342.3    863.4
     5     1    19    11    12    16     0     2   -47.0  -40.750  -76.211   2471.6    754.0
     1     1    19    11    12    15     0     3   -48.0  -35.672  -59.637     16.5   1004.7
     2     1    19    11    12    15     0     3   -48.0  -43.144  -63.444   2784.6    724.4
     3     1    19    11    12    15     0     3   -48.0  -42.463  -60.883   2375.1    762.6
     4     1    19    11    12    15     0     3   -48.0  -41.490  -63.008   1391.4    859.5
     5     1    19    11    12    15     0     3   -48.0  -40.646  -76.470   2438.1    757.2
     1     1    19    11    12    14     0     2   -49.0  -35.500  -59.590     13.1   1006.8
     2     1    19    11    12    14     0     2   -49.0  -43.187  -63.608   2779.9    726.1
     3     1    19    11    12    14     0     2   -49.0  -42.423  -60.885   2405.5    758.4
     4     1    19    11    12    14     0     2   -49.0  -41.513  -62.884   1459.6    853.0
     5     1    19    11    12    14     0     2   -49.0  -40.555  -76.712   2398.1    761.5
     1     1    19    11    12    13     0     1   -50.0  -35.329  -59.525     11.0   1008.2
     2     1    19    11    12    13     0     1   -50.0  -43.236  -63.752   2795.2    725.0
     3     1    19    11    12    13     0     1   -50.0  -42.381  -60.888   2410.3    757.5
     4     1    19    11    12    13     0     1   -50.0  -41.532  -62.733   1543.2    843.8
     5     1    19    11    12    13     0     1   -50.0  -40.488  -76.941   2366.0    765.2
     1     1    19    11    12    12     0     0   -51.0  -35.157  -59.439      9.7   1009.0
     2     1    19    11    12    12     0     0   -51.0  -43.291  -63.876   2835.5    721.5
     3     1    19    11    12    12     0     0   -51.0  -42.339  -60.893   2381.3    760.0
     4     1    19    11    12    12     0     0   -51.0  -41.554  -62.561   1624.8    834.5
     5     1    19    11    12    12     0     0   -51.0  -40.441  -77.156   2350.1    766.7
     1     1    19    11    12    11     0     1   -52.0  -34.998  -59.338      8.9   1009.5
     2     1    19    11    12    11     0     1   -52.0  -43.351  -63.994   2884.4    715.5
     3     1    19    11    12    11     0     1   -52.0  -42.286  -60.905   2369.5    766.4
     4     1    19    11    12    11     0     1   -52.0  -41.567  -62.400   1676.0    827.7
     5     1    19    11    12    11     0     1   -52.0  -40.400  -77.371   2343.4    766.6
     1     1    19    11    12    10     0     2   -53.0  -34.870  -59.233      8.5   1010.7
     2     1    19    11    12    10     0     2   -53.0  -43.420  -64.116   2925.4    711.5
     3     1    19    11    12    10     0     2   -53.0  -42.213  -60.929   2427.4    761.4
     4     1    19    11    12    10     0     2   -53.0  -41.550  -62.266   1696.2    827.1
     5     1    19    11    12    10     0     2   -53.0  -40.361  -77.599   2347.0    767.0
     1     1    19    11    12     9     0     3   -54.0  -34.775  -59.130      8.4   1011.8
     2     1    19    11    12     9     0     3   -54.0  -43.498  -64.244   2958.8    707.9
     3     1    19    11    12     9     0     3   -54.0  -42.123  -60.955   2577.9    749.0
     4     1    19    11    12     9     0     3   -54.0  -41.496  -62.143   1718.4    826.8
     5     1    19    11    12     9     0     3   -54.0  -40.339  -77.845   2378.5    764.9
     1     1    19    11    12     8     0     2   -55.0  -34.698  -59.034      8.1   1011.8
     2     1    19    11    12     8     0     2   -55.0  -43.581  -64.379   2983.2    705.6
     3     1    19    11    12     8     0     2   -55.0  -42.038  -60.985   2669.5    725.2
     4     1    19    11    12     8     0     2   -55.0  -41.416  -62.025   1778.0    822.5
     5     1    19    11    12     8     0     2   -55.0  -40.328  -78.107   2433.0    758.6
     1     1    19    11    12     7     0     1   -56.0  -34.623  -58.944      7.4   1011.5
     2     1    19    11    12     7     0     1   -56.0  -43.664  -64.522   3008.3    704.2
     3     1    19    11    12     7     0     1   -56.0  -41.950  -61.048   2530.2    737.7
     4     1    19    11    12     7     0     1   -56.0  -41.327  -61.920   1854.8    812.6
     5     1    19    11    12     7     0     1   -56.0  -40.313  -78.379   2482.6    752.9
     1     1    19    11    12     6     0     0   -57.0  -34.543  -58.855      6.5   1011.3
     2     1    19    11    12     6     0     0   -57.0  -43.749  -64.673   3049.2    701.2
     3     1    19    11    12     6     0     0   -57.0  -41.838  -61.135   2247.2    771.9
     4     1    19    11    12     6     0     0   -57.0  -41.234  -61.825   1908.4    806.0
     5     1    19    11    12     6     0     0   -57.0  -40.288  -78.656   2515.6    750.1
     1     1    19    11    12     5     0     1   -58.0  -34.457  -58.753      6.3   1011.3
     2     1    19    11    12     5     0     1   -58.0  -43.839  -64.836   3094.2    696.3
     3     1    19    11    12     5     0     1   -58.0  -41.699  -61.189   2088.2    804.5
     4     1    19    11    12     5     0     1   -58.0  -41.149  -61.734   1975.4    804.6
     5     1    19    11    12     5     0     1   -58.0  -40.251  -78.937   2540.4    749.1
     1     1    19    11    12     4     0     2   -59.0  -34.365  -58.627      7.3   1011.3
     2     1    19    11    12     4     0     2   -59.0  -43.937  -65.020   3127.5    693.6
     3     1    19    11    12     4     0     2   -59.0  -41.573  -61.200   2133.9    795.6
     4     1    19    11    12     4     0     2   -59.0  -41.088  -61.644   2121.6    792.5
     5     1    19    11    12     4     0     2   -59.0  -40.202  -79.220   2563.8    747.3
     1     1    19    11    12     3     0     3   -60.0  -34.268  -58.474      9.7   1011.3
     2     1    19    11    12     3     0     3   -60.0  -44.049  -65.223   3150.8    688.4
     3     1    19    11    12     3     0     3   -60.0  -41.474  -61.198   2333.9    775.6
     4     1    19    11    12     3     0     3   -60.0  -41.051  -61.570   2371.4    770.0
     5     1    19    11    12     3     0     3   -60.0  -40.138  -79.505   2574.3    745.9
     1     1    19    11    12     2     0     2   -61.0  -34.165  -58.297     15.3   1009.7
     2     1    19    11    12     2     0     2   -61.0  -44.175  -65.452   3164.0    682.0
     3     1    19    11    12     2     0     2   -61.0  -41.416  -61.227   2536.0    744.2
     4     1    19    11    12     2     0     2   -61.0  -41.040  -61.544   2610.6    738.1
     5     1    19    11    12     2     0     2   -61.0  -40.058  -79.789   2572.3    747.0
     1     1    19    11    12     1     0     1   -62.0  -34.047  -58.085     30.0   1005.4
     2     1    19    11    12     1     0     1   -62.0  -44.305  -65.718   3154.0    679.8
     3     1    19    11    12     1     0     1   -62.0  -41.386  -61.282   2633.9    736.1
     4     1    19    11    12     1     0     1   -62.0  -41.058  -61.562   2760.0    725.9
     5     1    19    11    12     1     0     1   -62.0  -39.972  -80.076   2581.8    747.3
     1     1    19    11    12     0     0     0   -63.0  -33.905  -57.826     56.0   1000.6
     2     1    19    11    12     0     0     0   -63.0  -44.429  -66.021   3125.1    680.5
     3     1    19    11    12     0     0     0   -63.0  -41.372  -61.357   2654.0    735.9
     4     1    19    11    12     0     0     0   -63.0  -41.109  -61.610   2868.4    718.4
     5     1    19    11    12     0     0     0   -63.0  -39.881  -80.367   2595.8    744.2
     1     1    19    11    11    23     0     1   -64.0  -33.765  -57.542     80.9    996.2
     2     1    19    11    11    23     0     1   -64.0  -44.538  -66.356   3108.0    680.5
     3     1    19    11    11    23     0     1   -64.0  -41.350  -61.460   2644.0    739.5
     4     1    19    11    11    23     0     1   -64.0  -41.165  -61.710   2969.5    709.9
     5     1    19    11    11    23     0     1   -64.0  -39.780  -80.652   2591.3    744.1
     1     1    19    11    11    22     0     2   -65.0  -33.649  -57.255    103.2    993.0
     2     1    19    11    11    22     0     2   -65.0  -44.630  -66.707   3094.8    671.9
     3     1    19    11    11    22     0     2   -65.0  -41.305  -61.607   2633.9    739.7
     4     1    19    11    11    22     0     2   -65.0  -41.201  -61.869   3071.1    700.1
     5     1    19    11    11    22     0     2   -65.0  -39.669  -80.931   2573.5    746.6
     1     1    19    11    11    21     0     3   -66.0  -33.563  -56.974    132.1    989.4
     2     1    19    11    11    21     0     3   -66.0  -44.703  -67.061   3058.8    667.4
     3     1    19    11    11    21     0     3   -66.0  -41.230  -61.791   2606.5    741.0
     4     1    19    11    11    21     0     3   -66.0  -41.218  -62.078   3120.1    692.5
     5     1    19    11    11    21     0     3   -66.0  -39.547  -81.207   2564.8    748.6
     1     1    19    11    11    20     0     2   -67.0  -33.491  -56.704    162.0    986.2
     2     1    19    11    11    20     0     2   -67.0  -44.743  -67.425   3062.9    668.6
     3     1    19    11    11    20     0     2   -67.0  -41.135  -62.008   2646.2    746.3
     4     1    19    11    11    20     0     2   -67.0  -41.209  -62.334   3097.4    697.9
     5     1    19    11    11    20     0     2   -67.0  -39.413  -81.477   2561.0    747.5
     1     1    19    11    11    19     0     1   -68.0  -33.412  -56.455    172.1    985.8
     2     1    19    11    11    19     0     1   -68.0  -44.748  -67.814   3115.1    658.2
     3     1    19    11    11    19     0     1   -68.0  -41.062  -62.274   2754.9    730.2
     4     1    19    11    11    19     0     1   -68.0  -41.172  -62.639   3052.9    702.8
     5     1    19    11    11    19     0     1   -68.0  -39.273  -81.729   2548.7    748.9
     1     1    19    11    11    18     0     0   -69.0  -33.326  -56.237    158.9    988.9
     2     1    19    11    11    18     0     0   -69.0  -44.726  -68.197   3114.0    651.7
     3     1    19    11    11    18     0     0   -69.0  -40.990  -62.592   2825.8    721.1
     4     1    19    11    11    18     0     0   -69.0  -41.092  -62.982   2988.8    708.2
     5     1    19    11    11    18     0     0   -69.0  -39.133  -81.953   2531.6    750.9
     1     1    19    11    11    17     0     1   -70.0  -33.235  -56.031    141.7    994.0
     2     1    19    11    11    17     0     1   -70.0  -44.691  -68.538   3064.7    660.4
     3     1    19    11    11    17     0     1   -70.0  -40.892  -62.929   2843.1    721.1
     4     1    19    11    11    17     0     1   -70.0  -40.970  -63.318   2932.7    716.8
     5     1    19    11    11    17     0     1   -70.0  -38.997  -82.166   2509.6    752.9
     1     1    19    11    11    16     0     2   -71.0  -33.149  -55.806    127.4    992.6
     2     1    19    11    11    16     0     2   -71.0  -44.645  -68.847   3019.5    663.9
     3     1    19    11    11    16     0     2   -71.0  -40.760  -63.251   2873.8    721.9
     4     1    19    11    11    16     0     2   -71.0  -40.818  -63.626   2941.6    715.3
     5     1    19    11    11    16     0     2   -71.0  -38.869  -82.385   2477.9    755.8
     1     1    19    11    11    15     0     3   -72.0  -33.074  -55.553    111.5    990.5
     2     1    19    11    11    15     0     3   -72.0  -44.589  -69.137   2971.8    663.4
     3     1    19    11    11    15     0     3   -72.0  -40.586  -63.535   2908.7    712.9
     4     1    19    11    11    15     0     3   -72.0  -40.629  -63.895   2950.7    707.7
     5     1    19    11    11    15     0     3   -72.0  -38.752  -82.605   2432.9    760.1
