     5     1
    GDAS    19     4     1     0     0
    GDAS    19     4     8     0     0
    GDAS    19     4    15     0     0
    GDAS    19     4    22     0     0
    GDAS    19     4    29     0     0
     5 BACKWARD OMEGA   
    19     4    27    15  -34.572  -58.513    10.0
    19     4    27    15  -34.572  -58.513   200.0
    19     4    27    15  -34.572  -58.513   500.0
    19     4    27    15  -34.572  -58.513  1000.0
    19     4    27    15  -34.572  -58.513  2000.0
     1 PRESSURE
     1     1    19     4    27    15     0     3     0.0  -34.572  -58.513     10.0   1008.5
     2     1    19     4    27    15     0     3     0.0  -34.572  -58.513    200.0    985.5
     3     1    19     4    27    15     0     3     0.0  -34.572  -58.513    500.0    951.3
     4     1    19     4    27    15     0     3     0.0  -34.572  -58.513   1000.0    896.5
     5     1    19     4    27    15     0     3     0.0  -34.572  -58.513   2000.0    795.3
     1     1    19     4    27    14     0     2    -1.0  -34.711  -58.545      9.1   1009.0
     2     1    19     4    27    14     0     2    -1.0  -34.793  -58.540    192.1    987.1
     3     1    19     4    27    14     0     2    -1.0  -34.835  -58.491    496.9    952.5
     4     1    19     4    27    14     0     2    -1.0  -34.854  -58.467   1032.8    894.2
     5     1    19     4    27    14     0     2    -1.0  -34.817  -58.649   2049.8    790.8
     1     1    19     4    27    13     0     1    -2.0  -34.858  -58.567      8.6   1009.5
     2     1    19     4    27    13     0     1    -2.0  -35.030  -58.533    186.9    987.7
     3     1    19     4    27    13     0     1    -2.0  -35.120  -58.412    499.3    951.9
     4     1    19     4    27    13     0     1    -2.0  -35.149  -58.394   1075.8    888.9
     5     1    19     4    27    13     0     1    -2.0  -35.065  -58.793   2095.9    786.2
     1     1    19     4    27    12     0     0    -3.0  -35.016  -58.576      8.4   1009.9
     2     1    19     4    27    12     0     0    -3.0  -35.283  -58.483    183.5    988.1
     3     1    19     4    27    12     0     0    -3.0  -35.419  -58.263    507.2    951.3
     4     1    19     4    27    12     0     0    -3.0  -35.445  -58.295   1118.8    884.3
     5     1    19     4    27    12     0     0    -3.0  -35.306  -58.939   2141.1    782.4
     1     1    19     4    27    11     0     1    -4.0  -35.174  -58.583      8.4   1008.8
     2     1    19     4    27    11     0     1    -4.0  -35.537  -58.406    181.8    988.0
     3     1    19     4    27    11     0     1    -4.0  -35.706  -58.071    514.5    949.0
     4     1    19     4    27    11     0     1    -4.0  -35.718  -58.202   1154.5    879.9
     5     1    19     4    27    11     0     1    -4.0  -35.520  -59.074   2196.8    777.6
     1     1    19     4    27    10     0     2    -5.0  -35.321  -58.603      8.2   1007.9
     2     1    19     4    27    10     0     2    -5.0  -35.779  -58.315    175.7    987.8
     3     1    19     4    27    10     0     2    -5.0  -35.952  -57.861    488.7    949.4
     4     1    19     4    27    10     0     2    -5.0  -35.952  -58.135   1170.3    877.2
     5     1    19     4    27    10     0     2    -5.0  -35.699  -59.194   2272.2    770.6
     1     1    19     4    27     9     0     3    -6.0  -35.458  -58.633      7.7   1007.4
     2     1    19     4    27     9     0     3    -6.0  -36.011  -58.197    154.4    989.4
     3     1    19     4    27     9     0     3    -6.0  -36.152  -57.615    419.8    958.9
     4     1    19     4    27     9     0     3    -6.0  -36.135  -58.073   1152.9    878.4
     5     1    19     4    27     9     0     3    -6.0  -35.852  -59.306   2369.2    760.9
     1     1    19     4    27     8     0     2    -7.0  -35.587  -58.653      7.0   1008.4
     2     1    19     4    27     8     0     2    -7.0  -36.221  -58.046    125.8    994.9
     3     1    19     4    27     8     0     2    -7.0  -36.293  -57.329    332.3    971.5
     4     1    19     4    27     8     0     2    -7.0  -36.250  -57.980   1108.3    884.8
     5     1    19     4    27     8     0     2    -7.0  -35.986  -59.417   2476.1    750.0
     1     1    19     4    27     7     0     1    -8.0  -35.713  -58.644      6.1   1009.1
     2     1    19     4    27     7     0     1    -8.0  -36.399  -57.849     99.9    998.5
     3     1    19     4    27     7     0     1    -8.0  -36.359  -57.008    236.8    983.2
     4     1    19     4    27     7     0     1    -8.0  -36.290  -57.841   1040.8    891.6
     5     1    19     4    27     7     0     1    -8.0  -36.107  -59.529   2579.3    739.4
     1     1    19     4    27     6     0     0    -9.0  -35.836  -58.607      5.0   1009.5
     2     1    19     4    27     6     0     0    -9.0  -36.528  -57.606     74.8   1002.4
     3     1    19     4    27     6     0     0    -9.0  -36.336  -56.644    154.7    996.6
     4     1    19     4    27     6     0     0    -9.0  -36.258  -57.660    916.2    903.4
     5     1    19     4    27     6     0     0    -9.0  -36.214  -59.644   2678.7    729.4
     1     1    19     4    27     5     0     1   -10.0  -35.954  -58.547      3.6   1009.9
     2     1    19     4    27     5     0     1   -10.0  -36.602  -57.342     52.6   1007.0
     3     1    19     4    27     5     0     1   -10.0  -36.236  -56.200    109.1   1002.5
     4     1    19     4    27     5     0     1   -10.0  -36.163  -57.405    721.9    926.9
     5     1    19     4    27     5     0     1   -10.0  -36.310  -59.759   2775.5    719.6
     1     1    19     4    27     4     0     2   -11.0  -36.065  -58.468      1.7   1010.2
     2     1    19     4    27     4     0     2   -11.0  -36.620  -57.066     34.7   1010.2
     3     1    19     4    27     4     0     2   -11.0  -36.094  -55.694     90.9   1004.0
     4     1    19     4    27     4     0     2   -11.0  -36.009  -57.032    500.9    956.4
     5     1    19     4    27     4     0     2   -11.0  -36.400  -59.868   2869.3    710.0
     1     1    19     4    27     3     0     3   -12.0  -36.166  -58.370      0.0   1010.9
     2     1    19     4    27     3     0     3   -12.0  -36.587  -56.758     22.2   1013.4
     3     1    19     4    27     3     0     3   -12.0  -35.940  -55.188     84.2   1006.2
     4     1    19     4    27     3     0     3   -12.0  -35.817  -56.550    360.8    982.3
     5     1    19     4    27     3     0     3   -12.0  -36.485  -59.964   2958.0    701.0
     1     1    19     4    27     2     0     2   -13.0  -36.254  -58.255      0.0   1011.7
     2     1    19     4    27     2     0     2   -13.0  -36.511  -56.392     15.5   1014.8
     3     1    19     4    27     2     0     2   -13.0  -35.781  -54.705     81.1   1006.5
     4     1    19     4    27     2     0     2   -13.0  -35.632  -56.020    332.8    979.7
     5     1    19     4    27     2     0     2   -13.0  -36.554  -60.064   3016.1    693.2
     1     1    19     4    27     1     0     1   -14.0  -36.327  -58.129      0.0   1012.4
     2     1    19     4    27     1     0     1   -14.0  -36.400  -55.962     12.3   1016.0
     3     1    19     4    27     1     0     1   -14.0  -35.609  -54.231     76.3   1007.5
     4     1    19     4    27     1     0     1   -14.0  -35.444  -55.475    340.5    975.4
     5     1    19     4    27     1     0     1   -14.0  -36.605  -60.182   3023.5    692.5
     1     1    19     4    27     0     0     0   -15.0  -36.381  -57.995      0.0   1013.0
     2     1    19     4    27     0     0     0   -15.0  -36.277  -55.517     10.6   1017.0
     3     1    19     4    27     0     0     0   -15.0  -35.428  -53.743     70.6   1009.3
     4     1    19     4    27     0     0     0   -15.0  -35.237  -54.907    342.9    975.2
     5     1    19     4    27     0     0     0   -15.0  -36.650  -60.308   2992.8    695.6
     1     1    19     4    26    23     0     1   -16.0  -36.408  -57.833      0.0   1013.7
     2     1    19     4    26    23     0     1   -16.0  -36.156  -55.087      9.2   1017.1
     3     1    19     4    26    23     0     1   -16.0  -35.248  -53.257     65.1   1010.4
     4     1    19     4    26    23     0     1   -16.0  -35.012  -54.306    351.8    976.7
     5     1    19     4    26    23     0     1   -16.0  -36.680  -60.432   2948.8    700.8
     1     1    19     4    26    22     0     2   -17.0  -36.396  -57.613      0.0   1014.5
     2     1    19     4    26    22     0     2   -17.0  -36.036  -54.662      8.0   1017.6
     3     1    19     4    26    22     0     2   -17.0  -35.074  -52.791     60.4   1011.6
     4     1    19     4    26    22     0     2   -17.0  -34.788  -53.700    365.7    972.4
     5     1    19     4    26    22     0     2   -17.0  -36.682  -60.550   2908.2    704.7
     1     1    19     4    26    21     0     3   -18.0  -36.340  -57.332      0.0   1015.6
     2     1    19     4    26    21     0     3   -18.0  -35.919  -54.245      7.0   1019.2
     3     1    19     4    26    21     0     3   -18.0  -34.900  -52.337     56.6   1013.1
     4     1    19     4    26    21     0     3   -18.0  -34.579  -53.107    360.6    974.1
     5     1    19     4    26    21     0     3   -18.0  -36.657  -60.666   2874.6    708.2
     1     1    19     4    26    20     0     2   -19.0  -36.234  -56.977      0.0   1016.7
     2     1    19     4    26    20     0     2   -19.0  -35.800  -53.829      6.1   1019.8
     3     1    19     4    26    20     0     2   -19.0  -34.734  -51.879     52.8   1014.4
     4     1    19     4    26    20     0     2   -19.0  -34.386  -52.525    350.1    978.7
     5     1    19     4    26    20     0     2   -19.0  -36.612  -60.779   2841.7    711.1
     1     1    19     4    26    19     0     1   -20.0  -36.085  -56.553      0.0   1017.7
     2     1    19     4    26    19     0     1   -20.0  -35.667  -53.400      5.3   1019.8
     3     1    19     4    26    19     0     1   -20.0  -34.586  -51.421     49.2   1015.3
     4     1    19     4    26    19     0     1   -20.0  -34.206  -51.957    359.8    979.6
     5     1    19     4    26    19     0     1   -20.0  -36.546  -60.888   2791.1    715.6
     1     1    19     4    26    18     0     0   -21.0  -35.911  -56.079      0.0   1019.5
     2     1    19     4    26    18     0     0   -21.0  -35.530  -52.964      4.5   1020.3
     3     1    19     4    26    18     0     0   -21.0  -34.454  -50.970     45.4   1015.9
     4     1    19     4    26    18     0     0   -21.0  -34.041  -51.403    376.1    975.9
     5     1    19     4    26    18     0     0   -21.0  -36.455  -60.991   2702.6    723.4
     1     1    19     4    26    17     0     1   -22.0  -35.738  -55.596      0.0   1019.6
     2     1    19     4    26    17     0     1   -22.0  -35.406  -52.532      3.7   1021.8
     3     1    19     4    26    17     0     1   -22.0  -34.343  -50.524     43.6   1017.6
     4     1    19     4    26    17     0     1   -22.0  -33.901  -50.853    381.4    977.0
     5     1    19     4    26    17     0     1   -22.0  -36.342  -61.065   2570.5    736.9
     1     1    19     4    26    16     0     2   -23.0  -35.587  -55.142      0.3   1020.5
     2     1    19     4    26    16     0     2   -23.0  -35.305  -52.095      3.3   1022.7
     3     1    19     4    26    16     0     2   -23.0  -34.260  -50.083     46.6   1018.2
     4     1    19     4    26    16     0     2   -23.0  -33.794  -50.305    401.3    977.2
     5     1    19     4    26    16     0     2   -23.0  -36.210  -61.086   2398.7    753.6
     1     1    19     4    26    15     0     3   -24.0  -35.452  -54.722      1.1   1021.2
     2     1    19     4    26    15     0     3   -24.0  -35.232  -51.645      3.2   1023.4
     3     1    19     4    26    15     0     3   -24.0  -34.202  -49.651     53.6   1018.2
     4     1    19     4    26    15     0     3   -24.0  -33.713  -49.770    443.2    972.1
     5     1    19     4    26    15     0     3   -24.0  -36.059  -61.055   2181.6    775.2
     1     1    19     4    26    14     0     2   -25.0  -35.330  -54.308      1.9   1021.4
     2     1    19     4    26    14     0     2   -25.0  -35.178  -51.197      3.2   1023.4
     3     1    19     4    26    14     0     2   -25.0  -34.162  -49.227     60.5   1017.1
     4     1    19     4    26    14     0     2   -25.0  -33.650  -49.256    480.6    966.2
     5     1    19     4    26    14     0     2   -25.0  -35.903  -60.957   1982.7    801.1
     1     1    19     4    26    13     0     1   -26.0  -35.218  -53.873      2.1   1022.5
     2     1    19     4    26    13     0     1   -26.0  -35.139  -50.761      3.2   1023.5
     3     1    19     4    26    13     0     1   -26.0  -34.137  -48.813     65.6   1016.7
     4     1    19     4    26    13     0     1   -26.0  -33.606  -48.767    506.2    964.9
     5     1    19     4    26    13     0     1   -26.0  -35.752  -60.793   1865.6    813.7
     1     1    19     4    26    12     0     0   -27.0  -35.126  -53.434      2.1   1023.3
     2     1    19     4    26    12     0     0   -27.0  -35.117  -50.339      3.3   1023.7
     3     1    19     4    26    12     0     0   -27.0  -34.131  -48.416     70.8   1016.4
     4     1    19     4    26    12     0     0   -27.0  -33.590  -48.305    530.0    962.7
     5     1    19     4    26    12     0     0   -27.0  -35.595  -60.576   1814.2    817.9
     1     1    19     4    26    11     0     1   -28.0  -35.059  -53.019      2.2   1023.2
     2     1    19     4    26    11     0     1   -28.0  -35.113  -49.938      3.3   1023.8
     3     1    19     4    26    11     0     1   -28.0  -34.144  -48.041     75.6   1015.7
     4     1    19     4    26    11     0     1   -28.0  -33.599  -47.871    549.4    960.2
     5     1    19     4    26    11     0     1   -28.0  -35.431  -60.333   1786.1    818.5
     1     1    19     4    26    10     0     2   -29.0  -35.004  -52.615      2.2   1023.1
     2     1    19     4    26    10     0     2   -29.0  -35.125  -49.567      3.4   1023.7
     3     1    19     4    26    10     0     2   -29.0  -34.174  -47.694     78.5   1015.3
     4     1    19     4    26    10     0     2   -29.0  -33.629  -47.470    567.0    958.7
     5     1    19     4    26    10     0     2   -29.0  -35.271  -60.077   1750.9    821.7
     1     1    19     4    26     9     0     3   -30.0  -34.955  -52.197      2.2   1023.0
     2     1    19     4    26     9     0     3   -30.0  -35.152  -49.225      3.5   1023.7
     3     1    19     4    26     9     0     3   -30.0  -34.221  -47.376     79.5   1015.1
     4     1    19     4    26     9     0     3   -30.0  -33.676  -47.105    591.0    956.3
     5     1    19     4    26     9     0     3   -30.0  -35.124  -59.814   1701.7    827.0
     1     1    19     4    26     8     0     2   -31.0  -34.911  -51.780      2.1   1023.1
     2     1    19     4    26     8     0     2   -31.0  -35.192  -48.910      3.5   1024.9
     3     1    19     4    26     8     0     2   -31.0  -34.279  -47.085     79.5   1016.1
     4     1    19     4    26     8     0     2   -31.0  -33.735  -46.776    621.9    953.1
     5     1    19     4    26     8     0     2   -31.0  -34.982  -59.534   1663.4    834.7
     1     1    19     4    26     7     0     1   -32.0  -34.874  -51.382      2.0   1024.1
     2     1    19     4    26     7     0     1   -32.0  -35.242  -48.619      3.5   1026.1
     3     1    19     4    26     7     0     1   -32.0  -34.345  -46.816     79.5   1016.7
     4     1    19     4    26     7     0     1   -32.0  -33.802  -46.474    657.0    949.4
     5     1    19     4    26     7     0     1   -32.0  -34.828  -59.231   1656.5    836.3
     1     1    19     4    26     6     0     0   -33.0  -34.848  -51.000      1.9   1025.9
     2     1    19     4    26     6     0     0   -33.0  -35.300  -48.352      3.5   1026.5
     3     1    19     4    26     6     0     0   -33.0  -34.418  -46.570     79.5   1017.3
     4     1    19     4    26     6     0     0   -33.0  -33.875  -46.201    696.1    945.1
     5     1    19     4    26     6     0     0   -33.0  -34.664  -58.903   1660.1    835.3
     1     1    19     4    26     5     0     1   -34.0  -34.835  -50.627      1.9   1025.7
     2     1    19     4    26     5     0     1   -34.0  -35.369  -48.093      3.5   1026.3
     3     1    19     4    26     5     0     1   -34.0  -34.503  -46.331     79.5   1017.1
     4     1    19     4    26     5     0     1   -34.0  -33.963  -45.940    733.4    940.0
     5     1    19     4    26     5     0     1   -34.0  -34.495  -58.557   1646.1    835.1
     1     1    19     4    26     4     0     2   -35.0  -34.833  -50.254      1.9   1025.8
     2     1    19     4    26     4     0     2   -35.0  -35.456  -47.828      3.5   1026.2
     3     1    19     4    26     4     0     2   -35.0  -34.605  -46.088     79.5   1017.0
     4     1    19     4    26     4     0     2   -35.0  -34.072  -45.675    761.6    936.6
     5     1    19     4    26     4     0     2   -35.0  -34.340  -58.198   1620.0    838.3
     1     1    19     4    26     3     0     3   -36.0  -34.840  -49.881      1.9   1025.9
     2     1    19     4    26     3     0     3   -36.0  -35.562  -47.558      3.5   1026.0
     3     1    19     4    26     3     0     3   -36.0  -34.725  -45.841     79.5   1016.9
     4     1    19     4    26     3     0     3   -36.0  -34.204  -45.405    784.2    934.4
     5     1    19     4    26     3     0     3   -36.0  -34.221  -57.825   1617.5    839.7
     1     1    19     4    26     2     0     2   -37.0  -34.864  -49.514      1.9   1025.9
     2     1    19     4    26     2     0     2   -37.0  -35.682  -47.300      3.5   1026.0
     3     1    19     4    26     2     0     2   -37.0  -34.860  -45.600     80.1   1016.9
     4     1    19     4    26     2     0     2   -37.0  -34.350  -45.148    809.1    932.2
     5     1    19     4    26     2     0     2   -37.0  -34.112  -57.463   1615.4    833.4
     1     1    19     4    26     1     0     1   -38.0  -34.910  -49.166      1.9   1025.9
     2     1    19     4    26     1     0     1   -38.0  -35.810  -47.067      3.5   1025.9
     3     1    19     4    26     1     0     1   -38.0  -35.008  -45.377     82.6   1016.7
     4     1    19     4    26     1     0     1   -38.0  -34.503  -44.915    837.4    928.9
     5     1    19     4    26     1     0     1   -38.0  -33.994  -57.111   1597.7    833.6
     1     1    19     4    26     0     0     0   -39.0  -34.969  -48.836      1.9   1025.9
     2     1    19     4    26     0     0     0   -39.0  -35.951  -46.864      3.5   1025.9
     3     1    19     4    26     0     0     0   -39.0  -35.168  -45.176     88.3   1016.0
     4     1    19     4    26     0     0     0   -39.0  -34.662  -44.705    866.6    925.9
     5     1    19     4    26     0     0     0   -39.0  -33.872  -56.761   1583.2    836.1
     1     1    19     4    25    23     0     1   -40.0  -35.049  -48.521      1.9   1025.6
     2     1    19     4    25    23     0     1   -40.0  -36.110  -46.681      3.5   1025.7
     3     1    19     4    25    23     0     1   -40.0  -35.346  -44.997     94.4   1014.7
     4     1    19     4    25    23     0     1   -40.0  -34.837  -44.519    898.6    922.4
     5     1    19     4    25    23     0     1   -40.0  -33.742  -56.418   1565.8    837.9
     1     1    19     4    25    22     0     2   -41.0  -35.164  -48.218      1.9   1025.4
     2     1    19     4    25    22     0     2   -41.0  -36.293  -46.509      3.5   1025.4
     3     1    19     4    25    22     0     2   -41.0  -35.546  -44.839     97.8   1014.0
     4     1    19     4    25    22     0     2   -41.0  -35.038  -44.360    933.3    917.9
     5     1    19     4    25    22     0     2   -41.0  -33.597  -56.079   1542.7    840.8
     1     1    19     4    25    21     0     3   -42.0  -35.313  -47.930      1.9   1025.1
     2     1    19     4    25    21     0     3   -42.0  -36.501  -46.352      3.5   1025.1
     3     1    19     4    25    21     0     3   -42.0  -35.768  -44.703     98.6   1013.7
     4     1    19     4    25    21     0     3   -42.0  -35.262  -44.230    965.2    913.8
     5     1    19     4    25    21     0     3   -42.0  -33.445  -55.741   1532.7    840.2
     1     1    19     4    25    20     0     2   -43.0  -35.484  -47.670      1.9   1025.1
     2     1    19     4    25    20     0     2   -43.0  -36.727  -46.221      3.5   1025.1
     3     1    19     4    25    20     0     2   -43.0  -36.005  -44.595     98.6   1013.8
     4     1    19     4    25    20     0     2   -43.0  -35.501  -44.131    992.4    910.8
     5     1    19     4    25    20     0     2   -43.0  -33.290  -55.421   1541.1    835.0
     1     1    19     4    25    19     0     1   -44.0  -35.668  -47.454      1.9   1025.1
     2     1    19     4    25    19     0     1   -44.0  -36.964  -46.127      3.5   1025.1
     3     1    19     4    25    19     0     1   -44.0  -36.255  -44.521     98.6   1013.8
     4     1    19     4    25    19     0     1   -44.0  -35.749  -44.062   1018.9    908.2
     5     1    19     4    25    19     0     1   -44.0  -33.129  -55.141   1560.2    830.1
     1     1    19     4    25    18     0     0   -45.0  -35.864  -47.275      1.9   1025.1
     2     1    19     4    25    18     0     0   -45.0  -37.211  -46.064      3.5   1025.1
     3     1    19     4    25    18     0     0   -45.0  -36.518  -44.479     98.6   1013.8
     4     1    19     4    25    18     0     0   -45.0  -36.010  -44.024   1050.7    905.0
     5     1    19     4    25    18     0     0   -45.0  -32.966  -54.900   1587.8    827.3
     1     1    19     4    25    17     0     1   -46.0  -36.076  -47.125      1.9   1025.1
     2     1    19     4    25    17     0     1   -46.0  -37.469  -46.019      3.5   1025.1
     3     1    19     4    25    17     0     1   -46.0  -36.798  -44.457     99.7   1013.7
     4     1    19     4    25    17     0     1   -46.0  -36.287  -44.011   1083.7    900.5
     5     1    19     4    25    17     0     1   -46.0  -32.794  -54.674   1592.4    829.0
     1     1    19     4    25    16     0     2   -47.0  -36.307  -46.999      1.9   1025.0
     2     1    19     4    25    16     0     2   -47.0  -37.743  -45.977      3.5   1025.0
     3     1    19     4    25    16     0     2   -47.0  -37.096  -44.448    103.7   1013.2
     4     1    19     4    25    16     0     2   -47.0  -36.582  -44.021   1120.9    897.4
     5     1    19     4    25    16     0     2   -47.0  -32.618  -54.424   1565.4    838.0
     1     1    19     4    25    15     0     3   -48.0  -36.557  -46.891      1.8   1024.9
     2     1    19     4    25    15     0     3   -48.0  -38.037  -45.943      3.5   1024.9
     3     1    19     4    25    15     0     3   -48.0  -37.411  -44.451    110.8   1012.3
     4     1    19     4    25    15     0     3   -48.0  -36.895  -44.055   1182.9    891.7
     5     1    19     4    25    15     0     3   -48.0  -32.459  -54.174   1561.8    844.1
     1     1    19     4    25    14     0     2   -49.0  -36.821  -46.801      1.8   1025.1
     2     1    19     4    25    14     0     2   -49.0  -38.334  -45.924      3.6   1025.1
     3     1    19     4    25    14     0     2   -49.0  -37.736  -44.478    119.1   1011.3
     4     1    19     4    25    14     0     2   -49.0  -37.202  -44.125   1260.5    880.9
     5     1    19     4    25    14     0     2   -49.0  -32.335  -53.959   1661.7    839.3
     1     1    19     4    25    13     0     1   -50.0  -37.097  -46.737      1.8   1025.2
     2     1    19     4    25    13     0     1   -50.0  -38.621  -45.929      3.7   1025.2
     3     1    19     4    25    13     0     1   -50.0  -38.061  -44.536    128.8   1010.4
     4     1    19     4    25    13     0     1   -50.0  -37.491  -44.230   1342.3    872.6
     5     1    19     4    25    13     0     1   -50.0  -32.245  -53.801   1939.6    812.6
     1     1    19     4    25    12     0     0   -51.0  -37.384  -46.698      1.8   1025.3
     2     1    19     4    25    12     0     0   -51.0  -38.905  -45.956      3.7   1025.3
     3     1    19     4    25    12     0     0   -51.0  -38.382  -44.616    139.3   1009.0
     4     1    19     4    25    12     0     0   -51.0  -37.771  -44.357   1449.0    862.6
     5     1    19     4    25    12     0     0   -51.0  -32.177  -53.703   2414.2    766.5
     1     1    19     4    25    11     0     1   -52.0  -37.672  -46.687      1.8   1025.2
     2     1    19     4    25    11     0     1   -52.0  -39.193  -45.994      3.7   1025.3
     3     1    19     4    25    11     0     1   -52.0  -38.708  -44.704    146.8   1007.0
     4     1    19     4    25    11     0     1   -52.0  -38.059  -44.496   1576.5    846.7
     5     1    19     4    25    11     0     1   -52.0  -32.067  -53.695   2833.2    706.5
     1     1    19     4    25    10     0     2   -53.0  -37.957  -46.694      1.8   1025.3
     2     1    19     4    25    10     0     2   -53.0  -39.494  -46.034      3.7   1025.4
     3     1    19     4    25    10     0     2   -53.0  -39.051  -44.789    149.5   1006.0
     4     1    19     4    25    10     0     2   -53.0  -38.367  -44.643   1674.4    832.8
     5     1    19     4    25    10     0     2   -53.0  -31.902  -53.775   3035.8    687.1
     1     1    19     4    25     9     0     3   -54.0  -38.241  -46.708      1.8   1025.4
     2     1    19     4    25     9     0     3   -54.0  -39.812  -46.083      3.7   1025.4
     3     1    19     4    25     9     0     3   -54.0  -39.423  -44.875    150.1   1005.4
     4     1    19     4    25     9     0     3   -54.0  -38.698  -44.803   1718.5    828.2
     5     1    19     4    25     9     0     3   -54.0  -31.710  -53.897   3066.2    688.0
     1     1    19     4    25     8     0     2   -55.0  -38.528  -46.740      1.7   1024.3
     2     1    19     4    25     8     0     2   -55.0  -40.150  -46.158      3.7   1024.0
     3     1    19     4    25     8     0     2   -55.0  -39.821  -44.989    150.6   1004.9
     4     1    19     4    25     8     0     2   -55.0  -39.052  -44.984   1719.3    828.2
     5     1    19     4    25     8     0     2   -55.0  -31.514  -54.028   3042.6    693.3
     1     1    19     4    25     7     0     1   -56.0  -38.826  -46.800      1.3   1023.3
     2     1    19     4    25     7     0     1   -56.0  -40.502  -46.272      3.7   1022.8
     3     1    19     4    25     7     0     1   -56.0  -40.238  -45.148    151.2   1004.6
     4     1    19     4    25     7     0     1   -56.0  -39.431  -45.190   1717.1    831.4
     5     1    19     4    25     7     0     1   -56.0  -31.317  -54.156   3039.0    692.5
     1     1    19     4    25     6     0     0   -57.0  -39.143  -46.884      0.6   1022.2
     2     1    19     4    25     6     0     0   -57.0  -40.864  -46.426      3.7   1022.2
     3     1    19     4    25     6     0     0   -57.0  -40.669  -45.347    151.7   1004.1
     4     1    19     4    25     6     0     0   -57.0  -39.845  -45.423   1760.0    828.1
     5     1    19     4    25     6     0     0   -57.0  -31.125  -54.266   3073.6    689.3
     1     1    19     4    25     5     0     1   -58.0  -39.476  -46.997      0.0   1022.4
     2     1    19     4    25     5     0     1   -58.0  -41.224  -46.606      3.7   1021.8
     3     1    19     4    25     5     0     1   -58.0  -41.105  -45.571    151.9   1003.4
     4     1    19     4    25     5     0     1   -58.0  -40.270  -45.699   1842.6    817.1
     5     1    19     4    25     5     0     1   -58.0  -30.936  -54.367   3125.3    683.2
     1     1    19     4    25     4     0     2   -59.0  -39.817  -47.130      0.0   1022.5
     2     1    19     4    25     4     0     2   -59.0  -41.580  -46.790      3.7   1021.9
     3     1    19     4    25     4     0     2   -59.0  -41.539  -45.804    151.9   1002.8
     4     1    19     4    25     4     0     2   -59.0  -40.685  -46.009   1927.2    806.8
     5     1    19     4    25     4     0     2   -59.0  -30.755  -54.471   3145.7    684.1
     1     1    19     4    25     3     0     3   -60.0  -40.158  -47.271      0.3   1022.7
     2     1    19     4    25     3     0     3   -60.0  -41.944  -46.967      3.7   1022.5
     3     1    19     4    25     3     0     3   -60.0  -41.986  -46.030    151.9   1002.1
     4     1    19     4    25     3     0     3   -60.0  -41.111  -46.321   1995.7    798.7
     5     1    19     4    25     3     0     3   -60.0  -30.589  -54.564   3117.7    689.9
     1     1    19     4    25     2     0     2   -61.0  -40.493  -47.433      0.8   1021.9
     2     1    19     4    25     2     0     2   -61.0  -42.318  -47.149      3.7   1020.9
     3     1    19     4    25     2     0     2   -61.0  -42.445  -46.261    151.9   1001.4
     4     1    19     4    25     2     0     2   -61.0  -41.550  -46.634   2047.5    793.6
     5     1    19     4    25     2     0     2   -61.0  -30.441  -54.638   3067.7    698.1
     1     1    19     4    25     1     0     1   -62.0  -40.823  -47.625      1.2   1020.8
     2     1    19     4    25     1     0     1   -62.0  -42.703  -47.348      3.7   1019.9
     3     1    19     4    25     1     0     1   -62.0  -42.918  -46.510    151.9   1000.7
     4     1    19     4    25     1     0     1   -62.0  -42.002  -46.959   2087.9    789.1
     5     1    19     4    25     1     0     1   -62.0  -30.308  -54.694   3024.1    704.0
     1     1    19     4    25     0     0     0   -63.0  -41.156  -47.830      1.4   1019.5
     2     1    19     4    25     0     0     0   -63.0  -43.104  -47.558      3.7   1019.4
     3     1    19     4    25     0     0     0   -63.0  -43.412  -46.766    151.9   1000.3
     4     1    19     4    25     0     0     0   -63.0  -42.482  -47.281   2133.5    785.6
     5     1    19     4    25     0     0     0   -63.0  -30.184  -54.732   2998.6    707.9
     1     1    19     4    24    23     0     1   -64.0  -41.498  -48.047      1.4   1019.2
     2     1    19     4    24    23     0     1   -64.0  -43.515  -47.778      3.7   1018.3
     3     1    19     4    24    23     0     1   -64.0  -43.917  -47.031    152.6    999.5
     4     1    19     4    24    23     0     1   -64.0  -42.992  -47.611   2206.0    778.2
     5     1    19     4    24    23     0     1   -64.0  -30.066  -54.760   2988.5    709.3
     1     1    19     4    24    22     0     2   -65.0  -41.853  -48.280      1.4   1018.6
     2     1    19     4    24    22     0     2   -65.0  -43.931  -48.013      3.7   1017.2
     3     1    19     4    24    22     0     2   -65.0  -44.428  -47.304    154.3    998.1
     4     1    19     4    24    22     0     2   -65.0  -43.521  -47.959   2302.7    767.4
     5     1    19     4    24    22     0     2   -65.0  -29.956  -54.785   2982.6    709.5
     1     1    19     4    24    21     0     3   -66.0  -42.235  -48.527      1.3   1018.2
     2     1    19     4    24    21     0     3   -66.0  -44.356  -48.255      3.7   1016.7
     3     1    19     4    24    21     0     3   -66.0  -44.956  -47.575    155.3    997.0
     4     1    19     4    24    21     0     3   -66.0  -44.072  -48.323   2409.8    755.6
     5     1    19     4    24    21     0     3   -66.0  -29.859  -54.814   2980.2    707.8
     1     1    19     4    24    20     0     2   -67.0  -42.635  -48.799      1.3   1018.2
     2     1    19     4    24    20     0     2   -67.0  -44.792  -48.502      3.7   1015.3
     3     1    19     4    24    20     0     2   -67.0  -45.499  -47.836    155.4    995.9
     4     1    19     4    24    20     0     2   -67.0  -44.633  -48.700   2508.4    744.3
     5     1    19     4    24    20     0     2   -67.0  -29.771  -54.852   2986.2    705.9
     1     1    19     4    24    19     0     1   -68.0  -43.052  -49.110      1.3   1017.7
     2     1    19     4    24    19     0     1   -68.0  -45.246  -48.748      3.7   1014.0
     3     1    19     4    24    19     0     1   -68.0  -46.060  -48.069    155.4    995.0
     4     1    19     4    24    19     0     1   -68.0  -45.197  -49.069   2595.1    736.2
     5     1    19     4    24    19     0     1   -68.0  -29.689  -54.901   2999.7    703.2
     1     1    19     4    24    18     0     0   -69.0  -43.496  -49.442      1.3   1015.8
     2     1    19     4    24    18     0     0   -69.0  -45.719  -48.977      3.7   1012.9
     3     1    19     4    24    18     0     0   -69.0  -46.630  -48.258    155.4    994.1
     4     1    19     4    24    18     0     0   -69.0  -45.765  -49.424   2673.1    727.9
     5     1    19     4    24    18     0     0   -69.0  -29.610  -54.958   3016.0    700.5
     1     1    19     4    24    17     0     1   -70.0  -43.946  -49.784      1.3   1015.1
     2     1    19     4    24    17     0     1   -70.0  -46.204  -49.178      3.7   1012.6
     3     1    19     4    24    17     0     1   -70.0  -47.192  -48.403    155.7    993.1
     4     1    19     4    24    17     0     1   -70.0  -46.317  -49.768   2744.0    721.2
     5     1    19     4    24    17     0     1   -70.0  -29.541  -55.017   3019.8    698.4
     1     1    19     4    24    16     0     2   -71.0  -44.397  -50.118      1.3   1014.9
     2     1    19     4    24    16     0     2   -71.0  -46.700  -49.338      3.7   1012.3
     3     1    19     4    24    16     0     2   -71.0  -47.740  -48.488    157.6    992.4
     4     1    19     4    24    16     0     2   -71.0  -46.851  -50.092   2814.4    714.1
     5     1    19     4    24    16     0     2   -71.0  -29.486  -55.068   2998.4    699.9
     1     1    19     4    24    15     0     3   -72.0  -44.867  -50.408      1.3   1014.0
     2     1    19     4    24    15     0     3   -72.0  -47.199  -49.451      3.7   1011.7
     3     1    19     4    24    15     0     3   -72.0  -48.264  -48.505    162.0    991.1
     4     1    19     4    24    15     0     3   -72.0  -47.373  -50.381   2877.5    707.1
     5     1    19     4    24    15     0     3   -72.0  -29.448  -55.111   2951.3    703.9
