     9     1
    GDAS    20     1    29     0     0
    GDAS    20     2     1     0     0
    GDAS    20     2     8     0     0
    GDAS    20     2    15     0     0
    GDAS    20     2    22     0     0
    GDAS    20     2    29     0     0
    GDAS    20     3     1     0     0
    GDAS    20     3     8     0     0
    GDAS    20     3    15     0     0
     5 BACKWARD OMEGA   
    20     2     6    21  -34.572  -58.513    10.0
    20     2     6    21  -34.572  -58.513   200.0
    20     2     6    21  -34.572  -58.513   500.0
    20     2     6    21  -34.572  -58.513  1000.0
    20     2     6    21  -34.572  -58.513  2000.0
     1 PRESSURE
     1     1    20     2     6    21     0     3     0.0  -34.572  -58.513     10.0   1004.8
     2     1    20     2     6    21     0     3     0.0  -34.572  -58.513    200.0    984.8
     3     1    20     2     6    21     0     3     0.0  -34.572  -58.513    500.0    952.4
     4     1    20     2     6    21     0     3     0.0  -34.572  -58.513   1000.0    900.2
     5     1    20     2     6    21     0     3     0.0  -34.572  -58.513   2000.0    802.2
     1     1    20     2     6    20     0     2    -1.0  -34.503  -58.503     10.8   1004.4
     2     1    20     2     6    20     0     2    -1.0  -34.475  -58.498    214.2    979.8
     3     1    20     2     6    20     0     2    -1.0  -34.465  -58.527    549.4    939.6
     4     1    20     2     6    20     0     2    -1.0  -34.434  -58.564   1087.5    879.5
     5     1    20     2     6    20     0     2    -1.0  -34.370  -58.567   1962.2    793.8
     1     1    20     2     6    19     0     1    -2.0  -34.435  -58.512      9.0   1004.8
     2     1    20     2     6    19     0     1    -2.0  -34.381  -58.507    166.1    984.3
     3     1    20     2     6    19     0     1    -2.0  -34.356  -58.560    434.1    949.0
     4     1    20     2     6    19     0     1    -2.0  -34.292  -58.631    892.3    894.1
     5     1    20     2     6    19     0     1    -2.0  -34.172  -58.633   1620.0    819.0
     1     1    20     2     6    18     0     0    -3.0  -34.368  -58.545      4.6   1005.1
     2     1    20     2     6    18     0     0    -3.0  -34.298  -58.548     94.6    995.5
     3     1    20     2     6    18     0     0    -3.0  -34.256  -58.614    235.9    978.8
     4     1    20     2     6    18     0     0    -3.0  -34.169  -58.707    464.2    946.6
     5     1    20     2     6    18     0     0    -3.0  -34.014  -58.713    872.5    890.4
     1     1    20     2     6    17     0     1    -4.0  -34.290  -58.589      0.0   1005.7
     2     1    20     2     6    17     0     1    -4.0  -34.213  -58.599     52.0   1004.0
     3     1    20     2     6    17     0     1    -4.0  -34.163  -58.674    125.9   1002.9
     4     1    20     2     6    17     0     1    -4.0  -34.072  -58.773    237.0   1004.4
     5     1    20     2     6    17     0     1    -4.0  -33.912  -58.781    439.4   1005.7
     1     1    20     2     6    16     0     2    -5.0  -34.189  -58.626      0.0   1006.3
     2     1    20     2     6    16     0     2    -5.0  -34.106  -58.642     35.2   1004.0
     3     1    20     2     6    16     0     2    -5.0  -34.046  -58.726     83.5   1002.0
     4     1    20     2     6    16     0     2    -5.0  -33.946  -58.835    148.0    999.7
     5     1    20     2     6    16     0     2    -5.0  -33.772  -58.849    273.0    993.7
     1     1    20     2     6    15     0     3    -6.0  -34.063  -58.661      0.0   1007.0
     2     1    20     2     6    15     0     3    -6.0  -33.972  -58.681     31.1   1004.7
     3     1    20     2     6    15     0     3    -6.0  -33.900  -58.774     75.0   1001.7
     4     1    20     2     6    15     0     3    -6.0  -33.788  -58.891    136.5    996.6
     5     1    20     2     6    15     0     3    -6.0  -33.597  -58.905    248.2    986.7
     1     1    20     2     6    14     0     2    -7.0  -33.924  -58.679      1.4   1007.0
     2     1    20     2     6    14     0     2    -7.0  -33.820  -58.704     35.1   1003.9
     3     1    20     2     6    14     0     2    -7.0  -33.736  -58.802     84.4    999.1
     4     1    20     2     6    14     0     2    -7.0  -33.608  -58.924    152.8    992.3
     5     1    20     2     6    14     0     2    -7.0  -33.396  -58.935    266.3    979.4
     1     1    20     2     6    13     0     1    -8.0  -33.786  -58.669      4.5   1006.8
     2     1    20     2     6    13     0     1    -8.0  -33.665  -58.694     41.7   1003.2
     3     1    20     2     6    13     0     1    -8.0  -33.565  -58.797     94.6    997.9
     4     1    20     2     6    13     0     1    -8.0  -33.421  -58.925    162.8    990.9
     5     1    20     2     6    13     0     1    -8.0  -33.183  -58.942    266.3    979.2
     1     1    20     2     6    12     0     0    -9.0  -33.645  -58.631      8.7   1006.4
     2     1    20     2     6    12     0     0    -9.0  -33.503  -58.657     49.5   1002.5
     3     1    20     2     6    12     0     0    -9.0  -33.385  -58.764    101.7    997.2
     4     1    20     2     6    12     0     0    -9.0  -33.223  -58.906    162.3    991.0
     5     1    20     2     6    12     0     0    -9.0  -32.956  -58.936    245.4    981.7
     1     1    20     2     6    11     0     1   -10.0  -33.503  -58.570     13.0   1005.4
     2     1    20     2     6    11     0     1   -10.0  -33.337  -58.590     57.3   1001.6
     3     1    20     2     6    11     0     1   -10.0  -33.198  -58.701    105.6    996.8
     4     1    20     2     6    11     0     1   -10.0  -33.016  -58.858    155.1    992.1
     5     1    20     2     6    11     0     1   -10.0  -32.717  -58.895    222.4    985.3
     1     1    20     2     6    10     0     2   -11.0  -33.368  -58.483     17.4   1004.5
     2     1    20     2     6    10     0     2   -11.0  -33.175  -58.491     65.6   1000.7
     3     1    20     2     6    10     0     2   -11.0  -33.011  -58.600    109.2    996.6
     4     1    20     2     6    10     0     2   -11.0  -32.804  -58.761    152.1    992.9
     5     1    20     2     6    10     0     2   -11.0  -32.461  -58.788    215.8    985.9
     1     1    20     2     6     9     0     3   -12.0  -33.242  -58.369     22.7   1003.7
     2     1    20     2     6     9     0     3   -12.0  -33.021  -58.357     76.0    999.8
     3     1    20     2     6     9     0     3   -12.0  -32.825  -58.459    117.1    995.9
     4     1    20     2     6     9     0     3   -12.0  -32.583  -58.614    159.1    991.7
     5     1    20     2     6     9     0     3   -12.0  -32.181  -58.633    229.2    984.2
     1     1    20     2     6     8     0     2   -13.0  -33.133  -58.237     29.0   1003.1
     2     1    20     2     6     8     0     2   -13.0  -32.875  -58.203     84.7    998.4
     3     1    20     2     6     8     0     2   -13.0  -32.638  -58.295    126.7    994.5
     4     1    20     2     6     8     0     2   -13.0  -32.349  -58.441    171.5    989.4
     5     1    20     2     6     8     0     2   -13.0  -31.875  -58.449    251.1    980.0
     1     1    20     2     6     7     0     1   -14.0  -33.050  -58.098     34.1   1003.0
     2     1    20     2     6     7     0     1   -14.0  -32.742  -58.040     86.0    998.0
     3     1    20     2     6     7     0     1   -14.0  -32.456  -58.119    129.4    993.9
     4     1    20     2     6     7     0     1   -14.0  -32.106  -58.252    180.5    987.9
     5     1    20     2     6     7     0     1   -14.0  -31.565  -58.245    254.5    977.6
     1     1    20     2     6     6     0     0   -15.0  -32.991  -57.947     36.1   1002.9
     2     1    20     2     6     6     0     0   -15.0  -32.617  -57.864     82.2    997.3
     3     1    20     2     6     6     0     0   -15.0  -32.272  -57.926    125.7    993.3
     4     1    20     2     6     6     0     0   -15.0  -31.854  -58.037    177.5    987.4
     5     1    20     2     6     6     0     0   -15.0  -31.276  -58.028    229.5    981.1
     1     1    20     2     6     5     0     1   -16.0  -32.924  -57.788     37.1   1001.8
     2     1    20     2     6     5     0     1   -16.0  -32.480  -57.676     84.1    995.5
     3     1    20     2     6     5     0     1   -16.0  -32.076  -57.714    132.2    990.4
     4     1    20     2     6     5     0     1   -16.0  -31.614  -57.808    173.3    986.4
     5     1    20     2     6     5     0     1   -16.0  -31.024  -57.807    207.5    983.2
     1     1    20     2     6     4     0     2   -17.0  -32.823  -57.623     40.5    999.9
     2     1    20     2     6     4     0     2   -17.0  -32.309  -57.471    101.0    990.6
     3     1    20     2     6     4     0     2   -17.0  -31.845  -57.476    165.8    983.0
     4     1    20     2     6     4     0     2   -17.0  -31.376  -57.560    189.4    981.4
     5     1    20     2     6     4     0     2   -17.0  -30.777  -57.557    213.4    978.1
     1     1    20     2     6     3     0     3   -18.0  -32.701  -57.452     46.8    997.4
     2     1    20     2     6     3     0     3   -18.0  -32.087  -57.241    154.1    982.1
     3     1    20     2     6     3     0     3   -18.0  -31.568  -57.203    240.1    971.2
     4     1    20     2     6     3     0     3   -18.0  -31.119  -57.275    244.2    971.7
     5     1    20     2     6     3     0     3   -18.0  -30.498  -57.275    250.4    971.0
     1     1    20     2     6     2     0     2   -19.0  -32.566  -57.275     57.4    994.4
     2     1    20     2     6     2     0     2   -19.0  -31.789  -56.956    265.2    964.7
     3     1    20     2     6     2     0     2   -19.0  -31.248  -56.881    370.7    952.3
     4     1    20     2     6     2     0     2   -19.0  -30.825  -56.945    364.8    955.8
     5     1    20     2     6     2     0     2   -19.0  -30.192  -56.987    319.1    963.6
     1     1    20     2     6     1     0     1   -20.0  -32.410  -57.081     75.2    989.1
     2     1    20     2     6     1     0     1   -20.0  -31.467  -56.640    375.9    945.7
     3     1    20     2     6     1     0     1   -20.0  -30.928  -56.544    535.0    929.2
     4     1    20     2     6     1     0     1   -20.0  -30.530  -56.617    519.8    933.8
     5     1    20     2     6     1     0     1   -20.0  -29.926  -56.707    412.7    952.1
     1     1    20     2     6     0     0     0   -21.0  -32.225  -56.841    101.3    982.4
     2     1    20     2     6     0     0     0   -21.0  -31.177  -56.337    488.3    934.1
     3     1    20     2     6     0     0     0   -21.0  -30.661  -56.239    727.1    909.2
     4     1    20     2     6     0     0     0   -21.0  -30.300  -56.308    687.7    918.3
     5     1    20     2     6     0     0     0   -21.0  -29.741  -56.411    533.2    940.1
     1     1    20     2     5    23     0     1   -22.0  -32.026  -56.613    113.5    976.9
     2     1    20     2     5    23     0     1   -22.0  -30.924  -56.081    626.2    913.2
     3     1    20     2     5    23     0     1   -22.0  -30.450  -55.977    848.6    886.0
     4     1    20     2     5    23     0     1   -22.0  -30.123  -56.016    760.5    896.8
     5     1    20     2     5    23     0     1   -22.0  -29.598  -56.112    622.7    921.1
     1     1    20     2     5    22     0     2   -23.0  -31.837  -56.460    103.2    976.5
     2     1    20     2     5    22     0     2   -23.0  -30.709  -55.868    679.8    899.9
     3     1    20     2     5    22     0     2   -23.0  -30.271  -55.732    752.4    895.7
     4     1    20     2     5    22     0     2   -23.0  -29.966  -55.737    608.8    914.7
     5     1    20     2     5    22     0     2   -23.0  -29.454  -55.845    599.7    922.9
     1     1    20     2     5    21     0     3   -24.0  -31.668  -56.363     82.5    977.5
     2     1    20     2     5    21     0     3   -24.0  -30.529  -55.677    538.3    917.4
     3     1    20     2     5    21     0     3   -24.0  -30.118  -55.510    489.8    933.1
     4     1    20     2     5    21     0     3   -24.0  -29.827  -55.506    388.9    952.2
     5     1    20     2     5    21     0     3   -24.0  -29.312  -55.635    521.1    933.0
     1     1    20     2     5    20     0     2   -25.0  -31.502  -56.288     65.5    979.2
     2     1    20     2     5    20     0     2   -25.0  -30.367  -55.512    350.3    954.6
     3     1    20     2     5    20     0     2   -25.0  -29.986  -55.332    283.7    972.8
     4     1    20     2     5    20     0     2   -25.0  -29.699  -55.331    239.9    971.8
     5     1    20     2     5    20     0     2   -25.0  -29.172  -55.465    453.8    940.7
     1     1    20     2     5    19     0     1   -26.0  -31.323  -56.206     50.7    978.0
     2     1    20     2     5    19     0     1   -26.0  -30.215  -55.368    212.6    973.3
     3     1    20     2     5    19     0     1   -26.0  -29.858  -55.186    165.3    980.2
     4     1    20     2     5    19     0     1   -26.0  -29.571  -55.185    154.5    975.0
     5     1    20     2     5    19     0     1   -26.0  -29.028  -55.311    419.7    939.9
     1     1    20     2     5    18     0     0   -27.0  -31.131  -56.111     29.7    976.7
     2     1    20     2     5    18     0     0   -27.0  -30.069  -55.250    122.6    984.0
     3     1    20     2     5    18     0     0   -27.0  -29.728  -55.072     91.2    983.5
     4     1    20     2     5    18     0     0   -27.0  -29.443  -55.064     92.7    977.0
     5     1    20     2     5    18     0     0   -27.0  -28.883  -55.172    415.4    939.1
     1     1    20     2     5    17     0     1   -28.0  -30.935  -56.015     11.5    978.5
     2     1    20     2     5    17     0     1   -28.0  -29.931  -55.151     70.4    990.0
     3     1    20     2     5    17     0     1   -28.0  -29.600  -54.973     44.2    985.4
     4     1    20     2     5    17     0     1   -28.0  -29.312  -54.957     42.4    978.6
     5     1    20     2     5    17     0     1   -28.0  -28.732  -55.046    426.5    936.4
     1     1    20     2     5    16     0     2   -29.0  -30.741  -55.932      0.0    981.9
     2     1    20     2     5    16     0     2   -29.0  -29.797  -55.059     38.9    990.2
     3     1    20     2     5    16     0     2   -29.0  -29.471  -54.882     16.4    984.6
     4     1    20     2     5    16     0     2   -29.0  -29.176  -54.864      7.9    977.2
     5     1    20     2     5    16     0     2   -29.0  -28.570  -54.932    429.5    935.8
     1     1    20     2     5    15     0     3   -30.0  -30.546  -55.865      0.0    985.4
     2     1    20     2     5    15     0     3   -30.0  -29.665  -54.972     18.9    990.2
     3     1    20     2     5    15     0     3   -30.0  -29.332  -54.800      0.0    980.9
     4     1    20     2     5    15     0     3   -30.0  -29.024  -54.787      0.0    972.3
     5     1    20     2     5    15     0     3   -30.0  -28.399  -54.832    420.1    937.3
     1     1    20     2     5    14     0     2   -31.0  -30.354  -55.791      0.0    988.7
     2     1    20     2     5    14     0     2   -31.0  -29.519  -54.882      2.6    986.9
     3     1    20     2     5    14     0     2   -31.0  -29.174  -54.718      0.0    975.8
     4     1    20     2     5    14     0     2   -31.0  -28.856  -54.711      0.0    972.5
     5     1    20     2     5    14     0     2   -31.0  -28.205  -54.719    419.2    938.9
     1     1    20     2     5    13     0     1   -32.0  -30.175  -55.692      0.0    991.9
     2     1    20     2     5    13     0     1   -32.0  -29.352  -54.781      0.0    981.9
     3     1    20     2     5    13     0     1   -32.0  -28.992  -54.623      0.0    969.5
     4     1    20     2     5    13     0     1   -32.0  -28.682  -54.616      0.0    973.2
     5     1    20     2     5    13     0     1   -32.0  -27.967  -54.566    452.6    934.2
     1     1    20     2     5    12     0     0   -33.0  -30.004  -55.570      0.0    995.0
     2     1    20     2     5    12     0     0   -33.0  -29.162  -54.668      0.0    975.4
     3     1    20     2     5    12     0     0   -33.0  -28.795  -54.511      0.0    970.2
     4     1    20     2     5    12     0     0   -33.0  -28.502  -54.501      0.0    973.4
     5     1    20     2     5    12     0     0   -33.0  -27.672  -54.385    496.5    921.9
     1     1    20     2     5    11     0     1   -34.0  -29.858  -55.434      0.0    994.7
     2     1    20     2     5    11     0     1   -34.0  -28.974  -54.542      0.0    968.5
     3     1    20     2     5    11     0     1   -34.0  -28.616  -54.383      0.0    969.6
     4     1    20     2     5    11     0     1   -34.0  -28.334  -54.371      0.0    972.4
     5     1    20     2     5    11     0     1   -34.0  -27.345  -54.190    526.2    915.1
     1     1    20     2     5    10     0     2   -35.0  -29.754  -55.290      0.0    993.7
     2     1    20     2     5    10     0     2   -35.0  -28.820  -54.404      0.0    967.7
     3     1    20     2     5    10     0     2   -35.0  -28.471  -54.244      0.0    968.1
     4     1    20     2     5    10     0     2   -35.0  -28.197  -54.232      1.6    970.5
     5     1    20     2     5    10     0     2   -35.0  -27.010  -53.972    552.5    912.5
     1     1    20     2     5     9     0     3   -36.0  -29.692  -55.141      0.0    992.6
     2     1    20     2     5     9     0     3   -36.0  -28.703  -54.256      0.3    966.0
     3     1    20     2     5     9     0     3   -36.0  -28.356  -54.093      3.6    965.8
     4     1    20     2     5     9     0     3   -36.0  -28.085  -54.081      6.0    967.9
     5     1    20     2     5     9     0     3   -36.0  -26.667  -53.705    600.1    903.7
     1     1    20     2     5     8     0     2   -37.0  -29.655  -54.983      0.0    991.6
     2     1    20     2     5     8     0     2   -37.0  -28.603  -54.098      4.3    963.5
     3     1    20     2     5     8     0     2   -37.0  -28.253  -53.934      9.3    963.6
     4     1    20     2     5     8     0     2   -37.0  -27.982  -53.924     12.7    964.8
     5     1    20     2     5     8     0     2   -37.0  -26.332  -53.390    633.9    886.8
     1     1    20     2     5     7     0     1   -38.0  -29.624  -54.815      0.0    990.1
     2     1    20     2     5     7     0     1   -38.0  -28.504  -53.934      9.8    961.7
     3     1    20     2     5     7     0     1   -38.0  -28.148  -53.776     18.0    961.8
     4     1    20     2     5     7     0     1   -38.0  -27.876  -53.770     23.9    962.2
     5     1    20     2     5     7     0     1   -38.0  -26.033  -53.032    608.1    878.4
     1     1    20     2     5     6     0     0   -39.0  -29.604  -54.637      1.2    988.7
     2     1    20     2     5     6     0     0   -39.0  -28.402  -53.767     18.9    960.5
     3     1    20     2     5     6     0     0   -39.0  -28.029  -53.610     34.4    958.8
     4     1    20     2     5     6     0     0   -39.0  -27.768  -53.618     39.2    960.0
     5     1    20     2     5     6     0     0   -39.0  -25.789  -52.627    594.7    872.6
     1     1    20     2     5     5     0     1   -40.0  -29.589  -54.449      3.4    987.2
     2     1    20     2     5     5     0     1   -40.0  -28.288  -53.578     39.3    958.2
     3     1    20     2     5     5     0     1   -40.0  -27.900  -53.421     56.0    956.5
     4     1    20     2     5     5     0     1   -40.0  -27.660  -53.454     55.5    958.4
     5     1    20     2     5     5     0     1   -40.0  -25.595  -52.170    683.9    852.6
     1     1    20     2     5     4     0     2   -41.0  -29.581  -54.252      5.6    985.7
     2     1    20     2     5     4     0     2   -41.0  -28.159  -53.344     75.0    953.8
     3     1    20     2     5     4     0     2   -41.0  -27.772  -53.198     79.1    953.2
     4     1    20     2     5     4     0     2   -41.0  -27.550  -53.267     72.7    956.1
     5     1    20     2     5     4     0     2   -41.0  -25.432  -51.703    800.6    833.9
     1     1    20     2     5     3     0     3   -42.0  -29.585  -54.048      7.5    984.7
     2     1    20     2     5     3     0     3   -42.0  -28.013  -53.035    118.8    946.2
     3     1    20     2     5     3     0     3   -42.0  -27.637  -52.939    105.9    948.8
     4     1    20     2     5     3     0     3   -42.0  -27.425  -53.051     94.0    953.5
     5     1    20     2     5     3     0     3   -42.0  -25.316  -51.255    846.0    832.8
     1     1    20     2     5     2     0     2   -43.0  -29.593  -53.844      9.1    985.2
     2     1    20     2     5     2     0     2   -43.0  -27.878  -52.704    154.4    937.1
     3     1    20     2     5     2     0     2   -43.0  -27.498  -52.677    153.2    937.7
     4     1    20     2     5     2     0     2   -43.0  -27.286  -52.832    134.5    944.4
     5     1    20     2     5     2     0     2   -43.0  -25.259  -50.822    818.5    839.9
     1     1    20     2     5     1     0     1   -44.0  -29.598  -53.646     11.4    985.9
     2     1    20     2     5     1     0     1   -44.0  -27.763  -52.400    191.0    927.0
     3     1    20     2     5     1     0     1   -44.0  -27.353  -52.416    238.4    919.2
     4     1    20     2     5     1     0     1   -44.0  -27.127  -52.617    216.9    926.9
     5     1    20     2     5     1     0     1   -44.0  -25.237  -50.406    809.2    839.4
     1     1    20     2     5     0     0     0   -45.0  -29.609  -53.443     15.7    986.5
     2     1    20     2     5     0     0     0   -45.0  -27.649  -52.097    240.4    913.4
     3     1    20     2     5     0     0     0   -45.0  -27.202  -52.132    380.7    891.9
     4     1    20     2     5     0     0     0   -45.0  -26.959  -52.389    341.2    901.5
     5     1    20     2     5     0     0     0   -45.0  -25.225  -49.993    923.8    822.6
     1     1    20     2     4    23     0     1   -46.0  -29.631  -53.240     23.6    987.2
     2     1    20     2     4    23     0     1   -46.0  -27.544  -51.796    324.2    896.7
     3     1    20     2     4    23     0     1   -46.0  -27.069  -51.818    606.6    859.9
     4     1    20     2     4    23     0     1   -46.0  -26.824  -52.127    513.7    871.7
     5     1    20     2     4    23     0     1   -46.0  -25.246  -49.597   1140.5    797.9
     1     1    20     2     4    22     0     2   -47.0  -29.661  -53.055     34.3    988.1
     2     1    20     2     4    22     0     2   -47.0  -27.459  -51.499    436.6    875.6
     3     1    20     2     4    22     0     2   -47.0  -26.972  -51.484    836.6    821.5
     4     1    20     2     4    22     0     2   -47.0  -26.734  -51.833    744.1    839.0
     5     1    20     2     4    22     0     2   -47.0  -25.301  -49.236   1331.6    779.3
     1     1    20     2     4    21     0     3   -48.0  -29.698  -52.890     42.1    989.0
     2     1    20     2     4    21     0     3   -48.0  -27.389  -51.196    526.0    856.1
     3     1    20     2     4    21     0     3   -48.0  -26.909  -51.153    941.3    803.2
     4     1    20     2     4    21     0     3   -48.0  -26.682  -51.542    938.4    810.4
     5     1    20     2     4    21     0     3   -48.0  -25.361  -48.923   1479.2    773.8
     1     1    20     2     4    20     0     2   -49.0  -29.738  -52.739     46.6    991.0
     2     1    20     2     4    20     0     2   -49.0  -27.322  -50.898    598.9    850.5
     3     1    20     2     4    20     0     2   -49.0  -26.857  -50.826    985.4    813.0
     4     1    20     2     4    20     0     2   -49.0  -26.637  -51.258   1061.8    798.7
     5     1    20     2     4    20     0     2   -49.0  -25.416  -48.654   1565.2    784.3
     1     1    20     2     4    19     0     1   -50.0  -29.770  -52.589     51.7    992.6
     2     1    20     2     4    19     0     1   -50.0  -27.258  -50.621    693.6    845.9
     3     1    20     2     4    19     0     1   -50.0  -26.808  -50.528   1027.2    816.4
     4     1    20     2     4    19     0     1   -50.0  -26.572  -50.979   1154.7    790.5
     5     1    20     2     4    19     0     1   -50.0  -25.470  -48.410   1559.1    806.5
     1     1    20     2     4    18     0     0   -51.0  -29.794  -52.448     58.1    993.7
     2     1    20     2     4    18     0     0   -51.0  -27.208  -50.370    762.7    841.8
     3     1    20     2     4    18     0     0   -51.0  -26.782  -50.256   1006.0    823.2
     4     1    20     2     4    18     0     0   -51.0  -26.503  -50.721   1207.4    788.6
     5     1    20     2     4    18     0     0   -51.0  -25.525  -48.174   1497.0    833.9
     1     1    20     2     4    17     0     1   -52.0  -29.805  -52.317     65.4    993.7
     2     1    20     2     4    17     0     1   -52.0  -27.174  -50.135    769.7    848.4
     3     1    20     2     4    17     0     1   -52.0  -26.778  -50.002    932.0    843.4
     4     1    20     2     4    17     0     1   -52.0  -26.443  -50.476   1212.2    795.2
     5     1    20     2     4    17     0     1   -52.0  -25.582  -47.943   1413.4    858.2
     1     1    20     2     4    16     0     2   -53.0  -29.801  -52.192     71.9    993.1
     2     1    20     2     4    16     0     2   -53.0  -27.154  -49.914    749.8    863.7
     3     1    20     2     4    16     0     2   -53.0  -26.786  -49.765    875.1    862.0
     4     1    20     2     4    16     0     2   -53.0  -26.390  -50.226   1203.9    804.2
     5     1    20     2     4    16     0     2   -53.0  -25.635  -47.719   1333.2    868.8
     1     1    20     2     4    15     0     3   -54.0  -29.778  -52.074     75.4    991.6
     2     1    20     2     4    15     0     3   -54.0  -27.147  -49.709    749.7    875.4
     3     1    20     2     4    15     0     3   -54.0  -26.805  -49.546    862.0    872.0
     4     1    20     2     4    15     0     3   -54.0  -26.338  -49.976   1238.1    807.6
     5     1    20     2     4    15     0     3   -54.0  -25.683  -47.494   1279.9    875.8
     1     1    20     2     4    14     0     2   -55.0  -29.739  -51.957     75.2    990.2
     2     1    20     2     4    14     0     2   -55.0  -27.155  -49.497    751.9    883.4
     3     1    20     2     4    14     0     2   -55.0  -26.843  -49.320    851.0    880.5
     4     1    20     2     4    14     0     2   -55.0  -26.273  -49.715   1289.3    800.6
     5     1    20     2     4    14     0     2   -55.0  -25.725  -47.251   1246.4    879.1
     1     1    20     2     4    13     0     1   -56.0  -29.685  -51.833     74.7    987.3
     2     1    20     2     4    13     0     1   -56.0  -27.190  -49.270    736.4    895.8
     3     1    20     2     4    13     0     1   -56.0  -26.917  -49.072    810.9    900.4
     4     1    20     2     4    13     0     1   -56.0  -26.209  -49.434   1301.8    801.2
     5     1    20     2     4    13     0     1   -56.0  -25.753  -46.966   1239.3    882.4
     1     1    20     2     4    12     0     0   -57.0  -29.613  -51.699     79.4    982.2
     2     1    20     2     4    12     0     0   -57.0  -27.262  -49.044    716.1    907.6
     3     1    20     2     4    12     0     0   -57.0  -27.019  -48.817    782.3    917.7
     4     1    20     2     4    12     0     0   -57.0  -26.172  -49.137   1268.1    806.0
     5     1    20     2     4    12     0     0   -57.0  -25.772  -46.643   1239.8    879.4
     1     1    20     2     4    11     0     1   -58.0  -29.530  -51.553     95.9    972.5
     2     1    20     2     4    11     0     1   -58.0  -27.340  -48.818    688.6    913.9
     3     1    20     2     4    11     0     1   -58.0  -27.106  -48.549    758.7    918.8
     4     1    20     2     4    11     0     1   -58.0  -26.169  -48.848   1192.2    825.5
     5     1    20     2     4    11     0     1   -58.0  -25.799  -46.294   1219.9    880.5
     1     1    20     2     4    10     0     2   -59.0  -29.443  -51.388    133.5    959.9
     2     1    20     2     4    10     0     2   -59.0  -27.405  -48.570    646.7    923.4
     3     1    20     2     4    10     0     2   -59.0  -27.176  -48.263    709.2    927.8
     4     1    20     2     4    10     0     2   -59.0  -26.182  -48.592   1081.1    853.7
     5     1    20     2     4    10     0     2   -59.0  -25.832  -45.920   1194.9    884.6
     1     1    20     2     4     9     0     3   -60.0  -29.339  -51.169    217.7    939.2
     2     1    20     2     4     9     0     3   -60.0  -27.468  -48.295    581.6    937.6
     3     1    20     2     4     9     0     3   -60.0  -27.254  -47.950    621.6    942.8
     4     1    20     2     4     9     0     3   -60.0  -26.203  -48.367    936.0    884.3
     5     1    20     2     4     9     0     3   -60.0  -25.866  -45.521   1187.3    885.3
     1     1    20     2     4     8     0     2   -61.0  -29.191  -50.872    368.8    904.5
     2     1    20     2     4     8     0     2   -61.0  -27.532  -47.994    518.3    958.2
     3     1    20     2     4     8     0     2   -61.0  -27.325  -47.625    533.0    956.8
     4     1    20     2     4     8     0     2   -61.0  -26.242  -48.149    797.3    917.5
     5     1    20     2     4     8     0     2   -61.0  -25.907  -45.111   1189.9    883.8
     1     1    20     2     4     7     0     1   -62.0  -29.021  -50.572    502.0    869.1
     2     1    20     2     4     7     0     1   -62.0  -27.590  -47.672    483.2    962.5
     3     1    20     2     4     7     0     1   -62.0  -27.380  -47.296    473.9    962.9
     4     1    20     2     4     7     0     1   -62.0  -26.296  -47.919    710.6    938.6
     5     1    20     2     4     7     0     1   -62.0  -25.954  -44.695   1170.9    883.6
     1     1    20     2     4     6     0     0   -63.0  -28.863  -50.284    571.5    855.0
     2     1    20     2     4     6     0     0   -63.0  -27.645  -47.334    472.0    962.8
     3     1    20     2     4     6     0     0   -63.0  -27.439  -46.946    433.8    967.0
     4     1    20     2     4     6     0     0   -63.0  -26.353  -47.679    653.8    941.6
     5     1    20     2     4     6     0     0   -63.0  -25.999  -44.263   1128.3    890.1
     1     1    20     2     4     5     0     1   -64.0  -28.724  -49.989    595.9    848.0
     2     1    20     2     4     5     0     1   -64.0  -27.701  -46.971    464.6    962.6
     3     1    20     2     4     5     0     1   -64.0  -27.495  -46.575    404.4    969.9
     4     1    20     2     4     5     0     1   -64.0  -26.407  -47.429    587.2    947.2
     5     1    20     2     4     5     0     1   -64.0  -26.050  -43.811   1029.8    894.7
     1     1    20     2     4     4     0     2   -65.0  -28.590  -49.688    626.4    866.1
     2     1    20     2     4     4     0     2   -65.0  -27.755  -46.587    454.5    964.6
     3     1    20     2     4     4     0     2   -65.0  -27.541  -46.182    376.6    972.7
     4     1    20     2     4     4     0     2   -65.0  -26.465  -47.156    511.8    957.4
     5     1    20     2     4     4     0     2   -65.0  -26.087  -43.343    862.8    917.2
     1     1    20     2     4     3     0     3   -66.0  -28.455  -49.399    661.0    878.5
     2     1    20     2     4     3     0     3   -66.0  -27.808  -46.186    448.1    966.0
     3     1    20     2     4     3     0     3   -66.0  -27.591  -45.767    350.0    976.3
     4     1    20     2     4     3     0     3   -66.0  -26.530  -46.852    450.5    965.7
     5     1    20     2     4     3     0     3   -66.0  -26.100  -42.833    702.3    937.8
     1     1    20     2     4     2     0     2   -67.0  -28.336  -49.148    686.1    889.7
     2     1    20     2     4     2     0     2   -67.0  -27.866  -45.772    442.5    966.4
     3     1    20     2     4     2     0     2   -67.0  -27.646  -45.336    333.1    979.2
     4     1    20     2     4     2     0     2   -67.0  -26.588  -46.524    396.9    970.3
     5     1    20     2     4     2     0     2   -67.0  -26.078  -42.323    534.6    953.4
     1     1    20     2     4     1     0     1   -68.0  -28.241  -48.935    704.2    897.5
     2     1    20     2     4     1     0     1   -68.0  -27.929  -45.351    440.6    968.0
     3     1    20     2     4     1     0     1   -68.0  -27.702  -44.893    329.6    979.9
     4     1    20     2     4     1     0     1   -68.0  -26.641  -46.176    346.0    976.9
     5     1    20     2     4     1     0     1   -68.0  -26.031  -41.870    457.1    974.1
     1     1    20     2     4     0     0     0   -69.0  -28.168  -48.730    715.0    902.3
     2     1    20     2     4     0     0     0   -69.0  -27.991  -44.924    455.6    967.3
     3     1    20     2     4     0     0     0   -69.0  -27.756  -44.437    325.5    979.3
     4     1    20     2     4     0     0     0   -69.0  -26.703  -45.801    311.2    982.0
     5     1    20     2     4     0     0     0   -69.0  -26.026  -41.449    531.4    961.7
     1     1    20     2     3    23     0     1   -70.0  -28.121  -48.496    706.0    911.2
     2     1    20     2     3    23     0     1   -70.0  -28.044  -44.488    467.8    962.5
     3     1    20     2     3    23     0     1   -70.0  -27.806  -43.969    313.5    980.9
     4     1    20     2     3    23     0     1   -70.0  -26.765  -45.405    288.7    983.0
     5     1    20     2     3    23     0     1   -70.0  -26.058  -41.047    596.0    941.1
     1     1    20     2     3    22     0     2   -71.0  -28.088  -48.205    637.6    929.4
     2     1    20     2     3    22     0     2   -71.0  -28.087  -44.036    471.8    963.9
     3     1    20     2     3    22     0     2   -71.0  -27.852  -43.498    306.0    982.4
     4     1    20     2     3    22     0     2   -71.0  -26.825  -45.004    264.3    985.1
     5     1    20     2     3    22     0     2   -71.0  -26.102  -40.651    587.0    948.9
     1     1    20     2     3    21     0     3   -72.0  -28.050  -47.844    500.5    956.5
     2     1    20     2     3    21     0     3   -72.0  -28.122  -43.576    485.6    961.7
     3     1    20     2     3    21     0     3   -72.0  -27.898  -43.027    303.9    981.5
     4     1    20     2     3    21     0     3   -72.0  -26.898  -44.601    239.4    987.8
     5     1    20     2     3    21     0     3   -72.0  -26.159  -40.267    555.7    951.0
