     7     1
    GDAS    19    12    29     0     0
    GDAS    20     1     1     0     0
    GDAS    20     1     8     0     0
    GDAS    20     1    15     0     0
    GDAS    20     1    22     0     0
    GDAS    20     1    29     0     0
    GDAS    20     2     1     0     0
     5 BACKWARD OMEGA   
    20     1    10    21  -34.572  -58.513    10.0
    20     1    10    21  -34.572  -58.513   200.0
    20     1    10    21  -34.572  -58.513   500.0
    20     1    10    21  -34.572  -58.513  1000.0
    20     1    10    21  -34.572  -58.513  2000.0
     1 PRESSURE
     1     1    20     1    10    21     0     3     0.0  -34.572  -58.513     10.0   1004.1
     2     1    20     1    10    21     0     3     0.0  -34.572  -58.513    200.0    983.8
     3     1    20     1    10    21     0     3     0.0  -34.572  -58.513    500.0    950.8
     4     1    20     1    10    21     0     3     0.0  -34.572  -58.513   1000.0    897.6
     5     1    20     1    10    21     0     3     0.0  -34.572  -58.513   2000.0    798.2
     1     1    20     1    10    20     0     2    -1.0  -34.713  -58.555      9.8   1004.8
     2     1    20     1    10    20     0     2    -1.0  -34.757  -58.562    187.4    984.6
     3     1    20     1    10    20     0     2    -1.0  -34.773  -58.562    477.2    949.9
     4     1    20     1    10    20     0     2    -1.0  -34.767  -58.555    984.4    894.6
     5     1    20     1    10    20     0     2    -1.0  -34.752  -58.739   1995.4    799.4
     1     1    20     1    10    19     0     1    -2.0  -34.852  -58.607      8.4   1005.5
     2     1    20     1    10    19     0     1    -2.0  -34.937  -58.626    152.1    991.0
     3     1    20     1    10    19     0     1    -2.0  -34.969  -58.631    391.9    962.9
     4     1    20     1    10    19     0     1    -2.0  -34.963  -58.618    870.7    909.2
     5     1    20     1    10    19     0     1    -2.0  -34.929  -59.009   1996.7    801.7
     1     1    20     1    10    18     0     0    -3.0  -34.996  -58.669      6.0   1005.8
     2     1    20     1    10    18     0     0    -3.0  -35.113  -58.705    119.0    996.7
     3     1    20     1    10    18     0     0    -3.0  -35.160  -58.719    308.8    977.6
     4     1    20     1    10    18     0     0    -3.0  -35.164  -58.705    735.4    931.0
     5     1    20     1    10    18     0     0    -3.0  -35.105  -59.333   2015.1    799.1
     1     1    20     1    10    17     0     1    -4.0  -35.132  -58.736      3.9   1005.8
     2     1    20     1    10    17     0     1    -4.0  -35.270  -58.796    102.5    998.6
     3     1    20     1    10    17     0     1    -4.0  -35.327  -58.822    267.5    982.6
     4     1    20     1    10    17     0     1    -4.0  -35.345  -58.814    666.6    940.6
     5     1    20     1    10    17     0     1    -4.0  -35.249  -59.675   2059.7    795.5
     1     1    20     1    10    16     0     2    -5.0  -35.248  -58.802      3.1   1005.6
     2     1    20     1    10    16     0     2    -5.0  -35.397  -58.884     99.4    998.6
     3     1    20     1    10    16     0     2    -5.0  -35.463  -58.924    254.3    982.9
     4     1    20     1    10    16     0     2    -5.0  -35.495  -58.927    654.8    940.0
     5     1    20     1    10    16     0     2    -5.0  -35.343  -60.023   2127.2    785.8
     1     1    20     1    10    15     0     3    -6.0  -35.348  -58.863      3.1   1005.5
     2     1    20     1    10    15     0     3    -6.0  -35.500  -58.965    102.8    998.2
     3     1    20     1    10    15     0     3    -6.0  -35.574  -59.018    251.8    982.7
     4     1    20     1    10    15     0     3    -6.0  -35.623  -59.039    668.6    937.0
     5     1    20     1    10    15     0     3    -6.0  -35.396  -60.389   2179.2    776.9
     1     1    20     1    10    14     0     2    -7.0  -35.425  -58.904      3.6   1005.8
     2     1    20     1    10    14     0     2    -7.0  -35.579  -59.024    109.2    997.7
     3     1    20     1    10    14     0     2    -7.0  -35.658  -59.091    255.2    982.1
     4     1    20     1    10    14     0     2    -7.0  -35.716  -59.140    692.6    933.1
     5     1    20     1    10    14     0     2    -7.0  -35.424  -60.755   2206.8    773.3
     1     1    20     1    10    13     0     1    -8.0  -35.469  -58.912      4.2   1006.1
     2     1    20     1    10    13     0     1    -8.0  -35.630  -59.051    116.2    997.1
     3     1    20     1    10    13     0     1    -8.0  -35.706  -59.130    264.2    980.8
     4     1    20     1    10    13     0     1    -8.0  -35.761  -59.225    716.5    929.0
     5     1    20     1    10    13     0     1    -8.0  -35.441  -61.110   2227.0    770.9
     1     1    20     1    10    12     0     0    -9.0  -35.483  -58.885      4.7   1006.4
     2     1    20     1    10    12     0     0    -9.0  -35.654  -59.044    121.9    996.8
     3     1    20     1    10    12     0     0    -9.0  -35.720  -59.132    276.8    979.3
     4     1    20     1    10    12     0     0    -9.0  -35.764  -59.292    733.1    926.4
     5     1    20     1    10    12     0     0    -9.0  -35.443  -61.443   2257.6    769.0
     1     1    20     1    10    11     0     1   -10.0  -35.473  -58.828      5.0   1006.4
     2     1    20     1    10    11     0     1   -10.0  -35.643  -58.997    125.6    996.2
     3     1    20     1    10    11     0     1   -10.0  -35.687  -59.088    290.7    977.1
     4     1    20     1    10    11     0     1   -10.0  -35.745  -59.346    748.0    924.6
     5     1    20     1    10    11     0     1   -10.0  -35.431  -61.761   2328.0    763.9
     1     1    20     1    10    10     0     2   -11.0  -35.449  -58.749      5.0   1006.5
     2     1    20     1    10    10     0     2   -11.0  -35.591  -58.900    128.5    995.6
     3     1    20     1    10    10     0     2   -11.0  -35.601  -58.984    309.6    975.3
     4     1    20     1    10    10     0     2   -11.0  -35.721  -59.391    764.6    922.0
     5     1    20     1    10    10     0     2   -11.0  -35.414  -62.095   2459.6    751.3
     1     1    20     1    10     9     0     3   -12.0  -35.417  -58.651      5.0   1006.9
     2     1    20     1    10     9     0     3   -12.0  -35.507  -58.749    133.9    994.9
     3     1    20     1    10     9     0     3   -12.0  -35.479  -58.815    343.1    971.5
     4     1    20     1    10     9     0     3   -12.0  -35.690  -59.426    780.8    919.5
     5     1    20     1    10     9     0     3   -12.0  -35.392  -62.461   2627.9    733.7
     1     1    20     1    10     8     0     2   -13.0  -35.393  -58.540      5.0   1007.3
     2     1    20     1    10     8     0     2   -13.0  -35.432  -58.556    143.3    993.9
     3     1    20     1    10     8     0     2   -13.0  -35.369  -58.596    390.8    965.6
     4     1    20     1    10     8     0     2   -13.0  -35.659  -59.439    811.3    918.0
     5     1    20     1    10     8     0     2   -13.0  -35.391  -62.846   2733.4    717.9
     1     1    20     1    10     7     0     1   -14.0  -35.388  -58.424      4.9   1007.5
     2     1    20     1    10     7     0     1   -14.0  -35.387  -58.336    152.5    992.3
     3     1    20     1    10     7     0     1   -14.0  -35.291  -58.338    436.4    959.7
     4     1    20     1    10     7     0     1   -14.0  -35.637  -59.433    872.8    911.8
     5     1    20     1    10     7     0     1   -14.0  -35.417  -63.203   2726.9    719.7
     1     1    20     1    10     6     0     0   -15.0  -35.399  -58.303      4.6   1007.7
     2     1    20     1    10     6     0     0   -15.0  -35.365  -58.089    154.8    991.4
     3     1    20     1    10     6     0     0   -15.0  -35.238  -58.035    461.9    955.5
     4     1    20     1    10     6     0     0   -15.0  -35.618  -59.419    963.8    901.9
     5     1    20     1    10     6     0     0   -15.0  -35.458  -63.509   2662.4    726.0
     1     1    20     1    10     5     0     1   -16.0  -35.417  -58.176      4.2   1007.7
     2     1    20     1    10     5     0     1   -16.0  -35.362  -57.820    153.3    992.7
     3     1    20     1    10     5     0     1   -16.0  -35.209  -57.702    472.6    956.2
     4     1    20     1    10     5     0     1   -16.0  -35.597  -59.399   1045.9    889.8
     5     1    20     1    10     5     0     1   -16.0  -35.511  -63.795   2595.0    732.9
     1     1    20     1    10     4     0     2   -17.0  -35.438  -58.040      3.9   1007.8
     2     1    20     1    10     4     0     2   -17.0  -35.379  -57.523    155.5    992.6
     3     1    20     1    10     4     0     2   -17.0  -35.210  -57.363    484.0    954.8
     4     1    20     1    10     4     0     2   -17.0  -35.582  -59.344   1085.2    886.4
     5     1    20     1    10     4     0     2   -17.0  -35.572  -64.108   2534.7    734.0
     1     1    20     1    10     3     0     3   -18.0  -35.464  -57.885      3.8   1008.1
     2     1    20     1    10     3     0     3   -18.0  -35.425  -57.200    158.5    992.1
     3     1    20     1    10     3     0     3   -18.0  -35.251  -57.022    489.8    953.9
     4     1    20     1    10     3     0     3   -18.0  -35.579  -59.241   1084.5    887.2
     5     1    20     1    10     3     0     3   -18.0  -35.648  -64.443   2439.0    737.1
     1     1    20     1    10     2     0     2   -19.0  -35.500  -57.710      2.8   1008.1
     2     1    20     1    10     2     0     2   -19.0  -35.497  -56.864    153.7    991.8
     3     1    20     1    10     2     0     2   -19.0  -35.327  -56.691    481.2    954.2
     4     1    20     1    10     2     0     2   -19.0  -35.600  -59.114   1079.3    891.7
     5     1    20     1    10     2     0     2   -19.0  -35.723  -64.765   2317.5    747.1
     1     1    20     1    10     1     0     1   -20.0  -35.549  -57.527      0.1   1007.9
     2     1    20     1    10     1     0     1   -20.0  -35.582  -56.541    138.2    993.9
     3     1    20     1    10     1     0     1   -20.0  -35.422  -56.386    454.8    957.2
     4     1    20     1    10     1     0     1   -20.0  -35.639  -58.998   1110.6    889.6
     5     1    20     1    10     1     0     1   -20.0  -35.779  -65.048   2253.7    753.3
     1     1    20     1    10     0     0     0   -21.0  -35.614  -57.324      0.0   1007.5
     2     1    20     1    10     0     0     0   -21.0  -35.676  -56.245    114.8    996.1
     3     1    20     1    10     0     0     0   -21.0  -35.530  -56.105    410.5    962.0
     4     1    20     1    10     0     0     0   -21.0  -35.688  -58.892   1139.2    882.2
     5     1    20     1    10     0     0     0   -21.0  -35.818  -65.325   2319.7    749.1
     1     1    20     1     9    23     0     1   -22.0  -35.692  -57.083      0.0   1007.0
     2     1    20     1     9    23     0     1   -22.0  -35.787  -55.986     93.2    999.2
     3     1    20     1     9    23     0     1   -22.0  -35.659  -55.858    368.2    968.3
     4     1    20     1     9    23     0     1   -22.0  -35.771  -58.815   1138.4    883.1
     5     1    20     1     9    23     0     1   -22.0  -35.842  -65.665   2492.7    725.1
     1     1    20     1     9    22     0     2   -23.0  -35.773  -56.808      0.0   1006.8
     2     1    20     1     9    22     0     2   -23.0  -35.933  -55.758     81.6    999.9
     3     1    20     1     9    22     0     2   -23.0  -35.827  -55.655    344.7    970.3
     4     1    20     1     9    22     0     2   -23.0  -35.893  -58.789   1183.3    883.1
     5     1    20     1     9    22     0     2   -23.0  -35.865  -66.050   2755.8    702.6
     1     1    20     1     9    21     0     3   -24.0  -35.867  -56.538      0.7   1006.2
     2     1    20     1     9    21     0     3   -24.0  -36.127  -55.563     79.4    999.3
     3     1    20     1     9    21     0     3   -24.0  -36.034  -55.487    335.5    970.4
     4     1    20     1     9    21     0     3   -24.0  -36.052  -58.816   1338.4    868.4
     5     1    20     1     9    21     0     3   -24.0  -35.867  -66.527   2971.4    670.5
     1     1    20     1     9    20     0     2   -25.0  -35.986  -56.318      1.8   1006.5
     2     1    20     1     9    20     0     2   -25.0  -36.366  -55.443     84.1    998.6
     3     1    20     1     9    20     0     2   -25.0  -36.278  -55.399    343.4    969.9
     4     1    20     1     9    20     0     2   -25.0  -36.215  -58.894   1501.7    841.0
     5     1    20     1     9    20     0     2   -25.0  -35.828  -67.026   2963.0    671.2
     1     1    20     1     9    19     0     1   -26.0  -36.132  -56.172      2.9   1006.8
     2     1    20     1     9    19     0     1   -26.0  -36.626  -55.424     95.2    997.5
     3     1    20     1     9    19     0     1   -26.0  -36.536  -55.433    373.9    966.5
     4     1    20     1     9    19     0     1   -26.0  -36.358  -59.030   1594.7    829.1
     5     1    20     1     9    19     0     1   -26.0  -35.784  -67.595   2228.1    678.3
     1     1    20     1     9    18     0     0   -27.0  -36.309  -56.099      3.8   1007.1
     2     1    20     1     9    18     0     0   -27.0  -36.892  -55.496    116.5    995.6
     3     1    20     1     9    18     0     0   -27.0  -36.779  -55.576    429.7    960.8
     4     1    20     1     9    18     0     0   -27.0  -36.489  -59.230   1624.4    825.1
     5     1    20     1     9    18     0     0   -27.0  -35.567  -67.804   1184.5    862.1
     1     1    20     1     9    17     0     1   -28.0  -36.497  -56.110      4.7   1006.8
     2     1    20     1     9    17     0     1   -28.0  -37.155  -55.654    147.0    991.8
     3     1    20     1     9    17     0     1   -28.0  -36.996  -55.805    504.9    951.1
     4     1    20     1     9    17     0     1   -28.0  -36.623  -59.511   1675.3    822.0
     5     1    20     1     9    17     0     1   -28.0  -35.335  -67.731    806.6    886.8
     1     1    20     1     9    16     0     2   -29.0  -36.679  -56.209      5.8   1006.6
     2     1    20     1     9    16     0     2   -29.0  -37.408  -55.900    185.7    986.8
     3     1    20     1     9    16     0     2   -29.0  -37.184  -56.094    580.2    941.2
     4     1    20     1     9    16     0     2   -29.0  -36.782  -59.899   1855.9    801.3
     5     1    20     1     9    16     0     2   -29.0  -35.165  -67.578    714.6    881.6
     1     1    20     1     9    15     0     3   -30.0  -36.852  -56.379      7.0   1006.3
     2     1    20     1     9    15     0     3   -30.0  -37.643  -56.237    235.4    980.8
     3     1    20     1     9    15     0     3   -30.0  -37.350  -56.413    626.5    935.6
     4     1    20     1     9    15     0     3   -30.0  -37.030  -60.486   2194.0    766.5
     5     1    20     1     9    15     0     3   -30.0  -35.046  -67.388    688.1    884.4
     1     1    20     1     9    14     0     2   -31.0  -36.995  -56.572      8.2   1006.4
     2     1    20     1     9    14     0     2   -31.0  -37.850  -56.628    296.7    974.3
     3     1    20     1     9    14     0     2   -31.0  -37.516  -56.752    651.8    933.4
     4     1    20     1     9    14     0     2   -31.0  -37.299  -61.349   2394.3    739.8
     5     1    20     1     9    14     0     2   -31.0  -34.988  -67.166    664.5    888.4
     1     1    20     1     9    13     0     1   -32.0  -37.096  -56.756      8.7   1006.5
     2     1    20     1     9    13     0     1   -32.0  -38.055  -57.049    361.2    964.4
     3     1    20     1     9    13     0     1   -32.0  -37.712  -57.122    668.6    930.3
     4     1    20     1     9    13     0     1   -32.0  -37.481  -62.343   2592.3    716.6
     5     1    20     1     9    13     0     1   -32.0  -35.009  -66.908    621.7    896.2
     1     1    20     1     9    12     0     0   -33.0  -37.175  -56.933      8.9   1006.7
     2     1    20     1     9    12     0     0   -33.0  -38.272  -57.507    376.1    957.1
     3     1    20     1     9    12     0     0   -33.0  -37.928  -57.564    671.7    922.8
     4     1    20     1     9    12     0     0   -33.0  -37.683  -63.453   2741.1    707.6
     5     1    20     1     9    12     0     0   -33.0  -35.103  -66.613    562.6    903.1
     1     1    20     1     9    11     0     1   -34.0  -37.246  -57.081      9.1   1005.7
     2     1    20     1     9    11     0     1   -34.0  -38.470  -57.979    367.3    954.8
     3     1    20     1     9    11     0     1   -34.0  -38.130  -58.074    691.4    913.8
     4     1    20     1     9    11     0     1   -34.0  -37.838  -64.598   2719.6    709.3
     5     1    20     1     9    11     0     1   -34.0  -35.262  -66.279    514.7    909.0
     1     1    20     1     9    10     0     2   -35.0  -37.300  -57.176      9.9   1004.2
     2     1    20     1     9    10     0     2   -35.0  -38.627  -58.509    338.9    959.9
     3     1    20     1     9    10     0     2   -35.0  -38.314  -58.607    696.9    915.4
     4     1    20     1     9    10     0     2   -35.0  -37.898  -65.779   2630.9    703.0
     5     1    20     1     9    10     0     2   -35.0  -35.503  -65.939    502.1    912.5
     1     1    20     1     9     9     0     3   -36.0  -37.334  -57.211     11.4   1002.7
     2     1    20     1     9     9     0     3   -36.0  -38.766  -59.126    312.4    965.2
     3     1    20     1     9     9     0     3   -36.0  -38.506  -59.189    693.0    918.7
     4     1    20     1     9     9     0     3   -36.0  -37.838  -66.915   2346.8    746.4
     5     1    20     1     9     9     0     3   -36.0  -35.838  -65.645    533.3    912.7
     1     1    20     1     9     8     0     2   -37.0  -37.359  -57.205     13.3   1001.8
     2     1    20     1     9     8     0     2   -37.0  -38.898  -59.757    307.9    967.6
     3     1    20     1     9     8     0     2   -37.0  -38.691  -59.785    715.2    917.9
     4     1    20     1     9     8     0     2   -37.0  -37.626  -68.039   2382.4    709.7
     5     1    20     1     9     8     0     2   -37.0  -36.235  -65.413    537.0    912.1
     1     1    20     1     9     7     0     1   -38.0  -37.392  -57.178     14.9   1001.2
     2     1    20     1     9     7     0     1   -38.0  -39.034  -60.398    325.3    966.3
     3     1    20     1     9     7     0     1   -38.0  -38.875  -60.401    754.7    915.8
     4     1    20     1     9     7     0     1   -38.0  -37.347  -69.150   1947.9    705.5
     5     1    20     1     9     7     0     1   -38.0  -36.689  -65.318    485.5    917.9
     1     1    20     1     9     6     0     0   -39.0  -37.437  -57.123     16.0   1000.9
     2     1    20     1     9     6     0     0   -39.0  -39.166  -61.090    293.5    969.7
     3     1    20     1     9     6     0     0   -39.0  -39.038  -61.103    716.2    922.1
     4     1    20     1     9     6     0     0   -39.0  -37.079  -70.370   2776.2    586.7
     5     1    20     1     9     6     0     0   -39.0  -37.214  -65.430    498.9    919.3
     1     1    20     1     9     5     0     1   -40.0  -37.479  -57.027     16.6   1001.8
     2     1    20     1     9     5     0     1   -40.0  -39.271  -61.736    248.2    975.6
     3     1    20     1     9     5     0     1   -40.0  -39.208  -61.811    622.7    933.4
     4     1    20     1     9     5     0     1   -40.0  -36.895  -71.564   4280.3    512.9
     5     1    20     1     9     5     0     1   -40.0  -37.731  -65.743    627.3    909.9
     1     1    20     1     9     4     0     2   -41.0  -37.486  -56.891     17.0   1002.5
     2     1    20     1     9     4     0     2   -41.0  -39.352  -62.301    203.2    981.1
     3     1    20     1     9     4     0     2   -41.0  -39.406  -62.520    545.5    944.2
     4     1    20     1     9     4     0     2   -41.0  -36.714  -72.502   4445.0    572.0
     5     1    20     1     9     4     0     2   -41.0  -38.186  -66.322    833.8    885.4
     1     1    20     1     9     3     0     3   -42.0  -37.437  -56.746     16.9   1003.1
     2     1    20     1     9     3     0     3   -42.0  -39.449  -62.848    192.7    982.1
     3     1    20     1     9     3     0     3   -42.0  -39.637  -63.327    606.1    932.8
     4     1    20     1     9     3     0     3   -42.0  -36.597  -73.250   4159.1    604.0
     5     1    20     1     9     3     0     3   -42.0  -38.556  -67.164    970.4    863.8
     1     1    20     1     9     2     0     2   -43.0  -37.326  -56.640     16.6   1002.7
     2     1    20     1     9     2     0     2   -43.0  -39.591  -63.454    217.1    973.3
     3     1    20     1     9     2     0     2   -43.0  -39.857  -64.197    624.2    921.3
     4     1    20     1     9     2     0     2   -43.0  -36.560  -73.925   4010.5    624.0
     5     1    20     1     9     2     0     2   -43.0  -38.765  -68.174   1019.1    850.3
     1     1    20     1     9     1     0     1   -44.0  -37.157  -56.578     16.3   1002.5
     2     1    20     1     9     1     0     1   -44.0  -39.724  -64.139    252.0    963.2
     3     1    20     1     9     1     0     1   -44.0  -39.973  -65.054    606.9    924.9
     4     1    20     1     9     1     0     1   -44.0  -36.596  -74.612   3990.9    623.3
     5     1    20     1     9     1     0     1   -44.0  -38.821  -69.264    792.6    853.7
     1     1    20     1     9     0     0     0   -45.0  -36.948  -56.514     16.3   1002.5
     2     1    20     1     9     0     0     0   -45.0  -39.789  -64.885    308.4    955.1
     3     1    20     1     9     0     0     0   -45.0  -40.017  -65.991    710.0    898.4
     4     1    20     1     9     0     0     0   -45.0  -36.689  -75.310   3956.2    626.2
     5     1    20     1     9     0     0     0   -45.0  -38.662  -70.493   1045.1    772.6
     1     1    20     1     8    23     0     1   -46.0  -36.726  -56.448     16.6   1002.9
     2     1    20     1     8    23     0     1   -46.0  -39.833  -65.707    394.7    936.3
     3     1    20     1     8    23     0     1   -46.0  -40.060  -67.012    965.8    870.7
     4     1    20     1     8    23     0     1   -46.0  -36.829  -76.010   3942.7    627.2
     5     1    20     1     8    23     0     1   -46.0  -38.333  -71.580   2101.2    667.5
     1     1    20     1     8    22     0     2   -47.0  -36.517  -56.401     18.1   1002.8
     2     1    20     1     8    22     0     2   -47.0  -39.864  -66.632    542.7    918.1
     3     1    20     1     8    22     0     2   -47.0  -40.048  -68.212   1356.4    782.0
     4     1    20     1     8    22     0     2   -47.0  -37.004  -76.701   3935.9    627.0
     5     1    20     1     8    22     0     2   -47.0  -37.988  -72.250   2007.9    738.9
     1     1    20     1     8    21     0     3   -48.0  -36.326  -56.373     21.9   1002.1
     2     1    20     1     8    21     0     3   -48.0  -39.822  -67.741    843.3    855.2
     3     1    20     1     8    21     0     3   -48.0  -39.951  -69.501   1662.7    745.7
     4     1    20     1     8    21     0     3   -48.0  -37.213  -77.381   3928.0    627.8
     5     1    20     1     8    21     0     3   -48.0  -37.742  -72.792   1691.8    795.8
     1     1    20     1     8    20     0     2   -49.0  -36.144  -56.355     28.0   1001.8
     2     1    20     1     8    20     0     2   -49.0  -39.741  -68.969   1153.2    797.8
     3     1    20     1     8    20     0     2   -49.0  -39.764  -70.774   1771.6    737.3
     4     1    20     1     8    20     0     2   -49.0  -37.460  -78.080   3939.8    625.9
     5     1    20     1     8    20     0     2   -49.0  -37.565  -73.351   1661.4    812.1
     1     1    20     1     8    19     0     1   -50.0  -35.951  -56.341     36.0   1001.4
     2     1    20     1     8    19     0     1   -50.0  -39.583  -70.173   1317.6    778.9
     3     1    20     1     8    19     0     1   -50.0  -39.447  -71.871   1971.6    700.2
     4     1    20     1     8    19     0     1   -50.0  -37.772  -78.802   3955.8    624.0
     5     1    20     1     8    19     0     1   -50.0  -37.415  -73.895   1660.5    827.7
     1     1    20     1     8    18     0     0   -51.0  -35.749  -56.331     39.2   1001.4
     2     1    20     1     8    18     0     0   -51.0  -39.325  -71.327   1538.4    723.7
     3     1    20     1     8    18     0     0   -51.0  -39.192  -72.668   1682.4    798.1
     4     1    20     1     8    18     0     0   -51.0  -38.139  -79.539   3969.9    622.2
     5     1    20     1     8    18     0     0   -51.0  -37.294  -74.418   1643.7    832.8
     1     1    20     1     8    17     0     1   -52.0  -35.557  -56.334     34.3   1002.5
     2     1    20     1     8    17     0     1   -52.0  -39.111  -72.194   1058.8    831.8
     3     1    20     1     8    17     0     1   -52.0  -39.051  -73.353   1613.0    825.6
     4     1    20     1     8    17     0     1   -52.0  -38.546  -80.294   3991.7    620.2
     5     1    20     1     8    17     0     1   -52.0  -37.191  -74.939   1634.6    833.2
     1     1    20     1     8    16     0     2   -53.0  -35.390  -56.356     26.4   1004.1
     2     1    20     1     8    16     0     2   -53.0  -39.030  -72.816    609.4    926.3
     3     1    20     1     8    16     0     2   -53.0  -38.937  -73.994   1597.9    834.9
     4     1    20     1     8    16     0     2   -53.0  -39.016  -81.067   4060.3    614.8
     5     1    20     1     8    16     0     2   -53.0  -37.108  -75.450   1637.8    833.0
     1     1    20     1     8    15     0     3   -54.0  -35.247  -56.394     20.6   1005.6
     2     1    20     1     8    15     0     3   -54.0  -39.024  -73.391    492.0    948.3
     3     1    20     1     8    15     0     3   -54.0  -38.838  -74.612   1653.8    828.7
     4     1    20     1     8    15     0     3   -54.0  -39.553  -81.855   4196.7    603.2
     5     1    20     1     8    15     0     3   -54.0  -37.054  -75.939   1664.8    830.0
     1     1    20     1     8    14     0     2   -55.0  -35.113  -56.448     17.6   1006.4
     2     1    20     1     8    14     0     2   -55.0  -39.039  -73.952    473.9    956.3
     3     1    20     1     8    14     0     2   -55.0  -38.769  -75.213   1742.5    818.1
     4     1    20     1     8    14     0     2   -55.0  -40.152  -82.661   4357.1    589.1
     5     1    20     1     8    14     0     2   -55.0  -37.032  -76.411   1719.9    824.1
     1     1    20     1     8    13     0     1   -56.0  -34.967  -56.518     16.6   1006.5
     2     1    20     1     8    13     0     1   -56.0  -39.060  -74.516    501.5    951.8
     3     1    20     1     8    13     0     1   -56.0  -38.730  -75.786   1801.3    812.0
     4     1    20     1     8    13     0     1   -56.0  -40.839  -83.457   4490.6    578.1
     5     1    20     1     8    13     0     1   -56.0  -37.035  -76.859   1791.7    816.3
     1     1    20     1     8    12     0     0   -57.0  -34.793  -56.606     17.1   1005.0
     2     1    20     1     8    12     0     0   -57.0  -39.104  -75.078    516.7    949.3
     3     1    20     1     8    12     0     0   -57.0  -38.730  -76.337   1822.8    809.4
     4     1    20     1     8    12     0     0   -57.0  -41.615  -84.255   4577.2    569.8
     5     1    20     1     8    12     0     0   -57.0  -37.065  -77.270   1860.9    809.1
     1     1    20     1     8    11     0     1   -58.0  -34.601  -56.699     19.4   1002.0
     2     1    20     1     8    11     0     1   -58.0  -39.158  -75.629    532.9    947.4
     3     1    20     1     8    11     0     1   -58.0  -38.760  -76.878   1804.3    810.7
     4     1    20     1     8    11     0     1   -58.0  -42.468  -85.058   4613.5    567.9
     5     1    20     1     8    11     0     1   -58.0  -37.113  -77.718   1914.0    802.9
     1     1    20     1     8    10     0     2   -59.0  -34.405  -56.783     24.9    998.4
     2     1    20     1     8    10     0     2   -59.0  -39.215  -76.169    565.4    942.7
     3     1    20     1     8    10     0     2   -59.0  -38.824  -77.422   1750.2    815.6
     4     1    20     1     8    10     0     2   -59.0  -43.419  -85.846   4706.2    556.4
     5     1    20     1     8    10     0     2   -59.0  -37.199  -78.207   1962.0    796.9
     1     1    20     1     8     9     0     3   -60.0  -34.211  -56.861     35.6    994.0
     2     1    20     1     8     9     0     3   -60.0  -39.295  -76.720    588.3    939.3
     3     1    20     1     8     9     0     3   -60.0  -38.941  -77.987   1676.5    822.8
     4     1    20     1     8     9     0     3   -60.0  -44.454  -86.612   4589.0    570.1
     5     1    20     1     8     9     0     3   -60.0  -37.304  -78.717   1968.7    795.3
     1     1    20     1     8     8     0     2   -61.0  -34.013  -56.927     53.7    988.5
     2     1    20     1     8     8     0     2   -61.0  -39.398  -77.281    596.9    938.2
     3     1    20     1     8     8     0     2   -61.0  -39.087  -78.563   1630.3    827.8
     4     1    20     1     8     8     0     2   -61.0  -45.523  -87.363   4664.1    559.6
     5     1    20     1     8     8     0     2   -61.0  -37.417  -79.239   1939.5    799.4
     1     1    20     1     8     7     0     1   -62.0  -33.796  -56.965     77.8    985.1
     2     1    20     1     8     7     0     1   -62.0  -39.507  -77.836    585.5    939.5
     3     1    20     1     8     7     0     1   -62.0  -39.235  -79.135   1608.1    829.9
     4     1    20     1     8     7     0     1   -62.0  -46.654  -88.117   4755.7    551.7
     5     1    20     1     8     7     0     1   -62.0  -37.543  -79.769   1947.8    799.1
     1     1    20     1     8     6     0     0   -63.0  -33.555  -56.962     98.1    983.5
     2     1    20     1     8     6     0     0   -63.0  -39.624  -78.387    577.6    941.0
     3     1    20     1     8     6     0     0   -63.0  -39.396  -79.715   1632.4    827.7
     4     1    20     1     8     6     0     0   -63.0  -47.871  -88.860   4819.0    544.8
     5     1    20     1     8     6     0     0   -63.0  -37.684  -80.306   2021.4    790.7
     1     1    20     1     8     5     0     1   -64.0  -33.327  -56.914    111.3    984.1
     2     1    20     1     8     5     0     1   -64.0  -39.767  -78.947    602.2    938.2
     3     1    20     1     8     5     0     1   -64.0  -39.590  -80.302   1692.4    820.5
     4     1    20     1     8     5     0     1   -64.0  -49.129  -89.610   4837.5    544.2
     5     1    20     1     8     5     0     1   -64.0  -37.833  -80.853   2076.8    785.1
     1     1    20     1     8     4     0     2   -65.0  -33.134  -56.823    128.3    984.0
     2     1    20     1     8     4     0     2   -65.0  -39.945  -79.514    639.5    934.6
     3     1    20     1     8     4     0     2   -65.0  -39.809  -80.885   1731.7    816.5
     4     1    20     1     8     4     0     2   -65.0  -50.444  -90.347   4881.9    539.9
     5     1    20     1     8     4     0     2   -65.0  -38.003  -81.412   2118.4    782.2
     1     1    20     1     8     3     0     3   -66.0  -32.979  -56.680    160.8    981.0
     2     1    20     1     8     3     0     3   -66.0  -40.164  -80.081    698.5    927.9
     3     1    20     1     8     3     0     3   -66.0  -40.055  -81.461   1756.2    814.8
     4     1    20     1     8     3     0     3   -66.0  -51.825  -91.158   4901.6    537.8
     5     1    20     1     8     3     0     3   -66.0  -38.198  -81.987   2163.4    777.3
     1     1    20     1     8     2     0     2   -67.0  -32.889  -56.508    199.4    975.0
     2     1    20     1     8     2     0     2   -67.0  -40.399  -80.657    751.1    920.6
     3     1    20     1     8     2     0     2   -67.0  -40.314  -82.045   1780.9    811.8
     4     1    20     1     8     2     0     2   -67.0  -53.222  -92.075   4915.3    536.7
     5     1    20     1     8     2     0     2   -67.0  -38.419  -82.576   2177.6    776.2
     1     1    20     1     8     1     0     1   -68.0  -32.880  -56.339    235.4    971.0
     2     1    20     1     8     1     0     1   -68.0  -40.626  -81.249    770.4    918.4
     3     1    20     1     8     1     0     1   -68.0  -40.572  -82.644   1810.1    808.7
     4     1    20     1     8     1     0     1   -68.0  -54.628  -93.089   4937.4    532.7
     5     1    20     1     8     1     0     1   -68.0  -38.665  -83.163   2188.4    775.4
     1     1    20     1     8     0     0     0   -69.0  -32.947  -56.184    288.7    966.0
     2     1    20     1     8     0     0     0   -69.0  -40.849  -81.862    768.9    918.1
     3     1    20     1     8     0     0     0   -69.0  -40.828  -83.260   1840.1    804.8
     4     1    20     1     8     0     0     0   -69.0  -56.008  -94.214   4880.4    537.0
     5     1    20     1     8     0     0     0   -69.0  -38.937  -83.736   2216.3    772.3
     1     1    20     1     7    23     0     1   -70.0  -33.059  -56.082    367.5    956.6
     2     1    20     1     7    23     0     1   -70.0  -41.074  -82.484    749.7    920.9
     3     1    20     1     7    23     0     1   -70.0  -41.092  -83.890   1846.3    804.5
     4     1    20     1     7    23     0     1   -70.0  -57.318  -95.442   4802.9    543.3
     5     1    20     1     7    23     0     1   -70.0  -39.228  -84.325   2251.7    769.3
     1     1    20     1     7    22     0     2   -71.0  -33.171  -56.060    426.2    949.6
     2     1    20     1     7    22     0     2   -71.0  -41.312  -83.096    739.2    922.4
     3     1    20     1     7    22     0     2   -71.0  -41.376  -84.531   1834.3    805.5
     4     1    20     1     7    22     0     2   -71.0  -58.565  -96.787   4750.5    547.2
     5     1    20     1     7    22     0     2   -71.0  -39.530  -84.974   2298.3    764.0
     1     1    20     1     7    21     0     3   -72.0  -33.281  -56.109    428.2    948.9
     2     1    20     1     7    21     0     3   -72.0  -41.564  -83.705    736.2    922.2
     3     1    20     1     7    21     0     3   -72.0  -41.674  -85.177   1779.8    810.5
     4     1    20     1     7    21     0     3   -72.0  -59.728  -98.252   4695.5    551.1
     5     1    20     1     7    21     0     3   -72.0  -39.848  -85.669   2311.3    762.4
