     9     1
    GDAS    20     1    29     0     0
    GDAS    20     2     1     0     0
    GDAS    20     2     8     0     0
    GDAS    20     2    15     0     0
    GDAS    20     2    22     0     0
    GDAS    20     2    29     0     0
    GDAS    20     3     1     0     0
    GDAS    20     3     8     0     0
    GDAS    20     3    15     0     0
     5 BACKWARD OMEGA   
    20     2    28     3  -34.572  -58.513    10.0
    20     2    28     3  -34.572  -58.513   200.0
    20     2    28     3  -34.572  -58.513   500.0
    20     2    28     3  -34.572  -58.513  1000.0
    20     2    28     3  -34.572  -58.513  2000.0
     1 PRESSURE
     1     1    20     2    28     3     0     3     0.0  -34.572  -58.513     10.0   1007.1
     2     1    20     2    28     3     0     3     0.0  -34.572  -58.513    200.0    987.1
     3     1    20     2    28     3     0     3     0.0  -34.572  -58.513    500.0    953.8
     4     1    20     2    28     3     0     3     0.0  -34.572  -58.513   1000.0    900.2
     5     1    20     2    28     3     0     3     0.0  -34.572  -58.513   2000.0    800.1
     1     1    20     2    28     2     0     2    -1.0  -34.484  -58.544     13.4   1007.1
     2     1    20     2    28     2     0     2    -1.0  -34.413  -58.601    241.0    983.3
     3     1    20     2    28     2     0     2    -1.0  -34.405  -58.615    589.2    946.0
     4     1    20     2    28     2     0     2    -1.0  -34.461  -58.609   1129.2    890.9
     5     1    20     2    28     2     0     2    -1.0  -34.621  -58.559   2158.5    786.1
     1     1    20     2    28     1     0     1    -2.0  -34.411  -58.564     19.1   1006.6
     2     1    20     2    28     1     0     1    -2.0  -34.293  -58.670    303.9    976.7
     3     1    20     2    28     1     0     1    -2.0  -34.286  -58.690    740.0    931.8
     4     1    20     2    28     1     0     1    -2.0  -34.389  -58.676   1353.3    869.2
     5     1    20     2    28     1     0     1    -2.0  -34.713  -58.602   2326.2    770.1
     1     1    20     2    28     0     0     0    -3.0  -34.353  -58.573     28.6   1005.7
     2     1    20     2    28     0     0     0    -3.0  -34.209  -58.726    405.4    966.6
     3     1    20     2    28     0     0     0    -3.0  -34.209  -58.735   1013.1    906.7
     4     1    20     2    28     0     0     0    -3.0  -34.359  -58.716   1653.2    836.0
     5     1    20     2    28     0     0     0    -3.0  -34.849  -58.658   2507.5    754.3
     1     1    20     2    27    23     0     1    -4.0  -34.303  -58.586     34.0   1003.6
     2     1    20     2    27    23     0     1    -4.0  -34.144  -58.776    486.2    949.5
     3     1    20     2    27    23     0     1    -4.0  -34.164  -58.758   1259.3    861.7
     4     1    20     2    27    23     0     1    -4.0  -34.360  -58.745   1868.7    803.2
     5     1    20     2    27    23     0     1    -4.0  -35.025  -58.762   2725.3    736.1
     1     1    20     2    27    22     0     2    -5.0  -34.257  -58.612     24.5   1003.8
     2     1    20     2    27    22     0     2    -5.0  -34.087  -58.825    430.1    953.0
     3     1    20     2    27    22     0     2    -5.0  -34.124  -58.781   1253.7    859.9
     4     1    20     2    27    22     0     2    -5.0  -34.365  -58.787   1952.9    800.0
     5     1    20     2    27    22     0     2    -5.0  -35.220  -58.941   2929.5    712.8
     1     1    20     2    27    21     0     3    -6.0  -34.215  -58.650      8.3   1005.9
     2     1    20     2    27    21     0     3    -6.0  -34.033  -58.878    277.2    974.8
     3     1    20     2    27    21     0     3    -6.0  -34.078  -58.815    956.9    889.0
     4     1    20     2    27    21     0     3    -6.0  -34.364  -58.851   1947.1    801.6
     5     1    20     2    27    21     0     3    -6.0  -35.404  -59.189   3087.7    698.8
     1     1    20     2    27    20     0     2    -7.0  -34.171  -58.691      0.0   1006.7
     2     1    20     2    27    20     0     2    -7.0  -33.983  -58.925    169.9    997.6
     3     1    20     2    27    20     0     2    -7.0  -34.027  -58.857    616.8    951.3
     4     1    20     2    27    20     0     2    -7.0  -34.351  -58.916   1883.7    811.8
     5     1    20     2    27    20     0     2    -7.0  -35.571  -59.459   3195.0    688.5
     1     1    20     2    27    19     0     1    -8.0  -34.125  -58.724      0.0   1007.4
     2     1    20     2    27    19     0     1    -8.0  -33.934  -58.952    117.5   1000.2
     3     1    20     2    27    19     0     1    -8.0  -33.974  -58.887    412.3    973.2
     4     1    20     2    27    19     0     1    -8.0  -34.326  -58.961   1817.0    819.6
     5     1    20     2    27    19     0     1    -8.0  -35.728  -59.730   3264.6    681.7
     1     1    20     2    27    18     0     0    -9.0  -34.074  -58.746      0.0   1008.0
     2     1    20     2    27    18     0     0    -9.0  -33.884  -58.961     92.9   1001.7
     3     1    20     2    27    18     0     0    -9.0  -33.918  -58.899    302.6    982.6
     4     1    20     2    27    18     0     0    -9.0  -34.291  -58.986   1767.4    825.7
     5     1    20     2    27    18     0     0    -9.0  -35.873  -60.018   3308.4    675.7
     1     1    20     2    27    17     0     1   -10.0  -34.020  -58.761      0.0   1009.3
     2     1    20     2    27    17     0     1   -10.0  -33.832  -58.960     79.8   1003.1
     3     1    20     2    27    17     0     1   -10.0  -33.861  -58.901    242.0    986.7
     4     1    20     2    27    17     0     1   -10.0  -34.254  -58.984   1742.6    827.8
     5     1    20     2    27    17     0     1   -10.0  -36.017  -60.306   3342.4    672.8
     1     1    20     2    27    16     0     2   -11.0  -33.961  -58.772      0.0   1010.6
     2     1    20     2    27    16     0     2   -11.0  -33.779  -58.957     72.4   1004.7
     3     1    20     2    27    16     0     2   -11.0  -33.801  -58.901    207.4    990.3
     4     1    20     2    27    16     0     2   -11.0  -34.222  -58.953   1737.5    828.3
     5     1    20     2    27    16     0     2   -11.0  -36.162  -60.571   3373.6    669.0
     1     1    20     2    27    15     0     3   -12.0  -33.899  -58.781      0.0   1011.8
     2     1    20     2    27    15     0     3   -12.0  -33.723  -58.952     68.9   1005.9
     3     1    20     2    27    15     0     3   -12.0  -33.738  -58.897    189.6    992.4
     4     1    20     2    27    15     0     3   -12.0  -34.198  -58.893   1757.0    826.4
     5     1    20     2    27    15     0     3   -12.0  -36.294  -60.824   3399.4    666.2
     1     1    20     2    27    14     0     2   -13.0  -33.835  -58.786      0.0   1012.0
     2     1    20     2    27    14     0     2   -13.0  -33.664  -58.943     68.4   1005.9
     3     1    20     2    27    14     0     2   -13.0  -33.670  -58.887    183.5    992.9
     4     1    20     2    27    14     0     2   -13.0  -34.195  -58.810   1796.2    820.9
     5     1    20     2    27    14     0     2   -13.0  -36.417  -61.062   3421.6    664.1
     1     1    20     2    27    13     0     1   -14.0  -33.771  -58.783      0.0   1012.1
     2     1    20     2    27    13     0     1   -14.0  -33.602  -58.926     70.4   1005.6
     3     1    20     2    27    13     0     1   -14.0  -33.594  -58.869    186.0    992.5
     4     1    20     2    27    13     0     1   -14.0  -34.221  -58.721   1847.7    815.4
     5     1    20     2    27    13     0     1   -14.0  -36.547  -61.279   3440.3    661.5
     1     1    20     2    27    12     0     0   -15.0  -33.709  -58.772      0.9   1012.2
     2     1    20     2    27    12     0     0   -15.0  -33.537  -58.899     74.9   1005.0
     3     1    20     2    27    12     0     0   -15.0  -33.512  -58.840    196.4    991.2
     4     1    20     2    27    12     0     0   -15.0  -34.276  -58.631   1917.6    808.2
     5     1    20     2    27    12     0     0   -15.0  -36.689  -61.475   3451.2    659.5
     1     1    20     2    27    11     0     1   -16.0  -33.647  -58.756      2.1   1011.1
     2     1    20     2    27    11     0     1   -16.0  -33.466  -58.866     80.2   1003.5
     3     1    20     2    27    11     0     1   -16.0  -33.419  -58.797    209.1    988.9
     4     1    20     2    27    11     0     1   -16.0  -34.355  -58.544   1996.0    798.6
     5     1    20     2    27    11     0     1   -16.0  -36.846  -61.657   3451.4    658.4
     1     1    20     2    27    10     0     2   -17.0  -33.587  -58.738      3.4   1010.1
     2     1    20     2    27    10     0     2   -17.0  -33.387  -58.826     84.6   1002.4
     3     1    20     2    27    10     0     2   -17.0  -33.313  -58.736    218.3    987.8
     4     1    20     2    27    10     0     2   -17.0  -34.448  -58.462   2064.5    791.4
     5     1    20     2    27    10     0     2   -17.0  -37.024  -61.835   3443.9    657.9
     1     1    20     2    27     9     0     3   -18.0  -33.527  -58.719      4.6   1009.1
     2     1    20     2    27     9     0     3   -18.0  -33.298  -58.775     88.6   1001.6
     3     1    20     2    27     9     0     3   -18.0  -33.190  -58.651    225.6    987.1
     4     1    20     2    27     9     0     3   -18.0  -34.558  -58.391   2116.7    786.1
     5     1    20     2    27     9     0     3   -18.0  -37.226  -62.008   3443.6    653.7
     1     1    20     2    27     8     0     2   -19.0  -33.468  -58.691      5.9   1009.2
     2     1    20     2    27     8     0     2   -19.0  -33.207  -58.697     94.9   1001.3
     3     1    20     2    27     8     0     2   -19.0  -33.065  -58.516    237.4    986.7
     4     1    20     2    27     8     0     2   -19.0  -34.682  -58.327   2159.1    783.5
     5     1    20     2    27     8     0     2   -19.0  -37.462  -62.181   3472.9    646.7
     1     1    20     2    27     7     0     1   -20.0  -33.410  -58.645      7.5   1009.4
     2     1    20     2    27     7     0     1   -20.0  -33.122  -58.574    106.6   1000.6
     3     1    20     2    27     7     0     1   -20.0  -32.959  -58.315    259.6    984.8
     4     1    20     2    27     7     0     1   -20.0  -34.813  -58.261   2207.3    780.1
     5     1    20     2    27     7     0     1   -20.0  -37.734  -62.373   3525.1    638.9
     1     1    20     2    27     6     0     0   -21.0  -33.356  -58.579      9.3   1009.6
     2     1    20     2    27     6     0     0   -21.0  -33.046  -58.400    124.2    999.5
     3     1    20     2    27     6     0     0   -21.0  -32.878  -58.054    290.2    981.0
     4     1    20     2    27     6     0     0   -21.0  -34.945  -58.191   2271.6    775.3
     5     1    20     2    27     6     0     0   -21.0  -38.036  -62.613   3587.3    634.0
     1     1    20     2    27     5     0     1   -22.0  -33.317  -58.497     11.7   1009.6
     2     1    20     2    27     5     0     1   -22.0  -32.999  -58.184    146.1    997.9
     3     1    20     2    27     5     0     1   -22.0  -32.843  -57.769    323.9    974.2
     4     1    20     2    27     5     0     1   -22.0  -35.112  -58.140   2344.2    767.9
     5     1    20     2    27     5     0     1   -22.0  -38.343  -62.879   3647.0    640.2
     1     1    20     2    27     4     0     2   -23.0  -33.304  -58.400     16.1   1009.2
     2     1    20     2    27     4     0     2   -23.0  -33.006  -57.939    171.4    994.1
     3     1    20     2    27     4     0     2   -23.0  -32.878  -57.488    350.1    967.5
     4     1    20     2    27     4     0     2   -23.0  -35.347  -58.142   2412.7    761.1
     5     1    20     2    27     4     0     2   -23.0  -38.623  -63.135   3670.9    644.9
     1     1    20     2    27     3     0     3   -24.0  -33.320  -58.283     25.0   1008.3
     2     1    20     2    27     3     0     3   -24.0  -33.079  -57.667    194.9    987.3
     3     1    20     2    27     3     0     3   -24.0  -32.997  -57.210    356.8    964.1
     4     1    20     2    27     3     0     3   -24.0  -35.629  -58.203   2478.3    755.2
     5     1    20     2    27     3     0     3   -24.0  -38.859  -63.383   3661.1    648.2
     1     1    20     2    27     2     0     2   -25.0  -33.366  -58.155     39.8   1005.6
     2     1    20     2    27     2     0     2   -25.0  -33.219  -57.404    208.0    981.1
     3     1    20     2    27     2     0     2   -25.0  -33.184  -56.939    353.4    962.3
     4     1    20     2    27     2     0     2   -25.0  -35.948  -58.322   2560.0    748.7
     5     1    20     2    27     2     0     2   -25.0  -39.067  -63.624   3647.0    651.5
     1     1    20     2    27     1     0     1   -26.0  -33.447  -58.029     58.4   1002.3
     2     1    20     2    27     1     0     1   -26.0  -33.414  -57.174    216.3    977.4
     3     1    20     2    27     1     0     1   -26.0  -33.413  -56.705    376.4    960.9
     4     1    20     2    27     1     0     1   -26.0  -36.289  -58.498   2656.7    737.2
     5     1    20     2    27     1     0     1   -26.0  -39.291  -63.853   3638.9    648.7
     1     1    20     2    27     0     0     0   -27.0  -33.569  -57.902     78.8    997.3
     2     1    20     2    27     0     0     0   -27.0  -33.658  -56.963    238.7    972.9
     3     1    20     2    27     0     0     0   -27.0  -33.677  -56.527    447.6    953.0
     4     1    20     2    27     0     0     0   -27.0  -36.597  -58.724   2711.2    726.9
     5     1    20     2    27     0     0     0   -27.0  -39.541  -64.061   3620.6    648.9
     1     1    20     2    26    23     0     1   -28.0  -33.716  -57.790    104.6    992.6
     2     1    20     2    26    23     0     1   -28.0  -33.918  -56.809    284.3    966.5
     3     1    20     2    26    23     0     1   -28.0  -33.944  -56.445    536.1    938.6
     4     1    20     2    26    23     0     1   -28.0  -36.839  -58.974   2667.9    725.5
     5     1    20     2    26    23     0     1   -28.0  -39.803  -64.264   3595.7    650.5
     1     1    20     2    26    22     0     2   -29.0  -33.876  -57.718    144.4    986.6
     2     1    20     2    26    22     0     2   -29.0  -34.151  -56.741    341.6    960.8
     3     1    20     2    26    22     0     2   -29.0  -34.186  -56.440    620.0    932.6
     4     1    20     2    26    22     0     2   -29.0  -37.042  -59.220   2534.9    736.9
     5     1    20     2    26    22     0     2   -29.0  -40.061  -64.480   3570.8    653.6
     1     1    20     2    26    21     0     3   -30.0  -34.050  -57.693    208.4    978.2
     2     1    20     2    26    21     0     3   -30.0  -34.356  -56.718    405.5    957.5
     3     1    20     2    26    21     0     3   -30.0  -34.410  -56.465    716.0    925.5
     4     1    20     2    26    21     0     3   -30.0  -37.241  -59.460   2399.8    749.8
     5     1    20     2    26    21     0     3   -30.0  -40.318  -64.710   3540.5    656.8
     1     1    20     2    26    20     0     2   -31.0  -34.217  -57.679    277.4    969.9
     2     1    20     2    26    20     0     2   -31.0  -34.531  -56.704    482.0    951.9
     3     1    20     2    26    20     0     2   -31.0  -34.609  -56.508    823.7    915.2
     4     1    20     2    26    20     0     2   -31.0  -37.436  -59.699   2302.8    754.8
     5     1    20     2    26    20     0     2   -31.0  -40.568  -64.965   3497.8    662.5
     1     1    20     2    26    19     0     1   -32.0  -34.367  -57.655    314.6    966.7
     2     1    20     2    26    19     0     1   -32.0  -34.678  -56.698    570.7    944.1
     3     1    20     2    26    19     0     1   -32.0  -34.777  -56.585    931.8    905.8
     4     1    20     2    26    19     0     1   -32.0  -37.623  -59.933   2217.9    759.4
     5     1    20     2    26    19     0     1   -32.0  -40.816  -65.231   3442.2    663.2
     1     1    20     2    26    18     0     0   -33.0  -34.512  -57.628    315.3    968.6
     2     1    20     2    26    18     0     0   -33.0  -34.799  -56.715    670.0    935.0
     3     1    20     2    26    18     0     0   -33.0  -34.925  -56.705   1047.8    895.5
     4     1    20     2    26    18     0     0   -33.0  -37.805  -60.169   2184.9    766.7
     5     1    20     2    26    18     0     0   -33.0  -41.076  -65.491   3384.2    661.2
     1     1    20     2    26    17     0     1   -34.0  -34.641  -57.606    286.4    974.4
     2     1    20     2    26    17     0     1   -34.0  -34.911  -56.767    781.0    924.6
     3     1    20     2    26    17     0     1   -34.0  -35.085  -56.853   1180.7    883.3
     4     1    20     2    26    17     0     1   -34.0  -37.996  -60.410   2173.5    760.4
     5     1    20     2    26    17     0     1   -34.0  -41.339  -65.755   3339.2    657.2
     1     1    20     2    26    16     0     2   -35.0  -34.740  -57.601    246.9    982.1
     2     1    20     2    26    16     0     2   -35.0  -35.041  -56.859    915.1    912.1
     3     1    20     2    26    16     0     2   -35.0  -35.277  -57.012   1320.1    867.1
     4     1    20     2    26    16     0     2   -35.0  -38.203  -60.656   2073.2    771.0
     5     1    20     2    26    16     0     2   -35.0  -41.595  -66.034   3305.8    649.5
     1     1    20     2    26    15     0     3   -36.0  -34.814  -57.621    212.0    987.7
     2     1    20     2    26    15     0     3   -36.0  -35.202  -56.991   1062.5    895.0
     3     1    20     2    26    15     0     3   -36.0  -35.499  -57.155   1436.3    853.6
     4     1    20     2    26    15     0     3   -36.0  -38.414  -60.907   1779.5    797.8
     5     1    20     2    26    15     0     3   -36.0  -41.853  -66.325   3281.0    644.2
     1     1    20     2    26    14     0     2   -37.0  -34.864  -57.647    183.8    991.4
     2     1    20     2    26    14     0     2   -37.0  -35.371  -57.162   1170.3    878.9
     3     1    20     2    26    14     0     2   -37.0  -35.738  -57.297   1506.8    845.3
     4     1    20     2    26    14     0     2   -37.0  -38.617  -61.185   1450.6    855.9
     5     1    20     2    26    14     0     2   -37.0  -42.131  -66.617   3301.8    642.9
     1     1    20     2    26    13     0     1   -38.0  -34.885  -57.658    159.0    994.5
     2     1    20     2    26    13     0     1   -38.0  -35.522  -57.360   1211.0    876.0
     3     1    20     2    26    13     0     1   -38.0  -35.972  -57.482   1543.0    843.3
     4     1    20     2    26    13     0     1   -38.0  -38.815  -61.494   1296.1    873.3
     5     1    20     2    26    13     0     1   -38.0  -42.433  -66.900   3397.7    643.2
     1     1    20     2    26    12     0     0   -39.0  -34.877  -57.654    134.3    997.3
     2     1    20     2    26    12     0     0   -39.0  -35.661  -57.580   1213.0    877.3
     3     1    20     2    26    12     0     0   -39.0  -36.207  -57.697   1580.8    840.8
     4     1    20     2    26    12     0     0   -39.0  -39.002  -61.837   1213.0    878.8
     5     1    20     2    26    12     0     0   -39.0  -42.753  -67.183   3505.6    635.3
     1     1    20     2    26    11     0     1   -40.0  -34.858  -57.633    113.0    999.2
     2     1    20     2    26    11     0     1   -40.0  -35.801  -57.784   1209.0    879.4
     3     1    20     2    26    11     0     1   -40.0  -36.459  -57.887   1627.6    835.0
     4     1    20     2    26    11     0     1   -40.0  -39.180  -62.193   1136.6    889.3
     5     1    20     2    26    11     0     1   -40.0  -43.091  -67.471   3559.6    624.6
     1     1    20     2    26    10     0     2   -41.0  -34.849  -57.592     98.2   1000.2
     2     1    20     2    26    10     0     2   -41.0  -35.944  -57.952   1203.6    878.6
     3     1    20     2    26    10     0     2   -41.0  -36.726  -58.044   1662.4    829.6
     4     1    20     2    26    10     0     2   -41.0  -39.347  -62.534   1095.6    893.2
     5     1    20     2    26    10     0     2   -41.0  -43.442  -67.766   3592.4    617.1
     1     1    20     2    26     9     0     3   -42.0  -34.850  -57.532     89.5   1000.7
     2     1    20     2    26     9     0     3   -42.0  -36.082  -58.094   1188.7    880.1
     3     1    20     2    26     9     0     3   -42.0  -37.000  -58.203   1668.0    826.5
     4     1    20     2    26     9     0     3   -42.0  -39.498  -62.863   1077.2    893.8
     5     1    20     2    26     9     0     3   -42.0  -43.778  -68.059   3664.4    612.3
     1     1    20     2    26     8     0     2   -43.0  -34.840  -57.452     81.9   1000.7
     2     1    20     2    26     8     0     2   -43.0  -36.206  -58.207   1179.9    882.2
     3     1    20     2    26     8     0     2   -43.0  -37.295  -58.390   1676.9    824.3
     4     1    20     2    26     8     0     2   -43.0  -39.639  -63.174   1070.2    892.9
     5     1    20     2    26     8     0     2   -43.0  -44.112  -68.341   3723.3    609.8
     1     1    20     2    26     7     0     1   -44.0  -34.802  -57.355     72.7   1001.1
     2     1    20     2    26     7     0     1   -44.0  -36.315  -58.298   1189.2    880.4
     3     1    20     2    26     7     0     1   -44.0  -37.631  -58.605   1727.6    814.0
     4     1    20     2    26     7     0     1   -44.0  -39.787  -63.453   1078.2    889.8
     5     1    20     2    26     7     0     1   -44.0  -44.467  -68.616   3704.1    608.4
     1     1    20     2    26     6     0     0   -45.0  -34.741  -57.234     63.4   1001.2
     2     1    20     2    26     6     0     0   -45.0  -36.409  -58.388   1217.3    876.8
     3     1    20     2    26     6     0     0   -45.0  -38.042  -58.797   1814.7    801.7
     4     1    20     2    26     6     0     0   -45.0  -39.958  -63.700   1102.2    884.6
     5     1    20     2    26     6     0     0   -45.0  -44.844  -68.873   3650.8    614.7
     1     1    20     2    26     5     0     1   -46.0  -34.676  -57.076     55.6   1001.0
     2     1    20     2    26     5     0     1   -46.0  -36.497  -58.471   1236.5    870.9
     3     1    20     2    26     5     0     1   -46.0  -38.490  -59.037   1853.9    797.1
     4     1    20     2    26     5     0     1   -46.0  -40.154  -63.924   1122.9    880.1
     5     1    20     2    26     5     0     1   -46.0  -45.251  -69.126   3641.8    616.8
     1     1    20     2    26     4     0     2   -47.0  -34.622  -56.869     48.4   1000.6
     2     1    20     2    26     4     0     2   -47.0  -36.585  -58.518   1219.4    872.1
     3     1    20     2    26     4     0     2   -47.0  -38.973  -59.324   1865.1    812.2
     4     1    20     2    26     4     0     2   -47.0  -40.351  -64.135   1122.8    881.2
     5     1    20     2    26     4     0     2   -47.0  -45.700  -69.411   3709.4    609.6
     1     1    20     2    26     3     0     3   -48.0  -34.584  -56.630     41.5   1001.2
     2     1    20     2    26     3     0     3   -48.0  -36.676  -58.519   1168.2    877.6
     3     1    20     2    26     3     0     3   -48.0  -39.538  -59.631   1901.8    805.0
     4     1    20     2    26     3     0     3   -48.0  -40.538  -64.323   1108.1    885.7
     5     1    20     2    26     3     0     3   -48.0  -46.187  -69.750   3735.3    595.8
     1     1    20     2    26     2     0     2   -49.0  -34.572  -56.392     37.3   1002.3
     2     1    20     2    26     2     0     2   -49.0  -36.777  -58.469   1111.6    885.7
     3     1    20     2    26     2     0     2   -49.0  -40.138  -60.016   1925.7    802.4
     4     1    20     2    26     2     0     2   -49.0  -40.728  -64.500   1104.6    889.2
     5     1    20     2    26     2     0     2   -49.0  -46.695  -70.090   3512.5    592.5
     1     1    20     2    26     1     0     1   -50.0  -34.593  -56.168     35.9   1003.2
     2     1    20     2    26     1     0     1   -50.0  -36.902  -58.371   1072.0    889.8
     3     1    20     2    26     1     0     1   -50.0  -40.738  -60.460   1990.0    800.3
     4     1    20     2    26     1     0     1   -50.0  -40.946  -64.698   1131.0    887.7
     5     1    20     2    26     1     0     1   -50.0  -47.217  -70.424   3182.6    619.4
     1     1    20     2    26     0     0     0   -51.0  -34.650  -55.944     34.8   1004.0
     2     1    20     2    26     0     0     0   -51.0  -37.048  -58.223   1054.8    891.9
     3     1    20     2    26     0     0     0   -51.0  -41.364  -60.979   2135.7    784.3
     4     1    20     2    26     0     0     0   -51.0  -41.205  -64.938   1162.4    882.1
     5     1    20     2    26     0     0     0   -51.0  -47.744  -70.807   2982.7    643.2
     1     1    20     2    25    23     0     1   -52.0  -34.749  -55.742     33.3   1004.1
     2     1    20     2    25    23     0     1   -52.0  -37.202  -58.129   1045.8    889.0
     3     1    20     2    25    23     0     1   -52.0  -42.002  -61.600   2195.1    762.9
     4     1    20     2    25    23     0     1   -52.0  -41.446  -65.185   1205.6    874.2
     5     1    20     2    25    23     0     1   -52.0  -48.270  -71.258   2856.1    653.8
     1     1    20     2    25    22     0     2   -53.0  -34.890  -55.583     32.1   1005.5
     2     1    20     2    25    22     0     2   -53.0  -37.357  -58.140   1044.2    888.7
     3     1    20     2    25    22     0     2   -53.0  -42.616  -62.244   2165.7    782.5
     4     1    20     2    25    22     0     2   -53.0  -41.668  -65.437   1328.1    852.9
     5     1    20     2    25    22     0     2   -53.0  -48.857  -71.819   2818.2    647.2
     1     1    20     2    25    21     0     3   -54.0  -35.069  -55.465     31.6   1006.9
     2     1    20     2    25    21     0     3   -54.0  -37.499  -58.236   1098.0    882.4
     3     1    20     2    25    21     0     3   -54.0  -43.216  -62.902   2230.5    774.4
     4     1    20     2    25    21     0     3   -54.0  -41.905  -65.706   1554.4    819.7
     5     1    20     2    25    21     0     3   -54.0  -49.492  -72.605   3075.3    632.3
     1     1    20     2    25    20     0     2   -55.0  -35.275  -55.391     31.4   1006.9
     2     1    20     2    25    20     0     2   -55.0  -37.622  -58.396   1105.0    873.1
     3     1    20     2    25    20     0     2   -55.0  -43.777  -63.524   2302.5    762.9
     4     1    20     2    25    20     0     2   -55.0  -42.161  -65.972   1786.0    782.8
     5     1    20     2    25    20     0     2   -55.0  -50.132  -73.691   3729.6    582.2
     1     1    20     2    25    19     0     1   -56.0  -35.494  -55.356     31.6   1006.9
     2     1    20     2    25    19     0     1   -56.0  -37.754  -58.547    918.5    890.7
     3     1    20     2    25    19     0     1   -56.0  -44.322  -64.099   2336.6    761.1
     4     1    20     2    25    19     0     1   -56.0  -42.419  -66.221   1892.9    775.3
     5     1    20     2    25    19     0     1   -56.0  -50.689  -74.728   3848.4    622.5
     1     1    20     2    25    18     0     0   -57.0  -35.724  -55.348     32.5   1006.8
     2     1    20     2    25    18     0     0   -57.0  -37.900  -58.674    565.4    928.5
     3     1    20     2    25    18     0     0   -57.0  -44.878  -64.634   2395.7    754.1
     4     1    20     2    25    18     0     0   -57.0  -42.671  -66.476   1933.0    779.7
     5     1    20     2    25    18     0     0   -57.0  -51.170  -75.723   3887.5    626.6
     1     1    20     2    25    17     0     1   -58.0  -35.963  -55.364     33.7   1006.4
     2     1    20     2    25    17     0     1   -58.0  -38.055  -58.777    280.8    965.1
     3     1    20     2    25    17     0     1   -58.0  -45.469  -65.111   2457.5    749.4
     4     1    20     2    25    17     0     1   -58.0  -42.928  -66.735   1982.7    785.5
     5     1    20     2    25    17     0     1   -58.0  -51.594  -76.626   3828.9    634.5
     1     1    20     2    25    16     0     2   -59.0  -36.213  -55.414     35.2   1006.0
     2     1    20     2    25    16     0     2   -59.0  -38.201  -58.872    160.2    979.7
     3     1    20     2    25    16     0     2   -59.0  -46.108  -65.542   2568.0    737.0
     4     1    20     2    25    16     0     2   -59.0  -43.200  -66.997   2027.3    781.7
     5     1    20     2    25    16     0     2   -59.0  -51.984  -77.568   3747.8    640.4
     1     1    20     2    25    15     0     3   -60.0  -36.476  -55.489     37.2   1005.6
     2     1    20     2    25    15     0     3   -60.0  -38.324  -58.963    110.1    986.8
     3     1    20     2    25    15     0     3   -60.0  -46.753  -66.030   2624.6    730.9
     4     1    20     2    25    15     0     3   -60.0  -43.494  -67.290   2034.7    763.9
     5     1    20     2    25    15     0     3   -60.0  -52.358  -78.548   3668.6    648.4
     1     1    20     2    25    14     0     2   -61.0  -36.748  -55.575     38.4   1004.9
     2     1    20     2    25    14     0     2   -61.0  -38.443  -59.048     85.4    991.2
     3     1    20     2    25    14     0     2   -61.0  -47.442  -66.546   2604.5    724.9
     4     1    20     2    25    14     0     2   -61.0  -43.802  -67.619   2046.2    754.3
     5     1    20     2    25    14     0     2   -61.0  -52.716  -79.619   3647.8    648.6
     1     1    20     2    25    13     0     1   -62.0  -37.025  -55.686     36.2   1004.7
     2     1    20     2    25    13     0     1   -62.0  -38.584  -59.128     74.2    994.7
     3     1    20     2    25    13     0     1   -62.0  -48.155  -67.115   2605.9    720.7
     4     1    20     2    25    13     0     1   -62.0  -44.107  -67.956   2059.1    750.5
     5     1    20     2    25    13     0     1   -62.0  -53.053  -80.723   3631.6    649.7
     1     1    20     2    25    12     0     0   -63.0  -37.303  -55.826     30.9   1005.3
     2     1    20     2    25    12     0     0   -63.0  -38.753  -59.198     74.9    997.4
     3     1    20     2    25    12     0     0   -63.0  -48.825  -67.770   2587.3    717.0
     4     1    20     2    25    12     0     0   -63.0  -44.420  -68.301   2068.7    746.4
     5     1    20     2    25    12     0     0   -63.0  -53.351  -81.850   3653.5    648.7
     1     1    20     2    25    11     0     1   -64.0  -37.567  -55.985     25.7   1005.0
     2     1    20     2    25    11     0     1   -64.0  -38.945  -59.275     80.5    998.8
     3     1    20     2    25    11     0     1   -64.0  -49.472  -68.460   2509.5    726.8
     4     1    20     2    25    11     0     1   -64.0  -44.731  -68.653   2101.8    740.6
     5     1    20     2    25    11     0     1   -64.0  -53.597  -83.023   3696.0    644.0
     1     1    20     2    25    10     0     2   -65.0  -37.804  -56.181     20.6   1004.3
     2     1    20     2    25    10     0     2   -65.0  -39.164  -59.377     78.2    998.9
     3     1    20     2    25    10     0     2   -65.0  -50.113  -69.102   2391.3    740.9
     4     1    20     2    25    10     0     2   -65.0  -45.041  -68.994   2133.0    736.6
     5     1    20     2    25    10     0     2   -65.0  -53.798  -84.241   3718.2    642.8
     1     1    20     2    25     9     0     3   -66.0  -38.027  -56.439     14.1   1003.8
     2     1    20     2    25     9     0     3   -66.0  -39.413  -59.507     68.3    999.3
     3     1    20     2    25     9     0     3   -66.0  -50.704  -69.723   2337.5    738.8
     4     1    20     2    25     9     0     3   -66.0  -45.368  -69.330   2181.3    729.0
     5     1    20     2    25     9     0     3   -66.0  -53.987  -85.509   3745.8    639.8
     1     1    20     2    25     8     0     2   -67.0  -38.247  -56.719     10.1   1004.4
     2     1    20     2    25     8     0     2   -67.0  -39.678  -59.657     61.2    999.8
     3     1    20     2    25     8     0     2   -67.0  -51.260  -70.375   2353.0    732.2
     4     1    20     2    25     8     0     2   -67.0  -45.721  -69.653   2241.6    720.9
     5     1    20     2    25     8     0     2   -67.0  -54.086  -86.809   3745.6    641.2
     1     1    20     2    25     7     0     1   -68.0  -38.449  -56.996      8.7   1004.4
     2     1    20     2    25     7     0     1   -68.0  -39.935  -59.825     59.5    999.2
     3     1    20     2    25     7     0     1   -68.0  -51.851  -71.123   2371.4    731.9
     4     1    20     2    25     7     0     1   -68.0  -46.114  -69.944   2279.2    714.0
     5     1    20     2    25     7     0     1   -68.0  -54.130  -88.130   3789.6    637.1
     1     1    20     2    25     6     0     0   -69.0  -38.622  -57.287      8.6   1002.5
     2     1    20     2    25     6     0     0   -69.0  -40.169  -60.007     57.9    998.5
     3     1    20     2    25     6     0     0   -69.0  -52.432  -71.959   2523.1    715.2
     4     1    20     2    25     6     0     0   -69.0  -46.584  -70.227   2260.3    696.3
     5     1    20     2    25     6     0     0   -69.0  -54.130  -89.518   3821.5    634.7
     1     1    20     2    25     5     0     1   -70.0  -38.785  -57.594      9.2   1002.3
     2     1    20     2    25     5     0     1   -70.0  -40.407  -60.205     54.9    999.0
     3     1    20     2    25     5     0     1   -70.0  -52.979  -72.859   2634.7    691.2
     4     1    20     2    25     5     0     1   -70.0  -47.126  -70.510   2131.3    690.6
     5     1    20     2    25     5     0     1   -70.0  -54.036  -90.881   3849.7    631.9
     1     1    20     2    25     4     0     2   -71.0  -38.977  -57.942     10.5   1003.7
     2     1    20     2    25     4     0     2   -71.0  -40.681  -60.421     56.3    998.7
     3     1    20     2    25     4     0     2   -71.0  -53.444  -73.720   2680.0    710.8
     4     1    20     2    25     4     0     2   -71.0  -47.661  -70.796   1944.7    717.0
     5     1    20     2    25     4     0     2   -71.0  -53.868  -92.239   3853.1    632.7
     1     1    20     2    25     3     0     3   -72.0  -39.198  -58.363     12.6   1003.1
     2     1    20     2    25     3     0     3   -72.0  -40.999  -60.621     65.7    996.8
     3     1    20     2    25     3     0     3   -72.0  -53.880  -74.468   2648.5    724.9
     4     1    20     2    25     3     0     3   -72.0  -48.133  -71.099   1705.5    750.6
     5     1    20     2    25     3     0     3   -72.0  -53.658  -93.570   3877.9    630.0
