     7     1
    GDAS    19    11    29     0     0
    GDAS    19    12     1     0     0
    GDAS    19    12     8     0     0
    GDAS    19    12    15     0     0
    GDAS    19    12    22     0     0
    GDAS    19    12    29     0     0
    GDAS    20     1     1     0     0
     5 BACKWARD OMEGA   
    19    12    17    21  -34.572  -58.513    10.0
    19    12    17    21  -34.572  -58.513   200.0
    19    12    17    21  -34.572  -58.513   500.0
    19    12    17    21  -34.572  -58.513  1000.0
    19    12    17    21  -34.572  -58.513  2000.0
     1 PRESSURE
     1     1    19    12    17    21     0     3     0.0  -34.572  -58.513     10.0   1006.1
     2     1    19    12    17    21     0     3     0.0  -34.572  -58.513    200.0    985.8
     3     1    19    12    17    21     0     3     0.0  -34.572  -58.513    500.0    952.5
     4     1    19    12    17    21     0     3     0.0  -34.572  -58.513   1000.0    898.9
     5     1    19    12    17    21     0     3     0.0  -34.572  -58.513   2000.0    798.7
     1     1    19    12    17    20     0     2    -1.0  -34.569  -58.374     10.2   1006.3
     2     1    19    12    17    20     0     2    -1.0  -34.563  -58.334    210.3    984.0
     3     1    19    12    17    20     0     2    -1.0  -34.551  -58.345    538.5    947.1
     4     1    19    12    17    20     0     2    -1.0  -34.536  -58.433   1053.6    892.6
     5     1    19    12    17    20     0     2    -1.0  -34.546  -58.575   2021.6    797.8
     1     1    19    12    17    19     0     1    -2.0  -34.569  -58.238     10.0   1006.6
     2     1    19    12    17    19     0     1    -2.0  -34.560  -58.160    219.2    983.7
     3     1    19    12    17    19     0     1    -2.0  -34.540  -58.193    581.3    944.5
     4     1    19    12    17    19     0     1    -2.0  -34.514  -58.375   1118.9    888.2
     5     1    19    12    17    19     0     1    -2.0  -34.537  -58.661   2067.2    794.3
     1     1    19    12    17    18     0     0    -3.0  -34.567  -58.108      9.5   1006.8
     2     1    19    12    17    18     0     0    -3.0  -34.554  -58.000    240.5    982.0
     3     1    19    12    17    18     0     0    -3.0  -34.526  -58.065    666.1    937.4
     4     1    19    12    17    18     0     0    -3.0  -34.503  -58.343   1229.9    878.3
     5     1    19    12    17    18     0     0    -3.0  -34.546  -58.779   2142.5    788.2
     1     1    19    12    17    17     0     1    -4.0  -34.570  -58.007      7.7   1006.6
     2     1    19    12    17    17     0     1    -4.0  -34.559  -57.875    251.6    977.1
     3     1    19    12    17    17     0     1    -4.0  -34.521  -57.984    749.7    920.5
     4     1    19    12    17    17     0     1    -4.0  -34.505  -58.343   1349.8    860.6
     5     1    19    12    17    17     0     1    -4.0  -34.563  -58.922   2228.8    778.6
     1     1    19    12    17    16     0     2    -5.0  -34.583  -57.950      4.0   1006.5
     2     1    19    12    17    16     0     2    -5.0  -34.582  -57.796    226.6    980.5
     3     1    19    12    17    16     0     2    -5.0  -34.531  -57.945    746.8    919.2
     4     1    19    12    17    16     0     2    -5.0  -34.519  -58.357   1414.7    853.4
     5     1    19    12    17    16     0     2    -5.0  -34.582  -59.069   2310.0    771.8
     1     1    19    12    17    15     0     3    -6.0  -34.607  -57.935      0.0   1006.6
     2     1    19    12    17    15     0     3    -6.0  -34.619  -57.765    179.0    986.7
     3     1    19    12    17    15     0     3    -6.0  -34.554  -57.941    640.4    931.0
     4     1    19    12    17    15     0     3    -6.0  -34.544  -58.375   1416.0    853.2
     5     1    19    12    17    15     0     3    -6.0  -34.605  -59.221   2382.7    763.7
     1     1    19    12    17    14     0     2    -7.0  -34.637  -57.946      0.0   1006.9
     2     1    19    12    17    14     0     2    -7.0  -34.664  -57.763    137.1    994.8
     3     1    19    12    17    14     0     2    -7.0  -34.590  -57.961    516.1    954.2
     4     1    19    12    17    14     0     2    -7.0  -34.580  -58.411   1382.3    859.8
     5     1    19    12    17    14     0     2    -7.0  -34.636  -59.368   2446.8    758.6
     1     1    19    12    17    13     0     1    -8.0  -34.674  -57.962      0.0   1007.3
     2     1    19    12    17    13     0     1    -8.0  -34.715  -57.771    116.2    997.0
     3     1    19    12    17    13     0     1    -8.0  -34.643  -57.991    451.3    961.9
     4     1    19    12    17    13     0     1    -8.0  -34.629  -58.486   1352.2    863.4
     5     1    19    12    17    13     0     1    -8.0  -34.679  -59.508   2518.6    752.3
     1     1    19    12    17    12     0     0    -9.0  -34.722  -57.984      0.0   1007.6
     2     1    19    12    17    12     0     0    -9.0  -34.775  -57.790    111.4    998.2
     3     1    19    12    17    12     0     0    -9.0  -34.719  -58.030    446.1    963.4
     4     1    19    12    17    12     0     0    -9.0  -34.691  -58.593   1320.2    866.6
     5     1    19    12    17    12     0     0    -9.0  -34.736  -59.646   2604.6    744.6
     1     1    19    12    17    11     0     1   -10.0  -34.777  -58.009      0.0   1007.7
     2     1    19    12    17    11     0     1   -10.0  -34.849  -57.820    111.2    997.5
     3     1    19    12    17    11     0     1   -10.0  -34.810  -58.085    459.7    957.0
     4     1    19    12    17    11     0     1   -10.0  -34.740  -58.718   1277.5    870.8
     5     1    19    12    17    11     0     1   -10.0  -34.805  -59.793   2706.9    734.9
     1     1    19    12    17    10     0     2   -11.0  -34.839  -58.033      0.0   1007.9
     2     1    19    12    17    10     0     2   -11.0  -34.947  -57.860    102.6    998.8
     3     1    19    12    17    10     0     2   -11.0  -34.907  -58.162    440.2    959.2
     4     1    19    12    17    10     0     2   -11.0  -34.747  -58.854   1220.8    876.4
     5     1    19    12    17    10     0     2   -11.0  -34.886  -59.966   2819.2    723.5
     1     1    19    12    17     9     0     3   -12.0  -34.913  -58.057      0.0   1008.2
     2     1    19    12    17     9     0     3   -12.0  -35.073  -57.903     86.4   1000.7
     3     1    19    12    17     9     0     3   -12.0  -35.024  -58.261    384.4    965.6
     4     1    19    12    17     9     0     3   -12.0  -34.712  -58.999   1144.9    884.1
     5     1    19    12    17     9     0     3   -12.0  -34.980  -60.184   2922.1    711.5
     1     1    19    12    17     8     0     2   -13.0  -34.983  -58.075      0.0   1008.6
     2     1    19    12    17     8     0     2   -13.0  -35.173  -57.923     76.0   1002.9
     3     1    19    12    17     8     0     2   -13.0  -35.123  -58.337    347.5    975.2
     4     1    19    12    17     8     0     2   -13.0  -34.652  -59.140   1084.0    893.8
     5     1    19    12    17     8     0     2   -13.0  -35.085  -60.434   2981.9    701.9
     1     1    19    12    17     7     0     1   -14.0  -35.019  -58.079      0.4   1008.7
     2     1    19    12    17     7     0     1   -14.0  -35.219  -57.919     77.8   1002.1
     3     1    19    12    17     7     0     1   -14.0  -35.160  -58.391    366.9    971.5
     4     1    19    12    17     7     0     1   -14.0  -34.581  -59.267   1060.1    894.5
     5     1    19    12    17     7     0     1   -14.0  -35.193  -60.682   2991.0    700.0
     1     1    19    12    17     6     0     0   -15.0  -35.019  -58.069      2.4   1008.8
     2     1    19    12    17     6     0     0   -15.0  -35.219  -57.900     90.1   1000.5
     3     1    19    12    17     6     0     0   -15.0  -35.130  -58.445    438.1    963.7
     4     1    19    12    17     6     0     0   -15.0  -34.499  -59.380   1053.0    894.2
     5     1    19    12    17     6     0     0   -15.0  -35.297  -60.925   2969.2    700.9
     1     1    19    12    17     5     0     1   -16.0  -34.995  -58.042      5.4   1008.9
     2     1    19    12    17     5     0     1   -16.0  -35.180  -57.859    113.4    997.7
     3     1    19    12    17     5     0     1   -16.0  -35.041  -58.501    536.2    949.2
     4     1    19    12    17     5     0     1   -16.0  -34.408  -59.451   1056.3    893.9
     5     1    19    12    17     5     0     1   -16.0  -35.402  -61.166   2883.6    704.5
     1     1    19    12    17     4     0     2   -17.0  -34.967  -57.993      9.0   1008.9
     2     1    19    12    17     4     0     2   -17.0  -35.118  -57.776    146.5    994.5
     3     1    19    12    17     4     0     2   -17.0  -34.928  -58.543    629.8    938.9
     4     1    19    12    17     4     0     2   -17.0  -34.311  -59.455   1068.5    892.6
     5     1    19    12    17     4     0     2   -17.0  -35.510  -61.385   2661.7    722.6
     1     1    19    12    17     3     0     3   -18.0  -34.936  -57.917     14.4   1008.2
     2     1    19    12    17     3     0     3   -18.0  -35.050  -57.640    192.3    988.9
     3     1    19    12    17     3     0     3   -18.0  -34.807  -58.565    711.0    928.8
     4     1    19    12    17     3     0     3   -18.0  -34.201  -59.392   1072.5    891.0
     5     1    19    12    17     3     0     3   -18.0  -35.617  -61.557   2248.1    757.4
     1     1    19    12    17     2     0     2   -19.0  -34.909  -57.838     22.5   1006.0
     2     1    19    12    17     2     0     2   -19.0  -35.001  -57.503    242.6    982.2
     3     1    19    12    17     2     0     2   -19.0  -34.700  -58.592    802.3    921.3
     4     1    19    12    17     2     0     2   -19.0  -34.079  -59.298   1115.2    893.3
     5     1    19    12    17     2     0     2   -19.0  -35.707  -61.667   1659.9    818.0
     1     1    19    12    17     1     0     1   -20.0  -34.895  -57.791     29.0   1004.6
     2     1    19    12    17     1     0     1   -20.0  -34.974  -57.438    281.7    976.6
     3     1    19    12    17     1     0     1   -20.0  -34.616  -58.641    949.1    906.9
     4     1    19    12    17     1     0     1   -20.0  -33.970  -59.216   1333.7    875.8
     5     1    19    12    17     1     0     1   -20.0  -35.748  -61.732   1002.8    886.8
     1     1    19    12    17     0     0     0   -21.0  -34.898  -57.783     30.9   1003.9
     2     1    19    12    17     0     0     0   -21.0  -34.962  -57.457    307.7    973.4
     3     1    19    12    17     0     0     0   -21.0  -34.546  -58.681   1205.7    883.5
     4     1    19    12    17     0     0     0   -21.0  -33.945  -59.144   1864.4    828.6
     5     1    19    12    17     0     0     0   -21.0  -35.708  -61.770    513.9    961.1
     1     1    19    12    16    23     0     1   -22.0  -34.891  -57.806     27.1   1003.1
     2     1    19    12    16    23     0     1   -22.0  -34.941  -57.525    310.2    970.4
     3     1    19    12    16    23     0     1   -22.0  -34.489  -58.679   1529.2    840.1
     4     1    19    12    16    23     0     1   -22.0  -34.002  -59.159   2432.0    741.5
     5     1    19    12    16    23     0     1   -22.0  -35.673  -61.776    262.6    991.8
     1     1    19    12    16    22     0     2   -23.0  -34.853  -57.842     18.7   1002.5
     2     1    19    12    16    22     0     2   -23.0  -34.895  -57.581    258.6    973.8
     3     1    19    12    16    22     0     2   -23.0  -34.458  -58.679   1722.1    813.9
     4     1    19    12    16    22     0     2   -23.0  -34.067  -59.314   2706.3    720.1
     5     1    19    12    16    22     0     2   -23.0  -35.651  -61.756    142.1    990.2
     1     1    19    12    16    21     0     3   -24.0  -34.791  -57.893     10.5   1002.0
     2     1    19    12    16    21     0     3   -24.0  -34.831  -57.610    176.1    983.8
     3     1    19    12    16    21     0     3   -24.0  -34.456  -58.707   1771.3    810.7
     4     1    19    12    16    21     0     3   -24.0  -34.151  -59.593   2740.8    718.9
     5     1    19    12    16    21     0     3   -24.0  -35.668  -61.721     84.4    989.6
     1     1    19    12    16    20     0     2   -25.0  -34.728  -57.951      2.5   1001.9
     2     1    19    12    16    20     0     2   -25.0  -34.767  -57.629    109.1    994.0
     3     1    19    12    16    20     0     2   -25.0  -34.462  -58.745   1829.8    818.2
     4     1    19    12    16    20     0     2   -25.0  -34.226  -59.925   2509.0    736.2
     5     1    19    12    16    20     0     2   -25.0  -35.707  -61.684     55.3    991.4
     1     1    19    12    16    19     0     1   -26.0  -34.679  -58.001      0.0   1001.9
     2     1    19    12    16    19     0     1   -26.0  -34.713  -57.660     64.2    999.0
     3     1    19    12    16    19     0     1   -26.0  -34.466  -58.798   2033.8    800.2
     4     1    19    12    16    19     0     1   -26.0  -34.245  -60.182   1951.0    783.2
     5     1    19    12    16    19     0     1   -26.0  -35.748  -61.662     44.3    992.2
     1     1    19    12    16    18     0     0   -27.0  -34.639  -58.036      0.0   1002.1
     2     1    19    12    16    18     0     0   -27.0  -34.665  -57.700     34.2   1000.8
     3     1    19    12    16    18     0     0   -27.0  -34.471  -58.873   2425.5    765.0
     4     1    19    12    16    18     0     0   -27.0  -34.234  -60.329   1298.9    869.5
     5     1    19    12    16    18     0     0   -27.0  -35.794  -61.655     43.5    992.8
     1     1    19    12    16    17     0     1   -28.0  -34.605  -58.066      0.0   1002.9
     2     1    19    12    16    17     0     1   -28.0  -34.625  -57.745     17.7   1002.8
     3     1    19    12    16    17     0     1   -28.0  -34.497  -59.009   2846.3    711.8
     4     1    19    12    16    17     0     1   -28.0  -34.215  -60.417    849.2    928.4
     5     1    19    12    16    17     0     1   -28.0  -35.843  -61.647     47.2    992.2
     1     1    19    12    16    16     0     2   -29.0  -34.578  -58.106      0.0   1003.6
     2     1    19    12    16    16     0     2   -29.0  -34.595  -57.797      8.6   1003.3
     3     1    19    12    16    16     0     2   -29.0  -34.551  -59.213   3044.6    689.3
     4     1    19    12    16    16     0     2   -29.0  -34.183  -60.483    631.8    943.8
     5     1    19    12    16    16     0     2   -29.0  -35.889  -61.622     50.3    992.2
     1     1    19    12    16    15     0     3   -30.0  -34.558  -58.153      0.0   1004.3
     2     1    19    12    16    15     0     3   -30.0  -34.574  -57.858      3.8   1004.0
     3     1    19    12    16    15     0     3   -30.0  -34.618  -59.434   3057.9    698.2
     4     1    19    12    16    15     0     3   -30.0  -34.135  -60.556    561.0    946.2
     5     1    19    12    16    15     0     3   -30.0  -35.930  -61.584     52.8    992.3
     1     1    19    12    16    14     0     2   -31.0  -34.543  -58.196      0.0   1004.8
     2     1    19    12    16    14     0     2   -31.0  -34.561  -57.915      0.0   1004.4
     3     1    19    12    16    14     0     2   -31.0  -34.694  -59.642   3022.2    701.8
     4     1    19    12    16    14     0     2   -31.0  -34.062  -60.640    539.2    940.8
     5     1    19    12    16    14     0     2   -31.0  -35.966  -61.522     57.8    992.8
     1     1    19    12    16    13     0     1   -32.0  -34.528  -58.222      0.0   1005.2
     2     1    19    12    16    13     0     1   -32.0  -34.553  -57.954      0.0   1004.9
     3     1    19    12    16    13     0     1   -32.0  -34.780  -59.831   2947.4    708.9
     4     1    19    12    16    13     0     1   -32.0  -33.945  -60.723    500.8    944.3
     5     1    19    12    16    13     0     1   -32.0  -35.990  -61.427     70.8    991.9
     1     1    19    12    16    12     0     0   -33.0  -34.513  -58.234      0.0   1005.6
     2     1    19    12    16    12     0     0   -33.0  -34.548  -57.974      0.0   1005.3
     3     1    19    12    16    12     0     0   -33.0  -34.877  -60.005   2836.9    718.7
     4     1    19    12    16    12     0     0   -33.0  -33.787  -60.791    454.2    950.4
     5     1    19    12    16    12     0     0   -33.0  -36.004  -61.300     97.1    989.7
     1     1    19    12    16    11     0     1   -34.0  -34.502  -58.240      0.1   1005.1
     2     1    19    12    16    11     0     1   -34.0  -34.549  -57.986      0.1   1004.8
     3     1    19    12    16    11     0     1   -34.0  -34.985  -60.169   2677.8    730.5
     4     1    19    12    16    11     0     1   -34.0  -33.630  -60.844    424.4    954.3
     5     1    19    12    16    11     0     1   -34.0  -36.023  -61.166    120.8    984.4
     1     1    19    12    16    10     0     2   -35.0  -34.500  -58.248      0.2   1004.6
     2     1    19    12    16    10     0     2   -35.0  -34.557  -57.996      0.2   1004.3
     3     1    19    12    16    10     0     2   -35.0  -35.098  -60.334   2504.2    747.7
     4     1    19    12    16    10     0     2   -35.0  -33.511  -60.899    417.6    953.4
     5     1    19    12    16    10     0     2   -35.0  -36.065  -61.048    111.3    983.7
     1     1    19    12    16     9     0     3   -36.0  -34.506  -58.260      0.4   1004.2
     2     1    19    12    16     9     0     3   -36.0  -34.574  -58.005      0.5   1003.9
     3     1    19    12    16     9     0     3   -36.0  -35.211  -60.513   2389.5    758.9
     4     1    19    12    16     9     0     3   -36.0  -33.430  -60.964    427.2    951.0
     5     1    19    12    16     9     0     3   -36.0  -36.137  -60.949     79.9    987.1
     1     1    19    12    16     8     0     2   -37.0  -34.514  -58.275      0.8   1003.9
     2     1    19    12    16     8     0     2   -37.0  -34.594  -58.016      0.9   1003.8
     3     1    19    12    16     8     0     2   -37.0  -35.316  -60.698   2365.7    760.4
     4     1    19    12    16     8     0     2   -37.0  -33.379  -61.028    443.0    947.9
     5     1    19    12    16     8     0     2   -37.0  -36.202  -60.872     55.0    992.0
     1     1    19    12    16     7     0     1   -38.0  -34.517  -58.290      1.3   1003.7
     2     1    19    12    16     7     0     1   -38.0  -34.611  -58.029      1.5   1003.7
     3     1    19    12    16     7     0     1   -38.0  -35.417  -60.881   2433.3    752.9
     4     1    19    12    16     7     0     1   -38.0  -33.338  -61.075    456.3    946.9
     5     1    19    12    16     7     0     1   -38.0  -36.220  -60.820     38.5    993.1
     1     1    19    12    16     6     0     0   -39.0  -34.515  -58.306      2.0   1003.4
     2     1    19    12    16     6     0     0   -39.0  -34.624  -58.045      2.3   1003.6
     3     1    19    12    16     6     0     0   -39.0  -35.527  -61.065   2566.3    738.1
     4     1    19    12    16     6     0     0   -39.0  -33.300  -61.102    472.2    945.5
     5     1    19    12    16     6     0     0   -39.0  -36.191  -60.793     25.0    995.2
     1     1    19    12    16     5     0     1   -40.0  -34.515  -58.316      3.1   1003.0
     2     1    19    12    16     5     0     1   -40.0  -34.640  -58.057      3.4   1003.1
     3     1    19    12    16     5     0     1   -40.0  -35.651  -61.256   2691.8    722.3
     4     1    19    12    16     5     0     1   -40.0  -33.297  -61.120    479.4    943.1
     5     1    19    12    16     5     0     1   -40.0  -36.137  -60.754     16.8    997.4
     1     1    19    12    16     4     0     2   -41.0  -34.528  -58.312      4.7   1002.7
     2     1    19    12    16     4     0     2   -41.0  -34.666  -58.061      5.2   1002.6
     3     1    19    12    16     4     0     2   -41.0  -35.772  -61.458   2779.9    715.9
     4     1    19    12    16     4     0     2   -41.0  -33.358  -61.138    448.5    945.8
     5     1    19    12    16     4     0     2   -41.0  -36.088  -60.668     14.0    997.8
     1     1    19    12    16     3     0     3   -42.0  -34.553  -58.297      6.9   1002.3
     2     1    19    12    16     3     0     3   -42.0  -34.701  -58.057      7.7   1002.1
     3     1    19    12    16     3     0     3   -42.0  -35.880  -61.670   2847.4    710.2
     4     1    19    12    16     3     0     3   -42.0  -33.471  -61.152    369.4    953.9
     5     1    19    12    16     3     0     3   -42.0  -36.049  -60.538     15.0    997.5
     1     1    19    12    16     2     0     2   -43.0  -34.591  -58.275      9.3   1002.6
     2     1    19    12    16     2     0     2   -43.0  -34.748  -58.048     10.3   1002.5
     3     1    19    12    16     2     0     2   -43.0  -35.979  -61.887   2920.1    706.0
     4     1    19    12    16     2     0     2   -43.0  -33.607  -61.178    300.4    967.8
     5     1    19    12    16     2     0     2   -43.0  -36.024  -60.398     15.2    996.8
     1     1    19    12    16     1     0     1   -44.0  -34.642  -58.251     11.6   1002.6
     2     1    19    12    16     1     0     1   -44.0  -34.808  -58.036     12.5   1002.8
     3     1    19    12    16     1     0     1   -44.0  -36.082  -62.116   3062.8    696.9
     4     1    19    12    16     1     0     1   -44.0  -33.758  -61.221    293.3    968.3
     5     1    19    12    16     1     0     1   -44.0  -36.017  -60.284     10.3    997.7
     1     1    19    12    16     0     0     0   -45.0  -34.707  -58.225     13.6   1002.8
     2     1    19    12    16     0     0     0   -45.0  -34.883  -58.019     13.9   1003.2
     3     1    19    12    16     0     0     0   -45.0  -36.212  -62.366   3299.8    674.7
     4     1    19    12    16     0     0     0   -45.0  -33.936  -61.260    375.8    960.7
     5     1    19    12    16     0     0     0   -45.0  -36.031  -60.190      2.8    998.6
     1     1    19    12    15    23     0     1   -46.0  -34.797  -58.189     15.4   1002.3
     2     1    19    12    15    23     0     1   -46.0  -34.981  -57.989     15.4   1003.4
     3     1    19    12    15    23     0     1   -46.0  -36.371  -62.610   3484.4    648.0
     4     1    19    12    15    23     0     1   -46.0  -34.141  -61.299    514.6    936.5
     5     1    19    12    15    23     0     1   -46.0  -36.067  -60.123      0.0    997.1
     1     1    19    12    15    22     0     2   -47.0  -34.921  -58.137     18.0   1002.2
     2     1    19    12    15    22     0     2   -47.0  -35.110  -57.936     19.1   1002.9
     3     1    19    12    15    22     0     2   -47.0  -36.525  -62.823   3556.3    645.3
     4     1    19    12    15    22     0     2   -47.0  -34.348  -61.364    564.5    928.1
     5     1    19    12    15    22     0     2   -47.0  -36.125  -60.098      1.4    995.2
     1     1    19    12    15    21     0     3   -48.0  -35.074  -58.061     23.4   1001.9
     2     1    19    12    15    21     0     3   -48.0  -35.270  -57.847     26.3   1001.7
     3     1    19    12    15    21     0     3   -48.0  -36.656  -63.015   3610.6    643.9
     4     1    19    12    15    21     0     3   -48.0  -34.550  -61.466    522.4    933.6
     5     1    19    12    15    21     0     3   -48.0  -36.207  -60.107     10.0    993.0
     1     1    19    12    15    20     0     2   -49.0  -35.236  -57.962     33.8   1001.2
     2     1    19    12    15    20     0     2   -49.0  -35.455  -57.725     37.0   1000.8
     3     1    19    12    15    20     0     2   -49.0  -36.773  -63.199   3656.4    637.5
     4     1    19    12    15    20     0     2   -49.0  -34.747  -61.558    448.9    946.9
     5     1    19    12    15    20     0     2   -49.0  -36.313  -60.111     24.4    990.5
     1     1    19    12    15    19     0     1   -50.0  -35.411  -57.847     47.9   1000.2
     2     1    19    12    15    19     0     1   -50.0  -35.662  -57.580     49.7   1000.0
     3     1    19    12    15    19     0     1   -50.0  -36.882  -63.380   3690.3    635.5
     4     1    19    12    15    19     0     1   -50.0  -34.948  -61.579    427.7    953.3
     5     1    19    12    15    19     0     1   -50.0  -36.440  -60.079     41.9    986.7
     1     1    19    12    15    18     0     0   -51.0  -35.632  -57.714     66.2    998.5
     2     1    19    12    15    18     0     0   -51.0  -35.892  -57.391     62.3    998.5
     3     1    19    12    15    18     0     0   -51.0  -36.968  -63.560   3722.4    633.0
     4     1    19    12    15    18     0     0   -51.0  -35.162  -61.530    481.9    947.4
     5     1    19    12    15    18     0     0   -51.0  -36.581  -60.019     58.0    983.5
     1     1    19    12    15    17     0     1   -52.0  -35.863  -57.549     82.2    995.8
     2     1    19    12    15    17     0     1   -52.0  -36.081  -57.162     68.6    997.9
     3     1    19    12    15    17     0     1   -52.0  -37.032  -63.735   3769.2    630.6
     4     1    19    12    15    17     0     1   -52.0  -35.375  -61.466    521.6    935.2
     5     1    19    12    15    17     0     1   -52.0  -36.727  -59.942     70.8    979.6
     1     1    19    12    15    16     0     2   -53.0  -36.032  -57.361     88.4    996.0
     2     1    19    12    15    16     0     2   -53.0  -36.201  -56.932     74.1    999.1
     3     1    19    12    15    16     0     2   -53.0  -37.084  -63.901   3864.3    624.4
     4     1    19    12    15    16     0     2   -53.0  -35.561  -61.408    509.3    940.9
     5     1    19    12    15    16     0     2   -53.0  -36.873  -59.857     74.5    978.1
     1     1    19    12    15    15     0     3   -54.0  -36.137  -57.177     94.7    997.0
     2     1    19    12    15    15     0     3   -54.0  -36.285  -56.713     90.2    998.3
     3     1    19    12    15    15     0     3   -54.0  -37.128  -64.052   4037.2    611.3
     4     1    19    12    15    15     0     3   -54.0  -35.704  -61.336    504.5    944.9
     5     1    19    12    15    15     0     3   -54.0  -37.013  -59.767     69.2    978.8
     1     1    19    12    15    14     0     2   -55.0  -36.198  -57.032    109.6    996.2
     2     1    19    12    15    14     0     2   -55.0  -36.344  -56.508    110.7    995.2
     3     1    19    12    15    14     0     2   -55.0  -37.192  -64.207   4214.8    588.5
     4     1    19    12    15    14     0     2   -55.0  -35.828  -61.246    537.6    941.7
     5     1    19    12    15    14     0     2   -55.0  -37.148  -59.668     63.8    982.5
     1     1    19    12    15    13     0     1   -56.0  -36.233  -56.938    130.9    994.1
     2     1    19    12    15    13     0     1   -56.0  -36.369  -56.336    116.6    994.5
     3     1    19    12    15    13     0     1   -56.0  -37.295  -64.380   4305.1    580.2
     4     1    19    12    15    13     0     1   -56.0  -35.970  -61.128    618.2    933.7
     5     1    19    12    15    13     0     1   -56.0  -37.274  -59.553     63.3    984.3
     1     1    19    12    15    12     0     0   -57.0  -36.244  -56.895    152.0    991.8
     2     1    19    12    15    12     0     0   -57.0  -36.356  -56.210    100.6    996.5
     3     1    19    12    15    12     0     0   -57.0  -37.421  -64.559   4335.6    576.9
     4     1    19    12    15    12     0     0   -57.0  -36.164  -60.968    751.1    917.3
     5     1    19    12    15    12     0     0   -57.0  -37.389  -59.427     65.3    985.8
     1     1    19    12    15    11     0     1   -58.0  -36.228  -56.901    171.8    989.6
     2     1    19    12    15    11     0     1   -58.0  -36.307  -56.135     80.9   1000.9
     3     1    19    12    15    11     0     1   -58.0  -37.547  -64.755   4345.0    575.7
     4     1    19    12    15    11     0     1   -58.0  -36.369  -60.812    852.9    898.1
     5     1    19    12    15    11     0     1   -58.0  -37.489  -59.293     68.7    986.4
     1     1    19    12    15    10     0     2   -59.0  -36.182  -56.955    191.4    987.5
     2     1    19    12    15    10     0     2   -59.0  -36.227  -56.115     71.3   1002.2
     3     1    19    12    15    10     0     2   -59.0  -37.666  -64.994   4328.3    572.1
     4     1    19    12    15    10     0     2   -59.0  -36.529  -60.705    891.5    894.1
     5     1    19    12    15    10     0     2   -59.0  -37.575  -59.156     75.2    986.9
     1     1    19    12    15     9     0     3   -60.0  -36.104  -57.060    209.6    985.3
     2     1    19    12    15     9     0     3   -60.0  -36.116  -56.166     72.4   1002.1
     3     1    19    12    15     9     0     3   -60.0  -37.786  -65.271   4248.9    579.0
     4     1    19    12    15     9     0     3   -60.0  -36.645  -60.656    892.4    893.8
     5     1    19    12    15     9     0     3   -60.0  -37.645  -59.016     89.9    986.4
     1     1    19    12    15     8     0     2   -61.0  -36.002  -57.154    229.3    983.4
     2     1    19    12    15     8     0     2   -61.0  -35.973  -56.251     79.9   1000.4
     3     1    19    12    15     8     0     2   -61.0  -37.894  -65.574   4172.3    592.7
     4     1    19    12    15     8     0     2   -61.0  -36.729  -60.647    880.4    896.2
     5     1    19    12    15     8     0     2   -61.0  -37.721  -58.889    105.9    983.4
     1     1    19    12    15     7     0     1   -62.0  -35.874  -57.189    253.3    980.3
     2     1    19    12    15     7     0     1   -62.0  -35.803  -56.301     87.2    999.3
     3     1    19    12    15     7     0     1   -62.0  -37.983  -65.908   4115.9    594.3
     4     1    19    12    15     7     0     1   -62.0  -36.794  -60.667    877.8    896.5
     5     1    19    12    15     7     0     1   -62.0  -37.811  -58.808    107.3    982.5
     1     1    19    12    15     6     0     0   -63.0  -35.715  -57.178    275.4    977.5
     2     1    19    12    15     6     0     0   -63.0  -35.613  -56.316     95.3    998.4
     3     1    19    12    15     6     0     0   -63.0  -38.068  -66.273   4014.2    601.0
     4     1    19    12    15     6     0     0   -63.0  -36.840  -60.717    899.5    895.1
     5     1    19    12    15     6     0     0   -63.0  -37.912  -58.777     90.2    983.9
     1     1    19    12    15     5     0     1   -64.0  -35.542  -57.138    276.6    975.7
     2     1    19    12    15     5     0     1   -64.0  -35.425  -56.299    102.6    997.4
     3     1    19    12    15     5     0     1   -64.0  -38.162  -66.624   3970.6    607.3
     4     1    19    12    15     5     0     1   -64.0  -36.861  -60.755    959.5    889.3
     5     1    19    12    15     5     0     1   -64.0  -37.995  -58.767     71.2    988.7
     1     1    19    12    15     4     0     2   -65.0  -35.383  -57.080    254.9    980.1
     2     1    19    12    15     4     0     2   -65.0  -35.249  -56.249    107.1    997.2
     3     1    19    12    15     4     0     2   -65.0  -38.267  -66.956   4012.7    598.6
     4     1    19    12    15     4     0     2   -65.0  -36.844  -60.738   1026.8    880.9
     5     1    19    12    15     4     0     2   -65.0  -38.043  -58.739     61.9    990.7
     1     1    19    12    15     3     0     3   -66.0  -35.244  -57.029    230.8    983.8
     2     1    19    12    15     3     0     3   -66.0  -35.073  -56.198    111.0    997.1
     3     1    19    12    15     3     0     3   -66.0  -38.370  -67.321   4084.4    591.2
     4     1    19    12    15     3     0     3   -66.0  -36.788  -60.674   1067.7    875.5
     5     1    19    12    15     3     0     3   -66.0  -38.065  -58.689     58.8    991.2
     1     1    19    12    15     2     0     2   -67.0  -35.123  -56.967    204.1    986.3
     2     1    19    12    15     2     0     2   -67.0  -34.900  -56.152    115.4    996.0
     3     1    19    12    15     2     0     2   -67.0  -38.457  -67.764   4161.3    584.5
     4     1    19    12    15     2     0     2   -67.0  -36.714  -60.606   1003.9    875.4
     5     1    19    12    15     2     0     2   -67.0  -38.092  -58.628     57.4    991.5
     1     1    19    12    15     1     0     1   -68.0  -35.022  -56.850    170.4    990.7
     2     1    19    12    15     1     0     1   -68.0  -34.734  -56.105    121.5    994.3
     3     1    19    12    15     1     0     1   -68.0  -38.517  -68.253   4210.4    576.6
     4     1    19    12    15     1     0     1   -68.0  -36.678  -60.533    832.6    896.0
     5     1    19    12    15     1     0     1   -68.0  -38.152  -58.570     57.8    992.5
     1     1    19    12    15     0     0     0   -69.0  -34.939  -56.674    142.5    995.0
     2     1    19    12    15     0     0     0   -69.0  -34.567  -56.081    130.9    992.4
     3     1    19    12    15     0     0     0   -69.0  -38.549  -68.726   4203.5    572.8
     4     1    19    12    15     0     0     0   -69.0  -36.712  -60.438    637.2    921.8
     5     1    19    12    15     0     0     0   -69.0  -38.240  -58.519     61.4    993.5
     1     1    19    12    14    23     0     1   -70.0  -34.874  -56.493    126.8    995.4
     2     1    19    12    14    23     0     1   -70.0  -34.396  -56.074    134.8    988.9
     3     1    19    12    14    23     0     1   -70.0  -38.558  -69.191   4154.1    569.1
     4     1    19    12    14    23     0     1   -70.0  -36.797  -60.360    491.2    938.0
     5     1    19    12    14    23     0     1   -70.0  -38.344  -58.499     66.0    993.7
     1     1    19    12    14    22     0     2   -71.0  -34.835  -56.320    114.9    995.0
     2     1    19    12    14    22     0     2   -71.0  -34.217  -56.077    122.8    987.9
     3     1    19    12    14    22     0     2   -71.0  -38.556  -69.667   4097.1    555.3
     4     1    19    12    14    22     0     2   -71.0  -36.902  -60.338    369.1    948.1
     5     1    19    12    14    22     0     2   -71.0  -38.452  -58.524     69.2    994.7
     1     1    19    12    14    21     0     3   -72.0  -34.832  -56.120     94.5    996.5
     2     1    19    12    14    21     0     3   -72.0  -34.005  -56.122     99.2    987.6
     3     1    19    12    14    21     0     3   -72.0  -38.546  -70.135   4052.4    539.1
     4     1    19    12    14    21     0     3   -72.0  -37.016  -60.388    246.6    959.6
     5     1    19    12    14    21     0     3   -72.0  -38.559  -58.593     71.4    995.7
