     7     1
    GDAS    19    10    29     0     0
    GDAS    19    11     1     0     0
    GDAS    19    11     8     0     0
    GDAS    19    11    15     0     0
    GDAS    19    11    22     0     0
    GDAS    19    11    29     0     0
    GDAS    19    12     1     0     0
     5 BACKWARD OMEGA   
    19    11    26    21  -34.572  -58.513    10.0
    19    11    26    21  -34.572  -58.513   200.0
    19    11    26    21  -34.572  -58.513   500.0
    19    11    26    21  -34.572  -58.513  1000.0
    19    11    26    21  -34.572  -58.513  2000.0
     1 PRESSURE
     1     1    19    11    26    21     0     3     0.0  -34.572  -58.513     10.0   1004.8
     2     1    19    11    26    21     0     3     0.0  -34.572  -58.513    200.0    983.8
     3     1    19    11    26    21     0     3     0.0  -34.572  -58.513    500.0    950.3
     4     1    19    11    26    21     0     3     0.0  -34.572  -58.513   1000.0    896.2
     5     1    19    11    26    21     0     3     0.0  -34.572  -58.513   2000.0    795.0
     1     1    19    11    26    20     0     2    -1.0  -34.699  -58.557      8.7   1005.3
     2     1    19    11    26    20     0     2    -1.0  -34.775  -58.580    157.5    989.8
     3     1    19    11    26    20     0     2    -1.0  -34.822  -58.598    382.5    963.7
     4     1    19    11    26    20     0     2    -1.0  -34.857  -58.613    782.3    919.5
     5     1    19    11    26    20     0     2    -1.0  -34.851  -58.649   1860.0    809.9
     1     1    19    11    26    19     0     1    -2.0  -34.840  -58.621      6.8   1005.7
     2     1    19    11    26    19     0     1    -2.0  -34.974  -58.676    116.4    995.8
     3     1    19    11    26    19     0     1    -2.0  -35.059  -58.719    278.6    980.0
     4     1    19    11    26    19     0     1    -2.0  -35.124  -58.749    595.6    946.2
     5     1    19    11    26    19     0     1    -2.0  -35.123  -58.802   1743.2    825.2
     1     1    19    11    26    18     0     0    -3.0  -35.000  -58.717      4.3   1005.9
     2     1    19    11    26    18     0     0    -3.0  -35.178  -58.808     86.8    999.8
     3     1    19    11    26    18     0     0    -3.0  -35.294  -58.878    215.4    988.0
     4     1    19    11    26    18     0     0    -3.0  -35.390  -58.929    485.5    960.2
     5     1    19    11    26    18     0     0    -3.0  -35.388  -58.971   1740.6    830.0
     1     1    19    11    26    17     0     1    -4.0  -35.170  -58.818      1.7   1006.0
     2     1    19    11    26    17     0     1    -4.0  -35.382  -58.939     71.5   1001.3
     3     1    19    11    26    17     0     1    -4.0  -35.524  -59.032    188.7    989.3
     4     1    19    11    26    17     0     1    -4.0  -35.646  -59.099    440.8    961.8
     5     1    19    11    26    17     0     1    -4.0  -35.620  -59.142   1832.2    812.7
     1     1    19    11    26    16     0     2    -5.0  -35.335  -58.882      0.1   1006.1
     2     1    19    11    26    16     0     2    -5.0  -35.576  -59.025     65.1   1001.6
     3     1    19    11    26    16     0     2    -5.0  -35.742  -59.137    177.0    988.8
     4     1    19    11    26    16     0     2    -5.0  -35.886  -59.218    418.1    961.0
     5     1    19    11    26    16     0     2    -5.0  -35.809  -59.311   1881.7    802.8
     1     1    19    11    26    15     0     3    -6.0  -35.496  -58.907      0.0   1006.2
     2     1    19    11    26    15     0     3    -6.0  -35.769  -59.070     62.4   1001.2
     3     1    19    11    26    15     0     3    -6.0  -35.962  -59.202    168.9    988.2
     4     1    19    11    26    15     0     3    -6.0  -36.127  -59.297    395.3    960.1
     5     1    19    11    26    15     0     3    -6.0  -35.956  -59.475   1862.5    803.9
     1     1    19    11    26    14     0     2    -7.0  -35.659  -58.923      0.0   1006.5
     2     1    19    11    26    14     0     2    -7.0  -35.969  -59.108     63.2   1001.2
     3     1    19    11    26    14     0     2    -7.0  -36.195  -59.259    168.8    986.6
     4     1    19    11    26    14     0     2    -7.0  -36.389  -59.371    385.3    959.4
     5     1    19    11    26    14     0     2    -7.0  -36.082  -59.620   1845.1    809.1
     1     1    19    11    26    13     0     1    -8.0  -35.831  -58.961      0.5   1006.8
     2     1    19    11    26    13     0     1    -8.0  -36.185  -59.165     70.3    997.9
     3     1    19    11    26    13     0     1    -8.0  -36.456  -59.337    187.2    980.5
     4     1    19    11    26    13     0     1    -8.0  -36.693  -59.472    407.3    952.1
     5     1    19    11    26    13     0     1    -8.0  -36.204  -59.759   1894.5    801.3
     1     1    19    11    26    12     0     0    -9.0  -36.013  -59.018      2.1   1006.9
     2     1    19    11    26    12     0     0    -9.0  -36.425  -59.240     86.4    992.6
     3     1    19    11    26    12     0     0    -9.0  -36.764  -59.440    230.4    971.2
     4     1    19    11    26    12     0     0    -9.0  -37.058  -59.601    466.9    940.7
     5     1    19    11    26    12     0     0    -9.0  -36.319  -59.914   2012.8    787.1
     1     1    19    11    26    11     0     1   -10.0  -36.190  -59.081      4.3   1003.6
     2     1    19    11    26    11     0     1   -10.0  -36.674  -59.338    114.3    985.1
     3     1    19    11    26    11     0     1   -10.0  -37.100  -59.586    292.9    957.5
     4     1    19    11    26    11     0     1   -10.0  -37.440  -59.787    535.2    925.5
     5     1    19    11    26    11     0     1   -10.0  -36.436  -60.095   2168.0    766.7
     1     1    19    11    26    10     0     2   -11.0  -36.339  -59.148      6.5   1000.9
     2     1    19    11    26    10     0     2   -11.0  -36.913  -59.473    155.3    976.0
     3     1    19    11    26    10     0     2   -11.0  -37.429  -59.794    349.3    945.9
     4     1    19    11    26    10     0     2   -11.0  -37.820  -60.040    585.4    917.9
     5     1    19    11    26    10     0     2   -11.0  -36.543  -60.273   2309.3    751.3
     1     1    19    11    26     9     0     3   -12.0  -36.452  -59.221      8.7    998.9
     2     1    19    11    26     9     0     3   -12.0  -37.142  -59.656    203.5    965.1
     3     1    19    11    26     9     0     3   -12.0  -37.784  -60.054    387.6    939.2
     4     1    19    11    26     9     0     3   -12.0  -38.203  -60.366    588.9    919.1
     5     1    19    11    26     9     0     3   -12.0  -36.638  -60.438   2420.4    740.1
     1     1    19    11    26     8     0     2   -13.0  -36.544  -59.291     11.2    997.3
     2     1    19    11    26     8     0     2   -13.0  -37.361  -59.852    250.4    956.8
     3     1    19    11    26     8     0     2   -13.0  -38.128  -60.366    380.7    940.2
     4     1    19    11    26     8     0     2   -13.0  -38.530  -60.791    550.9    933.6
     5     1    19    11    26     8     0     2   -13.0  -36.735  -60.610   2487.4    732.5
     1     1    19    11    26     7     0     1   -14.0  -36.630  -59.345     14.6    995.3
     2     1    19    11    26     7     0     1   -14.0  -37.558  -60.025    278.0    949.7
     3     1    19    11    26     7     0     1   -14.0  -38.395  -60.730    341.4    953.7
     4     1    19    11    26     7     0     1   -14.0  -38.800  -61.279    501.8    943.8
     5     1    19    11    26     7     0     1   -14.0  -36.849  -60.786   2489.5    731.2
     1     1    19    11    26     6     0     0   -15.0  -36.711  -59.378     19.9    993.1
     2     1    19    11    26     6     0     0   -15.0  -37.700  -60.182    269.4    949.9
     3     1    19    11    26     6     0     0   -15.0  -38.626  -61.131    301.3    962.9
     4     1    19    11    26     6     0     0   -15.0  -38.992  -61.776    399.5    956.5
     5     1    19    11    26     6     0     0   -15.0  -36.992  -60.932   2407.5    737.2
     1     1    19    11    26     5     0     1   -16.0  -36.782  -59.387     26.3    991.5
     2     1    19    11    26     5     0     1   -16.0  -37.785  -60.336    243.3    956.1
     3     1    19    11    26     5     0     1   -16.0  -38.779  -61.517    262.6    969.5
     4     1    19    11    26     5     0     1   -16.0  -39.075  -62.225    311.3    980.2
     5     1    19    11    26     5     0     1   -16.0  -37.150  -61.033   2285.4    753.6
     1     1    19    11    26     4     0     2   -17.0  -36.834  -59.372     31.0    990.7
     2     1    19    11    26     4     0     2   -17.0  -37.825  -60.488    222.7    959.5
     3     1    19    11    26     4     0     2   -17.0  -38.832  -61.865    235.4    973.5
     4     1    19    11    26     4     0     2   -17.0  -39.172  -62.688    327.4    977.3
     5     1    19    11    26     4     0     2   -17.0  -37.310  -61.114   2182.8    761.9
     1     1    19    11    26     3     0     3   -18.0  -36.866  -59.337     32.2    990.8
     2     1    19    11    26     3     0     3   -18.0  -37.818  -60.627    214.5    961.2
     3     1    19    11    26     3     0     3   -18.0  -38.859  -62.211    227.9    977.5
     4     1    19    11    26     3     0     3   -18.0  -39.331  -63.224    468.2    958.9
     5     1    19    11    26     3     0     3   -18.0  -37.480  -61.199   2098.9    767.0
     1     1    19    11    26     2     0     2   -19.0  -36.881  -59.284     30.5    991.6
     2     1    19    11    26     2     0     2   -19.0  -37.789  -60.737    222.3    960.8
     3     1    19    11    26     2     0     2   -19.0  -38.916  -62.551    247.8    978.2
     4     1    19    11    26     2     0     2   -19.0  -39.484  -63.808    680.8    924.3
     5     1    19    11    26     2     0     2   -19.0  -37.654  -61.302   2030.7    769.8
     1     1    19    11    26     1     0     1   -20.0  -36.881  -59.216     26.7    992.8
     2     1    19    11    26     1     0     1   -20.0  -37.755  -60.805    244.0    958.2
     3     1    19    11    26     1     0     1   -20.0  -38.993  -62.861    271.8    976.0
     4     1    19    11    26     1     0     1   -20.0  -39.625  -64.378    952.2    896.7
     5     1    19    11    26     1     0     1   -20.0  -37.817  -61.432   1968.1    769.8
     1     1    19    11    26     0     0     0   -21.0  -36.868  -59.133     20.4    994.9
     2     1    19    11    26     0     0     0   -21.0  -37.709  -60.822    274.6    954.8
     3     1    19    11    26     0     0     0   -21.0  -39.076  -63.159    268.6    973.3
     4     1    19    11    26     0     0     0   -21.0  -39.734  -64.962   1259.0    855.7
     5     1    19    11    26     0     0     0   -21.0  -37.961  -61.611   1885.5    769.7
     1     1    19    11    25    23     0     1   -22.0  -36.836  -59.038     15.4    997.3
     2     1    19    11    25    23     0     1   -22.0  -37.652  -60.808    316.3    950.0
     3     1    19    11    25    23     0     1   -22.0  -39.182  -63.463    276.3    974.0
     4     1    19    11    25    23     0     1   -22.0  -39.805  -65.564   1508.7    821.8
     5     1    19    11    25    23     0     1   -22.0  -38.074  -61.822   1802.0    777.2
     1     1    19    11    25    22     0     2   -23.0  -36.777  -58.933     13.7    998.7
     2     1    19    11    25    22     0     2   -23.0  -37.586  -60.788    372.3    944.0
     3     1    19    11    25    22     0     2   -23.0  -39.307  -63.776    304.7    964.0
     4     1    19    11    25    22     0     2   -23.0  -39.868  -66.176   1785.0    800.9
     5     1    19    11    25    22     0     2   -23.0  -38.140  -62.028   1730.7    782.0
     1     1    19    11    25    21     0     3   -24.0  -36.686  -58.816     14.4    999.7
     2     1    19    11    25    21     0     3   -24.0  -37.511  -60.763    447.3    936.2
     3     1    19    11    25    21     0     3   -24.0  -39.390  -64.067    300.7    957.8
     4     1    19    11    25    21     0     3   -24.0  -39.905  -66.815   2155.4    757.7
     5     1    19    11    25    21     0     3   -24.0  -38.164  -62.216   1669.5    793.0
     1     1    19    11    25    20     0     2   -25.0  -36.575  -58.695     14.9   1001.2
     2     1    19    11    25    20     0     2   -25.0  -37.423  -60.733    532.2    926.0
     3     1    19    11    25    20     0     2   -25.0  -39.460  -64.357    299.0    964.9
     4     1    19    11    25    20     0     2   -25.0  -39.858  -67.514   2416.4    707.0
     5     1    19    11    25    20     0     2   -25.0  -38.168  -62.379   1605.7    801.5
     1     1    19    11    25    19     0     1   -26.0  -36.452  -58.580     14.0   1003.3
     2     1    19    11    25    19     0     1   -26.0  -37.318  -60.691    612.2    918.1
     3     1    19    11    25    19     0     1   -26.0  -39.547  -64.702    341.7    956.7
     4     1    19    11    25    19     0     1   -26.0  -39.721  -68.287   2549.8    681.5
     5     1    19    11    25    19     0     1   -26.0  -38.172  -62.516   1526.0    812.5
     1     1    19    11    25    18     0     0   -27.0  -36.319  -58.477     12.9   1005.4
     2     1    19    11    25    18     0     0   -27.0  -37.200  -60.635    682.4    911.1
     3     1    19    11    25    18     0     0   -27.0  -39.620  -65.070    377.2    950.0
     4     1    19    11    25    18     0     0   -27.0  -39.517  -69.048   2688.4    669.3
     5     1    19    11    25    18     0     0   -27.0  -38.177  -62.634   1424.9    825.7
     1     1    19    11    25    17     0     1   -28.0  -36.184  -58.369     11.8   1006.8
     2     1    19    11    25    17     0     1   -28.0  -37.062  -60.560    724.4    906.5
     3     1    19    11    25    17     0     1   -28.0  -39.690  -65.472    421.0    942.8
     4     1    19    11    25    17     0     1   -28.0  -39.237  -69.752   2693.8    651.8
     5     1    19    11    25    17     0     1   -28.0  -38.189  -62.760   1348.7    837.9
     1     1    19    11    25    16     0     2   -29.0  -36.060  -58.244     11.1   1007.9
     2     1    19    11    25    16     0     2   -29.0  -36.896  -60.456    717.2    906.0
     3     1    19    11    25    16     0     2   -29.0  -39.756  -65.914    472.0    930.3
     4     1    19    11    25    16     0     2   -29.0  -38.924  -70.446   2484.4    641.2
     5     1    19    11    25    16     0     2   -29.0  -38.195  -62.923   1349.4    844.8
     1     1    19    11    25    15     0     3   -30.0  -35.949  -58.107     10.7   1008.4
     2     1    19    11    25    15     0     3   -30.0  -36.702  -60.307    661.4    914.4
     3     1    19    11    25    15     0     3   -30.0  -39.786  -66.385    481.0    926.1
     4     1    19    11    25    15     0     3   -30.0  -38.573  -71.172   2523.8    640.8
     5     1    19    11    25    15     0     3   -30.0  -38.183  -63.112   1422.3    838.7
     1     1    19    11    25    14     0     2   -31.0  -35.843  -57.961     10.8   1010.4
     2     1    19    11    25    14     0     2   -31.0  -36.479  -60.104    601.4    927.3
     3     1    19    11    25    14     0     2   -31.0  -39.810  -66.899    467.9    930.7
     4     1    19    11    25    14     0     2   -31.0  -38.231  -71.789   2680.9    632.3
     5     1    19    11    25    14     0     2   -31.0  -38.152  -63.263   1473.3    826.0
     1     1    19    11    25    13     0     1   -32.0  -35.718  -57.792     11.6   1011.6
     2     1    19    11    25    13     0     1   -32.0  -36.240  -59.869    607.0    934.5
     3     1    19    11    25    13     0     1   -32.0  -39.883  -67.502    591.4    910.0
     4     1    19    11    25    13     0     1   -32.0  -37.933  -72.218   2609.3    681.3
     5     1    19    11    25    13     0     1   -32.0  -38.117  -63.361   1441.7    830.0
     1     1    19    11    25    12     0     0   -33.0  -35.563  -57.567     12.5   1012.4
     2     1    19    11    25    12     0     0   -33.0  -36.013  -59.667    756.8    927.8
     3     1    19    11    25    12     0     0   -33.0  -39.888  -68.293   1106.7    835.8
     4     1    19    11    25    12     0     0   -33.0  -37.677  -72.555   2494.5    712.5
     5     1    19    11    25    12     0     0   -33.0  -38.081  -63.442   1352.1    840.5
     1     1    19    11    25    11     0     1   -34.0  -35.379  -57.275     12.5   1012.3
     2     1    19    11    25    11     0     1   -34.0  -35.827  -59.535    993.0    893.0
     3     1    19    11    25    11     0     1   -34.0  -39.684  -69.083   1582.6    759.2
     4     1    19    11    25    11     0     1   -34.0  -37.477  -72.885   2398.5    729.0
     5     1    19    11    25    11     0     1   -34.0  -38.005  -63.538   1276.5    850.3
     1     1    19    11    25    10     0     2   -35.0  -35.163  -56.903     12.1   1012.7
     2     1    19    11    25    10     0     2   -35.0  -35.623  -59.401   1051.8    887.9
     3     1    19    11    25    10     0     2   -35.0  -39.441  -69.822   1700.8    747.4
     4     1    19    11    25    10     0     2   -35.0  -37.322  -73.246   2335.1    745.3
     5     1    19    11    25    10     0     2   -35.0  -37.850  -63.628   1249.6    853.8
     1     1    19    11    25     9     0     3   -36.0  -34.943  -56.498     12.1   1011.7
     2     1    19    11    25     9     0     3   -36.0  -35.356  -59.191    952.1    895.9
     3     1    19    11    25     9     0     3   -36.0  -39.099  -70.597   1744.0    704.3
     4     1    19    11    25     9     0     3   -36.0  -37.193  -73.608   2322.4    757.0
     5     1    19    11    25     9     0     3   -36.0  -37.638  -63.662   1325.3    852.2
     1     1    19    11    25     8     0     2   -37.0  -34.753  -56.125     12.5   1009.6
     2     1    19    11    25     8     0     2   -37.0  -35.025  -58.872    879.5    911.8
     3     1    19    11    25     8     0     2   -37.0  -38.611  -71.385   1727.1    709.4
     4     1    19    11    25     8     0     2   -37.0  -37.105  -73.950   2311.2    763.5
     5     1    19    11    25     8     0     2   -37.0  -37.434  -63.619   1573.0    822.1
     1     1    19    11    25     7     0     1   -38.0  -34.598  -55.809     14.6   1007.1
     2     1    19    11    25     7     0     1   -38.0  -34.675  -58.540    864.5    912.0
     3     1    19    11    25     7     0     1   -38.0  -38.175  -71.924   1710.5    748.2
     4     1    19    11    25     7     0     1   -38.0  -37.054  -74.277   2273.4    768.7
     5     1    19    11    25     7     0     1   -38.0  -37.291  -63.574   1909.3    789.0
     1     1    19    11    25     6     0     0   -39.0  -34.465  -55.528     20.0   1003.3
     2     1    19    11    25     6     0     0   -39.0  -34.316  -58.244    884.2    907.8
     3     1    19    11    25     6     0     0   -39.0  -37.826  -72.297   1560.0    787.9
     4     1    19    11    25     6     0     0   -39.0  -37.022  -74.630   2232.5    772.4
     5     1    19    11    25     6     0     0   -39.0  -37.242  -63.561   2277.1    756.0
     1     1    19    11    25     5     0     1   -40.0  -34.336  -55.256     27.6    998.6
     2     1    19    11    25     5     0     1   -40.0  -33.933  -58.007    929.7    898.9
     3     1    19    11    25     5     0     1   -40.0  -37.564  -72.649   1502.1    822.3
     4     1    19    11    25     5     0     1   -40.0  -37.013  -75.033   2196.4    776.6
     5     1    19    11    25     5     0     1   -40.0  -37.242  -63.616   2495.2    722.5
     1     1    19    11    25     4     0     2   -41.0  -34.206  -54.979     31.4    993.5
     2     1    19    11    25     4     0     2   -41.0  -33.527  -57.779    973.5    893.6
     3     1    19    11    25     4     0     2   -41.0  -37.309  -73.029   1693.4    814.6
     4     1    19    11    25     4     0     2   -41.0  -37.023  -75.469   2170.8    779.0
     5     1    19    11    25     4     0     2   -41.0  -37.198  -63.720   2400.0    730.2
     1     1    19    11    25     3     0     3   -42.0  -34.089  -54.712     28.6    994.7
     2     1    19    11    25     3     0     3   -42.0  -33.106  -57.494    997.2    892.7
     3     1    19    11    25     3     0     3   -42.0  -37.033  -73.398   1980.1    783.1
     4     1    19    11    25     3     0     3   -42.0  -37.047  -75.919   2139.3    780.9
     5     1    19    11    25     3     0     3   -42.0  -37.046  -63.855   2071.6    766.0
     1     1    19    11    25     2     0     2   -43.0  -33.993  -54.465     23.1    997.6
     2     1    19    11    25     2     0     2   -43.0  -32.702  -57.171   1008.4    889.0
     3     1    19    11    25     2     0     2   -43.0  -36.777  -73.765   2155.5    769.1
     4     1    19    11    25     2     0     2   -43.0  -37.081  -76.406   2105.8    785.4
     5     1    19    11    25     2     0     2   -43.0  -36.709  -63.977   1688.8    811.7
     1     1    19    11    25     1     0     1   -44.0  -33.916  -54.238     18.5   1002.5
     2     1    19    11    25     1     0     1   -44.0  -32.336  -56.840   1027.9    884.2
     3     1    19    11    25     1     0     1   -44.0  -36.555  -74.164   2200.3    773.7
     4     1    19    11    25     1     0     1   -44.0  -37.112  -76.948   2090.1    786.7
     5     1    19    11    25     1     0     1   -44.0  -36.300  -63.948   1346.6    850.8
     1     1    19    11    25     0     0     0   -45.0  -33.848  -54.029     15.9   1007.2
     2     1    19    11    25     0     0     0   -45.0  -31.998  -56.492   1056.7    878.4
     3     1    19    11    25     0     0     0   -45.0  -36.356  -74.622   2198.2    776.6
     4     1    19    11    25     0     0     0   -45.0  -37.161  -77.540   2111.0    785.7
     5     1    19    11    25     0     0     0   -45.0  -35.914  -63.760   1095.6    877.0
     1     1    19    11    24    23     0     1   -46.0  -33.788  -53.813     14.2   1009.4
     2     1    19    11    24    23     0     1   -46.0  -31.702  -56.124   1080.0    872.3
     3     1    19    11    24    23     0     1   -46.0  -36.170  -75.158   2191.9    777.7
     4     1    19    11    24    23     0     1   -46.0  -37.227  -78.170   2164.4    778.1
     5     1    19    11    24    23     0     1   -46.0  -35.540  -63.501    945.2    894.4
     1     1    19    11    24    22     0     2   -47.0  -33.738  -53.568     12.8   1011.7
     2     1    19    11    24    22     0     2   -47.0  -31.469  -55.763   1109.7    868.9
     3     1    19    11    24    22     0     2   -47.0  -35.984  -75.743   2183.1    778.1
     4     1    19    11    24    22     0     2   -47.0  -37.297  -78.830   2224.9    771.1
     5     1    19    11    24    22     0     2   -47.0  -35.162  -63.245    871.1    902.2
     1     1    19    11    24    21     0     3   -48.0  -33.697  -53.299     11.8   1014.0
     2     1    19    11    24    21     0     3   -48.0  -31.284  -55.416   1166.6    865.4
     3     1    19    11    24    21     0     3   -48.0  -35.788  -76.357   2179.2    779.2
     4     1    19    11    24    21     0     3   -48.0  -37.391  -79.527   2275.7    764.6
     5     1    19    11    24    21     0     3   -48.0  -34.789  -63.019    846.6    903.3
     1     1    19    11    24    20     0     2   -49.0  -33.663  -53.021     11.0   1016.6
     2     1    19    11    24    20     0     2   -49.0  -31.130  -55.089   1237.6    859.5
     3     1    19    11    24    20     0     2   -49.0  -35.599  -76.991   2193.8    778.4
     4     1    19    11    24    20     0     2   -49.0  -37.531  -80.240   2312.7    761.4
     5     1    19    11    24    20     0     2   -49.0  -34.419  -62.812    848.4    900.8
     1     1    19    11    24    19     0     1   -50.0  -33.638  -52.751     10.1   1017.5
     2     1    19    11    24    19     0     1   -50.0  -30.994  -54.787   1301.3    850.3
     3     1    19    11    24    19     0     1   -50.0  -35.428  -77.623   2222.8    774.9
     4     1    19    11    24    19     0     1   -50.0  -37.708  -80.960   2357.4    757.5
     5     1    19    11    24    19     0     1   -50.0  -34.040  -62.596    839.0    899.8
     1     1    19    11    24    18     0     0   -51.0  -33.632  -52.497      9.3   1018.5
     2     1    19    11    24    18     0     0   -51.0  -30.867  -54.514   1354.7    841.6
     3     1    19    11    24    18     0     0   -51.0  -35.262  -78.246   2255.5    772.0
     4     1    19    11    24    18     0     0   -51.0  -37.913  -81.697   2405.9    750.5
     5     1    19    11    24    18     0     0   -51.0  -33.665  -62.366    809.3    905.8
     1     1    19    11    24    17     0     1   -52.0  -33.635  -52.266      9.1   1019.8
     2     1    19    11    24    17     0     1   -52.0  -30.744  -54.264   1390.4    836.6
     3     1    19    11    24    17     0     1   -52.0  -35.130  -78.877   2254.3    768.4
     4     1    19    11    24    17     0     1   -52.0  -38.168  -82.458   2457.5    746.7
     5     1    19    11    24    17     0     1   -52.0  -33.316  -62.127    779.7    912.7
     1     1    19    11    24    16     0     2   -53.0  -33.638  -52.056      9.5   1020.9
     2     1    19    11    24    16     0     2   -53.0  -30.622  -54.017   1403.7    836.0
     3     1    19    11    24    16     0     2   -53.0  -35.049  -79.506   2197.9    777.2
     4     1    19    11    24    16     0     2   -53.0  -38.489  -83.226   2531.5    738.2
     5     1    19    11    24    16     0     2   -53.0  -32.998  -61.888    757.6    916.3
     1     1    19    11    24    15     0     3   -54.0  -33.638  -51.868     10.3   1021.6
     2     1    19    11    24    15     0     3   -54.0  -30.505  -53.757   1409.9    842.6
     3     1    19    11    24    15     0     3   -54.0  -34.969  -80.136   2151.4    782.3
     4     1    19    11    24    15     0     3   -54.0  -38.865  -83.960   2618.2    729.5
     5     1    19    11    24    15     0     3   -54.0  -32.712  -61.658    746.1    919.8
     1     1    19    11    24    14     0     2   -55.0  -33.641  -51.691     11.2   1021.7
     2     1    19    11    24    14     0     2   -55.0  -30.396  -53.469   1435.9    847.6
     3     1    19    11    24    14     0     2   -55.0  -34.927  -80.769   2146.6    783.8
     4     1    19    11    24    14     0     2   -55.0  -39.289  -84.679   2698.5    719.2
     5     1    19    11    24    14     0     2   -55.0  -32.435  -61.431    743.9    922.1
     1     1    19    11    24    13     0     1   -56.0  -33.656  -51.510     11.6   1021.8
     2     1    19    11    24    13     0     1   -56.0  -30.290  -53.142   1494.3    848.2
     3     1    19    11    24    13     0     1   -56.0  -34.926  -81.407   2151.9    780.2
     4     1    19    11    24    13     0     1   -56.0  -39.771  -85.400   2753.5    713.9
     5     1    19    11    24    13     0     1   -56.0  -32.147  -61.194    731.0    926.9
     1     1    19    11    24    12     0     0   -57.0  -33.686  -51.322     11.0   1022.1
     2     1    19    11    24    12     0     0   -57.0  -30.194  -52.784   1582.5    842.4
     3     1    19    11    24    12     0     0   -57.0  -34.925  -82.073   2147.8    781.9
     4     1    19    11    24    12     0     0   -57.0  -40.301  -86.096   2832.8    709.1
     5     1    19    11    24    12     0     0   -57.0  -31.847  -60.933    697.6    933.1
     1     1    19    11    24    11     0     1   -58.0  -33.735  -51.123     10.2   1021.1
     2     1    19    11    24    11     0     1   -58.0  -30.133  -52.422   1680.5    832.3
     3     1    19    11    24    11     0     1   -58.0  -34.949  -82.765   2155.0    781.1
     4     1    19    11    24    11     0     1   -58.0  -40.862  -86.753   2915.9    694.8
     5     1    19    11    24    11     0     1   -58.0  -31.540  -60.615    673.2    937.8
     1     1    19    11    24    10     0     2   -59.0  -33.809  -50.916      9.5   1019.7
     2     1    19    11    24    10     0     2   -59.0  -30.119  -52.072   1776.9    822.9
     3     1    19    11    24    10     0     2   -59.0  -35.010  -83.475   2162.1    778.8
     4     1    19    11    24    10     0     2   -59.0  -41.449  -87.363   2976.9    691.3
     5     1    19    11    24    10     0     2   -59.0  -31.225  -60.231    682.6    936.1
     1     1    19    11    24     9     0     3   -60.0  -33.904  -50.699      9.5   1018.3
     2     1    19    11    24     9     0     3   -60.0  -30.155  -51.741   1865.0    813.3
     3     1    19    11    24     9     0     3   -60.0  -35.083  -84.211   2166.4    779.0
     4     1    19    11    24     9     0     3   -60.0  -42.053  -87.935   3025.0    684.0
     5     1    19    11    24     9     0     3   -60.0  -30.908  -59.790    712.3    931.6
     1     1    19    11    24     8     0     2   -61.0  -34.019  -50.482      9.8   1018.4
     2     1    19    11    24     8     0     2   -61.0  -30.245  -51.429   1941.1    805.6
     3     1    19    11    24     8     0     2   -61.0  -35.166  -84.970   2177.4    777.8
     4     1    19    11    24     8     0     2   -61.0  -42.646  -88.457   3065.9    682.2
     5     1    19    11    24     8     0     2   -61.0  -30.624  -59.310    730.1    924.9
     1     1    19    11    24     7     0     1   -62.0  -34.157  -50.267     10.3   1018.5
     2     1    19    11    24     7     0     1   -62.0  -30.387  -51.139   2009.8    799.4
     3     1    19    11    24     7     0     1   -62.0  -35.272  -85.745   2218.1    775.2
     4     1    19    11    24     7     0     1   -62.0  -43.221  -88.897   3120.9    675.8
     5     1    19    11    24     7     0     1   -62.0  -30.387  -58.785    721.1    927.7
     1     1    19    11    24     6     0     0   -63.0  -34.315  -50.050     11.0   1018.4
     2     1    19    11    24     6     0     0   -63.0  -30.568  -50.881   2076.4    792.8
     3     1    19    11    24     6     0     0   -63.0  -35.411  -86.552   2312.3    764.2
     4     1    19    11    24     6     0     0   -63.0  -43.774  -89.265   3134.2    673.7
     5     1    19    11    24     6     0     0   -63.0  -30.187  -58.204    718.2    926.5
     1     1    19    11    24     5     0     1   -64.0  -34.496  -49.837     11.8   1018.3
     2     1    19    11    24     5     0     1   -64.0  -30.777  -50.665   2137.6    787.1
     3     1    19    11    24     5     0     1   -64.0  -35.584  -87.373   2339.6    762.7
     4     1    19    11    24     5     0     1   -64.0  -44.248  -89.592   3138.8    675.1
     5     1    19    11    24     5     0     1   -64.0  -30.039  -57.591    760.7    919.2
     1     1    19    11    24     4     0     2   -65.0  -34.702  -49.638     13.0   1018.3
     2     1    19    11    24     4     0     2   -65.0  -31.016  -50.501   2191.7    782.4
     3     1    19    11    24     4     0     2   -65.0  -35.766  -88.208   2339.7    762.3
     4     1    19    11    24     4     0     2   -65.0  -44.686  -89.941   3210.1    666.8
     5     1    19    11    24     4     0     2   -65.0  -29.943  -56.982    826.2    912.0
     1     1    19    11    24     3     0     3   -66.0  -34.935  -49.449     14.4   1018.2
     2     1    19    11    24     3     0     3   -66.0  -31.282  -50.386   2249.6    777.3
     3     1    19    11    24     3     0     3   -66.0  -35.948  -89.049   2296.7    766.5
     4     1    19    11    24     3     0     3   -66.0  -45.120  -90.309   3243.0    663.8
     5     1    19    11    24     3     0     3   -66.0  -29.890  -56.377    878.8    903.2
     1     1    19    11    24     2     0     2   -67.0  -35.191  -49.276     16.1   1018.5
     2     1    19    11    24     2     0     2   -67.0  -31.575  -50.305   2319.4    771.0
     3     1    19    11    24     2     0     2   -67.0  -36.137  -89.888   2239.6    772.6
     4     1    19    11    24     2     0     2   -67.0  -45.501  -90.696   3289.1    659.6
     5     1    19    11    24     2     0     2   -67.0  -29.900  -55.791    902.6    898.6
     1     1    19    11    24     1     0     1   -68.0  -35.467  -49.123     17.9   1019.2
     2     1    19    11    24     1     0     1   -68.0  -31.892  -50.249   2409.4    762.8
     3     1    19    11    24     1     0     1   -68.0  -36.365  -90.724   2222.7    773.8
     4     1    19    11    24     1     0     1   -68.0  -45.853  -91.102   3376.0    649.8
     5     1    19    11    24     1     0     1   -68.0  -29.945  -55.216    858.8    906.8
     1     1    19    11    24     0     0     0   -69.0  -35.763  -48.984     19.9   1020.6
     2     1    19    11    24     0     0     0   -69.0  -32.229  -50.223   2519.2    752.5
     3     1    19    11    24     0     0     0   -69.0  -36.629  -91.571   2241.0    771.0
     4     1    19    11    24     0     0     0   -69.0  -46.202  -91.508   3428.6    644.3
     5     1    19    11    24     0     0     0   -69.0  -30.011  -54.626    788.5    918.8
     1     1    19    11    23    23     0     1   -70.0  -36.074  -48.865     21.7   1019.5
     2     1    19    11    23    23     0     1   -70.0  -32.583  -50.224   2622.4    742.3
     3     1    19    11    23    23     0     1   -70.0  -36.904  -92.434   2268.9    768.3
     4     1    19    11    23    23     0     1   -70.0  -46.519  -91.940   3498.8    638.5
     5     1    19    11    23    23     0     1   -70.0  -30.116  -54.084    800.6    913.7
     1     1    19    11    23    22     0     2   -71.0  -36.388  -48.773     23.6   1018.0
     2     1    19    11    23    22     0     2   -71.0  -32.948  -50.257   2704.4    734.5
     3     1    19    11    23    22     0     2   -71.0  -37.204  -93.300   2315.5    763.1
     4     1    19    11    23    22     0     2   -71.0  -46.825  -92.393   3617.3    626.6
     5     1    19    11    23    22     0     2   -71.0  -30.253  -53.633    844.5    909.4
     1     1    19    11    23    21     0     3   -72.0  -36.712  -48.697     25.4   1016.7
     2     1    19    11    23    21     0     3   -72.0  -33.333  -50.323   2769.3    728.1
     3     1    19    11    23    21     0     3   -72.0  -37.535  -94.179   2370.3    757.6
     4     1    19    11    23    21     0     3   -72.0  -47.133  -92.840   3687.8    618.5
     5     1    19    11    23    21     0     3   -72.0  -30.420  -53.257    910.5    903.6
