     5     1
    GDAS    19     7    22     0     0
    GDAS    19     7    29     0     0
    GDAS    19     8     1     0     0
    GDAS    19     8     8     0     0
    GDAS    19     8    15     0     0
     3 BACKWARD OMEGA   
    19     8    12    21  -34.572  -58.513    10.0
    19     8    12    21  -34.572  -58.513   200.0
    19     8    12    21  -34.572  -58.513   500.0
     1 PRESSURE
     1     1    19     8    12    21     0     3     0.0  -34.572  -58.513     10.0   1019.8
     2     1    19     8    12    21     0     3     0.0  -34.572  -58.513    200.0    998.1
     3     1    19     8    12    21     0     3     0.0  -34.572  -58.513    500.0    961.6
     1     1    19     8    12    20     0     2    -1.0  -34.747  -58.573      9.9   1020.0
     2     1    19     8    12    20     0     2    -1.0  -34.905  -58.615    205.2    999.1
     3     1    19     8    12    20     0     2    -1.0  -34.944  -58.634    519.5    961.4
     1     1    19     8    12    19     0     1    -2.0  -34.947  -58.653      9.9   1020.0
     2     1    19     8    12    19     0     1    -2.0  -35.248  -58.738    208.5    997.5
     3     1    19     8    12    19     0     1    -2.0  -35.328  -58.769    531.8    957.8
     1     1    19     8    12    18     0     0    -3.0  -35.178  -58.751      9.5   1019.5
     2     1    19     8    12    18     0     0    -3.0  -35.598  -58.879    205.6    997.9
     3     1    19     8    12    18     0     0    -3.0  -35.717  -58.916    526.4    958.7
     1     1    19     8    12    17     0     1    -4.0  -35.427  -58.865      9.3   1019.0
     2     1    19     8    12    17     0     1    -4.0  -35.949  -59.022    206.0    998.4
     3     1    19     8    12    17     0     1    -4.0  -36.109  -59.056    529.4    958.7
     1     1    19     8    12    16     0     2    -5.0  -35.680  -58.980      9.8   1018.5
     2     1    19     8    12    16     0     2    -5.0  -36.313  -59.136    225.3    991.8
     3     1    19     8    12    16     0     2    -5.0  -36.524  -59.159    566.7    949.2
     1     1    19     8    12    15     0     3    -6.0  -35.934  -59.077     10.6   1017.6
     2     1    19     8    12    15     0     3    -6.0  -36.710  -59.206    273.8    979.7
     3     1    19     8    12    15     0     3    -6.0  -36.988  -59.206    647.0    934.0
     1     1    19     8    12    14     0     2    -7.0  -36.179  -59.178     12.5   1014.1
     2     1    19     8    12    14     0     2    -7.0  -37.146  -59.272    340.2    964.5
     3     1    19     8    12    14     0     2    -7.0  -37.484  -59.246    718.5    914.9
     1     1    19     8    12    13     0     1    -8.0  -36.408  -59.312     17.9   1009.1
     2     1    19     8    12    13     0     1    -8.0  -37.612  -59.355    369.3    953.1
     3     1    19     8    12    13     0     1    -8.0  -37.981  -59.293    713.4    911.0
     1     1    19     8    12    12     0     0    -9.0  -36.637  -59.481     30.6   1002.7
     2     1    19     8    12    12     0     0    -9.0  -38.103  -59.395    331.6    957.8
     3     1    19     8    12    12     0     0    -9.0  -38.487  -59.290    669.7    930.6
     1     1    19     8    12    11     0     1   -10.0  -36.885  -59.676     55.6    993.6
     2     1    19     8    12    11     0     1   -10.0  -38.567  -59.394    282.7    977.2
     3     1    19     8    12    11     0     1   -10.0  -38.970  -59.229    629.0    943.3
     1     1    19     8    12    10     0     2   -11.0  -37.149  -59.916     94.0    983.3
     2     1    19     8    12    10     0     2   -11.0  -38.997  -59.330    249.2    986.8
     3     1    19     8    12    10     0     2   -11.0  -39.412  -59.122    600.6    947.2
     1     1    19     8    12     9     0     3   -12.0  -37.406  -60.228    138.2    975.3
     2     1    19     8    12     9     0     3   -12.0  -39.422  -59.178    233.1    989.6
     3     1    19     8    12     9     0     3   -12.0  -39.843  -58.990    611.0    945.7
     1     1    19     8    12     8     0     2   -13.0  -37.670  -60.567    174.6    970.7
     2     1    19     8    12     8     0     2   -13.0  -39.838  -59.019    231.5    987.3
     3     1    19     8    12     8     0     2   -13.0  -40.251  -58.851    635.6    938.3
     1     1    19     8    12     7     0     1   -14.0  -37.960  -60.930    208.2    966.8
     2     1    19     8    12     7     0     1   -14.0  -40.243  -58.832    228.6    986.9
     3     1    19     8    12     7     0     1   -14.0  -40.623  -58.703    636.5    937.8
     1     1    19     8    12     6     0     0   -15.0  -38.254  -61.342    252.8    959.2
     2     1    19     8    12     6     0     0   -15.0  -40.643  -58.607    226.1    987.2
     3     1    19     8    12     6     0     0   -15.0  -40.979  -58.529    630.9    940.2
     1     1    19     8    12     5     0     1   -16.0  -38.579  -61.721    293.0    958.7
     2     1    19     8    12     5     0     1   -16.0  -41.019  -58.347    226.4    987.4
     3     1    19     8    12     5     0     1   -16.0  -41.297  -58.311    627.3    939.6
     1     1    19     8    12     4     0     2   -17.0  -38.924  -62.050    278.9    974.2
     2     1    19     8    12     4     0     2   -17.0  -41.343  -58.030    233.4    986.5
     3     1    19     8    12     4     0     2   -17.0  -41.563  -58.033    619.2    940.2
     1     1    19     8    12     3     0     3   -18.0  -39.248  -62.331    250.9    985.6
     2     1    19     8    12     3     0     3   -18.0  -41.626  -57.672    239.8    984.3
     3     1    19     8    12     3     0     3   -18.0  -41.806  -57.713    603.8    941.2
     1     1    19     8    12     2     0     2   -19.0  -39.575  -62.501    241.2    987.2
     2     1    19     8    12     2     0     2   -19.0  -41.901  -57.326    240.8    984.9
     3     1    19     8    12     2     0     2   -19.0  -42.054  -57.417    590.2    944.2
     1     1    19     8    12     1     0     1   -20.0  -39.907  -62.579    246.6    984.8
     2     1    19     8    12     1     0     1   -20.0  -42.166  -57.034    225.6    985.2
     3     1    19     8    12     1     0     1   -20.0  -42.285  -57.189    553.8    944.9
     1     1    19     8    12     0     0     0   -21.0  -40.215  -62.647    262.7    981.1
     2     1    19     8    12     0     0     0   -21.0  -42.406  -56.798    198.2    991.2
     3     1    19     8    12     0     0     0   -21.0  -42.494  -57.002    473.8    954.8
     1     1    19     8    11    23     0     1   -22.0  -40.500  -62.675    255.5    978.0
     2     1    19     8    11    23     0     1   -22.0  -42.626  -56.617    182.3    993.8
     3     1    19     8    11    23     0     1   -22.0  -42.696  -56.833    412.4    969.4
     1     1    19     8    11    22     0     2   -23.0  -40.737  -62.609    201.3    983.8
     2     1    19     8    11    22     0     2   -23.0  -42.831  -56.491    182.4    992.3
     3     1    19     8    11    22     0     2   -23.0  -42.889  -56.700    401.9    967.5
     1     1    19     8    11    21     0     3   -24.0  -40.903  -62.472    132.1    993.0
     2     1    19     8    11    21     0     3   -24.0  -43.022  -56.417    187.7    991.0
     3     1    19     8    11    21     0     3   -24.0  -43.074  -56.615    411.4    964.4
     1     1    19     8    11    20     0     2   -25.0  -41.028  -62.336     85.2   1001.5
     2     1    19     8    11    20     0     2   -25.0  -43.207  -56.399    196.5    989.9
     3     1    19     8    11    20     0     2   -25.0  -43.254  -56.588    432.5    961.6
     1     1    19     8    11    19     0     1   -26.0  -41.154  -62.251     57.8   1003.2
     2     1    19     8    11    19     0     1   -26.0  -43.393  -56.440    209.9    988.0
     3     1    19     8    11    19     0     1   -26.0  -43.436  -56.624    467.0    957.1
     1     1    19     8    11    18     0     0   -27.0  -41.284  -62.207     40.8   1004.3
     2     1    19     8    11    18     0     0   -27.0  -43.581  -56.535    229.6    985.2
     3     1    19     8    11    18     0     0   -27.0  -43.621  -56.715    520.7    950.8
     1     1    19     8    11    17     0     1   -28.0  -41.394  -62.137     27.7   1006.0
     2     1    19     8    11    17     0     1   -28.0  -43.767  -56.665    253.2    981.8
     3     1    19     8    11    17     0     1   -28.0  -43.806  -56.839    584.4    942.0
     1     1    19     8    11    16     0     2   -29.0  -41.458  -62.003     17.3   1007.9
     2     1    19     8    11    16     0     2   -29.0  -43.945  -56.818    276.2    979.1
     3     1    19     8    11    16     0     2   -29.0  -43.987  -56.986    641.5    935.6
     1     1    19     8    11    15     0     3   -30.0  -41.471  -61.839     10.0   1009.1
     2     1    19     8    11    15     0     3   -30.0  -44.118  -56.997    299.5    976.5
     3     1    19     8    11    15     0     3   -30.0  -44.166  -57.159    690.0    929.4
     1     1    19     8    11    14     0     2   -31.0  -41.455  -61.686      6.1   1009.4
     2     1    19     8    11    14     0     2   -31.0  -44.298  -57.199    326.7    973.1
     3     1    19     8    11    14     0     2   -31.0  -44.354  -57.359    738.9    924.4
     1     1    19     8    11    13     0     1   -32.0  -41.435  -61.531      3.5   1009.6
     2     1    19     8    11    13     0     1   -32.0  -44.499  -57.423    360.5    968.8
     3     1    19     8    11    13     0     1   -32.0  -44.565  -57.591    799.8    916.6
     1     1    19     8    11    12     0     0   -33.0  -41.410  -61.364      1.8   1009.9
     2     1    19     8    11    12     0     0   -33.0  -44.725  -57.679    399.7    963.5
     3     1    19     8    11    12     0     0   -33.0  -44.803  -57.858    869.4    907.9
     1     1    19     8    11    11     0     1   -34.0  -41.389  -61.198      0.0   1009.7
     2     1    19     8    11    11     0     1   -34.0  -44.970  -57.975    433.1    957.2
     3     1    19     8    11    11     0     1   -34.0  -45.057  -58.164    944.3    899.0
     1     1    19     8    11    10     0     2   -35.0  -41.377  -61.051      0.0   1009.4
     2     1    19     8    11    10     0     2   -35.0  -45.214  -58.306    460.1    954.3
     3     1    19     8    11    10     0     2   -35.0  -45.305  -58.510   1019.8    888.7
     1     1    19     8    11     9     0     3   -36.0  -41.377  -60.925      0.0   1009.0
     2     1    19     8    11     9     0     3   -36.0  -45.456  -58.662    482.8    949.9
     3     1    19     8    11     9     0     3   -36.0  -45.550  -58.889   1071.9    880.0
     1     1    19     8    11     8     0     2   -37.0  -41.386  -60.823      0.0   1008.9
     2     1    19     8    11     8     0     2   -37.0  -45.702  -59.037    496.7    948.4
     3     1    19     8    11     8     0     2   -37.0  -45.801  -59.284   1089.9    878.6
     1     1    19     8    11     7     0     1   -38.0  -41.400  -60.747      0.0   1008.9
     2     1    19     8    11     7     0     1   -38.0  -45.959  -59.424    501.6    946.9
     3     1    19     8    11     7     0     1   -38.0  -46.061  -59.687   1092.4    879.0
     1     1    19     8    11     6     0     0   -39.0  -41.416  -60.698      0.0   1008.9
     2     1    19     8    11     6     0     0   -39.0  -46.229  -59.828    499.3    947.4
     3     1    19     8    11     6     0     0   -39.0  -46.332  -60.103   1102.6    878.9
     1     1    19     8    11     5     0     1   -40.0  -41.445  -60.680      0.6   1008.7
     2     1    19     8    11     5     0     1   -40.0  -46.517  -60.257    503.9    947.6
     3     1    19     8    11     5     0     1   -40.0  -46.624  -60.545   1140.7    874.9
     1     1    19     8    11     4     0     2   -41.0  -41.503  -60.690      0.7   1008.5
     2     1    19     8    11     4     0     2   -41.0  -46.824  -60.712    525.7    944.8
     3     1    19     8    11     4     0     2   -41.0  -46.944  -61.020   1204.1    866.8
     1     1    19     8    11     3     0     3   -42.0  -41.585  -60.731      0.0   1008.3
     2     1    19     8    11     3     0     3   -42.0  -47.141  -61.185    555.2    939.9
     3     1    19     8    11     3     0     3   -42.0  -47.273  -61.510   1268.3    857.9
     1     1    19     8    11     2     0     2   -43.0  -41.665  -60.799      0.0   1008.4
     2     1    19     8    11     2     0     2   -43.0  -47.460  -61.672    587.3    936.7
     3     1    19     8    11     2     0     2   -43.0  -47.604  -62.012   1335.0    852.3
     1     1    19     8    11     1     0     1   -44.0  -41.720  -60.892      0.0   1008.5
     2     1    19     8    11     1     0     1   -44.0  -47.789  -62.178    622.8    932.0
     3     1    19     8    11     1     0     1   -44.0  -47.954  -62.534   1411.5    842.1
     1     1    19     8    11     0     0     0   -45.0  -41.751  -61.009      0.0   1008.6
     2     1    19     8    11     0     0     0   -45.0  -48.143  -62.693    669.9    927.6
     3     1    19     8    11     0     0     0   -45.0  -48.327  -63.060   1508.4    833.5
     1     1    19     8    10    23     0     1   -46.0  -41.764  -61.160      0.0   1007.6
     2     1    19     8    10    23     0     1   -46.0  -48.514  -63.205    727.3    917.6
     3     1    19     8    10    23     0     1   -46.0  -48.715  -63.606   1620.0    817.8
     1     1    19     8    10    22     0     2   -47.0  -41.772  -61.354      0.0   1006.5
     2     1    19     8    10    22     0     2   -47.0  -48.890  -63.715    778.8    910.9
     3     1    19     8    10    22     0     2   -47.0  -49.108  -64.177   1709.6    806.6
     1     1    19     8    10    21     0     3   -48.0  -41.785  -61.588      0.0   1005.4
     2     1    19     8    10    21     0     3   -48.0  -49.275  -64.206    815.6    904.5
     3     1    19     8    10    21     0     3   -48.0  -49.517  -64.756   1766.0    799.8
     1     1    19     8    10    20     0     2   -49.0  -41.799  -61.848      0.0   1006.2
     2     1    19     8    10    20     0     2   -49.0  -49.668  -64.693    848.1    902.9
     3     1    19     8    10    20     0     2   -49.0  -49.950  -65.357   1816.1    796.2
     1     1    19     8    10    19     0     1   -50.0  -41.795  -62.126      0.0   1007.0
     2     1    19     8    10    19     0     1   -50.0  -50.082  -65.223    897.0    896.5
     3     1    19     8    10    19     0     1   -50.0  -50.395  -65.992   1856.4    789.4
     1     1    19     8    10    18     0     0   -51.0  -41.760  -62.423      0.0   1007.6
     2     1    19     8    10    18     0     0   -51.0  -50.513  -65.779    945.8    889.8
     3     1    19     8    10    18     0     0   -51.0  -50.833  -66.619   1911.6    787.6
     1     1    19     8    10    17     0     1   -52.0  -41.689  -62.731      0.0   1007.1
     2     1    19     8    10    17     0     1   -52.0  -50.949  -66.344   1035.8    884.2
     3     1    19     8    10    17     0     1   -52.0  -51.270  -67.250   2008.6    775.7
     1     1    19     8    10    16     0     2   -53.0  -41.583  -63.047      0.0   1006.4
     2     1    19     8    10    16     0     2   -53.0  -51.389  -66.915   1137.8    863.2
     3     1    19     8    10    16     0     2   -53.0  -51.728  -67.855   2141.0    763.1
     1     1    19     8    10    15     0     3   -54.0  -41.441  -63.364      0.2   1006.0
     2     1    19     8    10    15     0     3   -54.0  -51.822  -67.446   1187.6    860.3
     3     1    19     8    10    15     0     3   -54.0  -52.215  -68.364   2288.0    741.6
     1     1    19     8    10    14     0     2   -55.0  -41.290  -63.651      0.8   1005.8
     2     1    19     8    10    14     0     2   -55.0  -52.254  -67.950   1246.6    858.3
     3     1    19     8    10    14     0     2   -55.0  -52.760  -68.847   2345.0    719.7
     1     1    19     8    10    13     0     1   -56.0  -41.156  -63.899      0.8   1005.3
     2     1    19     8    10    13     0     1   -56.0  -52.712  -68.483   1302.1    837.5
     3     1    19     8    10    13     0     1   -56.0  -53.392  -69.389   2322.0    724.2
     1     1    19     8    10    12     0     0   -57.0  -41.038  -64.115      1.1   1005.6
     2     1    19     8    10    12     0     0   -57.0  -53.225  -69.080   1276.6    827.1
     3     1    19     8    10    12     0     0   -57.0  -54.089  -69.969   2475.9    719.9
     1     1    19     8    10    11     0     1   -58.0  -40.931  -64.322      2.8   1006.3
     2     1    19     8    10    11     0     1   -58.0  -53.731  -69.703   1296.0    834.1
     3     1    19     8    10    11     0     1   -58.0  -54.779  -70.575   2669.5    689.5
     1     1    19     8    10    10     0     2   -59.0  -40.829  -64.539      6.9   1006.2
     2     1    19     8    10    10     0     2   -59.0  -54.219  -70.343   1376.0    817.5
     3     1    19     8    10    10     0     2   -59.0  -55.411  -71.171   2591.9    701.2
     1     1    19     8    10     9     0     3   -60.0  -40.736  -64.769     15.2   1005.1
     2     1    19     8    10     9     0     3   -60.0  -54.691  -70.971   1358.7    823.4
     3     1    19     8    10     9     0     3   -60.0  -56.057  -71.724   2504.7    726.9
     1     1    19     8    10     8     0     2   -61.0  -40.662  -65.012     31.8   1003.3
     2     1    19     8    10     8     0     2   -61.0  -55.152  -71.528   1258.9    846.9
     3     1    19     8    10     8     0     2   -61.0  -56.745  -72.241   2536.1    721.9
     1     1    19     8    10     7     0     1   -62.0  -40.611  -65.254     56.7    993.7
     2     1    19     8    10     7     0     1   -62.0  -55.636  -72.037   1214.6    864.8
     3     1    19     8    10     7     0     1   -62.0  -57.459  -72.740   2616.2    707.3
     1     1    19     8    10     6     0     0   -63.0  -40.583  -65.491     90.0    983.7
     2     1    19     8    10     6     0     0   -63.0  -56.162  -72.530   1286.3    851.6
     3     1    19     8    10     6     0     0   -63.0  -58.179  -73.238   2629.9    700.3
     1     1    19     8    10     5     0     1   -64.0  -40.587  -65.721    132.9    971.8
     2     1    19     8    10     5     0     1   -64.0  -56.728  -73.014   1367.4    835.0
     3     1    19     8    10     5     0     1   -64.0  -58.914  -73.719   2606.5    709.2
     1     1    19     8    10     4     0     2   -65.0  -40.641  -65.939    185.1    959.4
     2     1    19     8    10     4     0     2   -65.0  -57.336  -73.496   1405.7    831.9
     3     1    19     8    10     4     0     2   -65.0  -59.683  -74.160   2617.4    706.6
     1     1    19     8    10     3     0     3   -66.0  -40.766  -66.132    252.9    942.9
     2     1    19     8    10     3     0     3   -66.0  -57.990  -73.970   1427.1    830.4
     3     1    19     8    10     3     0     3   -66.0  -60.445  -74.567   2635.4    704.0
     1     1    19     8    10     2     0     2   -67.0  -40.978  -66.326    396.6    915.1
     2     1    19     8    10     2     0     2   -67.0  -58.679  -74.457   1474.9    825.1
     3     1    19     8    10     2     0     2   -67.0  -61.221  -74.945   2660.9    701.5
     1     1    19     8    10     1     0     1   -68.0  -41.263  -66.580    613.7    876.5
     2     1    19     8    10     1     0     1   -68.0  -59.380  -74.945   1557.5    814.1
     3     1    19     8    10     1     0     1   -68.0  -62.012  -75.277   2716.9    695.0
     1     1    19     8    10     0     0     0   -69.0  -41.600  -66.953    629.7    856.6
     2     1    19     8    10     0     0     0   -69.0  -60.095  -75.395   1620.4    806.9
     3     1    19     8    10     0     0     0   -69.0  -62.798  -75.578   2750.4    690.4
     1     1    19     8     9    23     0     1   -70.0  -41.916  -67.461    538.2    853.0
     2     1    19     8     9    23     0     1   -70.0  -60.828  -75.834   1674.8    800.2
     3     1    19     8     9    23     0     1   -70.0  -63.578  -75.834   2774.1    688.7
     1     1    19     8     9    22     0     2   -71.0  -42.264  -68.064    855.7    794.4
     2     1    19     8     9    22     0     2   -71.0  -61.587  -76.240   1726.7    793.6
     3     1    19     8     9    22     0     2   -71.0  -64.384  -76.070   2840.1    680.4
     1     1    19     8     9    21     0     3   -72.0  -42.609  -68.684   1163.0    772.2
     2     1    19     8     9    21     0     3   -72.0  -62.365  -76.545   1788.6    786.1
     3     1    19     8     9    21     0     3   -72.0  -65.214  -76.360   2894.6    674.7
