     5     1
    GDAS    19     9     1     0     0
    GDAS    19     9     8     0     0
    GDAS    19     9    15     0     0
    GDAS    19     9    22     0     0
    GDAS    19     9    29     0     0
     5 BACKWARD OMEGA   
    19     9     3    21  -34.572  -58.513    10.0
    19     9     3    21  -34.572  -58.513   200.0
    19     9     3    21  -34.572  -58.513   500.0
    19     9     3    21  -34.572  -58.513  1000.0
    19     9     3    21  -34.572  -58.513  2000.0
     1 PRESSURE
     1     1    19     9     3    21     0     3     0.0  -34.572  -58.513     10.0   1016.5
     2     1    19     9     3    21     0     3     0.0  -34.572  -58.513    200.0    994.4
     3     1    19     9     3    21     0     3     0.0  -34.572  -58.513    500.0    959.1
     4     1    19     9     3    21     0     3     0.0  -34.572  -58.513   1000.0    901.7
     5     1    19     9     3    21     0     3     0.0  -34.572  -58.513   2000.0    794.9
     1     1    19     9     3    20     0     2    -1.0  -34.579  -58.652     10.0   1016.6
     2     1    19     9     3    20     0     2    -1.0  -34.612  -58.789    211.1    994.4
     3     1    19     9     3    20     0     2    -1.0  -34.637  -58.849    534.8    955.9
     4     1    19     9     3    20     0     2    -1.0  -34.665  -58.884   1056.8    895.7
     5     1    19     9     3    20     0     2    -1.0  -34.819  -58.995   2077.5    789.3
     1     1    19     9     3    19     0     1    -2.0  -34.594  -58.804     10.0   1016.7
     2     1    19     9     3    19     0     1    -2.0  -34.653  -59.051    218.6    994.6
     3     1    19     9     3    19     0     1    -2.0  -34.695  -59.159    557.2    954.4
     4     1    19     9     3    19     0     1    -2.0  -34.741  -59.230   1093.8    893.0
     5     1    19     9     3    19     0     1    -2.0  -35.051  -59.487   2146.4    780.9
     1     1    19     9     3    18     0     0    -3.0  -34.616  -58.972      9.9   1016.7
     2     1    19     9     3    18     0     0    -3.0  -34.696  -59.302    221.6    994.4
     3     1    19     9     3    18     0     0    -3.0  -34.742  -59.444    572.3    953.2
     4     1    19     9     3    18     0     0    -3.0  -34.795  -59.549   1119.1    890.6
     5     1    19     9     3    18     0     0    -3.0  -35.264  -59.985   2188.1    774.4
     1     1    19     9     3    17     0     1    -4.0  -34.649  -59.147      9.9   1017.9
     2     1    19     9     3    17     0     1    -4.0  -34.747  -59.542    223.6    995.2
     3     1    19     9     3    17     0     1    -4.0  -34.792  -59.710    589.3    952.7
     4     1    19     9     3    17     0     1    -4.0  -34.852  -59.845   1147.9    889.3
     5     1    19     9     3    17     0     1    -4.0  -35.464  -60.477   2215.2    769.8
     1     1    19     9     3    16     0     2    -5.0  -34.696  -59.318     10.0   1019.0
     2     1    19     9     3    16     0     2    -5.0  -34.812  -59.772    229.3    995.5
     3     1    19     9     3    16     0     2    -5.0  -34.862  -59.966    618.4    950.2
     4     1    19     9     3    16     0     2    -5.0  -34.942  -60.127   1188.2    883.4
     5     1    19     9     3    16     0     2    -5.0  -35.662  -60.961   2256.7    764.4
     1     1    19     9     3    15     0     3    -6.0  -34.754  -59.485     10.2   1020.1
     2     1    19     9     3    15     0     3    -6.0  -34.883  -59.997    242.1    995.0
     3     1    19     9     3    15     0     3    -6.0  -34.951  -60.219    654.8    943.4
     4     1    19     9     3    15     0     3    -6.0  -35.071  -60.398   1229.1    875.2
     5     1    19     9     3    15     0     3    -6.0  -35.852  -61.438   2319.2    758.2
     1     1    19     9     3    14     0     2    -7.0  -34.815  -59.640     10.6   1019.9
     2     1    19     9     3    14     0     2    -7.0  -34.958  -60.212    255.8    990.8
     3     1    19     9     3    14     0     2    -7.0  -35.057  -60.470    681.9    936.1
     4     1    19     9     3    14     0     2    -7.0  -35.243  -60.667   1259.9    868.2
     5     1    19     9     3    14     0     2    -7.0  -36.031  -61.897   2378.0    750.2
     1     1    19     9     3    13     0     1    -8.0  -34.873  -59.776     10.9   1019.8
     2     1    19     9     3    13     0     1    -8.0  -35.036  -60.414    261.6    987.9
     3     1    19     9     3    13     0     1    -8.0  -35.185  -60.718    692.7    932.5
     4     1    19     9     3    13     0     1    -8.0  -35.454  -60.938   1281.7    864.3
     5     1    19     9     3    13     0     1    -8.0  -36.203  -62.328   2412.1    746.0
     1     1    19     9     3    12     0     0    -9.0  -34.927  -59.892     11.0   1019.7
     2     1    19     9     3    12     0     0    -9.0  -35.120  -60.602    260.8    986.0
     3     1    19     9     3    12     0     0    -9.0  -35.331  -60.968    695.1    930.6
     4     1    19     9     3    12     0     0    -9.0  -35.703  -61.210   1302.4    861.8
     5     1    19     9     3    12     0     0    -9.0  -36.367  -62.731   2441.4    744.0
     1     1    19     9     3    11     0     1   -10.0  -34.978  -59.996     11.1   1019.6
     2     1    19     9     3    11     0     1   -10.0  -35.213  -60.780    262.2    984.6
     3     1    19     9     3    11     0     1   -10.0  -35.482  -61.220    703.3    930.4
     4     1    19     9     3    11     0     1   -10.0  -35.976  -61.498   1323.4    859.4
     5     1    19     9     3    11     0     1   -10.0  -36.540  -63.115   2483.2    738.4
     1     1    19     9     3    10     0     2   -11.0  -35.030  -60.096     11.5   1018.8
     2     1    19     9     3    10     0     2   -11.0  -35.321  -60.947    274.5    981.7
     3     1    19     9     3    10     0     2   -11.0  -35.633  -61.469    722.2    927.4
     4     1    19     9     3    10     0     2   -11.0  -36.261  -61.812   1344.0    855.2
     5     1    19     9     3    10     0     2   -11.0  -36.735  -63.489   2524.7    731.3
     1     1    19     9     3     9     0     3   -12.0  -35.085  -60.192     12.3   1017.9
     2     1    19     9     3     9     0     3   -12.0  -35.443  -61.103    297.7    977.9
     3     1    19     9     3     9     0     3   -12.0  -35.789  -61.717    742.7    924.6
     4     1    19     9     3     9     0     3   -12.0  -36.564  -62.149   1375.7    850.6
     5     1    19     9     3     9     0     3   -12.0  -36.941  -63.866   2556.1    727.8
     1     1    19     9     3     8     0     2   -13.0  -35.147  -60.285     13.3   1017.1
     2     1    19     9     3     8     0     2   -13.0  -35.587  -61.242    325.7    974.0
     3     1    19     9     3     8     0     2   -13.0  -35.954  -61.950    768.6    922.8
     4     1    19     9     3     8     0     2   -13.0  -36.881  -62.503   1412.5    843.0
     5     1    19     9     3     8     0     2   -13.0  -37.153  -64.226   2606.3    722.3
     1     1    19     9     3     7     0     1   -14.0  -35.219  -60.377     14.2   1016.4
     2     1    19     9     3     7     0     1   -14.0  -35.760  -61.359    356.1    971.0
     3     1    19     9     3     7     0     1   -14.0  -36.138  -62.159    807.6    917.8
     4     1    19     9     3     7     0     1   -14.0  -37.201  -62.866   1442.7    837.7
     5     1    19     9     3     7     0     1   -14.0  -37.374  -64.559   2700.9    708.4
     1     1    19     9     3     6     0     0   -15.0  -35.302  -60.468     15.0   1015.8
     2     1    19     9     3     6     0     0   -15.0  -35.959  -61.446    397.0    966.9
     3     1    19     9     3     6     0     0   -15.0  -36.349  -62.355    853.7    910.6
     4     1    19     9     3     6     0     0   -15.0  -37.521  -63.238   1479.1    834.1
     5     1    19     9     3     6     0     0   -15.0  -37.604  -64.871   2818.7    692.8
     1     1    19     9     3     5     0     1   -16.0  -35.398  -60.558     16.3   1015.1
     2     1    19     9     3     5     0     1   -16.0  -36.200  -61.517    443.7    959.1
     3     1    19     9     3     5     0     1   -16.0  -36.589  -62.542    893.9    904.0
     4     1    19     9     3     5     0     1   -16.0  -37.839  -63.615   1534.1    829.9
     5     1    19     9     3     5     0     1   -16.0  -37.843  -65.166   2926.6    682.1
     1     1    19     9     3     4     0     2   -17.0  -35.510  -60.645     18.5   1014.3
     2     1    19     9     3     4     0     2   -17.0  -36.504  -61.600    490.9    951.6
     3     1    19     9     3     4     0     2   -17.0  -36.862  -62.722    932.2    898.7
     4     1    19     9     3     4     0     2   -17.0  -38.167  -63.991   1622.4    825.0
     5     1    19     9     3     4     0     2   -17.0  -38.093  -65.437   3003.8    678.7
     1     1    19     9     3     3     0     3   -18.0  -35.636  -60.725     21.7   1013.4
     2     1    19     9     3     3     0     3   -18.0  -36.871  -61.698    553.0    942.7
     3     1    19     9     3     3     0     3   -18.0  -37.170  -62.903    981.4    891.2
     4     1    19     9     3     3     0     3   -18.0  -38.510  -64.349   1729.9    811.4
     5     1    19     9     3     3     0     3   -18.0  -38.362  -65.669   3052.4    677.3
     1     1    19     9     3     2     0     2   -19.0  -35.776  -60.804     25.5   1011.8
     2     1    19     9     3     2     0     2   -19.0  -37.282  -61.833    631.1    922.9
     3     1    19     9     3     2     0     2   -19.0  -37.512  -63.092   1035.0    882.2
     4     1    19     9     3     2     0     2   -19.0  -38.855  -64.701   1820.0    800.3
     5     1    19     9     3     2     0     2   -19.0  -38.678  -65.863   3106.3    675.5
     1     1    19     9     3     1     0     1   -20.0  -35.932  -60.895     29.4   1010.1
     2     1    19     9     3     1     0     1   -20.0  -37.711  -62.026    714.0    896.1
     3     1    19     9     3     1     0     1   -20.0  -37.873  -63.285   1101.7    875.8
     4     1    19     9     3     1     0     1   -20.0  -39.191  -65.056   1868.8    795.8
     5     1    19     9     3     1     0     1   -20.0  -39.069  -66.030   3204.9    666.9
     1     1    19     9     3     0     0     0   -21.0  -36.108  -61.004     33.8   1007.6
     2     1    19     9     3     0     0     0   -21.0  -38.153  -62.261    824.0    889.5
     3     1    19     9     3     0     0     0   -21.0  -38.238  -63.483   1196.9    869.2
     4     1    19     9     3     0     0     0   -21.0  -39.521  -65.375   1911.7    794.1
     5     1    19     9     3     0     0     0   -21.0  -39.524  -66.185   3347.9    652.5
     1     1    19     9     2    23     0     1   -22.0  -36.297  -61.111     39.9   1005.2
     2     1    19     9     2    23     0     1   -22.0  -38.578  -62.512    936.0    893.1
     3     1    19     9     2    23     0     1   -22.0  -38.598  -63.700   1303.1    860.8
     4     1    19     9     2    23     0     1   -22.0  -39.856  -65.649   1977.5    783.9
     5     1    19     9     2    23     0     1   -22.0  -40.019  -66.348   3488.8    636.8
     1     1    19     9     2    22     0     2   -23.0  -36.490  -61.210     48.4   1002.2
     2     1    19     9     2    22     0     2   -23.0  -38.969  -62.766    988.9    901.4
     3     1    19     9     2    22     0     2   -23.0  -38.945  -63.943   1423.8    851.1
     4     1    19     9     2    22     0     2   -23.0  -40.195  -65.908   2041.4    770.6
     5     1    19     9     2    22     0     2   -23.0  -40.515  -66.507   3520.9    616.1
     1     1    19     9     2    21     0     3   -24.0  -36.688  -61.316     60.3    998.5
     2     1    19     9     2    21     0     3   -24.0  -39.355  -63.022    992.2    902.8
     3     1    19     9     2    21     0     3   -24.0  -39.286  -64.194   1535.2    833.0
     4     1    19     9     2    21     0     3   -24.0  -40.548  -66.142   2076.4    756.1
     5     1    19     9     2    21     0     3   -24.0  -40.984  -66.629   3413.5    605.4
     1     1    19     9     2    20     0     2   -25.0  -36.907  -61.435     81.7    994.1
     2     1    19     9     2    20     0     2   -25.0  -39.759  -63.286    983.5    903.4
     3     1    19     9     2    20     0     2   -25.0  -39.630  -64.440   1609.0    826.4
     4     1    19     9     2    20     0     2   -25.0  -40.927  -66.333   2088.0    742.3
     5     1    19     9     2    20     0     2   -25.0  -41.474  -66.733   3297.6    621.5
     1     1    19     9     2    19     0     1   -26.0  -37.173  -61.567    114.0    984.8
     2     1    19     9     2    19     0     1   -26.0  -40.182  -63.559    981.6    902.0
     3     1    19     9     2    19     0     1   -26.0  -39.975  -64.686   1690.0    822.2
     4     1    19     9     2    19     0     1   -26.0  -41.336  -66.515   2124.6    731.7
     5     1    19     9     2    19     0     1   -26.0  -42.061  -66.849   3271.4    627.3
     1     1    19     9     2    18     0     0   -27.0  -37.488  -61.729    144.6    970.4
     2     1    19     9     2    18     0     0   -27.0  -40.609  -63.850    985.5    902.8
     3     1    19     9     2    18     0     0   -27.0  -40.319  -64.933   1847.2    812.9
     4     1    19     9     2    18     0     0   -27.0  -41.797  -66.706   2195.8    720.0
     5     1    19     9     2    18     0     0   -27.0  -42.683  -66.995   3289.4    647.1
     1     1    19     9     2    17     0     1   -28.0  -37.842  -61.912    163.7    952.3
     2     1    19     9     2    17     0     1   -28.0  -41.046  -64.150    989.9    905.0
     3     1    19     9     2    17     0     1   -28.0  -40.697  -65.154   2072.7    782.9
     4     1    19     9     2    17     0     1   -28.0  -42.311  -66.900   2252.9    722.0
     5     1    19     9     2    17     0     1   -28.0  -43.292  -67.153   3266.0    657.8
     1     1    19     9     2    16     0     2   -29.0  -38.213  -62.091    171.3    957.6
     2     1    19     9     2    16     0     2   -29.0  -41.511  -64.434   1014.5    905.3
     3     1    19     9     2    16     0     2   -29.0  -41.131  -65.323   2294.4    754.0
     4     1    19     9     2    16     0     2   -29.0  -42.838  -67.111   2235.9    744.5
     5     1    19     9     2    16     0     2   -29.0  -43.939  -67.289   3293.3    647.3
     1     1    19     9     2    15     0     3   -30.0  -38.570  -62.263    179.3    979.3
     2     1    19     9     2    15     0     3   -30.0  -41.999  -64.700   1111.5    896.6
     3     1    19     9     2    15     0     3   -30.0  -41.620  -65.474   2460.4    728.0
     4     1    19     9     2    15     0     3   -30.0  -43.382  -67.329   2201.8    749.2
     5     1    19     9     2    15     0     3   -30.0  -44.636  -67.401   3317.6    631.5
     1     1    19     9     2    14     0     2   -31.0  -38.916  -62.435    192.3    994.0
     2     1    19     9     2    14     0     2   -31.0  -42.518  -64.953   1220.8    869.6
     3     1    19     9     2    14     0     2   -31.0  -42.178  -65.657   2569.0    713.0
     4     1    19     9     2    14     0     2   -31.0  -43.952  -67.531   2259.8    740.0
     5     1    19     9     2    14     0     2   -31.0  -45.350  -67.505   3335.2    637.2
     1     1    19     9     2    13     0     1   -32.0  -39.288  -62.607    206.0    995.5
     2     1    19     9     2    13     0     1   -32.0  -43.084  -65.198   1262.7    860.0
     3     1    19     9     2    13     0     1   -32.0  -42.773  -65.885   2647.2    710.2
     4     1    19     9     2    13     0     1   -32.0  -44.543  -67.727   2325.5    719.4
     5     1    19     9     2    13     0     1   -32.0  -46.077  -67.603   3488.8    638.7
     1     1    19     9     2    12     0     0   -33.0  -39.696  -62.789    226.0    993.1
     2     1    19     9     2    12     0     0   -33.0  -43.690  -65.435   1284.2    858.0
     3     1    19     9     2    12     0     0   -33.0  -43.370  -66.150   2678.5    707.0
     4     1    19     9     2    12     0     0   -33.0  -45.163  -67.936   2329.3    714.6
     5     1    19     9     2    12     0     0   -33.0  -46.859  -67.677   3607.7    611.9
     1     1    19     9     2    11     0     1   -34.0  -40.131  -62.991    249.9    989.2
     2     1    19     9     2    11     0     1   -34.0  -44.311  -65.665   1319.1    851.2
     3     1    19     9     2    11     0     1   -34.0  -43.970  -66.434   2688.7    700.1
     4     1    19     9     2    11     0     1   -34.0  -45.802  -68.130   2388.7    712.2
     5     1    19     9     2    11     0     1   -34.0  -47.663  -67.746   3570.5    631.9
     1     1    19     9     2    10     0     2   -35.0  -40.601  -63.198    240.1    988.2
     2     1    19     9     2    10     0     2   -35.0  -44.900  -65.924   1248.7    868.0
     3     1    19     9     2    10     0     2   -35.0  -44.587  -66.693   2693.2    697.9
     4     1    19     9     2    10     0     2   -35.0  -46.432  -68.284   2509.8    703.1
     5     1    19     9     2    10     0     2   -35.0  -48.469  -67.844   3588.3    628.9
     1     1    19     9     2     9     0     3   -36.0  -41.094  -63.410    174.3    996.6
     2     1    19     9     2     9     0     3   -36.0  -45.459  -66.191   1055.9    892.3
     3     1    19     9     2     9     0     3   -36.0  -45.228  -66.916   2653.4    701.4
     4     1    19     9     2     9     0     3   -36.0  -47.037  -68.419   2462.0    710.3
     5     1    19     9     2     9     0     3   -36.0  -49.256  -68.013   3615.1    626.5
     1     1    19     9     2     8     0     2   -37.0  -41.584  -63.642    115.1   1005.4
     2     1    19     9     2     8     0     2   -37.0  -46.016  -66.429    934.0    910.9
     3     1    19     9     2     8     0     2   -37.0  -45.869  -67.136   2618.5    721.3
     4     1    19     9     2     8     0     2   -37.0  -47.651  -68.572   2339.1    721.3
     5     1    19     9     2     8     0     2   -37.0  -50.021  -68.201   3625.6    637.3
     1     1    19     9     2     7     0     1   -38.0  -42.082  -63.880    124.7   1004.9
     2     1    19     9     2     7     0     1   -38.0  -46.599  -66.654    939.4    905.6
     3     1    19     9     2     7     0     1   -38.0  -46.505  -67.358   2632.8    717.0
     4     1    19     9     2     7     0     1   -38.0  -48.299  -68.779   2311.1    722.3
     5     1    19     9     2     7     0     1   -38.0  -50.770  -68.331   3597.5    641.9
     1     1    19     9     2     6     0     0   -39.0  -42.588  -64.124    161.6    997.6
     2     1    19     9     2     6     0     0   -39.0  -47.241  -66.849   1124.5    881.6
     3     1    19     9     2     6     0     0   -39.0  -47.160  -67.570   2755.3    701.6
     4     1    19     9     2     6     0     0   -39.0  -48.888  -69.025   2329.8    730.5
     5     1    19     9     2     6     0     0   -39.0  -51.514  -68.448   3568.4    641.3
     1     1    19     9     2     5     0     1   -40.0  -43.086  -64.392    165.8    992.6
     2     1    19     9     2     5     0     1   -40.0  -47.900  -66.999   1299.9    842.2
     3     1    19     9     2     5     0     1   -40.0  -47.837  -67.777   2809.4    692.0
     4     1    19     9     2     5     0     1   -40.0  -49.425  -69.277   2336.4    735.5
     5     1    19     9     2     5     0     1   -40.0  -52.251  -68.554   3486.7    643.9
     1     1    19     9     2     4     0     2   -41.0  -43.584  -64.660    157.1    998.4
     2     1    19     9     2     4     0     2   -41.0  -48.547  -67.132   1380.6    848.4
     3     1    19     9     2     4     0     2   -41.0  -48.527  -67.978   2805.3    698.6
     4     1    19     9     2     4     0     2   -41.0  -49.957  -69.496   2369.2    738.2
     5     1    19     9     2     4     0     2   -41.0  -52.987  -68.597   3383.9    653.5
     1     1    19     9     2     3     0     3   -42.0  -44.106  -64.907    174.0    999.3
     2     1    19     9     2     3     0     3   -42.0  -49.196  -67.270   1462.3    847.0
     3     1    19     9     2     3     0     3   -42.0  -49.223  -68.161   2800.8    695.7
     4     1    19     9     2     3     0     3   -42.0  -50.508  -69.648   2480.1    731.3
     5     1    19     9     2     3     0     3   -42.0  -53.743  -68.576   3177.8    656.6
     1     1    19     9     2     2     0     2   -43.0  -44.642  -65.166    200.2    991.2
     2     1    19     9     2     2     0     2   -43.0  -49.848  -67.414   1492.8    843.1
     3     1    19     9     2     2     0     2   -43.0  -49.891  -68.301   2741.8    713.7
     4     1    19     9     2     2     0     2   -43.0  -51.079  -69.746   2570.8    721.7
     5     1    19     9     2     2     0     2   -43.0  -54.517  -68.559   2977.0    678.9
     1     1    19     9     2     1     0     1   -44.0  -45.188  -65.438    159.9    998.3
     2     1    19     9     2     1     0     1   -44.0  -50.501  -67.558   1407.5    855.2
     3     1    19     9     2     1     0     1   -44.0  -50.529  -68.393   2606.9    731.4
     4     1    19     9     2     1     0     1   -44.0  -51.647  -69.815   2531.5    725.9
     5     1    19     9     2     1     0     1   -44.0  -55.347  -68.674   3214.0    650.0
     1     1    19     9     2     0     0     0   -45.0  -45.740  -65.690    109.8   1005.4
     2     1    19     9     2     0     0     0   -45.0  -51.126  -67.681   1319.4    864.9
     3     1    19     9     2     0     0     0   -45.0  -51.166  -68.455   2522.8    741.1
     4     1    19     9     2     0     0     0   -45.0  -52.222  -69.843   2413.9    739.7
     5     1    19     9     2     0     0     0   -45.0  -56.150  -68.816   3251.4    669.0
     1     1    19     9     1    23     0     1   -46.0  -46.284  -65.936    111.0   1004.4
     2     1    19     9     1    23     0     1   -46.0  -51.714  -67.814   1224.1    874.2
     3     1    19     9     1    23     0     1   -46.0  -51.818  -68.475   2589.4    732.6
     4     1    19     9     1    23     0     1   -46.0  -52.787  -69.843   2255.7    757.1
     5     1    19     9     1    23     0     1   -46.0  -56.856  -68.986   3154.6    681.3
     1     1    19     9     1    22     0     2   -47.0  -46.805  -66.190    171.8    997.0
     2     1    19     9     1    22     0     2   -47.0  -52.270  -67.983   1134.1    886.4
     3     1    19     9     1    22     0     2   -47.0  -52.509  -68.452   2764.9    709.3
     4     1    19     9     1    22     0     2   -47.0  -53.352  -69.850   2125.1    770.9
     5     1    19     9     1    22     0     2   -47.0  -57.517  -69.164   3113.4    683.9
     1     1    19     9     1    21     0     3   -48.0  -47.344  -66.437    249.7    975.3
     2     1    19     9     1    21     0     3   -48.0  -52.818  -68.200   1163.8    888.5
     3     1    19     9     1    21     0     3   -48.0  -53.231  -68.410   2822.8    692.3
     4     1    19     9     1    21     0     3   -48.0  -53.965  -69.886   2085.7    767.5
     5     1    19     9     1    21     0     3   -48.0  -58.165  -69.356   3087.0    686.6
     1     1    19     9     1    20     0     2   -49.0  -47.913  -66.684    275.8    965.6
     2     1    19     9     1    20     0     2   -49.0  -53.393  -68.394   1258.8    853.7
     3     1    19     9     1    20     0     2   -49.0  -53.989  -68.349   2766.2    700.8
     4     1    19     9     1    20     0     2   -49.0  -54.561  -69.956   2114.7    761.1
     5     1    19     9     1    20     0     2   -49.0  -58.789  -69.576   3085.5    686.8
     1     1    19     9     1    19     0     1   -50.0  -48.503  -66.964    275.1    973.3
     2     1    19     9     1    19     0     1   -50.0  -53.980  -68.533   1321.1    844.8
     3     1    19     9     1    19     0     1   -50.0  -54.772  -68.307   2858.6    678.4
     4     1    19     9     1    19     0     1   -50.0  -55.060  -70.038   2140.1    762.6
     5     1    19     9     1    19     0     1   -50.0  -59.394  -69.801   3096.7    683.8
     1     1    19     9     1    18     0     0   -51.0  -49.123  -67.273    280.0    973.6
     2     1    19     9     1    18     0     0   -51.0  -54.553  -68.654   1396.9    821.0
     3     1    19     9     1    18     0     0   -51.0  -55.535  -68.334   3038.9    667.0
     4     1    19     9     1    18     0     0   -51.0  -55.518  -70.074   2125.9    770.1
     5     1    19     9     1    18     0     0   -51.0  -60.003  -70.008   3087.8    684.7
     1     1    19     9     1    17     0     1   -52.0  -49.738  -67.614    243.5    980.2
     2     1    19     9     1    17     0     1   -52.0  -55.068  -68.834   1339.3    815.0
     3     1    19     9     1    17     0     1   -52.0  -56.219  -68.328   2962.1    694.1
     4     1    19     9     1    17     0     1   -52.0  -55.990  -70.047   2049.6    784.6
     5     1    19     9     1    17     0     1   -52.0  -60.590  -70.250   3091.5    684.3
     1     1    19     9     1    16     0     2   -53.0  -50.336  -68.026    170.6    992.5
     2     1    19     9     1    16     0     2   -53.0  -55.542  -68.995   1130.9    860.0
     3     1    19     9     1    16     0     2   -53.0  -56.850  -68.235   2892.9    704.8
     4     1    19     9     1    16     0     2   -53.0  -56.494  -69.964   1962.9    795.6
     5     1    19     9     1    16     0     2   -53.0  -61.163  -70.531   3084.6    683.4
     1     1    19     9     1    15     0     3   -54.0  -50.917  -68.485    144.9   1003.1
     2     1    19     9     1    15     0     3   -54.0  -56.020  -68.994   1014.2    908.1
     3     1    19     9     1    15     0     3   -54.0  -57.450  -68.093   2877.2    701.4
     4     1    19     9     1    15     0     3   -54.0  -57.014  -69.812   1906.7    799.9
     5     1    19     9     1    15     0     3   -54.0  -61.751  -70.831   3051.2    686.9
     1     1    19     9     1    14     0     2   -55.0  -51.497  -69.005    233.0    986.8
     2     1    19     9     1    14     0     2   -55.0  -56.535  -68.884   1012.8    893.4
     3     1    19     9     1    14     0     2   -55.0  -58.026  -67.915   2900.2    701.0
     4     1    19     9     1    14     0     2   -55.0  -57.535  -69.623   1880.6    801.9
     5     1    19     9     1    14     0     2   -55.0  -62.328  -71.164   3020.7    691.3
     1     1    19     9     1    13     0     1   -56.0  -52.073  -69.580    384.9    953.9
     2     1    19     9     1    13     0     1   -56.0  -57.080  -68.756   1023.5    891.2
     3     1    19     9     1    13     0     1   -56.0  -58.586  -67.679   2984.0    691.3
     4     1    19     9     1    13     0     1   -56.0  -58.050  -69.427   1889.7    800.0
     5     1    19     9     1    13     0     1   -56.0  -62.881  -71.515   2992.8    691.1
     1     1    19     9     1    12     0     0   -57.0  -52.648  -70.199    594.2    934.1
     2     1    19     9     1    12     0     0   -57.0  -57.646  -68.595   1051.2    886.5
     3     1    19     9     1    12     0     0   -57.0  -59.121  -67.400   3102.1    677.8
     4     1    19     9     1    12     0     0   -57.0  -58.549  -69.161   1958.2    793.4
     5     1    19     9     1    12     0     0   -57.0  -63.431  -71.882   2947.5    695.3
     1     1    19     9     1    11     0     1   -58.0  -53.237  -70.851    893.0    902.1
     2     1    19     9     1    11     0     1   -58.0  -58.201  -68.391   1094.3    880.3
     3     1    19     9     1    11     0     1   -58.0  -59.643  -67.051   3192.1    664.2
     4     1    19     9     1    11     0     1   -58.0  -59.041  -68.798   2068.8    776.9
     5     1    19     9     1    11     0     1   -58.0  -63.971  -72.292   2914.6    700.1
     1     1    19     9     1    10     0     2   -59.0  -53.869  -71.505   1136.6    853.3
     2     1    19     9     1    10     0     2   -59.0  -58.733  -68.121   1142.9    873.0
     3     1    19     9     1    10     0     2   -59.0  -60.164  -66.590   3203.4    662.7
     4     1    19     9     1    10     0     2   -59.0  -59.538  -68.331   2159.5    764.3
     5     1    19     9     1    10     0     2   -59.0  -64.493  -72.729   2909.3    699.3
     1     1    19     9     1     9     0     3   -60.0  -54.513  -72.116   1200.3    852.6
     2     1    19     9     1     9     0     3   -60.0  -59.256  -67.739   1169.7    866.6
     3     1    19     9     1     9     0     3   -60.0  -60.664  -66.059   3200.4    666.7
     4     1    19     9     1     9     0     3   -60.0  -60.011  -67.707   2211.5    758.4
     5     1    19     9     1     9     0     3   -60.0  -65.018  -73.161   2931.4    697.5
     1     1    19     9     1     8     0     2   -61.0  -55.154  -72.677   1185.7    878.0
     2     1    19     9     1     8     0     2   -61.0  -59.749  -67.261   1172.8    867.1
     3     1    19     9     1     8     0     2   -61.0  -61.125  -65.498   3228.0    662.6
     4     1    19     9     1     8     0     2   -61.0  -60.466  -67.021   2209.2    756.1
     5     1    19     9     1     8     0     2   -61.0  -65.544  -73.603   2966.3    691.2
     1     1    19     9     1     7     0     1   -62.0  -55.810  -73.230   1173.6    874.3
     2     1    19     9     1     7     0     1   -62.0  -60.204  -66.755   1181.0    865.1
     3     1    19     9     1     7     0     1   -62.0  -61.539  -64.925   3264.3    656.5
     4     1    19     9     1     7     0     1   -62.0  -60.900  -66.333   2229.3    759.4
     5     1    19     9     1     7     0     1   -62.0  -66.054  -74.082   3000.1    688.4
     1     1    19     9     1     6     0     0   -63.0  -56.482  -73.804   1154.5    878.8
     2     1    19     9     1     6     0     0   -63.0  -60.625  -66.158   1205.8    861.3
     3     1    19     9     1     6     0     0   -63.0  -61.916  -64.344   3298.0    653.4
     4     1    19     9     1     6     0     0   -63.0  -61.273  -65.506   2318.6    744.1
     5     1    19     9     1     6     0     0   -63.0  -66.570  -74.585   3060.3    683.9
     1     1    19     9     1     5     0     1   -64.0  -57.161  -74.388   1146.3    878.9
     2     1    19     9     1     5     0     1   -64.0  -60.997  -65.446   1253.8    853.7
     3     1    19     9     1     5     0     1   -64.0  -62.241  -63.752   3327.0    649.9
     4     1    19     9     1     5     0     1   -64.0  -61.608  -64.669   2390.0    735.7
     5     1    19     9     1     5     0     1   -64.0  -67.074  -75.125   3104.9    676.7
     1     1    19     9     1     4     0     2   -65.0  -57.836  -74.995   1137.2    880.1
     2     1    19     9     1     4     0     2   -65.0  -61.335  -64.756   1293.4    847.6
     3     1    19     9     1     4     0     2   -65.0  -62.485  -63.136   3398.9    643.2
     4     1    19     9     1     4     0     2   -65.0  -61.881  -63.849   2439.4    730.4
     5     1    19     9     1     4     0     2   -65.0  -67.534  -75.676   3139.1    673.6
     1     1    19     9     1     3     0     3   -66.0  -58.512  -75.642   1143.9    880.0
     2     1    19     9     1     3     0     3   -66.0  -61.618  -64.107   1306.4    845.2
     3     1    19     9     1     3     0     3   -66.0  -62.676  -62.493   3526.6    630.8
     4     1    19     9     1     3     0     3   -66.0  -62.059  -62.854   2546.9    719.9
     5     1    19     9     1     3     0     3   -66.0  -67.988  -76.193   3206.0    667.1
     1     1    19     9     1     2     0     2   -67.0  -59.183  -76.326   1168.7    875.7
     2     1    19     9     1     2     0     2   -67.0  -61.821  -63.445   1296.7    844.7
     3     1    19     9     1     2     0     2   -67.0  -62.808  -61.843   3649.3    618.3
     4     1    19     9     1     2     0     2   -67.0  -62.192  -61.876   2591.8    711.7
     5     1    19     9     1     2     0     2   -67.0  -68.422  -76.682   3309.3    656.2
     1     1    19     9     1     1     0     1   -68.0  -59.848  -77.027   1161.2    876.4
     2     1    19     9     1     1     0     1   -68.0  -61.965  -62.807   1247.7    849.4
     3     1    19     9     1     1     0     1   -68.0  -62.856  -61.221   3683.3    614.1
     4     1    19     9     1     1     0     1   -68.0  -62.258  -61.041   2541.9    717.1
     5     1    19     9     1     1     0     1   -68.0  -68.849  -77.160   3412.2    645.9
     1     1    19     9     1     0     0     0   -69.0  -60.516  -77.762   1155.1    877.6
     2     1    19     9     1     0     0     0   -69.0  -62.050  -62.214   1192.4    854.5
     3     1    19     9     1     0     0     0   -69.0  -62.841  -60.630   3648.7    617.9
     4     1    19     9     1     0     0     0   -69.0  -62.224  -60.198   2524.3    718.4
     5     1    19     9     1     0     0     0   -69.0  -69.267  -77.614   3491.2    638.1
