     7     1
    GDAS    19    12    29     0     0
    GDAS    20     1     1     0     0
    GDAS    20     1     8     0     0
    GDAS    20     1    15     0     0
    GDAS    20     1    22     0     0
    GDAS    20     1    29     0     0
    GDAS    20     2     1     0     0
     5 BACKWARD OMEGA   
    20     1    21    21  -34.572  -58.513    10.0
    20     1    21    21  -34.572  -58.513   200.0
    20     1    21    21  -34.572  -58.513   500.0
    20     1    21    21  -34.572  -58.513  1000.0
    20     1    21    21  -34.572  -58.513  2000.0
     1 PRESSURE
     1     1    20     1    21    21     0     3     0.0  -34.572  -58.513     10.0   1005.4
     2     1    20     1    21    21     0     3     0.0  -34.572  -58.513    200.0    984.3
     3     1    20     1    21    21     0     3     0.0  -34.572  -58.513    500.0    951.3
     4     1    20     1    21    21     0     3     0.0  -34.572  -58.513   1000.0    898.1
     5     1    20     1    21    21     0     3     0.0  -34.572  -58.513   2000.0    798.7
     1     1    20     1    21    20     0     2    -1.0  -34.598  -58.422      7.2   1005.3
     2     1    20     1    21    20     0     2    -1.0  -34.615  -58.354    148.8    992.7
     3     1    20     1    21    20     0     2    -1.0  -34.613  -58.305    393.7    965.9
     4     1    20     1    21    20     0     2    -1.0  -34.631  -58.279    875.6    912.9
     5     1    20     1    21    20     0     2    -1.0  -34.717  -58.269   2061.2    790.7
     1     1    20     1    21    19     0     1    -2.0  -34.623  -58.333      5.6   1005.4
     2     1    20     1    21    19     0     1    -2.0  -34.659  -58.211    122.9    994.0
     3     1    20     1    21    19     0     1    -2.0  -34.670  -58.122    325.8    971.6
     4     1    20     1    21    19     0     1    -2.0  -34.698  -58.072    773.7    922.0
     5     1    20     1    21    19     0     1    -2.0  -34.825  -58.058   2152.1    790.6
     1     1    20     1    21    18     0     0    -3.0  -34.644  -58.254      5.1   1005.4
     2     1    20     1    21    18     0     0    -3.0  -34.691  -58.090    109.9    995.1
     3     1    20     1    21    18     0     0    -3.0  -34.720  -57.970    283.8    977.0
     4     1    20     1    21    18     0     0    -3.0  -34.757  -57.888    703.6    932.4
     5     1    20     1    21    18     0     0    -3.0  -34.897  -57.847   2376.0    772.6
     1     1    20     1    21    17     0     1    -4.0  -34.657  -58.184      4.9   1005.3
     2     1    20     1    21    17     0     1    -4.0  -34.715  -57.988    103.0    995.2
     3     1    20     1    21    17     0     1    -4.0  -34.765  -57.838    266.1    979.0
     4     1    20     1    21    17     0     1    -4.0  -34.813  -57.721    683.6    934.9
     5     1    20     1    21    17     0     1    -4.0  -34.936  -57.622   2677.9    739.5
     1     1    20     1    21    16     0     2    -5.0  -34.663  -58.122      4.5   1005.1
     2     1    20     1    21    16     0     2    -5.0  -34.737  -57.895     99.8    995.7
     3     1    20     1    21    16     0     2    -5.0  -34.815  -57.707    272.3    978.1
     4     1    20     1    21    16     0     2    -5.0  -34.875  -57.557    700.2    931.6
     5     1    20     1    21    16     0     2    -5.0  -34.965  -57.401   2982.2    711.5
     1     1    20     1    21    15     0     3    -6.0  -34.658  -58.071      4.1   1004.8
     2     1    20     1    21    15     0     3    -6.0  -34.761  -57.809    102.7    995.2
     3     1    20     1    21    15     0     3    -6.0  -34.873  -57.579    295.6    975.3
     4     1    20     1    21    15     0     3    -6.0  -34.941  -57.392    718.5    928.2
     5     1    20     1    21    15     0     3    -6.0  -35.011  -57.204   3279.0    686.5
     1     1    20     1    21    14     0     2    -7.0  -34.646  -58.032      3.6   1005.2
     2     1    20     1    21    14     0     2    -7.0  -34.782  -57.722    107.4    994.7
     3     1    20     1    21    14     0     2    -7.0  -34.924  -57.444    319.6    971.7
     4     1    20     1    21    14     0     2    -7.0  -34.996  -57.229    722.4    928.9
     5     1    20     1    21    14     0     2    -7.0  -35.077  -57.055   3498.3    663.1
     1     1    20     1    21    13     0     1    -8.0  -34.630  -58.006      3.1   1005.6
     2     1    20     1    21    13     0     1    -8.0  -34.791  -57.626    109.5    994.7
     3     1    20     1    21    13     0     1    -8.0  -34.952  -57.294    328.2    971.1
     4     1    20     1    21    13     0     1    -8.0  -35.027  -57.080    724.1    929.9
     5     1    20     1    21    13     0     1    -8.0  -35.152  -56.961   3586.0    657.1
     1     1    20     1    21    12     0     0    -9.0  -34.610  -57.997      2.5   1006.0
     2     1    20     1    21    12     0     0    -9.0  -34.789  -57.519    108.8    994.8
     3     1    20     1    21    12     0     0    -9.0  -34.960  -57.135    324.5    972.1
     4     1    20     1    21    12     0     0    -9.0  -35.040  -56.949    741.8    929.1
     5     1    20     1    21    12     0     0    -9.0  -35.231  -56.907   3564.7    659.7
     1     1    20     1    21    11     0     1   -10.0  -34.596  -57.996      1.8   1005.4
     2     1    20     1    21    11     0     1   -10.0  -34.793  -57.412    105.3    994.7
     3     1    20     1    21    11     0     1   -10.0  -34.969  -56.978    313.0    973.4
     4     1    20     1    21    11     0     1   -10.0  -35.040  -56.833    766.4    924.2
     5     1    20     1    21    11     0     1   -10.0  -35.318  -56.873   3474.1    669.1
     1     1    20     1    21    10     0     2   -11.0  -34.597  -57.994      1.1   1005.0
     2     1    20     1    21    10     0     2   -11.0  -34.819  -57.307     98.8    995.4
     3     1    20     1    21    10     0     2   -11.0  -34.990  -56.834    295.0    975.7
     4     1    20     1    21    10     0     2   -11.0  -35.037  -56.729    773.9    922.9
     5     1    20     1    21    10     0     2   -11.0  -35.424  -56.844   3341.7    680.4
     1     1    20     1    21     9     0     3   -12.0  -34.614  -57.987      0.4   1004.6
     2     1    20     1    21     9     0     3   -12.0  -34.862  -57.201     89.6    996.8
     3     1    20     1    21     9     0     3   -12.0  -35.018  -56.700    268.4    978.5
     4     1    20     1    21     9     0     3   -12.0  -35.033  -56.638    760.3    924.0
     5     1    20     1    21     9     0     3   -12.0  -35.552  -56.818   3172.9    694.9
     1     1    20     1    21     8     0     2   -13.0  -34.640  -57.979      0.0   1004.4
     2     1    20     1    21     8     0     2   -13.0  -34.901  -57.091     79.9    998.2
     3     1    20     1    21     8     0     2   -13.0  -35.036  -56.571    233.6    982.1
     4     1    20     1    21     8     0     2   -13.0  -35.031  -56.550    720.6    927.4
     5     1    20     1    21     8     0     2   -13.0  -35.687  -56.786   3022.5    711.8
     1     1    20     1    21     7     0     1   -14.0  -34.663  -57.977      0.0   1004.3
     2     1    20     1    21     7     0     1   -14.0  -34.906  -56.984     71.1    998.6
     3     1    20     1    21     7     0     1   -14.0  -35.031  -56.448    196.4    986.0
     4     1    20     1    21     7     0     1   -14.0  -35.026  -56.454    654.0    934.8
     5     1    20     1    21     7     0     1   -14.0  -35.822  -56.744   2943.6    719.4
     1     1    20     1    21     6     0     0   -15.0  -34.683  -57.982      0.0   1004.1
     2     1    20     1    21     6     0     0   -15.0  -34.881  -56.888     62.9    998.9
     3     1    20     1    21     6     0     0   -15.0  -35.015  -56.332    160.4    990.0
     4     1    20     1    21     6     0     0   -15.0  -35.007  -56.353    568.4    943.9
     5     1    20     1    21     6     0     0   -15.0  -35.962  -56.692   2961.1    718.9
     1     1    20     1    21     5     0     1   -16.0  -34.702  -57.972      0.0   1003.9
     2     1    20     1    21     5     0     1   -16.0  -34.846  -56.777     56.1   1000.0
     3     1    20     1    21     5     0     1   -16.0  -34.988  -56.199    133.8    994.3
     4     1    20     1    21     5     0     1   -16.0  -34.960  -56.226    499.9    955.0
     5     1    20     1    21     5     0     1   -16.0  -36.112  -56.650   3035.9    708.3
     1     1    20     1    21     4     0     2   -17.0  -34.716  -57.927      0.0   1003.6
     2     1    20     1    21     4     0     2   -17.0  -34.810  -56.620     50.4   1000.6
     3     1    20     1    21     4     0     2   -17.0  -34.942  -56.035    121.2    995.5
     4     1    20     1    21     4     0     2   -17.0  -34.880  -56.049    475.5    957.3
     5     1    20     1    21     4     0     2   -17.0  -36.261  -56.637   3095.0    702.1
     1     1    20     1    21     3     0     3   -18.0  -34.725  -57.841      0.0   1003.4
     2     1    20     1    21     3     0     3   -18.0  -34.769  -56.433     46.6   1000.9
     3     1    20     1    21     3     0     3   -18.0  -34.869  -55.845    120.0    994.9
     4     1    20     1    21     3     0     3   -18.0  -34.773  -55.820    485.9    954.2
     5     1    20     1    21     3     0     3   -18.0  -36.395  -56.654   3115.3    700.3
     1     1    20     1    21     2     0     2   -19.0  -34.726  -57.731      0.0   1003.3
     2     1    20     1    21     2     0     2   -19.0  -34.728  -56.232     44.0   1000.6
     3     1    20     1    21     2     0     2   -19.0  -34.788  -55.617    118.7    992.3
     4     1    20     1    21     2     0     2   -19.0  -34.677  -55.566    486.3    948.0
     5     1    20     1    21     2     0     2   -19.0  -36.523  -56.690   3121.8    702.2
     1     1    20     1    21     1     0     1   -20.0  -34.716  -57.615      0.0   1003.2
     2     1    20     1    21     1     0     1   -20.0  -34.702  -56.023     39.4   1000.8
     3     1    20     1    21     1     0     1   -20.0  -34.728  -55.352    114.4    991.5
     4     1    20     1    21     1     0     1   -20.0  -34.614  -55.298    472.7    950.2
     5     1    20     1    21     1     0     1   -20.0  -36.657  -56.741   3154.2    700.6
     1     1    20     1    21     0     0     0   -21.0  -34.694  -57.494      0.6   1002.9
     2     1    20     1    21     0     0     0   -21.0  -34.696  -55.795     33.5   1000.7
     3     1    20     1    21     0     0     0   -21.0  -34.691  -55.053    123.6    989.6
     4     1    20     1    21     0     0     0   -21.0  -34.585  -55.002    503.1    948.0
     5     1    20     1    21     0     0     0   -21.0  -36.797  -56.801   3237.7    694.6
     1     1    20     1    20    23     0     1   -22.0  -34.671  -57.366      2.2   1002.6
     2     1    20     1    20    23     0     1   -22.0  -34.698  -55.567     30.0   1000.7
     3     1    20     1    20    23     0     1   -22.0  -34.663  -54.753    140.2    986.3
     4     1    20     1    20    23     0     1   -22.0  -34.580  -54.741    546.6    937.6
     5     1    20     1    20    23     0     1   -22.0  -36.939  -56.882   3361.2    682.5
     1     1    20     1    20    22     0     2   -23.0  -34.663  -57.227      5.0   1002.3
     2     1    20     1    20    22     0     2   -23.0  -34.701  -55.360     28.7   1000.2
     3     1    20     1    20    22     0     2   -23.0  -34.638  -54.492    148.1    986.3
     4     1    20     1    20    22     0     2   -23.0  -34.582  -54.540    556.7    939.6
     5     1    20     1    20    22     0     2   -23.0  -37.085  -56.988   3503.6    670.2
     1     1    20     1    20    21     0     3   -24.0  -34.682  -57.075      9.3   1002.2
     2     1    20     1    20    21     0     3   -24.0  -34.708  -55.176     27.4   1000.0
     3     1    20     1    20    21     0     3   -24.0  -34.621  -54.249    156.7    986.8
     4     1    20     1    20    21     0     3   -24.0  -34.596  -54.375    565.6    941.2
     5     1    20     1    20    21     0     3   -24.0  -37.238  -57.128   3657.2    657.2
     1     1    20     1    20    20     0     2   -25.0  -34.725  -56.916     14.0   1002.7
     2     1    20     1    20    20     0     2   -25.0  -34.728  -55.011     27.0   1000.6
     3     1    20     1    20    20     0     2   -25.0  -34.608  -54.020    173.5    986.4
     4     1    20     1    20    20     0     2   -25.0  -34.615  -54.238    592.7    940.3
     5     1    20     1    20    20     0     2   -25.0  -37.394  -57.308   3767.0    643.0
     1     1    20     1    20    19     0     1   -26.0  -34.776  -56.766     16.4   1003.6
     2     1    20     1    20    19     0     1   -26.0  -34.766  -54.846     29.6   1001.7
     3     1    20     1    20    19     0     1   -26.0  -34.576  -53.828    190.1    984.6
     4     1    20     1    20    19     0     1   -26.0  -34.632  -54.131    633.6    936.5
     5     1    20     1    20    19     0     1   -26.0  -37.551  -57.509   3785.3    640.6
     1     1    20     1    20    18     0     0   -27.0  -34.836  -56.631     15.4   1005.4
     2     1    20     1    20    18     0     0   -27.0  -34.810  -54.683     34.7   1002.7
     3     1    20     1    20    18     0     0   -27.0  -34.518  -53.682    197.9    984.5
     4     1    20     1    20    18     0     0   -27.0  -34.644  -54.055    674.4    932.2
     5     1    20     1    20    18     0     0   -27.0  -37.707  -57.716   3735.3    643.4
     1     1    20     1    20    17     0     1   -28.0  -34.899  -56.509     14.4   1007.7
     2     1    20     1    20    17     0     1   -28.0  -34.839  -54.526     42.5   1003.3
     3     1    20     1    20    17     0     1   -28.0  -34.431  -53.563    203.5    985.0
     4     1    20     1    20    17     0     1   -28.0  -34.653  -53.997    719.1    928.9
     5     1    20     1    20    17     0     1   -28.0  -37.864  -57.931   3673.2    647.8
     1     1    20     1    20    16     0     2   -29.0  -34.957  -56.397     16.0   1009.0
     2     1    20     1    20    16     0     2   -29.0  -34.832  -54.383     53.9   1003.1
     3     1    20     1    20    16     0     2   -29.0  -34.314  -53.455    214.7    984.2
     4     1    20     1    20    16     0     2   -29.0  -34.663  -53.946    777.0    923.3
     5     1    20     1    20    16     0     2   -29.0  -38.022  -58.164   3626.1    648.0
     1     1    20     1    20    15     0     3   -30.0  -35.010  -56.295     21.6   1009.5
     2     1    20     1    20    15     0     3   -30.0  -34.788  -54.260     70.3   1001.2
     3     1    20     1    20    15     0     3   -30.0  -34.166  -53.350    232.3    982.9
     4     1    20     1    20    15     0     3   -30.0  -34.678  -53.898    846.5    916.5
     5     1    20     1    20    15     0     3   -30.0  -38.192  -58.418   3573.1    654.2
     1     1    20     1    20    14     0     2   -31.0  -35.037  -56.210     30.1   1007.8
     2     1    20     1    20    14     0     2   -31.0  -34.706  -54.156     89.2    997.6
     3     1    20     1    20    14     0     2   -31.0  -33.989  -53.238    252.0    981.1
     4     1    20     1    20    14     0     2   -31.0  -34.701  -53.855    912.8    908.4
     5     1    20     1    20    14     0     2   -31.0  -38.373  -58.694   3518.3    661.7
     1     1    20     1    20    13     0     1   -32.0  -35.020  -56.151     36.9   1006.8
     2     1    20     1    20    13     0     1   -32.0  -34.585  -54.066    103.8    995.0
     3     1    20     1    20    13     0     1   -32.0  -33.794  -53.125    262.1    981.0
     4     1    20     1    20    13     0     1   -32.0  -34.731  -53.825    963.6    903.3
     5     1    20     1    20    13     0     1   -32.0  -38.562  -59.001   3493.5    667.5
     1     1    20     1    20    12     0     0   -33.0  -34.958  -56.117     39.8   1005.9
     2     1    20     1    20    12     0     0   -33.0  -34.434  -53.985    112.7    993.3
     3     1    20     1    20    12     0     0   -33.0  -33.590  -53.015    259.1    982.6
     4     1    20     1    20    12     0     0   -33.0  -34.770  -53.809   1000.4    899.8
     5     1    20     1    20    12     0     0   -33.0  -38.761  -59.338   3521.3    667.3
     1     1    20     1    20    11     0     1   -34.0  -34.860  -56.094     42.7   1004.6
     2     1    20     1    20    11     0     1   -34.0  -34.270  -53.910    118.5    991.9
     3     1    20     1    20    11     0     1   -34.0  -33.377  -52.899    247.6    984.1
     4     1    20     1    20    11     0     1   -34.0  -34.806  -53.806   1033.1    897.6
     5     1    20     1    20    11     0     1   -34.0  -38.976  -59.710   3560.0    663.2
     1     1    20     1    20    10     0     2   -35.0  -34.736  -56.068     49.9   1002.4
     2     1    20     1    20    10     0     2   -35.0  -34.101  -53.832    123.0    990.5
     3     1    20     1    20    10     0     2   -35.0  -33.149  -52.763    231.4    985.7
     4     1    20     1    20    10     0     2   -35.0  -34.838  -53.821   1072.0    893.7
     5     1    20     1    20    10     0     2   -35.0  -39.190  -60.132   3558.6    663.8
     1     1    20     1    20     9     0     3   -36.0  -34.590  -56.037     61.4    999.6
     2     1    20     1    20     9     0     3   -36.0  -33.927  -53.741    124.4    990.8
     3     1    20     1    20     9     0     3   -36.0  -32.906  -52.604    213.8    987.2
     4     1    20     1    20     9     0     3   -36.0  -34.870  -53.855   1118.2    889.2
     5     1    20     1    20     9     0     3   -36.0  -39.375  -60.600   3542.2    666.3
     1     1    20     1    20     8     0     2   -37.0  -34.421  -55.999     74.7    996.0
     2     1    20     1    20     8     0     2   -37.0  -33.751  -53.634    123.4    993.0
     3     1    20     1    20     8     0     2   -37.0  -32.658  -52.417    203.8    988.0
     4     1    20     1    20     8     0     2   -37.0  -34.902  -53.902   1167.6    883.9
     5     1    20     1    20     8     0     2   -37.0  -39.531  -61.096   3551.4    667.5
     1     1    20     1    20     7     0     1   -38.0  -34.233  -55.948     85.3    992.1
     2     1    20     1    20     7     0     1   -38.0  -33.575  -53.509    119.4    994.9
     3     1    20     1    20     7     0     1   -38.0  -32.415  -52.198    203.4    987.9
     4     1    20     1    20     7     0     1   -38.0  -34.921  -53.953   1212.2    879.0
     5     1    20     1    20     7     0     1   -38.0  -39.676  -61.616   3546.0    662.4
     1     1    20     1    20     6     0     0   -39.0  -34.030  -55.886     88.7    988.5
     2     1    20     1    20     6     0     0   -39.0  -33.401  -53.362    110.0    997.1
     3     1    20     1    20     6     0     0   -39.0  -32.181  -51.947    204.9    988.4
     4     1    20     1    20     6     0     0   -39.0  -34.926  -54.010   1248.4    875.0
     5     1    20     1    20     6     0     0   -39.0  -39.798  -62.164   3419.0    670.4
     1     1    20     1    20     5     0     1   -40.0  -33.834  -55.802     88.0    987.8
     2     1    20     1    20     5     0     1   -40.0  -33.230  -53.200     96.2   1000.0
     3     1    20     1    20     5     0     1   -40.0  -31.946  -51.678    205.9    988.9
     4     1    20     1    20     5     0     1   -40.0  -34.906  -54.084   1275.6    872.2
     5     1    20     1    20     5     0     1   -40.0  -39.847  -62.703   3231.0    694.1
     1     1    20     1    20     4     0     2   -41.0  -33.657  -55.684     86.4    986.3
     2     1    20     1    20     4     0     2   -41.0  -33.064  -53.037     80.7   1002.6
     3     1    20     1    20     4     0     2   -41.0  -31.700  -51.395    208.0    988.8
     4     1    20     1    20     4     0     2   -41.0  -34.855  -54.186   1291.3    869.9
     5     1    20     1    20     4     0     2   -41.0  -39.826  -63.193   3069.1    704.5
     1     1    20     1    20     3     0     3   -42.0  -33.500  -55.537     81.0    985.1
     2     1    20     1    20     3     0     3   -42.0  -32.903  -52.882     66.5   1004.0
     3     1    20     1    20     3     0     3   -42.0  -31.440  -51.079    216.6    988.7
     4     1    20     1    20     3     0     3   -42.0  -34.773  -54.316   1288.5    868.6
     5     1    20     1    20     3     0     3   -42.0  -39.771  -63.649   2900.2    715.1
     1     1    20     1    20     2     0     2   -43.0  -33.374  -55.383     70.8    983.8
     2     1    20     1    20     2     0     2   -43.0  -32.748  -52.721     55.0   1004.7
     3     1    20     1    20     2     0     2   -43.0  -31.164  -50.725    233.6    986.9
     4     1    20     1    20     2     0     2   -43.0  -34.674  -54.456   1271.5    869.4
     5     1    20     1    20     2     0     2   -43.0  -39.700  -64.060   2698.6    727.7
     1     1    20     1    20     1     0     1   -44.0  -33.283  -55.233     55.6    983.3
     2     1    20     1    20     1     0     1   -44.0  -32.600  -52.541     45.7   1005.2
     3     1    20     1    20     1     0     1   -44.0  -30.875  -50.358    251.2    985.2
     4     1    20     1    20     1     0     1   -44.0  -34.568  -54.580   1267.8    869.2
     5     1    20     1    20     1     0     1   -44.0  -39.604  -64.368   2335.1    748.7
     1     1    20     1    20     0     0     0   -45.0  -33.217  -55.082     36.4    982.9
     2     1    20     1    20     0     0     0   -45.0  -32.449  -52.339     39.0   1006.3
     3     1    20     1    20     0     0     0   -45.0  -30.562  -50.001    264.2    984.3
     4     1    20     1    20     0     0     0   -45.0  -34.462  -54.674   1303.3    864.4
     5     1    20     1    20     0     0     0   -45.0  -39.486  -64.519   1593.0    806.4
     1     1    20     1    19    23     0     1   -46.0  -33.174  -54.949     21.1    984.8
     2     1    20     1    19    23     0     1   -46.0  -32.297  -52.108     34.3   1007.7
     3     1    20     1    19    23     0     1   -46.0  -30.234  -49.658    267.7    983.6
     4     1    20     1    19    23     0     1   -46.0  -34.352  -54.745   1359.9    853.5
     5     1    20     1    19    23     0     1   -46.0  -39.466  -64.438    922.1    920.0
     1     1    20     1    19    22     0     2   -47.0  -33.151  -54.848     11.4    987.5
     2     1    20     1    19    22     0     2   -47.0  -32.149  -51.848     30.7   1008.7
     3     1    20     1    19    22     0     2   -47.0  -29.929  -49.328    265.3    982.5
     4     1    20     1    19    22     0     2   -47.0  -34.232  -54.798   1398.6    845.6
     5     1    20     1    19    22     0     2   -47.0  -39.538  -64.272    664.9    939.3
     1     1    20     1    19    21     0     3   -48.0  -33.139  -54.770      5.1    988.8
     2     1    20     1    19    21     0     3   -48.0  -32.006  -51.572     26.2   1009.5
     3     1    20     1    19    21     0     3   -48.0  -29.647  -48.993    272.9    984.6
     4     1    20     1    19    21     0     3   -48.0  -34.101  -54.826   1386.1    842.2
     5     1    20     1    19    21     0     3   -48.0  -39.675  -64.091    659.5    932.1
     1     1    20     1    19    20     0     2   -49.0  -33.118  -54.707      0.0    990.4
     2     1    20     1    19    20     0     2   -49.0  -31.855  -51.305     22.0   1011.0
     3     1    20     1    19    20     0     2   -49.0  -29.375  -48.653    293.6    981.8
     4     1    20     1    19    20     0     2   -49.0  -33.970  -54.825   1330.4    848.7
     5     1    20     1    19    20     0     2   -49.0  -39.791  -63.957    739.0    914.0
     1     1    20     1    19    19     0     1   -50.0  -33.072  -54.655      0.0    991.7
     2     1    20     1    19    19     0     1   -50.0  -31.692  -51.059     19.3   1011.9
     3     1    20     1    19    19     0     1   -50.0  -29.115  -48.333    322.3    979.1
     4     1    20     1    19    19     0     1   -50.0  -33.848  -54.798   1274.7    856.1
     5     1    20     1    19    19     0     1   -50.0  -39.828  -63.940    750.6    911.5
     1     1    20     1    19    18     0     0   -51.0  -33.005  -54.615      0.0    992.7
     2     1    20     1    19    18     0     0   -51.0  -31.524  -50.832     16.7   1012.3
     3     1    20     1    19    18     0     0   -51.0  -28.878  -48.052    357.9    974.9
     4     1    20     1    19    18     0     0   -51.0  -33.735  -54.749   1227.2    862.2
     5     1    20     1    19    18     0     0   -51.0  -39.788  -64.043    665.5    918.9
     1     1    20     1    19    17     0     1   -52.0  -32.925  -54.569      0.0    994.7
     2     1    20     1    19    17     0     1   -52.0  -31.355  -50.628     13.6   1013.4
     3     1    20     1    19    17     0     1   -52.0  -28.663  -47.808    388.1    971.6
     4     1    20     1    19    17     0     1   -52.0  -33.635  -54.693   1191.6    867.9
     5     1    20     1    19    17     0     1   -52.0  -39.689  -64.199    574.6    936.9
     1     1    20     1    19    16     0     2   -53.0  -32.844  -54.499      0.0    997.0
     2     1    20     1    19    16     0     2   -53.0  -31.179  -50.440     11.1   1014.6
     3     1    20     1    19    16     0     2   -53.0  -28.463  -47.590    399.2    970.8
     4     1    20     1    19    16     0     2   -53.0  -33.551  -54.648   1173.1    871.4
     5     1    20     1    19    16     0     2   -53.0  -39.552  -64.350    533.6    939.4
     1     1    20     1    19    15     0     3   -54.0  -32.760  -54.409      0.0    999.3
     2     1    20     1    19    15     0     3   -54.0  -30.991  -50.257      9.2   1015.2
     3     1    20     1    19    15     0     3   -54.0  -28.275  -47.395    389.0    972.4
     4     1    20     1    19    15     0     3   -54.0  -33.479  -54.616   1171.2    872.6
     5     1    20     1    19    15     0     3   -54.0  -39.369  -64.488    521.0    939.2
     1     1    20     1    19    14     0     2   -55.0  -32.680  -54.308      0.0   1001.6
     2     1    20     1    19    14     0     2   -55.0  -30.791  -50.061      8.6   1015.4
     3     1    20     1    19    14     0     2   -55.0  -28.106  -47.220    362.5    976.0
     4     1    20     1    19    14     0     2   -55.0  -33.421  -54.595   1177.3    871.8
     5     1    20     1    19    14     0     2   -55.0  -39.136  -64.609    524.3    937.0
     1     1    20     1    19    13     0     1   -56.0  -32.607  -54.198      0.0   1003.7
     2     1    20     1    19    13     0     1   -56.0  -30.588  -49.858      9.2   1015.9
     3     1    20     1    19    13     0     1   -56.0  -27.965  -47.059    324.0    980.5
     4     1    20     1    19    13     0     1   -56.0  -33.377  -54.580   1185.7    871.5
     5     1    20     1    19    13     0     1   -56.0  -38.854  -64.713    538.3    932.6
     1     1    20     1    19    12     0     0   -57.0  -32.547  -54.081      0.3   1005.7
     2     1    20     1    19    12     0     0   -57.0  -30.389  -49.674     10.0   1016.2
     3     1    20     1    19    12     0     0   -57.0  -27.856  -46.906    285.9    987.2
     4     1    20     1    19    12     0     0   -57.0  -33.347  -54.573   1199.3    870.5
     5     1    20     1    19    12     0     0   -57.0  -38.530  -64.791    554.5    925.8
     1     1    20     1    19    11     0     1   -58.0  -32.496  -53.974      1.1   1006.4
     2     1    20     1    19    11     0     1   -58.0  -30.188  -49.503     10.6   1016.1
     3     1    20     1    19    11     0     1   -58.0  -27.770  -46.759    270.6    989.7
     4     1    20     1    19    11     0     1   -58.0  -33.320  -54.578   1223.8    868.4
     5     1    20     1    19    11     0     1   -58.0  -38.176  -64.831    565.7    919.7
     1     1    20     1    19    10     0     2   -59.0  -32.449  -53.891      1.9   1006.2
     2     1    20     1    19    10     0     2   -59.0  -29.979  -49.338     11.0   1015.4
     3     1    20     1    19    10     0     2   -59.0  -27.691  -46.622    281.2    987.1
     4     1    20     1    19    10     0     2   -59.0  -33.287  -54.598   1260.8    863.9
     5     1    20     1    19    10     0     2   -59.0  -37.803  -64.835    581.2    915.8
     1     1    20     1    19     9     0     3   -60.0  -32.402  -53.830      2.4   1006.0
     2     1    20     1    19     9     0     3   -60.0  -29.763  -49.183     11.5   1012.0
     3     1    20     1    19     9     0     3   -60.0  -27.616  -46.501    303.5    983.3
     4     1    20     1    19     9     0     3   -60.0  -33.244  -54.634   1303.4    858.5
     5     1    20     1    19     9     0     3   -60.0  -37.428  -64.830    607.3    911.0
     1     1    20     1    19     8     0     2   -61.0  -32.355  -53.772      2.5   1005.5
     2     1    20     1    19     8     0     2   -61.0  -29.541  -49.036     12.4   1014.6
     3     1    20     1    19     8     0     2   -61.0  -27.536  -46.384    326.6    979.8
     4     1    20     1    19     8     0     2   -61.0  -33.195  -54.679   1328.3    853.3
     5     1    20     1    19     8     0     2   -61.0  -37.068  -64.826    655.5    906.2
     1     1    20     1    19     7     0     1   -62.0  -32.312  -53.698      1.8   1005.2
     2     1    20     1    19     7     0     1   -62.0  -29.309  -48.893     13.6   1016.3
     3     1    20     1    19     7     0     1   -62.0  -27.445  -46.261    343.5    977.8
     4     1    20     1    19     7     0     1   -62.0  -33.143  -54.721   1322.5    853.6
     5     1    20     1    19     7     0     1   -62.0  -36.726  -64.806    743.2    898.1
     1     1    20     1    19     6     0     0   -63.0  -32.271  -53.611      0.6   1005.1
     2     1    20     1    19     6     0     0   -63.0  -29.070  -48.756     14.9   1016.3
     3     1    20     1    19     6     0     0   -63.0  -27.343  -46.130    355.8    976.5
     4     1    20     1    19     6     0     0   -63.0  -33.088  -54.752   1294.4    856.2
     5     1    20     1    19     6     0     0   -63.0  -36.400  -64.773    851.2    888.2
     1     1    20     1    19     5     0     1   -64.0  -32.229  -53.518      0.0   1005.3
     2     1    20     1    19     5     0     1   -64.0  -28.837  -48.623     21.8   1009.9
     3     1    20     1    19     5     0     1   -64.0  -27.240  -45.983    363.4    975.8
     4     1    20     1    19     5     0     1   -64.0  -33.027  -54.772   1273.1    860.8
     5     1    20     1    19     5     0     1   -64.0  -36.106  -64.743    954.7    878.8
     1     1    20     1    19     4     0     2   -65.0  -32.184  -53.422      0.0   1005.5
     2     1    20     1    19     4     0     2   -65.0  -28.615  -48.494     51.4   1002.0
     3     1    20     1    19     4     0     2   -65.0  -27.147  -45.812    362.6    976.2
     4     1    20     1    19     4     0     2   -65.0  -32.959  -54.792   1284.3    859.7
     5     1    20     1    19     4     0     2   -65.0  -35.847  -64.711   1044.4    871.1
     1     1    20     1    19     3     0     3   -66.0  -32.137  -53.324      0.0   1005.7
     2     1    20     1    19     3     0     3   -66.0  -28.393  -48.372    115.9    992.2
     3     1    20     1    19     3     0     3   -66.0  -27.062  -45.618    351.0    977.6
     4     1    20     1    19     3     0     3   -66.0  -32.887  -54.815   1329.8    855.1
     5     1    20     1    19     3     0     3   -66.0  -35.603  -64.663   1122.5    864.8
     1     1    20     1    19     2     0     2   -67.0  -32.096  -53.221      0.0   1005.1
     2     1    20     1    19     2     0     2   -67.0  -28.173  -48.258    193.7    983.1
     3     1    20     1    19     2     0     2   -67.0  -26.992  -45.409    335.4    980.6
     4     1    20     1    19     2     0     2   -67.0  -32.815  -54.835   1389.2    846.8
     5     1    20     1    19     2     0     2   -67.0  -35.363  -64.591   1199.7    858.7
     1     1    20     1    19     1     0     1   -68.0  -32.067  -53.115      0.0   1004.6
     2     1    20     1    19     1     0     1   -68.0  -27.963  -48.144    259.6    979.3
     3     1    20     1    19     1     0     1   -68.0  -26.941  -45.193    324.8    982.3
     4     1    20     1    19     1     0     1   -68.0  -32.744  -54.839   1441.0    842.0
     5     1    20     1    19     1     0     1   -68.0  -35.134  -64.509   1271.3    850.9
     1     1    20     1    19     0     0     0   -69.0  -32.045  -53.008      0.0   1004.1
     2     1    20     1    19     0     0     0   -69.0  -27.766  -48.009    291.7    982.6
     3     1    20     1    19     0     0     0   -69.0  -26.908  -44.969    321.7    983.1
     4     1    20     1    19     0     0     0   -69.0  -32.673  -54.821   1490.8    837.9
     5     1    20     1    19     0     0     0   -69.0  -34.914  -64.435   1319.6    846.1
     1     1    20     1    18    23     0     1   -70.0  -32.022  -52.878      0.0   1005.3
     2     1    20     1    18    23     0     1   -70.0  -27.596  -47.850    300.0    984.6
     3     1    20     1    18    23     0     1   -70.0  -26.901  -44.743    325.6    982.3
     4     1    20     1    18    23     0     1   -70.0  -32.612  -54.787   1539.2    833.4
     5     1    20     1    18    23     0     1   -70.0  -34.705  -64.362   1341.5    843.4
     1     1    20     1    18    22     0     2   -71.0  -31.989  -52.702      0.0   1007.1
     2     1    20     1    18    22     0     2   -71.0  -27.463  -47.682    309.7    983.1
     3     1    20     1    18    22     0     2   -71.0  -26.924  -44.519    332.0    981.1
     4     1    20     1    18    22     0     2   -71.0  -32.569  -54.745   1577.5    829.6
     5     1    20     1    18    22     0     2   -71.0  -34.496  -64.276   1337.1    843.4
     1     1    20     1    18    21     0     3   -72.0  -31.953  -52.487      0.0   1009.5
     2     1    20     1    18    21     0     3   -72.0  -27.363  -47.509    319.8    981.8
     3     1    20     1    18    21     0     3   -72.0  -26.964  -44.292    335.1    980.2
     4     1    20     1    18    21     0     3   -72.0  -32.544  -54.697   1596.7    827.9
     5     1    20     1    18    21     0     3   -72.0  -34.270  -64.176   1302.7    846.0
