     7     1
    GDAS    19    11    29     0     0
    GDAS    19    12     1     0     0
    GDAS    19    12     8     0     0
    GDAS    19    12    15     0     0
    GDAS    19    12    22     0     0
    GDAS    19    12    29     0     0
    GDAS    20     1     1     0     0
     5 BACKWARD OMEGA   
    19    12    15     3  -34.572  -58.513    10.0
    19    12    15     3  -34.572  -58.513   200.0
    19    12    15     3  -34.572  -58.513   500.0
    19    12    15     3  -34.572  -58.513  1000.0
    19    12    15     3  -34.572  -58.513  2000.0
     1 PRESSURE
     1     1    19    12    15     3     0     3     0.0  -34.572  -58.513     10.0   1005.7
     2     1    19    12    15     3     0     3     0.0  -34.572  -58.513    200.0    985.0
     3     1    19    12    15     3     0     3     0.0  -34.572  -58.513    500.0    951.3
     4     1    19    12    15     3     0     3     0.0  -34.572  -58.513   1000.0    897.3
     5     1    19    12    15     3     0     3     0.0  -34.572  -58.513   2000.0    797.1
     1     1    19    12    15     2     0     2    -1.0  -34.485  -58.512     11.7   1005.5
     2     1    19    12    15     2     0     2    -1.0  -34.363  -58.480    216.7    982.5
     3     1    19    12    15     2     0     2    -1.0  -34.333  -58.476    496.4    952.2
     4     1    19    12    15     2     0     2    -1.0  -34.443  -58.425    915.9    910.0
     5     1    19    12    15     2     0     2    -1.0  -34.564  -58.358   1875.1    818.4
     1     1    19    12    15     1     0     1    -2.0  -34.406  -58.479     16.8   1004.6
     2     1    19    12    15     1     0     1    -2.0  -34.162  -58.375    245.4    978.1
     3     1    19    12    15     1     0     1    -2.0  -34.113  -58.363    522.7    947.5
     4     1    19    12    15     1     0     1    -2.0  -34.304  -58.309    911.9    908.9
     5     1    19    12    15     1     0     1    -2.0  -34.530  -58.267   1931.6    811.8
     1     1    19    12    15     0     0     0    -3.0  -34.333  -58.414     27.2   1002.9
     2     1    19    12    15     0     0     0    -3.0  -33.975  -58.213    292.9    970.8
     3     1    19    12    15     0     0     0    -3.0  -33.940  -58.172    580.0    939.3
     4     1    19    12    15     0     0     0    -3.0  -34.179  -58.147   1001.6    898.9
     5     1    19    12    15     0     0     0    -3.0  -34.457  -58.274   2144.2    789.9
     1     1    19    12    14    23     0     1    -4.0  -34.243  -58.342     39.2   1000.8
     2     1    19    12    14    23     0     1    -4.0  -33.794  -58.051    342.7    963.1
     3     1    19    12    14    23     0     1    -4.0  -33.789  -57.975    646.7    928.9
     4     1    19    12    14    23     0     1    -4.0  -34.064  -58.013   1082.9    876.4
     5     1    19    12    14    23     0     1    -4.0  -34.328  -58.318   2349.5    756.4
     1     1    19    12    14    22     0     2    -5.0  -34.114  -58.297     46.1    999.6
     2     1    19    12    14    22     0     2    -5.0  -33.599  -57.957    408.8    960.8
     3     1    19    12    14    22     0     2    -5.0  -33.619  -57.844    726.7    925.3
     4     1    19    12    14    22     0     2    -5.0  -33.940  -57.904   1043.8    880.6
     5     1    19    12    14    22     0     2    -5.0  -34.156  -58.321   2394.8    751.2
     1     1    19    12    14    21     0     3    -6.0  -33.947  -58.291     43.6    999.9
     2     1    19    12    14    21     0     3    -6.0  -33.388  -57.938    587.9    948.7
     3     1    19    12    14    21     0     3    -6.0  -33.436  -57.756    944.0    910.6
     4     1    19    12    14    21     0     3    -6.0  -33.789  -57.814    991.7    896.2
     5     1    19    12    14    21     0     3    -6.0  -33.964  -58.246   2264.3    762.1
     1     1    19    12    14    20     0     2    -7.0  -33.783  -58.296     37.0   1001.4
     2     1    19    12    14    20     0     2    -7.0  -33.184  -57.902    961.4    911.2
     3     1    19    12    14    20     0     2    -7.0  -33.256  -57.676   1377.8    864.0
     4     1    19    12    14    20     0     2    -7.0  -33.625  -57.735   1036.7    894.2
     5     1    19    12    14    20     0     2    -7.0  -33.789  -58.147   2171.6    791.7
     1     1    19    12    14    19     0     1    -8.0  -33.646  -58.285     29.0   1002.3
     2     1    19    12    14    19     0     1    -8.0  -32.987  -57.806   1518.0    853.7
     3     1    19    12    14    19     0     1    -8.0  -33.066  -57.606   1887.3    805.8
     4     1    19    12    14    19     0     1    -8.0  -33.464  -57.643   1161.2    879.7
     5     1    19    12    14    19     0     1    -8.0  -33.604  -58.086   2318.9    774.2
     1     1    19    12    14    18     0     0    -9.0  -33.524  -58.254     19.8   1003.6
     2     1    19    12    14    18     0     0    -9.0  -32.775  -57.690   1899.6    784.3
     3     1    19    12    14    18     0     0    -9.0  -32.860  -57.521   2167.2    761.4
     4     1    19    12    14    18     0     0    -9.0  -33.302  -57.528   1278.4    863.3
     5     1    19    12    14    18     0     0    -9.0  -33.397  -58.020   2532.4    745.7
     1     1    19    12    14    17     0     1   -10.0  -33.407  -58.207     12.8   1005.7
     2     1    19    12    14    17     0     1   -10.0  -32.583  -57.568   1974.4    792.6
     3     1    19    12    14    17     0     1   -10.0  -32.666  -57.417   2194.0    773.3
     4     1    19    12    14    17     0     1   -10.0  -33.142  -57.401   1343.9    858.3
     5     1    19    12    14    17     0     1   -10.0  -33.193  -57.944   2712.1    733.8
     1     1    19    12    14    16     0     2   -11.0  -33.282  -58.157      8.0   1006.4
     2     1    19    12    14    16     0     2   -11.0  -32.422  -57.461   1965.7    796.9
     3     1    19    12    14    16     0     2   -11.0  -32.500  -57.331   2172.9    777.3
     4     1    19    12    14    16     0     2   -11.0  -32.993  -57.287   1365.1    855.8
     5     1    19    12    14    16     0     2   -11.0  -33.013  -57.895   2878.1    719.8
     1     1    19    12    14    15     0     3   -12.0  -33.148  -58.109      3.3   1006.9
     2     1    19    12    14    15     0     3   -12.0  -32.288  -57.340   1936.7    800.0
     3     1    19    12    14    15     0     3   -12.0  -32.358  -57.229   2143.9    779.6
     4     1    19    12    14    15     0     3   -12.0  -32.862  -57.202   1332.7    857.8
     5     1    19    12    14    15     0     3   -12.0  -32.850  -57.873   3026.5    707.3
     1     1    19    12    14    14     0     2   -13.0  -33.016  -58.054      0.0   1008.8
     2     1    19    12    14    14     0     2   -13.0  -32.167  -57.215   1872.8    801.3
     3     1    19    12    14    14     0     2   -13.0  -32.232  -57.118   2084.7    780.5
     4     1    19    12    14    14     0     2   -13.0  -32.742  -57.148   1261.7    866.2
     5     1    19    12    14    14     0     2   -13.0  -32.704  -57.871   3150.0    696.1
     1     1    19    12    14    13     0     1   -14.0  -32.905  -57.983      0.0   1010.3
     2     1    19    12    14    13     0     1   -14.0  -32.044  -57.110   1736.5    812.2
     3     1    19    12    14    13     0     1   -14.0  -32.112  -57.020   1960.2    790.3
     4     1    19    12    14    13     0     1   -14.0  -32.616  -57.117   1169.0    874.5
     5     1    19    12    14    13     0     1   -14.0  -32.586  -57.878   3241.4    689.1
     1     1    19    12    14    12     0     0   -15.0  -32.817  -57.898      0.0   1011.2
     2     1    19    12    14    12     0     0   -15.0  -31.896  -57.045   1534.9    832.0
     3     1    19    12    14    12     0     0   -15.0  -31.985  -56.945   1767.2    808.4
     4     1    19    12    14    12     0     0   -15.0  -32.458  -57.110   1040.1    886.1
     5     1    19    12    14    12     0     0   -15.0  -32.490  -57.883   3318.4    683.9
     1     1    19    12    14    11     0     1   -16.0  -32.742  -57.798      1.3   1009.9
     2     1    19    12    14    11     0     1   -16.0  -31.724  -57.024   1377.1    855.6
     3     1    19    12    14    11     0     1   -16.0  -31.846  -56.913   1575.9    833.2
     4     1    19    12    14    11     0     1   -16.0  -32.256  -57.116    899.6    903.0
     5     1    19    12    14    11     0     1   -16.0  -32.424  -57.911   3400.1    677.6
     1     1    19    12    14    10     0     2   -17.0  -32.673  -57.678      3.2   1008.2
     2     1    19    12    14    10     0     2   -17.0  -31.572  -57.029   1328.5    859.2
     3     1    19    12    14    10     0     2   -17.0  -31.718  -56.915   1470.8    844.2
     4     1    19    12    14    10     0     2   -17.0  -32.045  -57.094    784.4    913.2
     5     1    19    12    14    10     0     2   -17.0  -32.394  -57.983   3509.5    669.8
     1     1    19    12    14     9     0     3   -18.0  -32.607  -57.540      5.8   1006.4
     2     1    19    12    14     9     0     3   -18.0  -31.450  -57.060   1364.3    854.3
     3     1    19    12    14     9     0     3   -18.0  -31.613  -56.940   1453.3    844.8
     4     1    19    12    14     9     0     3   -18.0  -31.851  -57.019    713.7    920.8
     5     1    19    12    14     9     0     3   -18.0  -32.388  -58.091   3657.5    657.6
     1     1    19    12    14     8     0     2   -19.0  -32.540  -57.392      8.4   1005.0
     2     1    19    12    14     8     0     2   -19.0  -31.345  -57.117   1426.7    844.3
     3     1    19    12    14     8     0     2   -19.0  -31.523  -56.989   1473.6    838.7
     4     1    19    12    14     8     0     2   -19.0  -31.676  -56.915    684.4    921.2
     5     1    19    12    14     8     0     2   -19.0  -32.383  -58.251   3763.3    642.9
     1     1    19    12    14     7     0     1   -20.0  -32.474  -57.238     10.5   1003.5
     2     1    19    12    14     7     0     1   -20.0  -31.233  -57.186   1459.2    840.9
     3     1    19    12    14     7     0     1   -20.0  -31.428  -57.055   1477.2    837.8
     4     1    19    12    14     7     0     1   -20.0  -31.494  -56.789    682.3    919.5
     5     1    19    12    14     7     0     1   -20.0  -32.380  -58.445   3766.1    643.6
     1     1    19    12    14     6     0     0   -21.0  -32.407  -57.069     13.1   1001.7
     2     1    19    12    14     6     0     0   -21.0  -31.104  -57.250   1442.4    842.4
     3     1    19    12    14     6     0     0   -21.0  -31.322  -57.123   1444.1    841.1
     4     1    19    12    14     6     0     0   -21.0  -31.313  -56.626    701.2    915.1
     5     1    19    12    14     6     0     0   -21.0  -32.393  -58.653   3676.1    651.4
     1     1    19    12    14     5     0     1   -22.0  -32.338  -56.893     17.8    999.5
     2     1    19    12    14     5     0     1   -22.0  -30.957  -57.280   1431.2    850.2
     3     1    19    12    14     5     0     1   -22.0  -31.201  -57.163   1421.2    849.2
     4     1    19    12    14     5     0     1   -22.0  -31.138  -56.436    748.6    907.8
     5     1    19    12    14     5     0     1   -22.0  -32.421  -58.870   3560.6    665.4
     1     1    19    12    14     4     0     2   -23.0  -32.266  -56.720     25.5    997.1
     2     1    19    12    14     4     0     2   -23.0  -30.800  -57.292   1470.6    845.7
     3     1    19    12    14     4     0     2   -23.0  -31.070  -57.178   1458.9    845.9
     4     1    19    12    14     4     0     2   -23.0  -30.976  -56.240    819.4    896.3
     5     1    19    12    14     4     0     2   -23.0  -32.455  -59.103   3471.7    672.0
     1     1    19    12    14     3     0     3   -24.0  -32.196  -56.549     32.4    994.9
     2     1    19    12    14     3     0     3   -24.0  -30.628  -57.293   1537.1    838.3
     3     1    19    12    14     3     0     3   -24.0  -30.928  -57.185   1551.5    836.5
     4     1    19    12    14     3     0     3   -24.0  -30.828  -56.038    891.2    887.1
     5     1    19    12    14     3     0     3   -24.0  -32.487  -59.367   3397.9    676.6
     1     1    19    12    14     2     0     2   -25.0  -32.141  -56.378     33.8    993.5
     2     1    19    12    14     2     0     2   -25.0  -30.447  -57.287   1572.8    830.5
     3     1    19    12    14     2     0     2   -25.0  -30.775  -57.203   1626.5    823.5
     4     1    19    12    14     2     0     2   -25.0  -30.703  -55.825    957.7    883.7
     5     1    19    12    14     2     0     2   -25.0  -32.514  -59.672   3329.1    680.5
     1     1    19    12    14     1     0     1   -26.0  -32.112  -56.211     29.3    993.6
     2     1    19    12    14     1     0     1   -26.0  -30.277  -57.260   1552.9    833.7
     3     1    19    12    14     1     0     1   -26.0  -30.628  -57.208   1638.9    823.5
     4     1    19    12    14     1     0     1   -26.0  -30.604  -55.610   1016.6    880.1
     5     1    19    12    14     1     0     1   -26.0  -32.532  -60.019   3296.3    684.5
     1     1    19    12    14     0     0     0   -27.0  -32.107  -56.056     22.6    994.5
     2     1    19    12    14     0     0     0   -27.0  -30.130  -57.208   1498.9    840.2
     3     1    19    12    14     0     0     0   -27.0  -30.496  -57.187   1601.0    827.7
     4     1    19    12    14     0     0     0   -27.0  -30.528  -55.389   1060.9    878.4
     5     1    19    12    14     0     0     0   -27.0  -32.542  -60.390   3323.6    680.9
     1     1    19    12    13    23     0     1   -28.0  -32.117  -55.932     18.5    994.4
     2     1    19    12    13    23     0     1   -28.0  -30.017  -57.141   1469.9    848.0
     3     1    19    12    13    23     0     1   -28.0  -30.395  -57.142   1569.6    835.8
     4     1    19    12    13    23     0     1   -28.0  -30.479  -55.183   1071.5    877.7
     5     1    19    12    13    23     0     1   -28.0  -32.536  -60.767   3363.2    673.9
     1     1    19    12    13    22     0     2   -29.0  -32.132  -55.843     18.6    993.2
     2     1    19    12    13    22     0     2   -29.0  -29.940  -57.087   1508.0    843.8
     3     1    19    12    13    22     0     2   -29.0  -30.335  -57.102   1599.2    832.9
     4     1    19    12    13    22     0     2   -29.0  -30.461  -55.008   1028.7    883.6
     5     1    19    12    13    22     0     2   -29.0  -32.509  -61.141   3372.4    672.2
     1     1    19    12    13    21     0     3   -30.0  -32.149  -55.785     22.7    991.6
     2     1    19    12    13    21     0     3   -30.0  -29.901  -57.052   1616.7    832.7
     3     1    19    12    13    21     0     3   -30.0  -30.315  -57.085   1696.4    823.2
     4     1    19    12    13    21     0     3   -30.0  -30.469  -54.861    919.4    892.8
     5     1    19    12    13    21     0     3   -30.0  -32.456  -61.513   3342.7    672.6
     1     1    19    12    13    20     0     2   -31.0  -32.162  -55.734     29.5    991.7
     2     1    19    12    13    20     0     2   -31.0  -29.890  -57.052   1747.8    815.3
     3     1    19    12    13    20     0     2   -31.0  -30.330  -57.117   1815.8    807.7
     4     1    19    12    13    20     0     2   -31.0  -30.484  -54.724    757.3    911.4
     5     1    19    12    13    20     0     2   -31.0  -32.364  -61.871   3294.8    677.6
     1     1    19    12    13    19     0     1   -32.0  -32.167  -55.669     36.6    991.8
     2     1    19    12    13    19     0     1   -32.0  -29.899  -57.088   1844.1    806.4
     3     1    19    12    13    19     0     1   -32.0  -30.361  -57.195   1907.2    799.3
     4     1    19    12    13    19     0     1   -32.0  -30.495  -54.586    592.2    929.4
     5     1    19    12    13    19     0     1   -32.0  -32.238  -62.195   3260.0    679.5
     1     1    19    12    13    18     0     0   -33.0  -32.169  -55.590     42.5    991.8
     2     1    19    12    13    18     0     0   -33.0  -29.927  -57.161   1904.8    800.9
     3     1    19    12    13    18     0     0   -33.0  -30.401  -57.312   1975.9    793.9
     4     1    19    12    13    18     0     0   -33.0  -30.509  -54.456    444.2    945.7
     5     1    19    12    13    18     0     0   -33.0  -32.082  -62.488   3242.1    679.5
     1     1    19    12    13    17     0     1   -34.0  -32.175  -55.503     47.7    991.8
     2     1    19    12    13    17     0     1   -34.0  -29.965  -57.260   1936.8    798.6
     3     1    19    12    13    17     0     1   -34.0  -30.440  -57.457   2026.1    790.2
     4     1    19    12    13    17     0     1   -34.0  -30.528  -54.330    331.1    957.7
     5     1    19    12    13    17     0     1   -34.0  -31.911  -62.776   3256.1    678.6
     1     1    19    12    13    16     0     2   -35.0  -32.194  -55.418     53.9    991.8
     2     1    19    12    13    16     0     2   -35.0  -30.013  -57.378   1949.2    797.8
     3     1    19    12    13    16     0     2   -35.0  -30.477  -57.621   2060.5    788.6
     4     1    19    12    13    16     0     2   -35.0  -30.554  -54.201    252.1    964.3
     5     1    19    12    13    16     0     2   -35.0  -31.745  -63.070   3300.2    672.3
     1     1    19    12    13    15     0     3   -36.0  -32.225  -55.339     63.1    991.2
     2     1    19    12    13    15     0     3   -36.0  -30.073  -57.512   1948.2    798.6
     3     1    19    12    13    15     0     3   -36.0  -30.516  -57.797   2085.6    788.2
     4     1    19    12    13    15     0     3   -36.0  -30.586  -54.071    196.5    967.9
     5     1    19    12    13    15     0     3   -36.0  -31.579  -63.366   3350.3    662.2
     1     1    19    12    13    14     0     2   -37.0  -32.259  -55.257     73.5    989.4
     2     1    19    12    13    14     0     2   -37.0  -30.146  -57.657   1962.5    800.0
     3     1    19    12    13    14     0     2   -37.0  -30.565  -57.982   2114.3    788.1
     4     1    19    12    13    14     0     2   -37.0  -30.630  -53.936    158.0    971.5
     5     1    19    12    13    14     0     2   -37.0  -31.423  -63.673   3385.5    650.0
     1     1    19    12    13    13     0     1   -38.0  -32.289  -55.163     81.1    988.2
     2     1    19    12    13    13     0     1   -38.0  -30.228  -57.818   2010.8    795.7
     3     1    19    12    13    13     0     1   -38.0  -30.629  -58.177   2144.0    784.8
     4     1    19    12    13    13     0     1   -38.0  -30.688  -53.792    133.7    975.3
     5     1    19    12    13    13     0     1   -38.0  -31.281  -63.997   3387.6    640.7
     1     1    19    12    13    12     0     0   -39.0  -32.317  -55.057     83.8    987.4
     2     1    19    12    13    12     0     0   -39.0  -30.319  -57.996   2078.5    789.7
     3     1    19    12    13    12     0     0   -39.0  -30.709  -58.382   2163.6    782.5
     4     1    19    12    13    12     0     0   -39.0  -30.758  -53.644    118.8    977.5
     5     1    19    12    13    12     0     0   -39.0  -31.156  -64.343   3364.1    632.5
     1     1    19    12    13    11     0     1   -40.0  -32.357  -54.949     82.3    987.2
     2     1    19    12    13    11     0     1   -40.0  -30.418  -58.191   2145.5    783.1
     3     1    19    12    13    11     0     1   -40.0  -30.805  -58.605   2184.1    780.3
     4     1    19    12    13    11     0     1   -40.0  -30.833  -53.508    110.3    978.7
     5     1    19    12    13    11     0     1   -40.0  -31.062  -64.682   3328.6    627.8
     1     1    19    12    13    10     0     2   -41.0  -32.419  -54.849     78.4    987.9
     2     1    19    12    13    10     0     2   -41.0  -30.525  -58.411   2207.5    777.6
     3     1    19    12    13    10     0     2   -41.0  -30.913  -58.862   2223.2    774.6
     4     1    19    12    13    10     0     2   -41.0  -30.903  -53.392    107.0    979.2
     5     1    19    12    13    10     0     2   -41.0  -30.997  -64.982   3277.1    626.6
     1     1    19    12    13     9     0     3   -42.0  -32.500  -54.766     73.5    988.8
     2     1    19    12    13     9     0     3   -42.0  -30.644  -58.661   2274.1    771.0
     3     1    19    12    13     9     0     3   -42.0  -31.035  -59.156   2287.2    767.8
     4     1    19    12    13     9     0     3   -42.0  -30.966  -53.294    107.1    979.3
     5     1    19    12    13     9     0     3   -42.0  -30.938  -65.235   3235.5    638.1
     1     1    19    12    13     8     0     2   -43.0  -32.596  -54.700     71.1    989.5
     2     1    19    12    13     8     0     2   -43.0  -30.782  -58.940   2347.0    762.3
     3     1    19    12    13     8     0     2   -43.0  -31.164  -59.465   2356.2    762.1
     4     1    19    12    13     8     0     2   -43.0  -31.032  -53.208    106.5    980.0
     5     1    19    12    13     8     0     2   -43.0  -30.863  -65.454   3204.6    649.0
     1     1    19    12    13     7     0     1   -44.0  -32.710  -54.644     73.5    989.3
     2     1    19    12    13     7     0     1   -44.0  -30.938  -59.244   2428.7    755.3
     3     1    19    12    13     7     0     1   -44.0  -31.299  -59.770   2417.0    758.4
     4     1    19    12    13     7     0     1   -44.0  -31.114  -53.139    103.3    982.1
     5     1    19    12    13     7     0     1   -44.0  -30.772  -65.660   3190.3    655.8
     1     1    19    12    13     6     0     0   -45.0  -32.848  -54.595     80.6    988.8
     2     1    19    12    13     6     0     0   -45.0  -31.099  -59.571   2521.4    749.2
     3     1    19    12    13     6     0     0   -45.0  -31.435  -60.068   2473.5    753.2
     4     1    19    12    13     6     0     0   -45.0  -31.209  -53.087    100.4    983.8
     5     1    19    12    13     6     0     0   -45.0  -30.671  -65.853   3184.2    660.6
     1     1    19    12    13     5     0     1   -46.0  -33.014  -54.559     90.7    988.3
     2     1    19    12    13     5     0     1   -46.0  -31.246  -59.897   2604.8    741.6
     3     1    19    12    13     5     0     1   -46.0  -31.568  -60.361   2525.9    749.1
     4     1    19    12    13     5     0     1   -46.0  -31.317  -53.042    101.8    985.5
     5     1    19    12    13     5     0     1   -46.0  -30.579  -66.053   3173.5    662.5
     1     1    19    12    13     4     0     2   -47.0  -33.199  -54.542    104.8    986.8
     2     1    19    12    13     4     0     2   -47.0  -31.378  -60.214   2667.5    736.9
     3     1    19    12    13     4     0     2   -47.0  -31.699  -60.660   2584.9    745.8
     4     1    19    12    13     4     0     2   -47.0  -31.445  -52.993    110.5    986.1
     5     1    19    12    13     4     0     2   -47.0  -30.511  -66.294   3151.7    661.0
     1     1    19    12    13     3     0     3   -48.0  -33.406  -54.534    126.6    984.0
     2     1    19    12    13     3     0     3   -48.0  -31.505  -60.534   2725.8    733.1
     3     1    19    12    13     3     0     3   -48.0  -31.832  -60.979   2655.6    741.0
     4     1    19    12    13     3     0     3   -48.0  -31.603  -52.944    126.2    986.1
     5     1    19    12    13     3     0     3   -48.0  -30.464  -66.595   3146.9    657.6
     1     1    19    12    13     2     0     2   -49.0  -33.652  -54.526    162.3    979.0
     2     1    19    12    13     2     0     2   -49.0  -31.639  -60.864   2775.7    728.5
     3     1    19    12    13     2     0     2   -49.0  -31.971  -61.315   2691.8    732.2
     4     1    19    12    13     2     0     2   -49.0  -31.806  -52.907    119.0    985.1
     5     1    19    12    13     2     0     2   -49.0  -30.422  -66.943   3169.6    649.0
     1     1    19    12    13     1     0     1   -50.0  -33.951  -54.529    237.4    970.2
     2     1    19    12    13     1     0     1   -50.0  -31.787  -61.203   2798.8    725.2
     3     1    19    12    13     1     0     1   -50.0  -32.120  -61.648   2693.9    731.9
     4     1    19    12    13     1     0     1   -50.0  -32.018  -52.884     69.3    992.6
     5     1    19    12    13     1     0     1   -50.0  -30.382  -67.280   3181.5    634.5
     1     1    19    12    13     0     0     0   -51.0  -34.317  -54.588    344.2    958.4
     2     1    19    12    13     0     0     0   -51.0  -31.948  -61.547   2810.5    723.1
     3     1    19    12    13     0     0     0   -51.0  -32.293  -61.979   2728.1    729.2
     4     1    19    12    13     0     0     0   -51.0  -32.213  -52.869     30.4   1002.6
     5     1    19    12    13     0     0     0   -51.0  -30.348  -67.584   3166.4    623.0
     1     1    19    12    12    23     0     1   -52.0  -34.715  -54.738    352.8    955.4
     2     1    19    12    12    23     0     1   -52.0  -32.116  -61.894   2840.2    717.8
     3     1    19    12    12    23     0     1   -52.0  -32.489  -62.336   2807.3    717.9
     4     1    19    12    12    23     0     1   -52.0  -32.423  -52.887      5.9   1003.0
     5     1    19    12    12    23     0     1   -52.0  -30.316  -67.870   3136.1    613.7
     1     1    19    12    12    22     0     2   -53.0  -35.101  -54.944    262.1    976.5
     2     1    19    12    12    22     0     2   -53.0  -32.279  -62.257   2891.6    710.1
     3     1    19    12    12    22     0     2   -53.0  -32.683  -62.743   2911.8    705.7
     4     1    19    12    12    22     0     2   -53.0  -32.639  -52.951      0.0   1003.1
     5     1    19    12    12    22     0     2   -53.0  -30.293  -68.173   3114.4    594.9
     1     1    19    12    12    21     0     3   -54.0  -35.482  -55.207    183.4    991.4
     2     1    19    12    12    21     0     3   -54.0  -32.433  -62.662   2961.9    701.4
     3     1    19    12    12    21     0     3   -54.0  -32.864  -63.210   2999.7    689.8
     4     1    19    12    12    21     0     3   -54.0  -32.879  -53.038      0.0   1003.8
     5     1    19    12    12    21     0     3   -54.0  -30.298  -68.536   3132.9    561.0
     1     1    19    12    12    20     0     2   -55.0  -35.889  -55.522    136.8    993.6
     2     1    19    12    12    20     0     2   -55.0  -32.573  -63.102   3016.2    690.5
     3     1    19    12    12    20     0     2   -55.0  -33.023  -63.711   3036.1    678.8
     4     1    19    12    12    20     0     2   -55.0  -33.127  -53.182      0.0   1003.8
     5     1    19    12    12    20     0     2   -55.0  -30.355  -68.994   3217.7    515.8
     1     1    19    12    12    19     0     1   -56.0  -36.322  -55.852    106.7    996.8
     2     1    19    12    12    19     0     1   -56.0  -32.699  -63.556   3027.9    682.9
     3     1    19    12    12    19     0     1   -56.0  -33.153  -64.229   3033.1    666.4
     4     1    19    12    12    19     0     1   -56.0  -33.371  -53.425      1.6   1001.9
     5     1    19    12    12    19     0     1   -56.0  -30.506  -69.561   3432.3    463.3
     1     1    19    12    12    18     0     0   -57.0  -36.759  -56.224     96.4    997.6
     2     1    19    12    12    18     0     0   -57.0  -32.802  -64.017   3027.7    676.8
     3     1    19    12    12    18     0     0   -57.0  -33.229  -64.796   2982.3    644.4
     4     1    19    12    12    18     0     0   -57.0  -33.641  -53.745      8.0    999.8
     5     1    19    12    12    18     0     0   -57.0  -30.736  -70.186   3989.5    435.0
     1     1    19    12    12    17     0     1   -58.0  -37.157  -56.646     82.6    996.3
     2     1    19    12    12    17     0     1   -58.0  -32.862  -64.528   3000.8    649.4
     3     1    19    12    12    17     0     1   -58.0  -33.251  -65.385   2935.8    635.8
     4     1    19    12    12    17     0     1   -58.0  -33.910  -54.082     19.4    994.9
     5     1    19    12    12    17     0     1   -58.0  -30.976  -70.768   4729.0    458.6
     1     1    19    12    12    16     0     2   -59.0  -37.508  -57.067     61.0   1000.7
     2     1    19    12    12    16     0     2   -59.0  -32.865  -65.111   2972.5    623.1
     3     1    19    12    12    16     0     2   -59.0  -33.238  -65.947   2961.4    624.7
     4     1    19    12    12    16     0     2   -59.0  -34.141  -54.442     52.9    987.7
     5     1    19    12    12    16     0     2   -59.0  -31.199  -71.255   5001.0    496.8
     1     1    19    12    12    15     0     3   -60.0  -37.856  -57.491     48.6    996.9
     2     1    19    12    12    15     0     3   -60.0  -32.823  -65.685   3027.8    619.8
     3     1    19    12    12    15     0     3   -60.0  -33.167  -66.472   3079.9    631.6
     4     1    19    12    12    15     0     3   -60.0  -34.383  -54.880    138.9    976.6
     5     1    19    12    12    15     0     3   -60.0  -31.419  -71.698   5074.1    528.1
     1     1    19    12    12    14     0     2   -61.0  -38.203  -57.908     39.5    991.8
     2     1    19    12    12    14     0     2   -61.0  -32.756  -66.217   3114.7    619.2
     3     1    19    12    12    14     0     2   -61.0  -33.028  -66.951   3142.1    645.0
     4     1    19    12    12    14     0     2   -61.0  -34.639  -55.356    195.3    970.6
     5     1    19    12    12    14     0     2   -61.0  -31.639  -72.121   5121.3    548.6
     1     1    19    12    12    13     0     1   -62.0  -38.545  -58.302     29.7    997.0
     2     1    19    12    12    13     0     1   -62.0  -32.662  -66.698   3161.5    638.2
     3     1    19    12    12    13     0     1   -62.0  -32.847  -67.381   3125.4    653.4
     4     1    19    12    12    13     0     1   -62.0  -34.852  -55.835    208.4    978.7
     5     1    19    12    12    13     0     1   -62.0  -31.862  -72.552   5112.4    549.2
     1     1    19    12    12    12     0     0   -63.0  -38.901  -58.694     24.6   1003.2
     2     1    19    12    12    12     0     0   -63.0  -32.533  -67.116   3174.3    651.5
     3     1    19    12    12    12     0     0   -63.0  -32.660  -67.760   3150.6    652.7
     4     1    19    12    12    12     0     0   -63.0  -35.066  -56.337    225.7    978.9
     5     1    19    12    12    12     0     0   -63.0  -32.112  -73.030   5108.7    548.1
     1     1    19    12    12    11     0     1   -64.0  -39.298  -59.085     23.5   1003.4
     2     1    19    12    12    11     0     1   -64.0  -32.408  -67.466   3206.6    649.2
     3     1    19    12    12    11     0     1   -64.0  -32.511  -68.094   3237.5    636.9
     4     1    19    12    12    11     0     1   -64.0  -35.318  -56.800    228.7    975.3
     5     1    19    12    12    11     0     1   -64.0  -32.371  -73.543   5127.8    548.4
     1     1    19    12    12    10     0     2   -65.0  -39.736  -59.481     22.7   1002.3
     2     1    19    12    12    10     0     2   -65.0  -32.322  -67.755   3270.2    642.2
     3     1    19    12    12    10     0     2   -65.0  -32.432  -68.476   3343.1    588.6
     4     1    19    12    12    10     0     2   -65.0  -35.529  -57.225    223.9    978.0
     5     1    19    12    12    10     0     2   -65.0  -32.621  -74.085   5159.5    543.4
     1     1    19    12    12     9     0     3   -66.0  -40.197  -59.907     22.1   1001.8
     2     1    19    12    12     9     0     3   -66.0  -32.269  -68.003   3323.0    635.4
     3     1    19    12    12     9     0     3   -66.0  -32.453  -69.070   3517.8    517.2
     4     1    19    12    12     9     0     3   -66.0  -35.681  -57.716    227.2    976.3
     5     1    19    12    12     9     0     3   -66.0  -32.864  -74.660   5167.9    542.4
     1     1    19    12    12     8     0     2   -67.0  -40.662  -60.334     22.3   1001.4
     2     1    19    12    12     8     0     2   -67.0  -32.245  -68.271   3308.7    607.1
     3     1    19    12    12     8     0     2   -67.0  -32.692  -69.977   3686.5    394.2
     4     1    19    12    12     8     0     2   -67.0  -35.799  -58.264    225.0    975.3
     5     1    19    12    12     8     0     2   -67.0  -33.110  -75.269   5209.1    543.6
     1     1    19    12    12     7     0     1   -68.0  -41.116  -60.736     23.4   1001.4
     2     1    19    12    12     7     0     1   -68.0  -32.244  -68.708   3383.3    551.6
     3     1    19    12    12     7     0     1   -68.0  -32.986  -70.820   4460.6    490.0
     4     1    19    12    12     7     0     1   -68.0  -35.903  -58.794    211.6    978.3
     5     1    19    12    12     7     0     1   -68.0  -33.364  -75.918   5321.4    533.2
     1     1    19    12    12     6     0     0   -69.0  -41.547  -61.167     24.5   1001.7
     2     1    19    12    12     6     0     0   -69.0  -32.346  -69.424   3629.6    457.6
     3     1    19    12    12     6     0     0   -69.0  -33.127  -71.313   4638.5    536.7
     4     1    19    12    12     6     0     0   -69.0  -36.035  -59.318    203.9    975.6
     5     1    19    12    12     6     0     0   -69.0  -33.612  -76.601   5445.1    524.6
     1     1    19    12    12     5     0     1   -70.0  -41.951  -61.608     24.9   1000.8
     2     1    19    12    12     5     0     1   -70.0  -32.694  -70.394   4163.7    428.8
     3     1    19    12    12     5     0     1   -70.0  -33.256  -71.716   4721.2    557.1
     4     1    19    12    12     5     0     1   -70.0  -36.234  -59.842    205.8    967.9
     5     1    19    12    12     5     0     1   -70.0  -33.869  -77.338   5555.2    517.3
     1     1    19    12    12     4     0     2   -71.0  -42.379  -62.026     25.8    999.8
     2     1    19    12    12     4     0     2   -71.0  -32.934  -71.098   4745.4    511.8
     3     1    19    12    12     4     0     2   -71.0  -33.398  -72.092   4824.1    568.4
     4     1    19    12    12     4     0     2   -71.0  -36.498  -60.342    237.9    960.3
     5     1    19    12    12     4     0     2   -71.0  -34.138  -78.134   5645.4    511.3
     1     1    19    12    12     3     0     3   -72.0  -42.824  -62.476     27.2    999.9
     2     1    19    12    12     3     0     3   -72.0  -33.099  -71.612   4901.9    539.0
     3     1    19    12    12     3     0     3   -72.0  -33.565  -72.492   4943.6    560.1
     4     1    19    12    12     3     0     3   -72.0  -36.825  -60.870    288.6    954.0
     5     1    19    12    12     3     0     3   -72.0  -34.406  -78.956   5701.1    507.8
