     5     1
    GDAS    19     9     1     0     0
    GDAS    19     9     8     0     0
    GDAS    19     9    15     0     0
    GDAS    19     9    22     0     0
    GDAS    19     9    29     0     0
     5 BACKWARD OMEGA   
    19     9    12    15  -34.572  -58.513    10.0
    19     9    12    15  -34.572  -58.513   200.0
    19     9    12    15  -34.572  -58.513   500.0
    19     9    12    15  -34.572  -58.513  1000.0
    19     9    12    15  -34.572  -58.513  2000.0
     1 PRESSURE
     1     1    19     9    12    15     0     3     0.0  -34.572  -58.513     10.0   1017.2
     2     1    19     9    12    15     0     3     0.0  -34.572  -58.513    200.0    995.0
     3     1    19     9    12    15     0     3     0.0  -34.572  -58.513    500.0    959.9
     4     1    19     9    12    15     0     3     0.0  -34.572  -58.513   1000.0    902.9
     5     1    19     9    12    15     0     3     0.0  -34.572  -58.513   2000.0    797.9
     1     1    19     9    12    14     0     2    -1.0  -34.635  -58.590     10.0   1017.0
     2     1    19     9    12    14     0     2    -1.0  -34.666  -58.613    207.4    994.4
     3     1    19     9    12    14     0     2    -1.0  -34.702  -58.628    531.7    956.0
     4     1    19     9    12    14     0     2    -1.0  -34.791  -58.688   1044.0    897.7
     5     1    19     9    12    14     0     2    -1.0  -34.784  -58.765   2027.4    796.8
     1     1    19     9    12    13     0     1    -2.0  -34.701  -58.661      9.8   1016.6
     2     1    19     9    12    13     0     1    -2.0  -34.771  -58.709    210.3    994.5
     3     1    19     9    12    13     0     1    -2.0  -34.866  -58.753    548.5    954.3
     4     1    19     9    12    13     0     1    -2.0  -35.039  -58.895   1055.4    895.9
     5     1    19     9    12    13     0     1    -2.0  -35.002  -59.033   2060.0    793.0
     1     1    19     9    12    12     0     0    -3.0  -34.773  -58.724      9.4   1016.0
     2     1    19     9    12    12     0     0    -3.0  -34.890  -58.801    208.9    994.8
     3     1    19     9    12    12     0     0    -3.0  -35.071  -58.891    546.0    954.3
     4     1    19     9    12    12     0     0    -3.0  -35.312  -59.131   1031.6    898.2
     5     1    19     9    12    12     0     0    -3.0  -35.224  -59.309   2092.4    789.0
     1     1    19     9    12    11     0     1    -4.0  -34.849  -58.787      9.2   1015.6
     2     1    19     9    12    11     0     1    -4.0  -35.029  -58.898    206.7    995.1
     3     1    19     9    12    11     0     1    -4.0  -35.294  -59.062    536.2    956.3
     4     1    19     9    12    11     0     1    -4.0  -35.580  -59.404   1014.0    901.8
     5     1    19     9    12    11     0     1    -4.0  -35.437  -59.595   2143.6    783.6
     1     1    19     9    12    10     0     2    -5.0  -34.925  -58.859      9.1   1015.0
     2     1    19     9    12    10     0     2    -5.0  -35.192  -59.012    206.7    994.6
     3     1    19     9    12    10     0     2    -5.0  -35.507  -59.272    538.8    955.0
     4     1    19     9    12    10     0     2    -5.0  -35.827  -59.705   1028.6    895.5
     5     1    19     9    12    10     0     2    -5.0  -35.647  -59.891   2225.8    771.9
     1     1    19     9    12     9     0     3    -6.0  -35.006  -58.941      9.1   1014.3
     2     1    19     9    12     9     0     3    -6.0  -35.371  -59.140    211.6    993.4
     3     1    19     9    12     9     0     3    -6.0  -35.708  -59.500    558.5    950.2
     4     1    19     9    12     9     0     3    -6.0  -36.068  -60.019   1047.7    886.2
     5     1    19     9    12     9     0     3    -6.0  -35.876  -60.188   2313.4    758.4
     1     1    19     9    12     8     0     2    -7.0  -35.087  -59.033      9.4   1014.3
     2     1    19     9    12     8     0     2    -7.0  -35.552  -59.280    223.1    991.0
     3     1    19     9    12     8     0     2    -7.0  -35.901  -59.734    594.4    943.1
     4     1    19     9    12     8     0     2    -7.0  -36.297  -60.348   1074.5    882.7
     5     1    19     9    12     8     0     2    -7.0  -36.113  -60.491   2371.0    749.3
     1     1    19     9    12     7     0     1    -8.0  -35.164  -59.134      9.8   1014.5
     2     1    19     9    12     7     0     1    -8.0  -35.737  -59.420    241.6    987.5
     3     1    19     9    12     7     0     1    -8.0  -36.099  -59.979    650.1    932.8
     4     1    19     9    12     7     0     1    -8.0  -36.512  -60.701   1125.2    875.8
     5     1    19     9    12     7     0     1    -8.0  -36.344  -60.810   2393.8    746.6
     1     1    19     9    12     6     0     0    -9.0  -35.242  -59.241     10.5   1014.6
     2     1    19     9    12     6     0     0    -9.0  -35.940  -59.534    269.4    982.7
     3     1    19     9    12     6     0     0    -9.0  -36.308  -60.247    726.0    920.4
     4     1    19     9    12     6     0     0    -9.0  -36.733  -61.069   1195.6    867.4
     5     1    19     9    12     6     0     0    -9.0  -36.579  -61.145   2398.3    745.4
     1     1    19     9    12     5     0     1   -10.0  -35.321  -59.350     11.3   1014.1
     2     1    19     9    12     5     0     1   -10.0  -36.147  -59.656    299.7    973.9
     3     1    19     9    12     5     0     1   -10.0  -36.500  -60.543    814.6    908.7
     4     1    19     9    12     5     0     1   -10.0  -36.946  -61.458   1264.7    856.5
     5     1    19     9    12     5     0     1   -10.0  -36.825  -61.487   2402.1    744.6
     1     1    19     9    12     4     0     2   -11.0  -35.394  -59.459     11.6   1013.6
     2     1    19     9    12     4     0     2   -11.0  -36.341  -59.824    326.9    966.3
     3     1    19     9    12     4     0     2   -11.0  -36.661  -60.858    919.6    897.7
     4     1    19     9    12     4     0     2   -11.0  -37.127  -61.872   1327.8    846.6
     5     1    19     9    12     4     0     2   -11.0  -37.088  -61.826   2383.2    739.6
     1     1    19     9    12     3     0     3   -12.0  -35.458  -59.573     11.1   1013.3
     2     1    19     9    12     3     0     3   -12.0  -36.533  -60.010    367.3    957.9
     3     1    19     9    12     3     0     3   -12.0  -36.805  -61.179   1035.3    883.2
     4     1    19     9    12     3     0     3   -12.0  -37.294  -62.306   1390.2    836.0
     5     1    19     9    12     3     0     3   -12.0  -37.372  -62.154   2330.1    739.2
     1     1    19     9    12     2     0     2   -13.0  -35.512  -59.681     10.6   1013.1
     2     1    19     9    12     2     0     2   -13.0  -36.713  -60.191    421.1    948.9
     3     1    19     9    12     2     0     2   -13.0  -36.933  -61.504   1142.0    870.0
     4     1    19     9    12     2     0     2   -13.0  -37.473  -62.753   1445.2    831.2
     5     1    19     9    12     2     0     2   -13.0  -37.655  -62.487   2316.6    742.2
     1     1    19     9    12     1     0     1   -14.0  -35.561  -59.772     10.7   1012.4
     2     1    19     9    12     1     0     1   -14.0  -36.877  -60.359    457.4    941.6
     3     1    19     9    12     1     0     1   -14.0  -37.061  -61.852   1253.0    858.1
     4     1    19     9    12     1     0     1   -14.0  -37.646  -63.208   1481.6    829.6
     5     1    19     9    12     1     0     1   -14.0  -37.921  -62.838   2374.7    738.6
     1     1    19     9    12     0     0     0   -15.0  -35.605  -59.851     11.8   1011.4
     2     1    19     9    12     0     0     0   -15.0  -37.048  -60.517    459.6    940.6
     3     1    19     9    12     0     0     0   -15.0  -37.213  -62.238   1375.9    839.3
     4     1    19     9    12     0     0     0   -15.0  -37.795  -63.681   1500.1    830.2
     5     1    19     9    12     0     0     0   -15.0  -38.180  -63.200   2472.2    734.2
     1     1    19     9    11    23     0     1   -16.0  -35.650  -59.913     12.8   1010.0
     2     1    19     9    11    23     0     1   -16.0  -37.208  -60.676    449.0    944.4
     3     1    19     9    11    23     0     1   -16.0  -37.363  -62.628   1482.5    826.4
     4     1    19     9    11    23     0     1   -16.0  -37.926  -64.162   1527.8    828.4
     5     1    19     9    11    23     0     1   -16.0  -38.456  -63.559   2536.5    728.6
     1     1    19     9    11    22     0     2   -17.0  -35.702  -59.943     11.5   1009.3
     2     1    19     9    11    22     0     2   -17.0  -37.338  -60.844    440.6    944.6
     3     1    19     9    11    22     0     2   -17.0  -37.493  -63.001   1576.5    820.0
     4     1    19     9    11    22     0     2   -17.0  -38.040  -64.619   1591.9    816.9
     5     1    19     9    11    22     0     2   -17.0  -38.736  -63.910   2566.2    730.8
     1     1    19     9    11    21     0     3   -18.0  -35.759  -59.941      8.5   1009.2
     2     1    19     9    11    21     0     3   -18.0  -37.457  -61.006    431.5    945.1
     3     1    19     9    11    21     0     3   -18.0  -37.611  -63.368   1674.9    810.9
     4     1    19     9    11    21     0     3   -18.0  -38.131  -65.066   1688.2    801.5
     5     1    19     9    11    21     0     3   -18.0  -39.011  -64.251   2612.6    726.7
     1     1    19     9    11    20     0     2   -19.0  -35.820  -59.953      5.7   1010.0
     2     1    19     9    11    20     0     2   -19.0  -37.568  -61.156    442.8    943.1
     3     1    19     9    11    20     0     2   -19.0  -37.728  -63.737   1768.6    801.3
     4     1    19     9    11    20     0     2   -19.0  -38.234  -65.509   1758.0    793.0
     5     1    19     9    11    20     0     2   -19.0  -39.289  -64.585   2665.7    718.7
     1     1    19     9    11    19     0     1   -20.0  -35.879  -60.015      5.0   1010.9
     2     1    19     9    11    19     0     1   -20.0  -37.668  -61.309    485.8    933.3
     3     1    19     9    11    19     0     1   -20.0  -37.845  -64.108   1847.5    794.2
     4     1    19     9    11    19     0     1   -20.0  -38.364  -65.941   1763.9    795.1
     5     1    19     9    11    19     0     1   -20.0  -39.571  -64.912   2701.9    715.1
     1     1    19     9    11    18     0     0   -21.0  -35.932  -60.120      7.1   1011.7
     2     1    19     9    11    18     0     0   -21.0  -37.763  -61.478    551.6    920.3
     3     1    19     9    11    18     0     0   -21.0  -37.971  -64.491   1919.3    782.5
     4     1    19     9    11    18     0     0   -21.0  -38.497  -66.361   1744.3    796.9
     5     1    19     9    11    18     0     0   -21.0  -39.857  -65.219   2730.1    712.8
     1     1    19     9    11    17     0     1   -22.0  -35.958  -60.214     11.8   1010.8
     2     1    19     9    11    17     0     1   -22.0  -37.852  -61.660    641.0    904.9
     3     1    19     9    11    17     0     1   -22.0  -38.115  -64.881   1982.6    771.7
     4     1    19     9    11    17     0     1   -22.0  -38.631  -66.769   1752.5    795.2
     5     1    19     9    11    17     0     1   -22.0  -40.149  -65.503   2772.0    706.8
     1     1    19     9    11    16     0     2   -23.0  -35.945  -60.267     20.5   1008.7
     2     1    19     9    11    16     0     2   -23.0  -37.918  -61.848    755.4    884.9
     3     1    19     9    11    16     0     2   -23.0  -38.264  -65.261   2033.9    768.4
     4     1    19     9    11    16     0     2   -23.0  -38.778  -67.162   1805.9    787.6
     5     1    19     9    11    16     0     2   -23.0  -40.446  -65.769   2825.5    694.9
     1     1    19     9    11    15     0     3   -24.0  -35.899  -60.287     37.2   1006.1
     2     1    19     9    11    15     0     3   -24.0  -37.951  -62.046    892.3    866.3
     3     1    19     9    11    15     0     3   -24.0  -38.409  -65.610   2091.3    766.2
     4     1    19     9    11    15     0     3   -24.0  -38.947  -67.535   1880.6    777.2
     5     1    19     9    11    15     0     3   -24.0  -40.758  -66.020   2870.6    681.0
     1     1    19     9    11    14     0     2   -25.0  -35.852  -60.267     57.5   1003.3
     2     1    19     9    11    14     0     2   -25.0  -37.980  -62.271   1052.9    854.6
     3     1    19     9    11    14     0     2   -25.0  -38.562  -65.930   2160.0    759.2
     4     1    19     9    11    14     0     2   -25.0  -39.143  -67.881   1943.7    763.9
     5     1    19     9    11    14     0     2   -25.0  -41.099  -66.233   2897.8    667.2
     1     1    19     9    11    13     0     1   -26.0  -35.832  -60.205     68.9   1001.4
     2     1    19     9    11    13     0     1   -26.0  -38.020  -62.533   1232.8    842.4
     3     1    19     9    11    13     0     1   -26.0  -38.731  -66.235   2221.4    750.7
     4     1    19     9    11    13     0     1   -26.0  -39.356  -68.205   1993.3    749.0
     5     1    19     9    11    13     0     1   -26.0  -41.455  -66.407   2923.3    659.2
     1     1    19     9    11    12     0     0   -27.0  -35.837  -60.103     64.1   1001.8
     2     1    19     9    11    12     0     0   -27.0  -38.043  -62.846   1410.9    831.4
     3     1    19     9    11    12     0     0   -27.0  -38.926  -66.520   2260.6    744.3
     4     1    19     9    11    12     0     0   -27.0  -39.592  -68.517   2045.5    732.5
     5     1    19     9    11    12     0     0   -27.0  -41.820  -66.552   2947.8    653.6
     1     1    19     9    11    11     0     1   -28.0  -35.846  -59.976     53.6   1005.1
     2     1    19     9    11    11     0     1   -28.0  -38.050  -63.194   1525.1    819.7
     3     1    19     9    11    11     0     1   -28.0  -39.126  -66.787   2301.7    742.7
     4     1    19     9    11    11     0     1   -28.0  -39.849  -68.810   2091.1    716.5
     5     1    19     9    11    11     0     1   -28.0  -42.180  -66.683   2987.1    655.7
     1     1    19     9    11    10     0     2   -29.0  -35.835  -59.844     48.4   1006.2
     2     1    19     9    11    10     0     2   -29.0  -38.068  -63.528   1578.0    820.4
     3     1    19     9    11    10     0     2   -29.0  -39.315  -67.055   2381.3    733.9
     4     1    19     9    11    10     0     2   -29.0  -40.105  -69.080   2121.3    705.5
     5     1    19     9    11    10     0     2   -29.0  -42.516  -66.814   3042.6    662.9
     1     1    19     9    11     9     0     3   -30.0  -35.814  -59.711     47.6   1006.8
     2     1    19     9    11     9     0     3   -30.0  -38.064  -63.891   1630.3    819.1
     3     1    19     9    11     9     0     3   -30.0  -39.506  -67.334   2488.6    717.0
     4     1    19     9    11     9     0     3   -30.0  -40.355  -69.324   2143.8    698.9
     5     1    19     9    11     9     0     3   -30.0  -42.816  -66.949   3091.1    671.1
     1     1    19     9    11     8     0     2   -31.0  -35.794  -59.579     48.5   1007.7
     2     1    19     9    11     8     0     2   -31.0  -38.042  -64.278   1656.0    808.6
     3     1    19     9    11     8     0     2   -31.0  -39.713  -67.616   2603.6    695.5
     4     1    19     9    11     8     0     2   -31.0  -40.620  -69.528   2174.3    688.5
     5     1    19     9    11     8     0     2   -31.0  -43.089  -67.093   3110.6    672.5
     1     1    19     9    11     7     0     1   -32.0  -35.778  -59.450     49.3   1008.6
     2     1    19     9    11     7     0     1   -32.0  -38.037  -64.610   1695.7    810.5
     3     1    19     9    11     7     0     1   -32.0  -39.929  -67.879   2704.3    672.8
     4     1    19     9    11     7     0     1   -32.0  -40.913  -69.684   2215.7    671.8
     5     1    19     9    11     7     0     1   -32.0  -43.362  -67.233   3113.9    664.6
     1     1    19     9    11     6     0     0   -33.0  -35.765  -59.323     49.9   1009.6
     2     1    19     9    11     6     0     0   -33.0  -38.017  -64.942   1882.6    794.0
     3     1    19     9    11     6     0     0   -33.0  -40.145  -68.109   2791.0    655.0
     4     1    19     9    11     6     0     0   -33.0  -41.217  -69.797   2275.5    665.0
     5     1    19     9    11     6     0     0   -33.0  -43.650  -67.349   3135.3    658.1
     1     1    19     9    11     5     0     1   -34.0  -35.749  -59.199     48.0   1010.9
     2     1    19     9    11     5     0     1   -34.0  -37.943  -65.358   1999.8    758.8
     3     1    19     9    11     5     0     1   -34.0  -40.384  -68.280   2877.4    641.9
     4     1    19     9    11     5     0     1   -34.0  -41.521  -69.876   2350.1    664.2
     5     1    19     9    11     5     0     1   -34.0  -43.942  -67.432   3165.4    654.2
     1     1    19     9    11     4     0     2   -35.0  -35.728  -59.082     41.8   1012.8
     2     1    19     9    11     4     0     2   -35.0  -37.869  -65.763   2004.1    769.7
     3     1    19     9    11     4     0     2   -35.0  -40.663  -68.363   2967.4    627.2
     4     1    19     9    11     4     0     2   -35.0  -41.815  -69.933   2433.4    663.9
     5     1    19     9    11     4     0     2   -35.0  -44.224  -67.470   3190.7    650.5
     1     1    19     9    11     3     0     3   -36.0  -35.701  -58.970     33.4   1015.0
     2     1    19     9    11     3     0     3   -36.0  -37.805  -66.098   1962.0    777.3
     3     1    19     9    11     3     0     3   -36.0  -40.965  -68.358   3059.8    613.8
     4     1    19     9    11     3     0     3   -36.0  -42.091  -69.975   2518.6    661.2
     5     1    19     9    11     3     0     3   -36.0  -44.490  -67.454   3223.0    646.7
     1     1    19     9    11     2     0     2   -37.0  -35.675  -58.863     27.1   1015.2
     2     1    19     9    11     2     0     2   -37.0  -37.757  -66.372   1930.5    781.0
     3     1    19     9    11     2     0     2   -37.0  -41.307  -68.277   3141.8    597.4
     4     1    19     9    11     2     0     2   -37.0  -42.367  -69.986   2590.4    653.5
     5     1    19     9    11     2     0     2   -37.0  -44.758  -67.374   3278.7    640.8
     1     1    19     9    11     1     0     1   -38.0  -35.654  -58.756     24.9   1014.6
     2     1    19     9    11     1     0     1   -38.0  -37.719  -66.634   1917.9    777.5
     3     1    19     9    11     1     0     1   -38.0  -41.715  -68.121   3217.4    581.1
     4     1    19     9    11     1     0     1   -38.0  -42.665  -69.951   2652.2    647.0
     5     1    19     9    11     1     0     1   -38.0  -45.051  -67.212   3369.6    633.2
     1     1    19     9    11     0     0     0   -39.0  -35.630  -58.643     25.1   1013.9
     2     1    19     9    11     0     0     0   -39.0  -37.691  -66.872   1889.3    777.1
     3     1    19     9    11     0     0     0   -39.0  -42.165  -67.887   3362.7    575.0
     4     1    19     9    11     0     0     0   -39.0  -42.975  -69.879   2722.8    641.5
     5     1    19     9    11     0     0     0   -39.0  -45.359  -66.987   3498.9    633.5
     1     1    19     9    10    23     0     1   -40.0  -35.609  -58.532     25.9   1013.8
     2     1    19     9    10    23     0     1   -40.0  -37.683  -67.083   1878.5    780.3
     3     1    19     9    10    23     0     1   -40.0  -42.596  -67.650   3552.8    584.6
     4     1    19     9    10    23     0     1   -40.0  -43.315  -69.761   2799.4    633.7
     5     1    19     9    10    23     0     1   -40.0  -45.671  -66.756   3598.9    635.4
     1     1    19     9    10    22     0     2   -41.0  -35.605  -58.435     25.4   1014.0
     2     1    19     9    10    22     0     2   -41.0  -37.687  -67.294   1917.7    773.6
     3     1    19     9    10    22     0     2   -41.0  -42.979  -67.455   3673.3    603.0
     4     1    19     9    10    22     0     2   -41.0  -43.688  -69.605   2866.7    632.3
     5     1    19     9    10    22     0     2   -41.0  -45.983  -66.539   3654.2    640.6
     1     1    19     9    10    21     0     3   -42.0  -35.623  -58.356     24.0   1014.2
     2     1    19     9    10    21     0     3   -42.0  -37.689  -67.528   1996.9    761.4
     3     1    19     9    10    21     0     3   -42.0  -43.334  -67.291   3724.2    609.5
     4     1    19     9    10    21     0     3   -42.0  -44.063  -69.451   2920.8    639.3
     5     1    19     9    10    21     0     3   -42.0  -46.305  -66.305   3683.9    637.5
     1     1    19     9    10    20     0     2   -43.0  -35.661  -58.298     23.0   1014.5
     2     1    19     9    10    20     0     2   -43.0  -37.676  -67.791   2058.6    747.8
     3     1    19     9    10    20     0     2   -43.0  -43.685  -67.137   3754.4    611.1
     4     1    19     9    10    20     0     2   -43.0  -44.409  -69.315   2972.1    649.2
     5     1    19     9    10    20     0     2   -43.0  -46.629  -66.059   3709.9    636.0
     1     1    19     9    10    19     0     1   -44.0  -35.716  -58.264     23.1   1014.6
     2     1    19     9    10    19     0     1   -44.0  -37.659  -68.060   2067.6    743.9
     3     1    19     9    10    19     0     1   -44.0  -44.050  -66.967   3768.4    607.2
     4     1    19     9    10    19     0     1   -44.0  -44.718  -69.188   3016.1    652.6
     5     1    19     9    10    19     0     1   -44.0  -46.937  -65.807   3732.9    635.1
     1     1    19     9    10    18     0     0   -45.0  -35.789  -58.254     23.8   1014.6
     2     1    19     9    10    18     0     0   -45.0  -37.643  -68.306   1985.2    742.7
     3     1    19     9    10    18     0     0   -45.0  -44.417  -66.777   3793.0    606.3
     4     1    19     9    10    18     0     0   -45.0  -44.989  -69.081   3040.9    653.9
     5     1    19     9    10    18     0     0   -45.0  -47.238  -65.533   3759.6    633.1
     1     1    19     9    10    17     0     1   -46.0  -35.870  -58.264     24.6   1014.8
     2     1    19     9    10    17     0     1   -46.0  -37.629  -68.486   1847.2    758.6
     3     1    19     9    10    17     0     1   -46.0  -44.788  -66.554   3843.3    605.8
     4     1    19     9    10    17     0     1   -46.0  -45.248  -68.954   3049.5    654.7
     5     1    19     9    10    17     0     1   -46.0  -47.525  -65.232   3802.5    630.3
     1     1    19     9    10    16     0     2   -47.0  -35.945  -58.286     24.9   1015.1
     2     1    19     9    10    16     0     2   -47.0  -37.606  -68.612   1727.8    767.5
     3     1    19     9    10    16     0     2   -47.0  -45.172  -66.295   3911.8    612.0
     4     1    19     9    10    16     0     2   -47.0  -45.522  -68.770   3068.1    654.8
     5     1    19     9    10    16     0     2   -47.0  -47.787  -64.894   3860.8    624.8
     1     1    19     9    10    15     0     3   -48.0  -36.014  -58.322     25.0   1015.3
     2     1    19     9    10    15     0     3   -48.0  -37.583  -68.699   1640.5    772.5
     3     1    19     9    10    15     0     3   -48.0  -45.564  -66.002   3980.9    613.9
     4     1    19     9    10    15     0     3   -48.0  -45.795  -68.552   3127.1    650.6
     5     1    19     9    10    15     0     3   -48.0  -48.028  -64.506   3920.5    619.5
     1     1    19     9    10    14     0     2   -49.0  -36.078  -58.357     24.9   1014.7
     2     1    19     9    10    14     0     2   -49.0  -37.555  -68.768   1537.7    774.5
     3     1    19     9    10    14     0     2   -49.0  -45.968  -65.676   4028.9    609.2
     4     1    19     9    10    14     0     2   -49.0  -46.079  -68.335   3199.1    641.8
     5     1    19     9    10    14     0     2   -49.0  -48.277  -64.081   3970.6    614.5
     1     1    19     9    10    13     0     1   -50.0  -36.136  -58.381     24.5   1014.1
     2     1    19     9    10    13     0     1   -50.0  -37.537  -68.820   1362.1    789.3
     3     1    19     9    10    13     0     1   -50.0  -46.374  -65.342   4070.2    606.1
     4     1    19     9    10    13     0     1   -50.0  -46.401  -68.144   3255.2    643.1
     5     1    19     9    10    13     0     1   -50.0  -48.546  -63.650   4019.1    611.2
     1     1    19     9    10    12     0     0   -51.0  -36.189  -58.397     24.0   1013.4
     2     1    19     9    10    12     0     0   -51.0  -37.556  -68.857   1104.3    815.3
     3     1    19     9    10    12     0     0   -51.0  -46.798  -65.012   4093.3    602.4
     4     1    19     9    10    12     0     0   -51.0  -46.761  -67.990   3308.8    649.2
     5     1    19     9    10    12     0     0   -51.0  -48.826  -63.225   4051.5    606.1
     1     1    19     9    10    11     0     1   -52.0  -36.249  -58.416     24.5   1012.2
     2     1    19     9    10    11     0     1   -52.0  -37.640  -68.853    792.2    859.1
     3     1    19     9    10    11     0     1   -52.0  -47.219  -64.665   4111.1    603.4
     4     1    19     9    10    11     0     1   -52.0  -47.130  -67.869   3357.8    651.0
     5     1    19     9    10    11     0     1   -52.0  -49.110  -62.813   4062.3    606.4
     1     1    19     9    10    10     0     2   -53.0  -36.325  -58.445     27.0   1010.7
     2     1    19     9    10    10     0     2   -53.0  -37.753  -68.792    544.7    902.5
     3     1    19     9    10    10     0     2   -53.0  -47.611  -64.293   4146.4    599.3
     4     1    19     9    10    10     0     2   -53.0  -47.484  -67.749   3395.7    649.7
     5     1    19     9    10    10     0     2   -53.0  -49.387  -62.415   4097.1    605.5
     1     1    19     9    10     9     0     3   -54.0  -36.414  -58.480     32.2   1009.0
     2     1    19     9    10     9     0     3   -54.0  -37.851  -68.712    424.0    926.2
     3     1    19     9    10     9     0     3   -54.0  -48.001  -63.905   4188.6    595.6
     4     1    19     9    10     9     0     3   -54.0  -47.813  -67.640   3435.2    648.3
     5     1    19     9    10     9     0     3   -54.0  -49.646  -62.049   4199.7    598.0
     1     1    19     9    10     8     0     2   -55.0  -36.522  -58.514     40.5   1006.9
     2     1    19     9    10     8     0     2   -55.0  -37.923  -68.658    407.3    931.0
     3     1    19     9    10     8     0     2   -55.0  -48.382  -63.512   4206.7    591.4
     4     1    19     9    10     8     0     2   -55.0  -48.134  -67.526   3484.7    645.0
     5     1    19     9    10     8     0     2   -55.0  -49.903  -61.703   4315.6    583.1
     1     1    19     9    10     7     0     1   -56.0  -36.659  -58.543     52.6   1004.6
     2     1    19     9    10     7     0     1   -56.0  -37.970  -68.638    476.1    926.8
     3     1    19     9    10     7     0     1   -56.0  -48.747  -63.141   4155.5    594.2
     4     1    19     9    10     7     0     1   -56.0  -48.468  -67.376   3536.4    641.8
     5     1    19     9    10     7     0     1   -56.0  -50.172  -61.362   4359.4    577.6
     1     1    19     9    10     6     0     0   -57.0  -36.833  -58.565     68.9   1001.1
     2     1    19     9    10     6     0     0   -57.0  -37.989  -68.632    673.8    909.8
     3     1    19     9    10     6     0     0   -57.0  -49.113  -62.807   4029.1    604.7
     4     1    19     9    10     6     0     0   -57.0  -48.806  -67.215   3570.0    642.2
     5     1    19     9    10     6     0     0   -57.0  -50.443  -61.042   4326.3    581.5
     1     1    19     9    10     5     0     1   -58.0  -37.048  -58.581     87.0    997.5
     2     1    19     9    10     5     0     1   -58.0  -37.988  -68.624    881.2    869.3
     3     1    19     9    10     5     0     1   -58.0  -49.473  -62.522   3916.8    621.4
     4     1    19     9    10     5     0     1   -58.0  -49.129  -67.081   3596.0    646.4
     5     1    19     9    10     5     0     1   -58.0  -50.717  -60.766   4307.5    588.6
     1     1    19     9    10     4     0     2   -59.0  -37.280  -58.602    102.7    993.4
     2     1    19     9    10     4     0     2   -59.0  -37.987  -68.614    887.3    865.4
     3     1    19     9    10     4     0     2   -59.0  -49.831  -62.278   3878.9    622.2
     4     1    19     9    10     4     0     2   -59.0  -49.441  -66.970   3639.0    644.7
     5     1    19     9    10     4     0     2   -59.0  -51.005  -60.525   4361.5    582.7
     1     1    19     9    10     3     0     3   -60.0  -37.505  -58.627    117.7    990.0
     2     1    19     9    10     3     0     3   -60.0  -37.985  -68.604    707.2    887.2
     3     1    19     9    10     3     0     3   -60.0  -50.197  -62.075   3894.5    621.3
     4     1    19     9    10     3     0     3   -60.0  -49.748  -66.895   3701.4    638.5
     5     1    19     9    10     3     0     3   -60.0  -51.296  -60.306   4457.2    573.9
     1     1    19     9    10     2     0     2   -61.0  -37.726  -58.659    127.1    985.8
     2     1    19     9    10     2     0     2   -61.0  -37.965  -68.598    534.2    922.1
     3     1    19     9    10     2     0     2   -61.0  -50.553  -61.896   3968.6    614.5
     4     1    19     9    10     2     0     2   -61.0  -50.062  -66.851   3764.2    631.8
     5     1    19     9    10     2     0     2   -61.0  -51.576  -60.116   4568.6    563.8
     1     1    19     9    10     1     0     1   -62.0  -37.942  -58.709    118.4    984.2
     2     1    19     9    10     1     0     1   -62.0  -37.937  -68.587    463.7    925.5
     3     1    19     9    10     1     0     1   -62.0  -50.896  -61.741   4074.8    603.6
     4     1    19     9    10     1     0     1   -62.0  -50.394  -66.800   3815.2    627.1
     5     1    19     9    10     1     0     1   -62.0  -51.841  -59.951   4684.8    554.4
     1     1    19     9    10     0     0     0   -63.0  -38.148  -58.778     95.3    989.8
     2     1    19     9    10     0     0     0   -63.0  -37.907  -68.563    463.3    921.7
     3     1    19     9    10     0     0     0   -63.0  -51.243  -61.629   4177.6    593.5
     4     1    19     9    10     0     0     0   -63.0  -50.733  -66.741   3855.7    623.1
     5     1    19     9    10     0     0     0   -63.0  -52.099  -59.801   4796.6    544.5
     1     1    19     9     9    23     0     1   -64.0  -38.344  -58.838     72.9    996.1
     2     1    19     9     9    23     0     1   -64.0  -37.882  -68.530    497.4    913.2
     3     1    19     9     9    23     0     1   -64.0  -51.588  -61.549   4284.9    586.0
     4     1    19     9     9    23     0     1   -64.0  -51.057  -66.711   3891.7    619.9
     5     1    19     9     9    23     0     1   -64.0  -52.357  -59.694   4894.6    536.5
     1     1    19     9     9    22     0     2   -65.0  -38.540  -58.869     57.0   1000.4
     2     1    19     9     9    22     0     2   -65.0  -37.866  -68.487    545.2    907.0
     3     1    19     9     9    22     0     2   -65.0  -51.918  -61.490   4403.9    574.8
     4     1    19     9     9    22     0     2   -65.0  -51.365  -66.732   3936.0    616.1
     5     1    19     9     9    22     0     2   -65.0  -52.613  -59.644   4981.0    529.5
     1     1    19     9     9    21     0     3   -66.0  -38.745  -58.869     46.6   1003.3
     2     1    19     9     9    21     0     3   -66.0  -37.862  -68.439    611.0    900.3
     3     1    19     9     9    21     0     3   -66.0  -52.232  -61.466   4496.1    564.8
     4     1    19     9     9    21     0     3   -66.0  -51.672  -66.806   3981.5    610.5
     5     1    19     9     9    21     0     3   -66.0  -52.871  -59.630   5047.9    523.3
     1     1    19     9     9    20     0     2   -67.0  -38.957  -58.842     41.5   1007.1
     2     1    19     9     9    20     0     2   -67.0  -37.869  -68.400    680.4    891.3
     3     1    19     9     9    20     0     2   -67.0  -52.521  -61.466   4548.1    561.0
     4     1    19     9     9    20     0     2   -67.0  -51.976  -66.909   4034.6    607.1
     5     1    19     9     9    20     0     2   -67.0  -53.109  -59.643   5098.6    519.8
     1     1    19     9     9    19     0     1   -68.0  -39.158  -58.802     39.7   1007.9
     2     1    19     9     9    19     0     1   -68.0  -37.881  -68.376    737.7    886.1
     3     1    19     9     9    19     0     1   -68.0  -52.785  -61.476   4581.3    558.4
     4     1    19     9     9    19     0     1   -68.0  -52.261  -67.012   4115.5    599.5
     5     1    19     9     9    19     0     1   -68.0  -53.308  -59.686   5142.8    515.7
     1     1    19     9     9    18     0     0   -69.0  -39.344  -58.764     39.1   1008.3
     2     1    19     9     9    18     0     0   -69.0  -37.897  -68.365    785.4    882.2
     3     1    19     9     9    18     0     0   -69.0  -53.033  -61.495   4612.2    555.9
     4     1    19     9     9    18     0     0   -69.0  -52.532  -67.116   4215.8    590.0
     5     1    19     9     9    18     0     0   -69.0  -53.479  -59.748   5169.6    512.7
     1     1    19     9     9    17     0     1   -70.0  -39.504  -58.724     39.1   1008.9
     2     1    19     9     9    17     0     1   -70.0  -37.926  -68.357    827.2    879.6
     3     1    19     9     9    17     0     1   -70.0  -53.268  -61.539   4654.6    552.7
     4     1    19     9     9    17     0     1   -70.0  -52.823  -67.187   4313.8    580.5
     5     1    19     9     9    17     0     1   -70.0  -53.633  -59.831   5189.0    512.1
     1     1    19     9     9    16     0     2   -71.0  -39.628  -58.667     39.4   1009.3
     2     1    19     9     9    16     0     2   -71.0  -37.974  -68.346    865.9    878.2
     3     1    19     9     9    16     0     2   -71.0  -53.489  -61.611   4705.4    547.5
     4     1    19     9     9    16     0     2   -71.0  -53.138  -67.220   4406.5    573.0
     5     1    19     9     9    16     0     2   -71.0  -53.776  -59.942   5225.7    509.6
     1     1    19     9     9    15     0     3   -72.0  -39.714  -58.583     40.7   1009.5
     2     1    19     9     9    15     0     3   -72.0  -38.041  -68.330    902.9    875.1
     3     1    19     9     9    15     0     3   -72.0  -53.698  -61.691   4741.9    543.3
     4     1    19     9     9    15     0     3   -72.0  -53.468  -67.214   4515.6    563.9
     5     1    19     9     9    15     0     3   -72.0  -53.913  -60.083   5301.2    504.5
