     7     1
    GDAS    19    12    29     0     0
    GDAS    20     1     1     0     0
    GDAS    20     1     8     0     0
    GDAS    20     1    15     0     0
    GDAS    20     1    22     0     0
    GDAS    20     1    29     0     0
    GDAS    20     2     1     0     0
     5 BACKWARD OMEGA   
    20     1    26     3  -34.572  -58.513    10.0
    20     1    26     3  -34.572  -58.513   200.0
    20     1    26     3  -34.572  -58.513   500.0
    20     1    26     3  -34.572  -58.513  1000.0
    20     1    26     3  -34.572  -58.513  2000.0
     1 PRESSURE
     1     1    20     1    26     3     0     3     0.0  -34.572  -58.513     10.0   1000.8
     2     1    20     1    26     3     0     3     0.0  -34.572  -58.513    200.0    980.6
     3     1    20     1    26     3     0     3     0.0  -34.572  -58.513    500.0    947.8
     4     1    20     1    26     3     0     3     0.0  -34.572  -58.513   1000.0    895.2
     5     1    20     1    26     3     0     3     0.0  -34.572  -58.513   2000.0    796.7
     1     1    20     1    26     2     0     2    -1.0  -34.565  -58.470      9.6   1000.5
     2     1    20     1    26     2     0     2    -1.0  -34.545  -58.437    185.8    981.8
     3     1    20     1    26     2     0     2    -1.0  -34.599  -58.517    469.4    949.3
     4     1    20     1    26     2     0     2    -1.0  -34.663  -58.636    920.4    901.3
     5     1    20     1    26     2     0     2    -1.0  -34.640  -58.735   1841.0    806.5
     1     1    20     1    26     1     0     1    -2.0  -34.553  -58.423      9.2   1000.2
     2     1    20     1    26     1     0     1    -2.0  -34.514  -58.350    172.9    982.6
     3     1    20     1    26     1     0     1    -2.0  -34.612  -58.520    407.2    956.7
     4     1    20     1    26     1     0     1    -2.0  -34.761  -58.753    761.4    915.4
     5     1    20     1    26     1     0     1    -2.0  -34.750  -58.938   1509.1    835.6
     1     1    20     1    26     0     0     0    -3.0  -34.541  -58.371      8.8   1000.1
     2     1    20     1    26     0     0     0    -3.0  -34.498  -58.244    159.2    983.5
     3     1    20     1    26     0     0     0    -3.0  -34.611  -58.515    330.8    965.7
     4     1    20     1    26     0     0     0    -3.0  -34.813  -58.895    505.6    942.8
     5     1    20     1    26     0     0     0    -3.0  -34.885  -59.142   1013.7    888.8
     1     1    20     1    25    23     0     1    -4.0  -34.537  -58.322      8.4    999.7
     2     1    20     1    25    23     0     1    -4.0  -34.490  -58.125    150.8    984.5
     3     1    20     1    25    23     0     1    -4.0  -34.611  -58.508    278.4    974.4
     4     1    20     1    25    23     0     1    -4.0  -34.838  -59.082    339.1    977.7
     5     1    20     1    25    23     0     1    -4.0  -35.004  -59.378    702.1    950.5
     1     1    20     1    25    22     0     2    -5.0  -34.541  -58.290      7.9    999.3
     2     1    20     1    25    22     0     2    -5.0  -34.474  -58.021    152.3    983.0
     3     1    20     1    25    22     0     2    -5.0  -34.624  -58.524    259.7    974.8
     4     1    20     1    25    22     0     2    -5.0  -34.912  -59.299    297.6    976.4
     5     1    20     1    25    22     0     2    -5.0  -35.149  -59.627    675.0    940.6
     1     1    20     1    25    21     0     3    -6.0  -34.553  -58.277      7.4    999.0
     2     1    20     1    25    21     0     3    -6.0  -34.457  -57.950    165.7    980.6
     3     1    20     1    25    21     0     3    -6.0  -34.656  -58.579    266.3    973.9
     4     1    20     1    25    21     0     3    -6.0  -35.024  -59.533    358.7    968.2
     5     1    20     1    25    21     0     3    -6.0  -35.299  -59.882    809.7    917.9
     1     1    20     1    25    20     0     2    -7.0  -34.578  -58.277      6.3    999.8
     2     1    20     1    25    20     0     2    -7.0  -34.462  -57.917    175.6    978.0
     3     1    20     1    25    20     0     2    -7.0  -34.713  -58.666    257.5    971.3
     4     1    20     1    25    20     0     2    -7.0  -35.137  -59.776    455.8    950.1
     5     1    20     1    25    20     0     2    -7.0  -35.433  -60.143    940.9    892.2
     1     1    20     1    25    19     0     1    -8.0  -34.620  -58.283      3.7   1000.6
     2     1    20     1    25    19     0     1    -8.0  -34.505  -57.908    153.2    981.0
     3     1    20     1    25    19     0     1    -8.0  -34.789  -58.762    200.9    979.2
     4     1    20     1    25    19     0     1    -8.0  -35.228  -60.021    501.0    945.1
     5     1    20     1    25    19     0     1    -8.0  -35.567  -60.402    941.4    890.1
     1     1    20     1    25    18     0     0    -9.0  -34.677  -58.297      0.0   1001.5
     2     1    20     1    25    18     0     0    -9.0  -34.577  -57.919    101.2    988.7
     3     1    20     1    25    18     0     0    -9.0  -34.866  -58.856    134.1    990.5
     4     1    20     1    25    18     0     0    -9.0  -35.309  -60.271    475.9    943.7
     5     1    20     1    25    18     0     0    -9.0  -35.698  -60.664    835.4    903.1
     1     1    20     1    25    17     0     1   -10.0  -34.750  -58.324      0.0   1001.9
     2     1    20     1    25    17     0     1   -10.0  -34.663  -57.943     60.6    997.9
     3     1    20     1    25    17     0     1   -10.0  -34.953  -58.951     94.4    997.6
     4     1    20     1    25    17     0     1   -10.0  -35.407  -60.505    409.2    954.3
     5     1    20     1    25    17     0     1   -10.0  -35.837  -60.911    708.8    921.4
     1     1    20     1    25    16     0     2   -11.0  -34.843  -58.365      0.0   1002.3
     2     1    20     1    25    16     0     2   -11.0  -34.761  -57.984     40.2    999.4
     3     1    20     1    25    16     0     2   -11.0  -35.070  -59.048     76.5    998.3
     4     1    20     1    25    16     0     2   -11.0  -35.532  -60.707    354.4    959.7
     5     1    20     1    25    16     0     2   -11.0  -35.987  -61.128    623.2    931.3
     1     1    20     1    25    15     0     3   -12.0  -34.963  -58.416      0.0   1002.7
     2     1    20     1    25    15     0     3   -12.0  -34.882  -58.038     33.2   1000.7
     3     1    20     1    25    15     0     3   -12.0  -35.216  -59.139     68.7    998.5
     4     1    20     1    25    15     0     3   -12.0  -35.666  -60.878    320.5    962.9
     5     1    20     1    25    15     0     3   -12.0  -36.119  -61.331    567.0    935.1
     1     1    20     1    25    14     0     2   -13.0  -35.091  -58.475      0.0   1002.9
     2     1    20     1    25    14     0     2   -13.0  -35.016  -58.104     33.2   1001.0
     3     1    20     1    25    14     0     2   -13.0  -35.357  -59.221     65.6    998.4
     4     1    20     1    25    14     0     2   -13.0  -35.782  -61.023    307.3    964.0
     5     1    20     1    25    14     0     2   -13.0  -36.222  -61.533    536.8    938.4
     1     1    20     1    25    13     0     1   -14.0  -35.204  -58.543      0.0   1003.1
     2     1    20     1    25    13     0     1   -14.0  -35.139  -58.185     33.2   1001.3
     3     1    20     1    25    13     0     1   -14.0  -35.463  -59.289     64.7    998.1
     4     1    20     1    25    13     0     1   -14.0  -35.862  -61.148    313.2    963.5
     5     1    20     1    25    13     0     1   -14.0  -36.304  -61.745    531.3    937.4
     1     1    20     1    25    12     0     0   -15.0  -35.298  -58.609      0.0   1003.4
     2     1    20     1    25    12     0     0   -15.0  -35.247  -58.273     33.2   1001.6
     3     1    20     1    25    12     0     0   -15.0  -35.533  -59.339     64.9    997.8
     4     1    20     1    25    12     0     0   -15.0  -35.905  -61.250    339.6    960.8
     5     1    20     1    25    12     0     0   -15.0  -36.367  -61.972    535.3    935.9
     1     1    20     1    25    11     0     1   -16.0  -35.376  -58.659      0.0   1003.2
     2     1    20     1    25    11     0     1   -16.0  -35.341  -58.345     33.2   1001.4
     3     1    20     1    25    11     0     1   -16.0  -35.585  -59.362     66.0    997.2
     4     1    20     1    25    11     0     1   -16.0  -35.927  -61.310    376.6    955.1
     5     1    20     1    25    11     0     1   -16.0  -36.412  -62.186    530.3    934.6
     1     1    20     1    25    10     0     2   -17.0  -35.443  -58.684      0.0   1003.0
     2     1    20     1    25    10     0     2   -17.0  -35.423  -58.387     33.2   1001.3
     3     1    20     1    25    10     0     2   -17.0  -35.636  -59.352     68.2    996.7
     4     1    20     1    25    10     0     2   -17.0  -35.939  -61.305    411.2    951.0
     5     1    20     1    25    10     0     2   -17.0  -36.418  -62.347    513.2    937.1
     1     1    20     1    25     9     0     3   -18.0  -35.500  -58.688      0.0   1002.8
     2     1    20     1    25     9     0     3   -18.0  -35.493  -58.404     33.2   1001.0
     3     1    20     1    25     9     0     3   -18.0  -35.686  -59.310     71.7    996.2
     4     1    20     1    25     9     0     3   -18.0  -35.943  -61.231    444.6    947.2
     5     1    20     1    25     9     0     3   -18.0  -36.375  -62.452    496.7    939.4
     1     1    20     1    25     8     0     2   -19.0  -35.551  -58.686      0.3   1002.9
     2     1    20     1    25     8     0     2   -19.0  -35.558  -58.411     34.4   1001.2
     3     1    20     1    25     8     0     2   -19.0  -35.745  -59.252     78.0    995.8
     4     1    20     1    25     8     0     2   -19.0  -35.965  -61.102    482.4    943.2
     5     1    20     1    25     8     0     2   -19.0  -36.315  -62.481    488.8    941.3
     1     1    20     1    25     7     0     1   -20.0  -35.602  -58.691      1.3   1003.1
     2     1    20     1    25     7     0     1   -20.0  -35.626  -58.420     38.5   1001.2
     3     1    20     1    25     7     0     1   -20.0  -35.823  -59.188     89.2    994.8
     4     1    20     1    25     7     0     1   -20.0  -36.020  -60.927    519.3    938.3
     5     1    20     1    25     7     0     1   -20.0  -36.271  -62.421    493.4    941.1
     1     1    20     1    25     6     0     0   -21.0  -35.659  -58.698      3.0   1003.2
     2     1    20     1    25     6     0     0   -21.0  -35.708  -58.425     47.1   1000.9
     3     1    20     1    25     6     0     0   -21.0  -35.935  -59.100    107.9    993.5
     4     1    20     1    25     6     0     0   -21.0  -36.102  -60.704    549.8    934.4
     5     1    20     1    25     6     0     0   -21.0  -36.254  -62.280    513.9    939.3
     1     1    20     1    25     5     0     1   -22.0  -35.718  -58.700      5.1   1003.1
     2     1    20     1    25     5     0     1   -22.0  -35.803  -58.416     58.1    999.6
     3     1    20     1    25     5     0     1   -22.0  -36.079  -58.983    123.1    990.7
     4     1    20     1    25     5     0     1   -22.0  -36.227  -60.457    589.5    930.3
     5     1    20     1    25     5     0     1   -22.0  -36.297  -62.096    538.5    934.7
     1     1    20     1    25     4     0     2   -23.0  -35.775  -58.693      6.6   1003.0
     2     1    20     1    25     4     0     2   -23.0  -35.909  -58.389     65.0    998.3
     3     1    20     1    25     4     0     2   -23.0  -36.233  -58.876    123.3    989.6
     4     1    20     1    25     4     0     2   -23.0  -36.396  -60.228    642.5    921.6
     5     1    20     1    25     4     0     2   -23.0  -36.408  -61.885    553.6    933.0
     1     1    20     1    25     3     0     3   -24.0  -35.833  -58.679      7.5   1002.9
     2     1    20     1    25     3     0     3   -24.0  -36.034  -58.350     64.6    998.0
     3     1    20     1    25     3     0     3   -24.0  -36.404  -58.792    116.2    989.7
     4     1    20     1    25     3     0     3   -24.0  -36.591  -60.026    697.4    912.3
     5     1    20     1    25     3     0     3   -24.0  -36.581  -61.649    572.6    930.7
     1     1    20     1    25     2     0     2   -25.0  -35.864  -58.691      7.8   1002.6
     2     1    20     1    25     2     0     2   -25.0  -36.133  -58.343     62.9    998.4
     3     1    20     1    25     2     0     2   -25.0  -36.577  -58.742    113.7    989.2
     4     1    20     1    25     2     0     2   -25.0  -36.804  -59.881    756.8    904.8
     5     1    20     1    25     2     0     2   -25.0  -36.809  -61.443    600.7    926.0
     1     1    20     1    25     1     0     1   -26.0  -35.831  -58.765      8.0   1002.3
     2     1    20     1    25     1     0     1   -26.0  -36.152  -58.396     61.7    997.8
     3     1    20     1    25     1     0     1   -26.0  -36.746  -58.714    116.0    987.2
     4     1    20     1    25     1     0     1   -26.0  -37.067  -59.765    807.8    896.3
     5     1    20     1    25     1     0     1   -26.0  -37.105  -61.274    673.5    919.1
     1     1    20     1    25     0     0     0   -27.0  -35.733  -58.905      8.0   1002.0
     2     1    20     1    25     0     0     0   -27.0  -36.080  -58.519     60.7    997.7
     3     1    20     1    25     0     0     0   -27.0  -36.958  -58.661    114.2    985.7
     4     1    20     1    25     0     0     0   -27.0  -37.395  -59.657    826.9    894.4
     5     1    20     1    25     0     0     0   -27.0  -37.420  -61.193    794.0    899.2
     1     1    20     1    24    23     0     1   -28.0  -35.615  -59.079      8.1   1001.6
     2     1    20     1    24    23     0     1   -28.0  -35.945  -58.719     60.0    998.0
     3     1    20     1    24    23     0     1   -28.0  -37.176  -58.644    104.3    984.1
     4     1    20     1    24    23     0     1   -28.0  -37.733  -59.631    836.2    894.9
     5     1    20     1    24    23     0     1   -28.0  -37.688  -61.236    909.8    880.3
     1     1    20     1    24    22     0     2   -29.0  -35.512  -59.259      8.2   1000.9
     2     1    20     1    24    22     0     2   -29.0  -35.821  -58.949     59.5    998.0
     3     1    20     1    24    22     0     2   -29.0  -37.326  -58.739     87.7    982.8
     4     1    20     1    24    22     0     2   -29.0  -38.064  -59.685    863.3    893.5
     5     1    20     1    24    22     0     2   -29.0  -37.912  -61.340    994.4    865.9
     1     1    20     1    24    21     0     3   -30.0  -35.426  -59.457      8.3    999.9
     2     1    20     1    24    21     0     3   -30.0  -35.714  -59.188     59.2    996.8
     3     1    20     1    24    21     0     3   -30.0  -37.445  -58.918     62.4    983.0
     4     1    20     1    24    21     0     3   -30.0  -38.391  -59.782    908.4    893.5
     5     1    20     1    24    21     0     3   -30.0  -38.122  -61.424   1045.8    861.9
     1     1    20     1    24    20     0     2   -31.0  -35.349  -59.671      8.4   1000.1
     2     1    20     1    24    20     0     2   -31.0  -35.611  -59.431     59.6    996.9
     3     1    20     1    24    20     0     2   -31.0  -37.554  -59.136     41.4    984.9
     4     1    20     1    24    20     0     2   -31.0  -38.690  -59.911    929.4    894.9
     5     1    20     1    24    20     0     2   -31.0  -38.309  -61.498   1071.4    865.3
     1     1    20     1    24    19     0     1   -32.0  -35.267  -59.888      8.7   1000.4
     2     1    20     1    24    19     0     1   -32.0  -35.504  -59.674     62.3    996.9
     3     1    20     1    24    19     0     1   -32.0  -37.654  -59.383     29.7    984.0
     4     1    20     1    24    19     0     1   -32.0  -38.970  -60.025    908.4    904.7
     5     1    20     1    24    19     0     1   -32.0  -38.463  -61.589   1073.6    868.9
     1     1    20     1    24    18     0     0   -33.0  -35.172  -60.103      9.4   1000.9
     2     1    20     1    24    18     0     0   -33.0  -35.392  -59.917     68.3    996.8
     3     1    20     1    24    18     0     0   -33.0  -37.742  -59.670     21.4    983.1
     4     1    20     1    24    18     0     0   -33.0  -39.240  -60.100    875.9    911.3
     5     1    20     1    24    18     0     0   -33.0  -38.605  -61.679   1044.1    876.3
     1     1    20     1    24    17     0     1   -34.0  -35.060  -60.304     10.2   1001.3
     2     1    20     1    24    17     0     1   -34.0  -35.270  -60.152     75.7    995.5
     3     1    20     1    24    17     0     1   -34.0  -37.818  -59.971     14.2    982.7
     4     1    20     1    24    17     0     1   -34.0  -39.489  -60.168    872.5    913.1
     5     1    20     1    24    17     0     1   -34.0  -38.758  -61.730   1015.3    888.2
     1     1    20     1    24    16     0     2   -35.0  -34.932  -60.483     11.0   1001.3
     2     1    20     1    24    16     0     2   -35.0  -35.131  -60.364     82.0    994.6
     3     1    20     1    24    16     0     2   -35.0  -37.879  -60.250     10.8    983.4
     4     1    20     1    24    16     0     2   -35.0  -39.730  -60.250    908.9    908.5
     5     1    20     1    24    16     0     2   -35.0  -38.932  -61.715   1001.5    895.1
     1     1    20     1    24    15     0     3   -36.0  -34.788  -60.640     11.8   1000.8
     2     1    20     1    24    15     0     3   -36.0  -34.973  -60.552     88.7    993.4
     3     1    20     1    24    15     0     3   -36.0  -37.926  -60.506     13.8    983.2
     4     1    20     1    24    15     0     3   -36.0  -39.973  -60.340    974.9    900.7
     5     1    20     1    24    15     0     3   -36.0  -39.140  -61.641    975.0    899.4
     1     1    20     1    24    14     0     2   -37.0  -34.632  -60.773     12.4   1000.5
     2     1    20     1    24    14     0     2   -37.0  -34.798  -60.714     93.7    991.6
     3     1    20     1    24    14     0     2   -37.0  -37.954  -60.763     28.0    981.1
     4     1    20     1    24    14     0     2   -37.0  -40.212  -60.436   1039.3    891.2
     5     1    20     1    24    14     0     2   -37.0  -39.398  -61.563    927.7    904.4
     1     1    20     1    24    13     0     1   -38.0  -34.469  -60.881     12.5   1000.6
     2     1    20     1    24    13     0     1   -38.0  -34.612  -60.848     91.9    991.0
     3     1    20     1    24    13     0     1   -38.0  -37.940  -61.048     54.1    977.1
     4     1    20     1    24    13     0     1   -38.0  -40.446  -60.537   1085.7    887.5
     5     1    20     1    24    13     0     1   -38.0  -39.729  -61.508    893.7    911.1
     1     1    20     1    24    12     0     0   -39.0  -34.309  -60.970     12.1   1001.1
     2     1    20     1    24    12     0     0   -39.0  -34.426  -60.961     82.7    991.7
     3     1    20     1    24    12     0     0   -39.0  -37.888  -61.344     64.3    966.4
     4     1    20     1    24    12     0     0   -39.0  -40.674  -60.660   1139.6    883.8
     5     1    20     1    24    12     0     0   -39.0  -40.124  -61.472    925.3    909.8
     1     1    20     1    24    11     0     1   -40.0  -34.156  -61.036     12.1   1000.5
     2     1    20     1    24    11     0     1   -40.0  -34.241  -61.052     74.9    992.9
     3     1    20     1    24    11     0     1   -40.0  -37.815  -61.589     54.1    964.8
     4     1    20     1    24    11     0     1   -40.0  -40.877  -60.836   1205.3    875.3
     5     1    20     1    24    11     0     1   -40.0  -40.489  -61.511    996.6    897.5
     1     1    20     1    24    10     0     2   -41.0  -34.007  -61.077     12.9    999.2
     2     1    20     1    24    10     0     2   -41.0  -34.046  -61.115     73.6    992.2
     3     1    20     1    24    10     0     2   -41.0  -37.723  -61.786     39.7    964.5
     4     1    20     1    24    10     0     2   -41.0  -41.047  -61.058   1251.6    868.4
     5     1    20     1    24    10     0     2   -41.0  -40.810  -61.654   1063.8    889.6
     1     1    20     1    24     9     0     3   -42.0  -33.858  -61.092     13.8    998.2
     2     1    20     1    24     9     0     3   -42.0  -33.834  -61.152     76.4    991.1
     3     1    20     1    24     9     0     3   -42.0  -37.617  -61.954     24.7    966.6
     4     1    20     1    24     9     0     3   -42.0  -41.227  -61.307   1263.5    867.0
     5     1    20     1    24     9     0     3   -42.0  -41.139  -61.892   1114.3    883.7
     1     1    20     1    24     8     0     2   -43.0  -33.711  -61.081     14.7    998.7
     2     1    20     1    24     8     0     2   -43.0  -33.620  -61.159     80.8    991.0
     3     1    20     1    24     8     0     2   -43.0  -37.501  -62.094     14.5    973.6
     4     1    20     1    24     8     0     2   -43.0  -41.463  -61.595   1273.5    869.1
     5     1    20     1    24     8     0     2   -43.0  -41.490  -62.192   1168.1    880.3
     1     1    20     1    24     7     0     1   -44.0  -33.566  -61.045     15.6    999.2
     2     1    20     1    24     7     0     1   -44.0  -33.408  -61.134     85.8    990.9
     3     1    20     1    24     7     0     1   -44.0  -37.369  -62.219      7.2    979.2
     4     1    20     1    24     7     0     1   -44.0  -41.725  -61.928   1280.0    865.0
     5     1    20     1    24     7     0     1   -44.0  -41.817  -62.526   1258.6    872.0
     1     1    20     1    24     6     0     0   -45.0  -33.419  -60.991     16.5    999.7
     2     1    20     1    24     6     0     0   -45.0  -33.193  -61.077     91.2    990.7
     3     1    20     1    24     6     0     0   -45.0  -37.222  -62.337      2.2    984.2
     4     1    20     1    24     6     0     0   -45.0  -41.972  -62.288   1272.4    868.8
     5     1    20     1    24     6     0     0   -45.0  -42.115  -62.906   1433.5    857.2
     1     1    20     1    24     5     0     1   -46.0  -33.275  -60.933     15.2   1000.2
     2     1    20     1    24     5     0     1   -46.0  -32.982  -61.002     90.5    990.4
     3     1    20     1    24     5     0     1   -46.0  -37.066  -62.438      0.0    988.6
     4     1    20     1    24     5     0     1   -46.0  -42.223  -62.674   1327.7    867.2
     5     1    20     1    24     5     0     1   -46.0  -42.411  -63.384   1566.0    827.1
     1     1    20     1    24     4     0     2   -47.0  -33.146  -60.882     10.3   1001.7
     2     1    20     1    24     4     0     2   -47.0  -32.797  -60.923     80.4    994.2
     3     1    20     1    24     4     0     2   -47.0  -36.899  -62.505      0.0    990.7
     4     1    20     1    24     4     0     2   -47.0  -42.508  -63.120   1391.5    851.4
     5     1    20     1    24     4     0     2   -47.0  -42.750  -63.914   1496.7    837.3
     1     1    20     1    24     3     0     3   -48.0  -33.034  -60.838      3.0   1002.5
     2     1    20     1    24     3     0     3   -48.0  -32.644  -60.834     66.3    997.9
     3     1    20     1    24     3     0     3   -48.0  -36.715  -62.535      0.0    991.6
     4     1    20     1    24     3     0     3   -48.0  -42.839  -63.604   1347.3    855.4
     5     1    20     1    24     3     0     3   -48.0  -43.103  -64.519   1397.2    857.2
     1     1    20     1    24     2     0     2   -49.0  -32.933  -60.784      0.0   1003.7
     2     1    20     1    24     2     0     2   -49.0  -32.523  -60.728     55.7   1000.6
     3     1    20     1    24     2     0     2   -49.0  -36.533  -62.537      0.0    992.9
     4     1    20     1    24     2     0     2   -49.0  -43.198  -64.131   1202.8    868.9
     5     1    20     1    24     2     0     2   -49.0  -43.369  -65.306   1402.3    847.8
     1     1    20     1    24     1     0     1   -50.0  -32.846  -60.707      0.0   1004.6
     2     1    20     1    24     1     0     1   -50.0  -32.435  -60.598     52.3   1000.6
     3     1    20     1    24     1     0     1   -50.0  -36.375  -62.524      0.0    994.1
     4     1    20     1    24     1     0     1   -50.0  -43.523  -64.773   1040.0    889.0
     5     1    20     1    24     1     0     1   -50.0  -43.577  -66.139   1483.8    822.9
     1     1    20     1    24     0     0     0   -51.0  -32.776  -60.611      0.5   1005.3
     2     1    20     1    24     0     0     0   -51.0  -32.379  -60.450     55.7    999.9
     3     1    20     1    24     0     0     0   -51.0  -36.240  -62.503      0.0    995.1
     4     1    20     1    24     0     0     0   -51.0  -43.814  -65.527    883.2    889.6
     5     1    20     1    24     0     0     0   -51.0  -43.784  -66.946   1369.4    830.5
     1     1    20     1    23    23     0     1   -52.0  -32.713  -60.514      1.8   1005.2
     2     1    20     1    23    23     0     1   -52.0  -32.340  -60.306     65.3    997.5
     3     1    20     1    23    23     0     1   -52.0  -36.106  -62.492      0.0    995.2
     4     1    20     1    23    23     0     1   -52.0  -44.070  -66.324    619.5    908.5
     5     1    20     1    23    23     0     1   -52.0  -43.979  -67.764   1304.7    831.9
     1     1    20     1    23    22     0     2   -53.0  -32.648  -60.429      2.2   1004.9
     2     1    20     1    23    22     0     2   -53.0  -32.305  -60.171     80.5    994.5
     3     1    20     1    23    22     0     2   -53.0  -35.950  -62.509      0.0    994.8
     4     1    20     1    23    22     0     2   -53.0  -44.277  -67.151    456.6    920.2
     5     1    20     1    23    22     0     2   -53.0  -44.106  -68.650   1510.8    795.9
     1     1    20     1    23    21     0     3   -54.0  -32.582  -60.345      1.9   1004.4
     2     1    20     1    23    21     0     3   -54.0  -32.275  -60.031    107.4    990.4
     3     1    20     1    23    21     0     3   -54.0  -35.772  -62.551      0.0    994.0
     4     1    20     1    23    21     0     3   -54.0  -44.419  -68.048    455.0    906.5
     5     1    20     1    23    21     0     3   -54.0  -44.172  -69.631   1618.5    752.6
     1     1    20     1    23    20     0     2   -55.0  -32.523  -60.254      1.2   1004.7
     2     1    20     1    23    20     0     2   -55.0  -32.252  -59.876    148.9    987.6
     3     1    20     1    23    20     0     2   -55.0  -35.581  -62.600      0.0    995.1
     4     1    20     1    23    20     0     2   -55.0  -44.501  -68.962    530.3    896.1
     5     1    20     1    23    20     0     2   -55.0  -44.210  -70.838   1801.1    718.0
     1     1    20     1    23    19     0     1   -56.0  -32.475  -60.153      0.6   1005.1
     2     1    20     1    23    19     0     1   -56.0  -32.228  -59.710    200.7    983.6
     3     1    20     1    23    19     0     1   -56.0  -35.383  -62.635      0.0    995.8
     4     1    20     1    23    19     0     1   -56.0  -44.533  -69.853    494.2    860.1
     5     1    20     1    23    19     0     1   -56.0  -44.209  -72.225   2195.6    699.8
     1     1    20     1    23    18     0     0   -57.0  -32.438  -60.039      0.0   1005.6
     2     1    20     1    23    18     0     0   -57.0  -32.205  -59.535    270.6    978.6
     3     1    20     1    23    18     0     0   -57.0  -35.179  -62.660      0.0    996.1
     4     1    20     1    23    18     0     0   -57.0  -44.510  -70.772    518.7    860.6
     5     1    20     1    23    18     0     0   -57.0  -44.189  -73.430   2554.1    712.7
     1     1    20     1    23    17     0     1   -58.0  -32.410  -59.916      0.0   1005.5
     2     1    20     1    23    17     0     1   -58.0  -32.183  -59.354    364.1    969.3
     3     1    20     1    23    17     0     1   -58.0  -34.974  -62.675      0.0    996.9
     4     1    20     1    23    17     0     1   -58.0  -44.430  -71.675    829.3    810.4
     5     1    20     1    23    17     0     1   -58.0  -44.178  -74.410   2565.0    740.9
     1     1    20     1    23    16     0     2   -59.0  -32.385  -59.786      0.0   1005.7
     2     1    20     1    23    16     0     2   -59.0  -32.166  -59.162    465.2    959.9
     3     1    20     1    23    16     0     2   -59.0  -34.771  -62.678      0.1    998.1
     4     1    20     1    23    16     0     2   -59.0  -44.319  -72.400   1014.2    809.5
     5     1    20     1    23    16     0     2   -59.0  -44.178  -75.339   2515.0    748.1
     1     1    20     1    23    15     0     3   -60.0  -32.361  -59.649      0.3   1006.1
     2     1    20     1    23    15     0     3   -60.0  -32.155  -58.954    550.6    951.6
     3     1    20     1    23    15     0     3   -60.0  -34.571  -62.673      0.4    999.1
     4     1    20     1    23    15     0     3   -60.0  -44.201  -72.920    999.2    840.0
     5     1    20     1    23    15     0     3   -60.0  -44.184  -76.260   2435.1    755.6
     1     1    20     1    23    14     0     2   -61.0  -32.332  -59.512      0.9   1007.0
     2     1    20     1    23    14     0     2   -61.0  -32.138  -58.739    610.7    945.8
     3     1    20     1    23    14     0     2   -61.0  -34.379  -62.656      0.8    999.1
     4     1    20     1    23    14     0     2   -61.0  -44.106  -73.300    890.1    877.3
     5     1    20     1    23    14     0     2   -61.0  -44.203  -77.182   2391.1    759.8
     1     1    20     1    23    13     0     1   -62.0  -32.291  -59.381      1.7   1008.1
     2     1    20     1    23    13     0     1   -62.0  -32.112  -58.521    656.7    940.8
     3     1    20     1    23    13     0     1   -62.0  -34.200  -62.617      1.1    999.0
     4     1    20     1    23    13     0     1   -62.0  -44.066  -73.682    863.7    899.9
     5     1    20     1    23    13     0     1   -62.0  -44.231  -78.113   2366.0    762.2
     1     1    20     1    23    12     0     0   -63.0  -32.240  -59.256      2.9   1009.3
     2     1    20     1    23    12     0     0   -63.0  -32.090  -58.287    685.8    937.6
     3     1    20     1    23    12     0     0   -63.0  -34.033  -62.558      1.2    998.9
     4     1    20     1    23    12     0     0   -63.0  -44.062  -74.129    918.6    908.5
     5     1    20     1    23    12     0     0   -63.0  -44.275  -79.057   2359.8    762.6
     1     1    20     1    23    11     0     1   -64.0  -32.192  -59.138      4.3   1008.9
     2     1    20     1    23    11     0     1   -64.0  -32.067  -58.041    698.4    935.9
     3     1    20     1    23    11     0     1   -64.0  -33.887  -62.483      1.2    999.0
     4     1    20     1    23    11     0     1   -64.0  -44.093  -74.605    962.3    903.4
     5     1    20     1    23    11     0     1   -64.0  -44.317  -80.015   2365.9    761.3
     1     1    20     1    23    10     0     2   -65.0  -32.159  -59.029      5.9   1008.4
     2     1    20     1    23    10     0     2   -65.0  -32.035  -57.797    704.7    931.9
     3     1    20     1    23    10     0     2   -65.0  -33.773  -62.400      1.0    999.2
     4     1    20     1    23    10     0     2   -65.0  -44.145  -75.087    968.8    903.7
     5     1    20     1    23    10     0     2   -65.0  -44.333  -80.990   2379.0    760.1
     1     1    20     1    23     9     0     3   -66.0  -32.137  -58.935      7.5   1007.6
     2     1    20     1    23     9     0     3   -66.0  -31.998  -57.539    721.7    925.4
     3     1    20     1    23     9     0     3   -66.0  -33.689  -62.311      0.7    999.4
     4     1    20     1    23     9     0     3   -66.0  -44.203  -75.578    972.4    903.6
     5     1    20     1    23     9     0     3   -66.0  -44.333  -81.991   2448.3    754.6
     1     1    20     1    23     8     0     2   -67.0  -32.121  -58.844      9.0   1007.6
     2     1    20     1    23     8     0     2   -67.0  -31.962  -57.251    764.6    916.0
     3     1    20     1    23     8     0     2   -67.0  -33.626  -62.217      0.5    999.6
     4     1    20     1    23     8     0     2   -67.0  -44.256  -76.058    992.2    901.3
     5     1    20     1    23     8     0     2   -67.0  -44.338  -83.014   2503.2    746.5
     1     1    20     1    23     7     0     1   -68.0  -32.108  -58.745     10.0   1007.4
     2     1    20     1    23     7     0     1   -68.0  -31.941  -56.939    845.2    903.1
     3     1    20     1    23     7     0     1   -68.0  -33.580  -62.115      0.4    999.7
     4     1    20     1    23     7     0     1   -68.0  -44.288  -76.557   1023.8    897.7
     5     1    20     1    23     7     0     1   -68.0  -44.328  -84.009   2492.2    749.4
     1     1    20     1    23     6     0     0   -69.0  -32.095  -58.637     10.9   1007.0
     2     1    20     1    23     6     0     0   -69.0  -31.940  -56.629    943.0    891.7
     3     1    20     1    23     6     0     0   -69.0  -33.550  -62.007      0.4    999.8
     4     1    20     1    23     6     0     0   -69.0  -44.297  -77.105   1054.0    894.4
     5     1    20     1    23     6     0     0   -69.0  -44.314  -84.991   2508.7    748.2
     1     1    20     1    23     5     0     1   -70.0  -32.087  -58.517     12.0   1007.3
     2     1    20     1    23     5     0     1   -70.0  -31.936  -56.311   1025.6    882.7
     3     1    20     1    23     5     0     1   -70.0  -33.538  -61.896      0.4   1000.4
     4     1    20     1    23     5     0     1   -70.0  -44.310  -77.640   1093.0    891.0
     5     1    20     1    23     5     0     1   -70.0  -44.310  -85.971   2562.0    743.5
     1     1    20     1    23     4     0     2   -71.0  -32.092  -58.383     13.4   1007.9
     2     1    20     1    23     4     0     2   -71.0  -31.911  -55.980   1075.4    877.3
     3     1    20     1    23     4     0     2   -71.0  -33.547  -61.786      0.1   1001.0
     4     1    20     1    23     4     0     2   -71.0  -44.339  -78.158   1141.8    886.0
     5     1    20     1    23     4     0     2   -71.0  -44.312  -86.949   2618.8    737.5
     1     1    20     1    23     3     0     3   -72.0  -32.106  -58.233     15.5   1008.6
     2     1    20     1    23     3     0     3   -72.0  -31.868  -55.640   1091.3    876.1
     3     1    20     1    23     3     0     3   -72.0  -33.575  -61.678      0.0   1001.4
     4     1    20     1    23     3     0     3   -72.0  -44.366  -78.696   1180.4    882.3
     5     1    20     1    23     3     0     3   -72.0  -44.337  -87.941   2667.5    734.1
