     7     1
    GDAS    19    11    29     0     0
    GDAS    19    12     1     0     0
    GDAS    19    12     8     0     0
    GDAS    19    12    15     0     0
    GDAS    19    12    22     0     0
    GDAS    19    12    29     0     0
    GDAS    20     1     1     0     0
     5 BACKWARD OMEGA   
    19    12     3     3  -34.572  -58.513    10.0
    19    12     3     3  -34.572  -58.513   200.0
    19    12     3     3  -34.572  -58.513   500.0
    19    12     3     3  -34.572  -58.513  1000.0
    19    12     3     3  -34.572  -58.513  2000.0
     1 PRESSURE
     1     1    19    12     3     3     0     3     0.0  -34.572  -58.513     10.0   1008.3
     2     1    19    12     3     3     0     3     0.0  -34.572  -58.513    200.0    986.7
     3     1    19    12     3     3     0     3     0.0  -34.572  -58.513    500.0    952.9
     4     1    19    12     3     3     0     3     0.0  -34.572  -58.513   1000.0    898.5
     5     1    19    12     3     3     0     3     0.0  -34.572  -58.513   2000.0    797.5
     1     1    19    12     3     2     0     2    -1.0  -34.463  -58.480     12.7   1007.6
     2     1    19    12     3     2     0     2    -1.0  -34.328  -58.480    228.2    982.8
     3     1    19    12     3     2     0     2    -1.0  -34.298  -58.529    572.7    944.1
     4     1    19    12     3     2     0     2    -1.0  -34.352  -58.563   1089.1    887.7
     5     1    19    12     3     2     0     2    -1.0  -34.471  -58.524   2021.3    796.1
     1     1    19    12     3     1     0     1    -2.0  -34.360  -58.452     15.9   1006.6
     2     1    19    12     3     1     0     1    -2.0  -34.102  -58.452    253.0    978.4
     3     1    19    12     3     1     0     1    -2.0  -34.059  -58.525    630.7    935.6
     4     1    19    12     3     1     0     1    -2.0  -34.152  -58.582   1157.7    880.5
     5     1    19    12     3     1     0     1    -2.0  -34.391  -58.520   2058.3    792.3
     1     1    19    12     3     0     0     0    -3.0  -34.263  -58.433     18.9   1005.7
     2     1    19    12     3     0     0     0    -3.0  -33.907  -58.424    265.6    976.8
     3     1    19    12     3     0     0     0    -3.0  -33.854  -58.503    662.0    932.8
     4     1    19    12     3     0     0     0    -3.0  -33.964  -58.571   1208.6    875.0
     5     1    19    12     3     0     0     0    -3.0  -34.333  -58.501   2110.2    787.2
     1     1    19    12     2    23     0     1    -4.0  -34.165  -58.416     21.3   1005.2
     2     1    19    12     2    23     0     1    -4.0  -33.739  -58.386    277.8    978.0
     3     1    19    12     2    23     0     1    -4.0  -33.679  -58.469    695.6    933.2
     4     1    19    12     2    23     0     1    -4.0  -33.802  -58.546   1269.9    872.0
     5     1    19    12     2    23     0     1    -4.0  -34.307  -58.503   2179.6    781.0
     1     1    19    12     2    22     0     2    -5.0  -34.058  -58.392     22.8   1004.7
     2     1    19    12     2    22     0     2    -5.0  -33.595  -58.329    307.6    975.6
     3     1    19    12     2    22     0     2    -5.0  -33.534  -58.423    768.7    926.7
     4     1    19    12     2    22     0     2    -5.0  -33.685  -58.529   1375.4    862.5
     5     1    19    12     2    22     0     2    -5.0  -34.321  -58.562   2263.1    773.5
     1     1    19    12     2    21     0     3    -6.0  -33.946  -58.361     23.2   1004.7
     2     1    19    12     2    21     0     3    -6.0  -33.478  -58.250    365.9    970.4
     3     1    19    12     2    21     0     3    -6.0  -33.420  -58.373    898.7    914.9
     4     1    19    12     2    21     0     3    -6.0  -33.610  -58.544   1536.5    847.4
     5     1    19    12     2    21     0     3    -6.0  -34.371  -58.685   2340.7    765.7
     1     1    19    12     2    20     0     2    -7.0  -33.844  -58.330     21.1   1006.3
     2     1    19    12     2    20     0     2    -7.0  -33.388  -58.170    441.7    961.5
     3     1    19    12     2    20     0     2    -7.0  -33.340  -58.340   1051.0    894.7
     4     1    19    12     2    20     0     2    -7.0  -33.584  -58.575   1672.8    826.6
     5     1    19    12     2    20     0     2    -7.0  -34.439  -58.848   2390.5    761.9
     1     1    19    12     2    19     0     1    -8.0  -33.764  -58.313     16.2   1008.6
     2     1    19    12     2    19     0     1    -8.0  -33.326  -58.111    505.8    955.0
     3     1    19    12     2    19     0     1    -8.0  -33.290  -58.326   1175.8    883.2
     4     1    19    12     2    19     0     1    -8.0  -33.587  -58.595   1717.1    824.0
     5     1    19    12     2    19     0     1    -8.0  -34.518  -59.014   2409.5    761.7
     1     1    19    12     2    18     0     0    -9.0  -33.705  -58.308     11.1   1011.3
     2     1    19    12     2    18     0     0    -9.0  -33.290  -58.076    548.7    950.9
     3     1    19    12     2    18     0     0    -9.0  -33.265  -58.319   1273.7    873.6
     4     1    19    12     2    18     0     0    -9.0  -33.599  -58.604   1668.3    829.1
     5     1    19    12     2    18     0     0    -9.0  -34.609  -59.173   2419.4    763.3
     1     1    19    12     2    17     0     1   -10.0  -33.663  -58.300      6.9   1011.9
     2     1    19    12     2    17     0     1   -10.0  -33.276  -58.045    570.9    949.4
     3     1    19    12     2    17     0     1   -10.0  -33.274  -58.299   1333.7    866.1
     4     1    19    12     2    17     0     1   -10.0  -33.618  -58.597   1572.8    844.2
     5     1    19    12     2    17     0     1   -10.0  -34.725  -59.316   2444.4    761.3
     1     1    19    12     2    16     0     2   -11.0  -33.640  -58.273      3.8   1012.4
     2     1    19    12     2    16     0     2   -11.0  -33.282  -57.999    577.5    948.2
     3     1    19    12     2    16     0     2   -11.0  -33.329  -58.252   1340.7    864.2
     4     1    19    12     2    16     0     2   -11.0  -33.662  -58.564   1502.2    852.3
     5     1    19    12     2    16     0     2   -11.0  -34.874  -59.445   2477.7    757.5
     1     1    19    12     2    15     0     3   -12.0  -33.634  -58.230      1.2   1012.9
     2     1    19    12     2    15     0     3   -12.0  -33.308  -57.938    564.4    948.9
     3     1    19    12     2    15     0     3   -12.0  -33.424  -58.178   1294.3    868.3
     4     1    19    12     2    15     0     3   -12.0  -33.740  -58.501   1471.0    855.0
     5     1    19    12     2    15     0     3   -12.0  -35.053  -59.561   2504.9    754.3
     1     1    19    12     2    14     0     2   -13.0  -33.627  -58.181      0.0   1013.2
     2     1    19    12     2    14     0     2   -13.0  -33.349  -57.871    546.8    951.6
     3     1    19    12     2    14     0     2   -13.0  -33.563  -58.092   1243.4    877.0
     4     1    19    12     2    14     0     2   -13.0  -33.876  -58.422   1469.8    852.7
     5     1    19    12     2    14     0     2   -13.0  -35.261  -59.692   2524.6    751.8
     1     1    19    12     2    13     0     1   -14.0  -33.597  -58.133      0.0   1013.6
     2     1    19    12     2    13     0     1   -14.0  -33.397  -57.805    539.4    951.6
     3     1    19    12     2    13     0     1   -14.0  -33.769  -58.012   1226.1    876.4
     4     1    19    12     2    13     0     1   -14.0  -34.091  -58.348   1489.7    850.0
     5     1    19    12     2    13     0     1   -14.0  -35.490  -59.855   2535.3    748.4
     1     1    19    12     2    12     0     0   -15.0  -33.544  -58.085      0.0   1014.0
     2     1    19    12     2    12     0     0   -15.0  -33.456  -57.741    542.0    950.4
     3     1    19    12     2    12     0     0   -15.0  -34.054  -57.948   1249.2    872.5
     4     1    19    12     2    12     0     0   -15.0  -34.379  -58.296   1531.4    847.1
     5     1    19    12     2    12     0     0   -15.0  -35.724  -60.032   2524.9    746.3
     1     1    19    12     2    11     0     1   -16.0  -33.484  -58.026      0.8   1013.8
     2     1    19    12     2    11     0     1   -16.0  -33.534  -57.679    557.6    947.5
     3     1    19    12     2    11     0     1   -16.0  -34.386  -57.926   1307.5    867.7
     4     1    19    12     2    11     0     1   -16.0  -34.701  -58.287   1597.4    842.4
     5     1    19    12     2    11     0     1   -16.0  -35.940  -60.223   2495.1    747.7
     1     1    19    12     2    10     0     2   -17.0  -33.435  -57.951      2.7   1013.3
     2     1    19    12     2    10     0     2   -17.0  -33.647  -57.623    588.5    942.3
     3     1    19    12     2    10     0     2   -17.0  -34.731  -57.953   1385.7    862.6
     4     1    19    12     2    10     0     2   -17.0  -35.039  -58.324   1699.2    834.3
     5     1    19    12     2    10     0     2   -17.0  -36.142  -60.444   2469.3    749.8
     1     1    19    12     2     9     0     3   -18.0  -33.397  -57.863      5.6   1012.6
     2     1    19    12     2     9     0     3   -18.0  -33.803  -57.579    635.1    935.5
     3     1    19    12     2     9     0     3   -18.0  -35.100  -58.027   1477.8    855.1
     4     1    19    12     2     9     0     3   -18.0  -35.408  -58.412   1828.6    819.7
     5     1    19    12     2     9     0     3   -18.0  -36.345  -60.698   2457.9    749.1
     1     1    19    12     2     8     0     2   -19.0  -33.377  -57.773      8.4   1012.2
     2     1    19    12     2     8     0     2   -19.0  -34.007  -57.563    686.2    926.4
     3     1    19    12     2     8     0     2   -19.0  -35.484  -58.155   1569.2    844.4
     4     1    19    12     2     8     0     2   -19.0  -35.795  -58.550   1950.9    805.3
     5     1    19    12     2     8     0     2   -19.0  -36.546  -60.942   2474.2    748.2
     1     1    19    12     2     7     0     1   -20.0  -33.381  -57.685     10.7   1011.4
     2     1    19    12     2     7     0     1   -20.0  -34.231  -57.577    736.4    924.3
     3     1    19    12     2     7     0     1   -20.0  -35.866  -58.330   1655.5    836.0
     4     1    19    12     2     7     0     1   -20.0  -36.193  -58.733   2054.2    794.7
     5     1    19    12     2     7     0     1   -20.0  -36.756  -61.146   2524.2    741.6
     1     1    19    12     2     6     0     0   -21.0  -33.408  -57.595     12.5   1010.3
     2     1    19    12     2     6     0     0   -21.0  -34.448  -57.619    791.6    921.5
     3     1    19    12     2     6     0     0   -21.0  -36.255  -58.548   1740.4    826.2
     4     1    19    12     2     6     0     0   -21.0  -36.602  -58.971   2137.3    782.2
     5     1    19    12     2     6     0     0   -21.0  -36.998  -61.305   2591.9    733.0
     1     1    19    12     2     5     0     1   -22.0  -33.441  -57.502     14.5   1008.9
     2     1    19    12     2     5     0     1   -22.0  -34.654  -57.664    848.1    917.7
     3     1    19    12     2     5     0     1   -22.0  -36.638  -58.816   1807.5    815.1
     4     1    19    12     2     5     0     1   -22.0  -36.997  -59.259   2179.5    771.0
     5     1    19    12     2     5     0     1   -22.0  -37.267  -61.451   2650.7    722.2
     1     1    19    12     2     4     0     2   -23.0  -33.462  -57.405     16.7   1007.6
     2     1    19    12     2     4     0     2   -23.0  -34.844  -57.675    904.0    914.7
     3     1    19    12     2     4     0     2   -23.0  -36.988  -59.123   1839.4    806.7
     4     1    19    12     2     4     0     2   -23.0  -37.371  -59.570   2197.1    766.9
     5     1    19    12     2     4     0     2   -23.0  -37.543  -61.622   2688.4    713.5
     1     1    19    12     2     3     0     3   -24.0  -33.474  -57.302     18.9   1006.3
     2     1    19    12     2     3     0     3   -24.0  -35.015  -57.648    969.3    909.8
     3     1    19    12     2     3     0     3   -24.0  -37.319  -59.458   1846.1    801.8
     4     1    19    12     2     3     0     3   -24.0  -37.741  -59.891   2226.5    762.0
     5     1    19    12     2     3     0     3   -24.0  -37.830  -61.817   2717.8    702.0
     1     1    19    12     2     2     0     2   -25.0  -33.492  -57.198     20.5   1005.1
     2     1    19    12     2     2     0     2   -25.0  -35.187  -57.649   1001.4    901.1
     3     1    19    12     2     2     0     2   -25.0  -37.657  -59.792   1878.0    798.3
     4     1    19    12     2     2     0     2   -25.0  -38.109  -60.204   2276.1    758.1
     5     1    19    12     2     2     0     2   -25.0  -38.128  -62.034   2758.0    696.5
     1     1    19    12     2     1     0     1   -26.0  -33.530  -57.101     20.6   1004.0
     2     1    19    12     2     1     0     1   -26.0  -35.378  -57.693    948.2    907.1
     3     1    19    12     2     1     0     1   -26.0  -38.009  -60.085   1973.2    786.9
     4     1    19    12     2     1     0     1   -26.0  -38.485  -60.500   2336.3    758.9
     5     1    19    12     2     1     0     1   -26.0  -38.424  -62.277   2816.5    705.7
     1     1    19    12     2     0     0     0   -27.0  -33.585  -57.020     18.6   1003.1
     2     1    19    12     2     0     0     0   -27.0  -35.588  -57.728    815.9    922.2
     3     1    19    12     2     0     0     0   -27.0  -38.370  -60.358   2079.1    778.6
     4     1    19    12     2     0     0     0   -27.0  -38.868  -60.793   2406.1    761.1
     5     1    19    12     2     0     0     0   -27.0  -38.702  -62.551   2855.3    713.2
     1     1    19    12     1    23     0     1   -28.0  -33.653  -56.965     16.6   1003.8
     2     1    19    12     1    23     0     1   -28.0  -35.823  -57.726    642.1    944.5
     3     1    19    12     1    23     0     1   -28.0  -38.725  -60.651   2162.0    780.2
     4     1    19    12     1    23     0     1   -28.0  -39.260  -61.103   2482.5    755.3
     5     1    19    12     1    23     0     1   -28.0  -38.956  -62.850   2908.2    719.2
     1     1    19    12     1    22     0     2   -29.0  -33.731  -56.942     17.5   1003.6
     2     1    19    12     1    22     0     2   -29.0  -36.077  -57.699    493.6    964.6
     3     1    19    12     1    22     0     2   -29.0  -39.070  -60.974   2236.4    777.9
     4     1    19    12     1    22     0     2   -29.0  -39.653  -61.461   2554.5    747.7
     5     1    19    12     1    22     0     2   -29.0  -39.203  -63.172   3050.8    709.8
     1     1    19    12     1    21     0     3   -30.0  -33.815  -56.953     22.5   1002.8
     2     1    19    12     1    21     0     3   -30.0  -36.329  -57.688    405.1    974.8
     3     1    19    12     1    21     0     3   -30.0  -39.400  -61.335   2299.5    772.1
     4     1    19    12     1    21     0     3   -30.0  -40.024  -61.877   2602.1    741.5
     5     1    19    12     1    21     0     3   -30.0  -39.477  -63.541   3270.3    681.7
     1     1    19    12     1    20     0     2   -31.0  -33.917  -56.994     29.0   1000.2
     2     1    19    12     1    20     0     2   -31.0  -36.603  -57.727    360.6    977.5
     3     1    19    12     1    20     0     2   -31.0  -39.709  -61.739   2362.5    766.1
     4     1    19    12     1    20     0     2   -31.0  -40.349  -62.323   2654.2    741.3
     5     1    19    12     1    20     0     2   -31.0  -39.754  -63.932   3389.2    661.1
     1     1    19    12     1    19     0     1   -32.0  -34.051  -57.057     30.9   1000.0
     2     1    19    12     1    19     0     1   -32.0  -36.927  -57.825    344.4    979.4
     3     1    19    12     1    19     0     1   -32.0  -40.002  -62.155   2440.3    760.5
     4     1    19    12     1    19     0     1   -32.0  -40.650  -62.771   2715.6    731.8
     5     1    19    12     1    19     0     1   -32.0  -40.020  -64.315   3408.3    665.4
     1     1    19    12     1    18     0     0   -33.0  -34.213  -57.121     29.8   1003.2
     2     1    19    12     1    18     0     0   -33.0  -37.295  -57.975    328.9    973.8
     3     1    19    12     1    18     0     0   -33.0  -40.279  -62.541   2506.9    750.6
     4     1    19    12     1    18     0     0   -33.0  -40.923  -63.224   2727.0    729.8
     5     1    19    12     1    18     0     0   -33.0  -40.271  -64.690   3376.7    668.4
     1     1    19    12     1    17     0     1   -34.0  -34.386  -57.166     29.3   1006.4
     2     1    19    12     1    17     0     1   -34.0  -37.682  -58.172    278.5    971.3
     3     1    19    12     1    17     0     1   -34.0  -40.539  -62.899   2554.6    748.7
     4     1    19    12     1    17     0     1   -34.0  -41.166  -63.666   2714.2    734.8
     5     1    19    12     1    17     0     1   -34.0  -40.505  -65.070   3308.1    677.2
     1     1    19    12     1    16     0     2   -35.0  -34.560  -57.190     29.2   1009.0
     2     1    19    12     1    16     0     2   -35.0  -38.075  -58.395    191.6    978.6
     3     1    19    12     1    16     0     2   -35.0  -40.790  -63.266   2612.7    743.5
     4     1    19    12     1    16     0     2   -35.0  -41.389  -64.087   2738.3    734.1
     5     1    19    12     1    16     0     2   -35.0  -40.724  -65.458   3265.3    676.6
     1     1    19    12     1    15     0     3   -36.0  -34.742  -57.203     27.9   1011.6
     2     1    19    12     1    15     0     3   -36.0  -38.450  -58.642    116.1    998.9
     3     1    19    12     1    15     0     3   -36.0  -41.034  -63.646   2686.2    736.8
     4     1    19    12     1    15     0     3   -36.0  -41.606  -64.500   2817.8    726.7
     5     1    19    12     1    15     0     3   -36.0  -40.942  -65.840   3292.3    662.9
     1     1    19    12     1    14     0     2   -37.0  -34.937  -57.218     27.5   1015.2
     2     1    19    12     1    14     0     2   -37.0  -38.798  -58.918     83.0   1009.4
     3     1    19    12     1    14     0     2   -37.0  -41.282  -64.020   2757.0    728.7
     4     1    19    12     1    14     0     2   -37.0  -41.837  -64.909   2911.9    714.3
     5     1    19    12     1    14     0     2   -37.0  -41.182  -66.211   3352.2    641.8
     1     1    19    12     1    13     0     1   -38.0  -35.150  -57.251     30.6   1016.0
     2     1    19    12     1    13     0     1   -38.0  -39.134  -59.215     77.3   1011.4
     3     1    19    12     1    13     0     1   -38.0  -41.549  -64.379   2809.8    723.4
     4     1    19    12     1    13     0     1   -38.0  -42.082  -65.303   2961.3    698.2
     5     1    19    12     1    13     0     1   -38.0  -41.449  -66.575   3392.7    625.3
     1     1    19    12     1    12     0     0   -39.0  -35.380  -57.313     36.5   1015.1
     2     1    19    12     1    12     0     0   -39.0  -39.472  -59.522     77.5   1010.2
     3     1    19    12     1    12     0     0   -39.0  -41.820  -64.719   2836.3    720.2
     4     1    19    12     1    12     0     0   -39.0  -42.343  -65.682   2983.8    687.9
     5     1    19    12     1    12     0     0   -39.0  -41.736  -66.925   3361.7    617.4
     1     1    19    12     1    11     0     1   -40.0  -35.607  -57.403     43.0   1013.7
     2     1    19    12     1    11     0     1   -40.0  -39.805  -59.831     75.3   1010.5
     3     1    19    12     1    11     0     1   -40.0  -42.092  -65.044   2865.9    718.4
     4     1    19    12     1    11     0     1   -40.0  -42.615  -66.055   3011.0    684.0
     5     1    19    12     1    11     0     1   -40.0  -42.043  -67.278   3304.1    617.4
     1     1    19    12     1    10     0     2   -41.0  -35.814  -57.516     48.6   1013.1
     2     1    19    12     1    10     0     2   -41.0  -40.123  -60.143     70.2   1010.5
     3     1    19    12     1    10     0     2   -41.0  -42.386  -65.389   2912.5    701.9
     4     1    19    12     1    10     0     2   -41.0  -42.901  -66.423   3059.8    687.1
     5     1    19    12     1    10     0     2   -41.0  -42.378  -67.670   3320.9    609.9
     1     1    19    12     1     9     0     3   -42.0  -35.993  -57.645     52.5   1013.0
     2     1    19    12     1     9     0     3   -42.0  -40.423  -60.464     64.6   1010.9
     3     1    19    12     1     9     0     3   -42.0  -42.700  -65.755   2966.8    691.8
     4     1    19    12     1     9     0     3   -42.0  -43.193  -66.788   3101.9    684.9
     5     1    19    12     1     9     0     3   -42.0  -42.756  -68.094   3364.3    600.4
     1     1    19    12     1     8     0     2   -43.0  -36.142  -57.771     55.8   1011.3
     2     1    19    12     1     8     0     2   -43.0  -40.702  -60.784     63.6   1010.8
     3     1    19    12     1     8     0     2   -43.0  -43.034  -66.121   3023.6    689.6
     4     1    19    12     1     8     0     2   -43.0  -43.507  -67.164   3111.6    672.9
     5     1    19    12     1     8     0     2   -43.0  -43.163  -68.532   3405.1    607.9
     1     1    19    12     1     7     0     1   -44.0  -36.279  -57.877     60.8   1009.1
     2     1    19    12     1     7     0     1   -44.0  -40.970  -61.091     67.6   1009.0
     3     1    19    12     1     7     0     1   -44.0  -43.390  -66.488   3059.0    682.6
     4     1    19    12     1     7     0     1   -44.0  -43.849  -67.573   3118.6    663.3
     5     1    19    12     1     7     0     1   -44.0  -43.566  -68.997   3452.8    617.4
     1     1    19    12     1     6     0     0   -45.0  -36.421  -57.965     67.9   1006.8
     2     1    19    12     1     6     0     0   -45.0  -41.228  -61.391     71.7   1007.5
     3     1    19    12     1     6     0     0   -45.0  -43.757  -66.867   3074.3    676.2
     4     1    19    12     1     6     0     0   -45.0  -44.199  -68.049   3207.1    655.4
     5     1    19    12     1     6     0     0   -45.0  -43.970  -69.499   3525.6    597.6
     1     1    19    12     1     5     0     1   -46.0  -36.585  -58.033     78.5   1005.5
     2     1    19    12     1     5     0     1   -46.0  -41.461  -61.676     74.4   1007.3
     3     1    19    12     1     5     0     1   -46.0  -44.126  -67.276   3089.7    668.6
     4     1    19    12     1     5     0     1   -46.0  -44.576  -68.562   3343.5    634.7
     5     1    19    12     1     5     0     1   -46.0  -44.390  -70.024   3590.4    575.5
     1     1    19    12     1     4     0     2   -47.0  -36.786  -58.084     94.5   1003.3
     2     1    19    12     1     4     0     2   -47.0  -41.666  -61.929     75.7   1007.1
     3     1    19    12     1     4     0     2   -47.0  -44.506  -67.711   3142.5    657.5
     4     1    19    12     1     4     0     2   -47.0  -44.964  -69.065   3454.4    623.6
     5     1    19    12     1     4     0     2   -47.0  -44.804  -70.548   3673.7    587.0
     1     1    19    12     1     3     0     3   -48.0  -37.039  -58.142    118.3    999.7
     2     1    19    12     1     3     0     3   -48.0  -41.847  -62.149     74.7   1007.3
     3     1    19    12     1     3     0     3   -48.0  -44.899  -68.159   3244.9    644.1
     4     1    19    12     1     3     0     3   -48.0  -45.334  -69.561   3531.7    613.6
     5     1    19    12     1     3     0     3   -48.0  -45.226  -71.107   3760.3    572.1
     1     1    19    12     1     2     0     2   -49.0  -37.327  -58.225    146.2    990.9
     2     1    19    12     1     2     0     2   -49.0  -42.016  -62.335     74.5   1006.8
     3     1    19    12     1     2     0     2   -49.0  -45.299  -68.624   3362.1    630.4
     4     1    19    12     1     2     0     2   -49.0  -45.695  -70.052   3589.3    605.7
     5     1    19    12     1     2     0     2   -49.0  -45.678  -71.681   3816.6    554.5
     1     1    19    12     1     1     0     1   -50.0  -37.630  -58.350    172.9    981.7
     2     1    19    12     1     1     0     1   -50.0  -42.194  -62.480     78.6   1005.2
     3     1    19    12     1     1     0     1   -50.0  -45.708  -69.083   3468.3    622.0
     4     1    19    12     1     1     0     1   -50.0  -46.083  -70.563   3582.8    590.3
     5     1    19    12     1     1     0     1   -50.0  -46.156  -72.279   3887.9    544.2
     1     1    19    12     1     0     0     0   -51.0  -37.944  -58.531    195.4    973.9
     2     1    19    12     1     0     0     0   -51.0  -42.394  -62.578     86.9   1003.0
     3     1    19    12     1     0     0     0   -51.0  -46.137  -69.524   3551.7    608.5
     4     1    19    12     1     0     0     0   -51.0  -46.512  -71.126   3560.6    572.8
     5     1    19    12     1     0     0     0   -51.0  -46.648  -72.949   3997.7    545.0
     1     1    19    11    30    23     0     1   -52.0  -38.271  -58.776    205.1    975.0
     2     1    19    11    30    23     0     1   -52.0  -42.625  -62.670     98.2   1000.9
     3     1    19    11    30    23     0     1   -52.0  -46.586  -69.976   3574.5    593.6
     4     1    19    11    30    23     0     1   -52.0  -47.007  -71.758   3846.7    543.8
     5     1    19    11    30    23     0     1   -52.0  -47.100  -73.641   4110.6    574.4
     1     1    19    11    30    22     0     2   -53.0  -38.601  -59.093    208.2    980.8
     2     1    19    11    30    22     0     2   -53.0  -42.883  -62.803    112.6    998.9
     3     1    19    11    30    22     0     2   -53.0  -47.064  -70.486   3501.3    575.5
     4     1    19    11    30    22     0     2   -53.0  -47.597  -72.546   4328.5    497.5
     5     1    19    11    30    22     0     2   -53.0  -47.483  -74.346   4207.0    587.7
     1     1    19    11    30    21     0     3   -54.0  -38.934  -59.473    231.9    983.8
     2     1    19    11    30    21     0     3   -54.0  -43.151  -62.992    135.6    995.9
     3     1    19    11    30    21     0     3   -54.0  -47.543  -71.025   3401.4    587.0
     4     1    19    11    30    21     0     3   -54.0  -48.106  -73.304   4362.5    539.5
     5     1    19    11    30    21     0     3   -54.0  -47.831  -75.126   4275.5    590.4
     1     1    19    11    30    20     0     2   -55.0  -39.270  -59.875    287.7    977.9
     2     1    19    11    30    20     0     2   -55.0  -43.446  -63.205    161.2    991.7
     3     1    19    11    30    20     0     2   -55.0  -47.999  -71.547   3301.7    594.8
     4     1    19    11    30    20     0     2   -55.0  -48.522  -74.034   4422.1    553.8
     5     1    19    11    30    20     0     2   -55.0  -48.159  -75.933   4324.7    590.2
     1     1    19    11    30    19     0     1   -56.0  -39.599  -60.284    351.8    969.2
     2     1    19    11    30    19     0     1   -56.0  -43.781  -63.435    185.3    988.2
     3     1    19    11    30    19     0     1   -56.0  -48.465  -72.063   3230.8    589.5
     4     1    19    11    30    19     0     1   -56.0  -48.891  -74.758   4448.4    556.7
     5     1    19    11    30    19     0     1   -56.0  -48.448  -76.711   4321.6    590.4
     1     1    19    11    30    18     0     0   -57.0  -39.934  -60.700    418.7    962.1
     2     1    19    11    30    18     0     0   -57.0  -44.159  -63.697    220.9    983.5
     3     1    19    11    30    18     0     0   -57.0  -48.929  -72.598   3289.4    587.7
     4     1    19    11    30    18     0     0   -57.0  -49.215  -75.449   4513.0    564.1
     5     1    19    11    30    18     0     0   -57.0  -48.727  -77.504   4294.5    592.1
     1     1    19    11    30    17     0     1   -58.0  -40.291  -61.126    502.2    951.0
     2     1    19    11    30    17     0     1   -58.0  -44.538  -63.982    255.2    978.8
     3     1    19    11    30    17     0     1   -58.0  -49.376  -73.142   3475.8    577.0
     4     1    19    11    30    17     0     1   -58.0  -49.497  -76.085   4541.7    571.2
     5     1    19    11    30    17     0     1   -58.0  -48.977  -78.294   4266.2    593.6
     1     1    19    11    30    16     0     2   -59.0  -40.635  -61.578    549.4    945.0
     2     1    19    11    30    16     0     2   -59.0  -44.903  -64.279    265.4    977.3
     3     1    19    11    30    16     0     2   -59.0  -49.816  -73.639   3598.6    587.1
     4     1    19    11    30    16     0     2   -59.0  -49.761  -76.695   4554.6    570.0
     5     1    19    11    30    16     0     2   -59.0  -49.186  -79.065   4229.5    596.4
     1     1    19    11    30    15     0     3   -60.0  -40.942  -62.056    557.6    944.8
     2     1    19    11    30    15     0     3   -60.0  -45.262  -64.586    259.0    978.0
     3     1    19    11    30    15     0     3   -60.0  -50.246  -74.061   3675.2    600.9
     4     1    19    11    30    15     0     3   -60.0  -50.006  -77.263   4591.4    566.9
     5     1    19    11    30    15     0     3   -60.0  -49.362  -79.826   4220.2    597.1
     1     1    19    11    30    14     0     2   -61.0  -41.251  -62.556    570.9    942.6
     2     1    19    11    30    14     0     2   -61.0  -45.612  -64.903    255.3    978.1
     3     1    19    11    30    14     0     2   -61.0  -50.647  -74.463   3775.8    609.3
     4     1    19    11    30    14     0     2   -61.0  -50.254  -77.810   4634.8    562.6
     5     1    19    11    30    14     0     2   -61.0  -49.507  -80.595   4225.9    595.3
     1     1    19    11    30    13     0     1   -62.0  -41.571  -63.036    549.9    944.6
     2     1    19    11    30    13     0     1   -62.0  -45.944  -65.237    262.8    976.8
     3     1    19    11    30    13     0     1   -62.0  -51.028  -74.860   3839.7    610.6
     4     1    19    11    30    13     0     1   -62.0  -50.496  -78.377   4670.8    559.1
     5     1    19    11    30    13     0     1   -62.0  -49.614  -81.392   4211.4    596.1
     1     1    19    11    30    12     0     0   -63.0  -41.890  -63.505    534.7    947.7
     2     1    19    11    30    12     0     0   -63.0  -46.280  -65.572    279.8    974.1
     3     1    19    11    30    12     0     0   -63.0  -51.409  -75.211   3822.0    614.8
     4     1    19    11    30    12     0     0   -63.0  -50.721  -78.952   4693.5    556.9
     5     1    19    11    30    12     0     0   -63.0  -49.693  -82.223   4206.6    595.9
     1     1    19    11    30    11     0     1   -64.0  -42.238  -63.990    555.1    943.3
     2     1    19    11    30    11     0     1   -64.0  -46.621  -65.902    312.6    969.6
     3     1    19    11    30    11     0     1   -64.0  -51.775  -75.541   3852.6    614.1
     4     1    19    11    30    11     0     1   -64.0  -50.928  -79.522   4711.9    555.2
     5     1    19    11    30    11     0     1   -64.0  -49.709  -83.055   4190.5    596.5
     1     1    19    11    30    10     0     2   -65.0  -42.619  -64.487    556.9    939.2
     2     1    19    11    30    10     0     2   -65.0  -46.953  -66.244    379.4    957.1
     3     1    19    11    30    10     0     2   -65.0  -52.116  -75.857   3941.7    609.6
     4     1    19    11    30    10     0     2   -65.0  -51.103  -80.082   4729.3    553.5
     5     1    19    11    30    10     0     2   -65.0  -49.659  -83.912   4139.9    600.0
     1     1    19    11    30     9     0     3   -66.0  -43.039  -65.042    526.4    935.2
     2     1    19    11    30     9     0     3   -66.0  -47.303  -66.597    467.0    939.3
     3     1    19    11    30     9     0     3   -66.0  -52.455  -76.154   4064.7    600.9
     4     1    19    11    30     9     0     3   -66.0  -51.252  -80.644   4743.8    552.5
     5     1    19    11    30     9     0     3   -66.0  -49.547  -84.798   4101.3    603.9
     1     1    19    11    30     8     0     2   -67.0  -43.471  -65.642    500.2    931.1
     2     1    19    11    30     8     0     2   -67.0  -47.672  -66.966    521.9    925.5
     3     1    19    11    30     8     0     2   -67.0  -52.803  -76.420   4193.9    589.1
     4     1    19    11    30     8     0     2   -67.0  -51.390  -81.200   4765.7    550.3
     5     1    19    11    30     8     0     2   -67.0  -49.367  -85.670   4072.2    604.5
     1     1    19    11    30     7     0     1   -68.0  -43.889  -66.278    492.2    917.2
     2     1    19    11    30     7     0     1   -68.0  -48.021  -67.340    524.6    925.0
     3     1    19    11    30     7     0     1   -68.0  -53.159  -76.633   4301.3    579.8
     4     1    19    11    30     7     0     1   -68.0  -51.528  -81.747   4791.0    547.9
     5     1    19    11    30     7     0     1   -68.0  -49.133  -86.526   4001.5    610.4
     1     1    19    11    30     6     0     0   -69.0  -44.264  -66.915    411.8    924.0
     2     1    19    11    30     6     0     0   -69.0  -48.365  -67.696    534.0    923.9
     3     1    19    11    30     6     0     0   -69.0  -53.533  -76.788   4399.9    571.8
     4     1    19    11    30     6     0     0   -69.0  -51.663  -82.267   4813.4    546.0
     5     1    19    11    30     6     0     0   -69.0  -48.863  -87.335   3879.6    619.7
     1     1    19    11    30     5     0     1   -70.0  -44.583  -67.565    385.3    916.9
     2     1    19    11    30     5     0     1   -70.0  -48.737  -68.030    556.3    914.1
     3     1    19    11    30     5     0     1   -70.0  -53.922  -76.895   4521.3    562.0
     4     1    19    11    30     5     0     1   -70.0  -51.817  -82.758   4854.8    542.9
     5     1    19    11    30     5     0     1   -70.0  -48.548  -88.113   3778.4    629.1
     1     1    19    11    30     4     0     2   -71.0  -44.917  -68.363    475.0    896.2
     2     1    19    11    30     4     0     2   -71.0  -49.101  -68.335    533.2    914.9
     3     1    19    11    30     4     0     2   -71.0  -54.313  -76.964   4647.7    551.8
     4     1    19    11    30     4     0     2   -71.0  -52.012  -83.216   4913.5    538.1
     5     1    19    11    30     4     0     2   -71.0  -48.177  -88.915   3696.8    633.5
     1     1    19    11    30     3     0     3   -72.0  -45.159  -69.226    431.2    896.2
     2     1    19    11    30     3     0     3   -72.0  -49.455  -68.631    459.5    929.7
     3     1    19    11    30     3     0     3   -72.0  -54.723  -76.995   4775.8    542.2
     4     1    19    11    30     3     0     3   -72.0  -52.228  -83.640   4978.9    533.9
     5     1    19    11    30     3     0     3   -72.0  -47.791  -89.727   3557.7    648.3
