     5     1
    GDAS    19     4     1     0     0
    GDAS    19     4     8     0     0
    GDAS    19     4    15     0     0
    GDAS    19     4    22     0     0
    GDAS    19     4    29     0     0
     5 BACKWARD OMEGA   
    19     4     7     9  -34.572  -58.513    10.0
    19     4     7     9  -34.572  -58.513   200.0
    19     4     7     9  -34.572  -58.513   500.0
    19     4     7     9  -34.572  -58.513  1000.0
    19     4     7     9  -34.572  -58.513  2000.0
     1 PRESSURE
     1     1    19     4     7     9     0     3     0.0  -34.572  -58.513     10.0   1014.5
     2     1    19     4     7     9     0     3     0.0  -34.572  -58.513    200.0    992.1
     3     1    19     4     7     9     0     3     0.0  -34.572  -58.513    500.0    957.7
     4     1    19     4     7     9     0     3     0.0  -34.572  -58.513   1000.0    902.7
     5     1    19     4     7     9     0     3     0.0  -34.572  -58.513   2000.0    801.0
     1     1    19     4     7     8     0     2    -1.0  -34.514  -58.561     10.0   1014.5
     2     1    19     4     7     8     0     2    -1.0  -34.443  -58.645    201.0    992.2
     3     1    19     4     7     8     0     2    -1.0  -34.480  -58.680    501.8    957.9
     4     1    19     4     7     8     0     2    -1.0  -34.583  -58.630    999.7    902.9
     5     1    19     4     7     8     0     2    -1.0  -34.620  -58.508   1998.1    801.1
     1     1    19     4     7     7     0     1    -2.0  -34.451  -58.604     10.0   1014.8
     2     1    19     4     7     7     0     1    -2.0  -34.304  -58.758    203.7    992.0
     3     1    19     4     7     7     0     1    -2.0  -34.378  -58.827    505.8    957.6
     4     1    19     4     7     7     0     1    -2.0  -34.582  -58.754    998.8    903.3
     5     1    19     4     7     7     0     1    -2.0  -34.665  -58.496   1992.2    801.8
     1     1    19     4     7     6     0     0    -3.0  -34.384  -58.642     10.0   1015.2
     2     1    19     4     7     6     0     0    -3.0  -34.157  -58.848    207.5    991.8
     3     1    19     4     7     6     0     0    -3.0  -34.270  -58.946    509.1    957.3
     4     1    19     4     7     6     0     0    -3.0  -34.572  -58.883    997.9    903.6
     5     1    19     4     7     6     0     0    -3.0  -34.704  -58.478   1982.5    802.8
     1     1    19     4     7     5     0     1    -4.0  -34.315  -58.671     10.0   1015.5
     2     1    19     4     7     5     0     1    -4.0  -34.008  -58.904    211.0    991.4
     3     1    19     4     7     5     0     1    -4.0  -34.163  -59.031    510.4    957.3
     4     1    19     4     7     5     0     1    -4.0  -34.560  -59.010    997.6    903.9
     5     1    19     4     7     5     0     1    -4.0  -34.745  -58.459   1972.2    804.3
     1     1    19     4     7     4     0     2    -5.0  -34.248  -58.687     10.0   1015.8
     2     1    19     4     7     4     0     2    -5.0  -33.863  -58.922    213.5    991.3
     3     1    19     4     7     4     0     2    -5.0  -34.063  -59.082    510.4    957.5
     4     1    19     4     7     4     0     2    -5.0  -34.549  -59.131    997.5    903.7
     5     1    19     4     7     4     0     2    -5.0  -34.797  -58.445   1965.1    805.2
     1     1    19     4     7     3     0     3    -6.0  -34.183  -58.690     10.0   1016.0
     2     1    19     4     7     3     0     3    -6.0  -33.725  -58.909    215.7    991.1
     3     1    19     4     7     3     0     3    -6.0  -33.967  -59.103    510.4    957.6
     4     1    19     4     7     3     0     3    -6.0  -34.535  -59.247    997.4    903.5
     5     1    19     4     7     3     0     3    -6.0  -34.860  -58.436   1961.1    805.7
     1     1    19     4     7     2     0     2    -7.0  -34.122  -58.682     10.0   1015.6
     2     1    19     4     7     2     0     2    -7.0  -33.602  -58.873    222.1    990.8
     3     1    19     4     7     2     0     2    -7.0  -33.879  -59.108    522.3    957.6
     4     1    19     4     7     2     0     2    -7.0  -34.515  -59.361    998.3    903.3
     5     1    19     4     7     2     0     2    -7.0  -34.933  -58.438   1963.8    805.9
     1     1    19     4     7     1     0     1    -8.0  -34.067  -58.663     10.0   1015.3
     2     1    19     4     7     1     0     1    -8.0  -33.505  -58.818    238.0    989.1
     3     1    19     4     7     1     0     1    -8.0  -33.809  -59.111    558.3    953.6
     4     1    19     4     7     1     0     1    -8.0  -34.486  -59.473    999.9    902.8
     5     1    19     4     7     1     0     1    -8.0  -35.016  -58.458   1978.5    804.7
     1     1    19     4     7     0     0     0    -9.0  -34.019  -58.636     10.0   1014.9
     2     1    19     4     7     0     0     0    -9.0  -33.437  -58.748    266.1    986.3
     3     1    19     4     7     0     0     0    -9.0  -33.764  -59.116    619.1    947.1
     4     1    19     4     7     0     0     0    -9.0  -34.452  -59.585   1000.5    902.5
     5     1    19     4     7     0     0     0    -9.0  -35.112  -58.498   2005.2    802.0
     1     1    19     4     6    23     0     1   -10.0  -33.981  -58.610     10.0   1014.4
     2     1    19     4     6    23     0     1   -10.0  -33.400  -58.682    299.3    980.7
     3     1    19     4     6    23     0     1   -10.0  -33.742  -59.130    681.5    937.1
     4     1    19     4     6    23     0     1   -10.0  -34.412  -59.693   1005.1    902.3
     5     1    19     4     6    23     0     1   -10.0  -35.204  -58.559   2032.2    798.0
     1     1    19     4     6    22     0     2   -11.0  -33.956  -58.597     10.0   1013.8
     2     1    19     4     6    22     0     2   -11.0  -33.382  -58.636    325.7    977.0
     3     1    19     4     6    22     0     2   -11.0  -33.725  -59.151    723.9    932.4
     4     1    19     4     6    22     0     2   -11.0  -34.368  -59.796   1023.2    900.4
     5     1    19     4     6    22     0     2   -11.0  -35.274  -58.635   2049.8    796.0
     1     1    19     4     6    21     0     3   -12.0  -33.942  -58.595     10.0   1013.4
     2     1    19     4     6    21     0     3   -12.0  -33.378  -58.608    343.2    974.6
     3     1    19     4     6    21     0     3   -12.0  -33.707  -59.176    751.4    929.3
     4     1    19     4     6    21     0     3   -12.0  -34.322  -59.895   1060.4    896.5
     5     1    19     4     6    21     0     3   -12.0  -35.323  -58.727   2057.5    795.0
     1     1    19     4     6    20     0     2   -13.0  -33.934  -58.604     10.0   1013.6
     2     1    19     4     6    20     0     2   -13.0  -33.381  -58.596    352.9    974.1
     3     1    19     4     6    20     0     2   -13.0  -33.688  -59.206    768.9    928.2
     4     1    19     4     6    20     0     2   -13.0  -34.279  -59.992   1103.1    890.8
     5     1    19     4     6    20     0     2   -13.0  -35.352  -58.828   2059.8    795.5
     1     1    19     4     6    19     0     1   -14.0  -33.926  -58.620     10.0   1013.9
     2     1    19     4     6    19     0     1   -14.0  -33.384  -58.596    357.1    974.1
     3     1    19     4     6    19     0     1   -14.0  -33.671  -59.240    778.6    927.5
     4     1    19     4     6    19     0     1   -14.0  -34.238  -60.088   1130.7    887.7
     5     1    19     4     6    19     0     1   -14.0  -35.359  -58.932   2062.6    795.5
     1     1    19     4     6    18     0     0   -15.0  -33.919  -58.643     10.0   1014.3
     2     1    19     4     6    18     0     0   -15.0  -33.388  -58.607    355.7    974.7
     3     1    19     4     6    18     0     0   -15.0  -33.656  -59.278    779.3    927.8
     4     1    19     4     6    18     0     0   -15.0  -34.194  -60.178   1139.8    886.8
     5     1    19     4     6    18     0     0   -15.0  -35.347  -59.038   2066.5    795.3
     1     1    19     4     6    17     0     1   -16.0  -33.909  -58.663     10.0   1015.7
     2     1    19     4     6    17     0     1   -16.0  -33.388  -58.616    352.0    975.8
     3     1    19     4     6    17     0     1   -16.0  -33.639  -59.314    776.5    929.0
     4     1    19     4     6    17     0     1   -16.0  -34.146  -60.265   1139.6    887.4
     5     1    19     4     6    17     0     1   -16.0  -35.320  -59.134   2070.0    794.6
     1     1    19     4     6    16     0     2   -17.0  -33.896  -58.670     10.0   1017.1
     2     1    19     4     6    16     0     2   -17.0  -33.380  -58.608    349.7    976.4
     3     1    19     4     6    16     0     2   -17.0  -33.621  -59.343    775.6    929.3
     4     1    19     4     6    16     0     2   -17.0  -34.095  -60.348   1139.4    887.1
     5     1    19     4     6    16     0     2   -17.0  -35.286  -59.214   2071.7    794.2
     1     1    19     4     6    15     0     3   -18.0  -33.879  -58.663     10.0   1018.3
     2     1    19     4     6    15     0     3   -18.0  -33.365  -58.584    349.0    976.8
     3     1    19     4     6    15     0     3   -18.0  -33.600  -59.366    775.5    929.5
     4     1    19     4     6    15     0     3   -18.0  -34.041  -60.428   1139.2    886.8
     5     1    19     4     6    15     0     3   -18.0  -35.245  -59.276   2072.1    794.1
     1     1    19     4     6    14     0     2   -19.0  -33.856  -58.646     10.0   1018.2
     2     1    19     4     6    14     0     2   -19.0  -33.345  -58.540    349.0    976.8
     3     1    19     4     6    14     0     2   -19.0  -33.580  -59.382    775.6    929.6
     4     1    19     4     6    14     0     2   -19.0  -33.986  -60.506   1139.0    886.4
     5     1    19     4     6    14     0     2   -19.0  -35.200  -59.320   2072.0    794.0
     1     1    19     4     6    13     0     1   -20.0  -33.827  -58.621     10.0   1018.0
     2     1    19     4     6    13     0     1   -20.0  -33.321  -58.473    349.0    976.9
     3     1    19     4     6    13     0     1   -20.0  -33.562  -59.389    775.6    929.6
     4     1    19     4     6    13     0     1   -20.0  -33.934  -60.581   1138.9    886.1
     5     1    19     4     6    13     0     1   -20.0  -35.155  -59.349   2071.9    794.0
     1     1    19     4     6    12     0     0   -21.0  -33.792  -58.587     10.0   1017.9
     2     1    19     4     6    12     0     0   -21.0  -33.296  -58.381    349.0    977.0
     3     1    19     4     6    12     0     0   -21.0  -33.546  -59.388    775.6    929.7
     4     1    19     4     6    12     0     0   -21.0  -33.885  -60.654   1138.7    885.8
     5     1    19     4     6    12     0     0   -21.0  -35.109  -59.361   2071.9    794.0
     1     1    19     4     6    11     0     1   -22.0  -33.755  -58.546     10.3   1017.4
     2     1    19     4     6    11     0     1   -22.0  -33.275  -58.267    350.6    976.6
     3     1    19     4     6    11     0     1   -22.0  -33.535  -59.376    777.2    929.5
     4     1    19     4     6    11     0     1   -22.0  -33.842  -60.721   1138.6    885.3
     5     1    19     4     6    11     0     1   -22.0  -35.067  -59.353   2077.6    793.8
     1     1    19     4     6    10     0     2   -23.0  -33.723  -58.500     11.2   1016.7
     2     1    19     4     6    10     0     2   -23.0  -33.264  -58.137    355.7    975.7
     3     1    19     4     6    10     0     2   -23.0  -33.531  -59.350    782.2    928.7
     4     1    19     4     6    10     0     2   -23.0  -33.807  -60.780   1138.5    884.8
     5     1    19     4     6    10     0     2   -23.0  -35.034  -59.321   2095.1    792.1
     1     1    19     4     6     9     0     3   -24.0  -33.694  -58.449     13.2   1015.8
     2     1    19     4     6     9     0     3   -24.0  -33.265  -57.991    365.3    974.2
     3     1    19     4     6     9     0     3   -24.0  -33.533  -59.311    791.2    927.4
     4     1    19     4     6     9     0     3   -24.0  -33.779  -60.829   1138.4    884.4
     5     1    19     4     6     9     0     3   -24.0  -35.008  -59.264   2124.8    789.4
     1     1    19     4     6     8     0     2   -25.0  -33.667  -58.392     16.4   1015.1
     2     1    19     4     6     8     0     2   -25.0  -33.277  -57.828    377.8    971.9
     3     1    19     4     6     8     0     2   -25.0  -33.541  -59.260    804.7    926.2
     4     1    19     4     6     8     0     2   -25.0  -33.752  -60.872   1138.3    884.5
     5     1    19     4     6     8     0     2   -25.0  -34.995  -59.190   2155.2    785.8
     1     1    19     4     6     7     0     1   -26.0  -33.640  -58.328     20.7   1014.3
     2     1    19     4     6     7     0     1   -26.0  -33.300  -57.647    391.8    969.6
     3     1    19     4     6     7     0     1   -26.0  -33.553  -59.200    823.0    924.4
     4     1    19     4     6     7     0     1   -26.0  -33.719  -60.907   1138.2    884.7
     5     1    19     4     6     7     0     1   -26.0  -34.997  -59.108   2174.6    784.3
     1     1    19     4     6     6     0     0   -27.0  -33.615  -58.255     26.6   1013.6
     2     1    19     4     6     6     0     0   -27.0  -33.336  -57.450    408.1    966.9
     3     1    19     4     6     6     0     0   -27.0  -33.568  -59.132    845.9    922.1
     4     1    19     4     6     6     0     0   -27.0  -33.681  -60.936   1138.2    884.9
     5     1    19     4     6     6     0     0   -27.0  -35.011  -59.018   2183.8    784.0
     1     1    19     4     6     5     0     1   -28.0  -33.598  -58.166     34.3   1012.3
     2     1    19     4     6     5     0     1   -28.0  -33.396  -57.235    433.7    963.2
     3     1    19     4     6     5     0     1   -28.0  -33.594  -59.049    873.0    919.0
     4     1    19     4     6     5     0     1   -28.0  -33.647  -60.949   1145.9    884.9
     5     1    19     4     6     5     0     1   -28.0  -35.043  -58.921   2198.3    783.9
     1     1    19     4     6     4     0     2   -29.0  -33.595  -58.055     44.5   1010.7
     2     1    19     4     6     4     0     2   -29.0  -33.492  -57.008    474.2    956.2
     3     1    19     4     6     4     0     2   -29.0  -33.637  -58.946    902.9    915.3
     4     1    19     4     6     4     0     2   -29.0  -33.625  -60.939   1169.1    882.6
     5     1    19     4     6     4     0     2   -29.0  -35.098  -58.818   2232.7    780.6
     1     1    19     4     6     3     0     3   -30.0  -33.609  -57.920     57.5   1008.5
     2     1    19     4     6     3     0     3   -30.0  -33.620  -56.780    526.3    948.6
     3     1    19     4     6     3     0     3   -30.0  -33.697  -58.826    936.6    911.2
     4     1    19     4     6     3     0     3   -30.0  -33.617  -60.905   1208.8    878.5
     5     1    19     4     6     3     0     3   -30.0  -35.178  -58.710   2287.8    775.3
     1     1    19     4     6     2     0     2   -31.0  -33.646  -57.767     70.3   1005.1
     2     1    19     4     6     2     0     2   -31.0  -33.781  -56.558    584.7    941.1
     3     1    19     4     6     2     0     2   -31.0  -33.781  -58.697    972.1    906.4
     4     1    19     4     6     2     0     2   -31.0  -33.630  -60.848   1252.1    872.7
     5     1    19     4     6     2     0     2   -31.0  -35.281  -58.601   2343.5    768.0
     1     1    19     4     6     1     0     1   -32.0  -33.708  -57.607     79.4   1002.4
     2     1    19     4     6     1     0     1   -32.0  -33.980  -56.347    649.5    934.4
     3     1    19     4     6     1     0     1   -32.0  -33.889  -58.564   1001.3    902.2
     4     1    19     4     6     1     0     1   -32.0  -33.669  -60.775   1285.3    869.6
     5     1    19     4     6     1     0     1   -32.0  -35.403  -58.491   2385.1    764.3
     1     1    19     4     6     0     0     0   -33.0  -33.798  -57.445     85.0   1000.1
     2     1    19     4     6     0     0     0   -33.0  -34.210  -56.149    709.3    928.4
     3     1    19     4     6     0     0     0   -33.0  -34.024  -58.425   1016.3    899.5
     4     1    19     4     6     0     0     0   -33.0  -33.733  -60.689   1308.4    867.5
     5     1    19     4     6     0     0     0   -33.0  -35.544  -58.378   2422.4    761.2
     1     1    19     4     5    23     0     1   -34.0  -33.924  -57.296     86.9    997.5
     2     1    19     4     5    23     0     1   -34.0  -34.455  -55.975    741.9    926.4
     3     1    19     4     5    23     0     1   -34.0  -34.192  -58.293   1026.0    899.1
     4     1    19     4     5    23     0     1   -34.0  -33.827  -60.604   1324.5    865.9
     5     1    19     4     5    23     0     1   -34.0  -35.706  -58.267   2473.4    757.2
     1     1    19     4     5    22     0     2   -35.0  -34.089  -57.175     81.9    997.0
     2     1    19     4     5    22     0     2   -35.0  -34.711  -55.838    746.2    928.1
     3     1    19     4     5    22     0     2   -35.0  -34.388  -58.182   1039.4    897.1
     4     1    19     4     5    22     0     2   -35.0  -33.957  -60.528   1335.3    864.4
     5     1    19     4     5    22     0     2   -35.0  -35.893  -58.165   2544.4    749.5
     1     1    19     4     5    21     0     3   -36.0  -34.292  -57.078     68.9   1000.2
     2     1    19     4     5    21     0     3   -36.0  -34.982  -55.740    725.1    933.0
     3     1    19     4     5    21     0     3   -36.0  -34.598  -58.091   1048.8    895.6
     4     1    19     4     5    21     0     3   -36.0  -34.122  -60.460   1343.6    863.7
     5     1    19     4     5    21     0     3   -36.0  -36.105  -58.069   2622.3    741.3
     1     1    19     4     5    20     0     2   -37.0  -34.521  -56.990     51.9   1005.8
     2     1    19     4     5    20     0     2   -37.0  -35.269  -55.672    694.2    938.5
     3     1    19     4     5    20     0     2   -37.0  -34.807  -58.022   1039.8    896.3
     4     1    19     4     5    20     0     2   -37.0  -34.308  -60.407   1360.8    863.1
     5     1    19     4     5    20     0     2   -37.0  -36.338  -57.990   2692.3    734.2
     1     1    19     4     5    19     0     1   -38.0  -34.769  -56.897     39.0   1011.3
     2     1    19     4     5    19     0     1   -38.0  -35.568  -55.622    676.4    940.7
     3     1    19     4     5    19     0     1   -38.0  -35.012  -57.974   1000.0    901.0
     4     1    19     4     5    19     0     1   -38.0  -34.499  -60.375   1393.0    860.0
     5     1    19     4     5    19     0     1   -38.0  -36.584  -57.935   2748.1    729.2
     1     1    19     4     5    18     0     0   -39.0  -35.038  -56.801     33.9   1015.6
     2     1    19     4     5    18     0     0   -39.0  -35.884  -55.595    677.8    940.4
     3     1    19     4     5    18     0     0   -39.0  -35.222  -57.945    938.4    909.4
     4     1    19     4     5    18     0     0   -39.0  -34.692  -60.364   1440.1    855.3
     5     1    19     4     5    18     0     0   -39.0  -36.841  -57.892   2794.6    725.0
     1     1    19     4     5    17     0     1   -40.0  -35.319  -56.716     32.7   1014.9
     2     1    19     4     5    17     0     1   -40.0  -36.218  -55.571    699.1    937.5
     3     1    19     4     5    17     0     1   -40.0  -35.448  -57.918    889.2    917.0
     4     1    19     4     5    17     0     1   -40.0  -34.883  -60.364   1490.4    848.8
     5     1    19     4     5    17     0     1   -40.0  -37.117  -57.857   2833.1    720.3
     1     1    19     4     5    16     0     2   -41.0  -35.606  -56.650     31.9   1014.8
     2     1    19     4     5    16     0     2   -41.0  -36.570  -55.528    730.4    932.6
     3     1    19     4     5    16     0     2   -41.0  -35.695  -57.876    867.2    918.8
     4     1    19     4     5    16     0     2   -41.0  -35.074  -60.363   1525.4    844.2
     5     1    19     4     5    16     0     2   -41.0  -37.423  -57.828   2866.5    715.1
     1     1    19     4     5    15     0     3   -42.0  -35.895  -56.591     31.5   1014.5
     2     1    19     4     5    15     0     3   -42.0  -36.941  -55.459    759.9    928.5
     3     1    19     4     5    15     0     3   -42.0  -35.958  -57.820    861.3    918.8
     4     1    19     4     5    15     0     3   -42.0  -35.266  -60.358   1538.4    842.4
     5     1    19     4     5    15     0     3   -42.0  -37.772  -57.791   2904.5    709.6
     1     1    19     4     5    14     0     2   -43.0  -36.200  -56.534     32.1   1013.4
     2     1    19     4     5    14     0     2   -43.0  -37.338  -55.365    784.0    924.8
     3     1    19     4     5    14     0     2   -43.0  -36.257  -57.738    868.6    917.4
     4     1    19     4     5    14     0     2   -43.0  -35.470  -60.336   1540.7    842.7
     5     1    19     4     5    14     0     2   -43.0  -38.167  -57.755   2960.6    704.6
     1     1    19     4     5    13     0     1   -44.0  -36.530  -56.474     34.0   1011.9
     2     1    19     4     5    13     0     1   -44.0  -37.764  -55.250    802.4    921.8
     3     1    19     4     5    13     0     1   -44.0  -36.609  -57.621    887.7    913.9
     4     1    19     4     5    13     0     1   -44.0  -35.696  -60.286   1546.0    841.5
     5     1    19     4     5    13     0     1   -44.0  -38.603  -57.751   3032.0    700.3
     1     1    19     4     5    12     0     0   -45.0  -36.879  -56.405     37.3   1010.1
     2     1    19     4     5    12     0     0   -45.0  -38.220  -55.119    821.1    919.4
     3     1    19     4     5    12     0     0   -45.0  -37.009  -57.487    907.7    909.5
     4     1    19     4     5    12     0     0   -45.0  -35.947  -60.209   1558.1    839.8
     5     1    19     4     5    12     0     0   -45.0  -39.073  -57.782   3105.4    696.2
     1     1    19     4     5    11     0     1   -46.0  -37.255  -56.339     40.6   1008.8
     2     1    19     4     5    11     0     1   -46.0  -38.708  -54.987    849.6    915.6
     3     1    19     4     5    11     0     1   -46.0  -37.444  -57.366    926.9    905.8
     4     1    19     4     5    11     0     1   -46.0  -36.230  -60.120   1574.1    834.2
     5     1    19     4     5    11     0     1   -46.0  -39.565  -57.863   3179.2    689.3
     1     1    19     4     5    10     0     2   -47.0  -37.663  -56.291     42.6   1008.1
     2     1    19     4     5    10     0     2   -47.0  -39.224  -54.871    894.4    910.1
     3     1    19     4     5    10     0     2   -47.0  -37.905  -57.278    957.1    901.9
     4     1    19     4     5    10     0     2   -47.0  -36.554  -60.036   1595.9    827.5
     5     1    19     4     5    10     0     2   -47.0  -40.075  -57.999   3268.9    681.4
     1     1    19     4     5     9     0     3   -48.0  -38.106  -56.255     43.3   1007.0
     2     1    19     4     5     9     0     3   -48.0  -39.763  -54.790    960.5    901.8
     3     1    19     4     5     9     0     3   -48.0  -38.392  -57.207   1000.1    897.8
     4     1    19     4     5     9     0     3   -48.0  -36.920  -59.953   1634.8    818.7
     5     1    19     4     5     9     0     3   -48.0  -40.606  -58.192   3369.9    670.8
     1     1    19     4     5     8     0     2   -49.0  -38.559  -56.231     43.3   1006.5
     2     1    19     4     5     8     0     2   -49.0  -40.303  -54.761   1042.3    891.5
     3     1    19     4     5     8     0     2   -49.0  -38.897  -57.144   1047.3    893.1
     4     1    19     4     5     8     0     2   -49.0  -37.326  -59.874   1699.6    811.3
     5     1    19     4     5     8     0     2   -49.0  -41.145  -58.450   3467.7    662.0
     1     1    19     4     5     7     0     1   -50.0  -39.007  -56.212     43.3   1006.2
     2     1    19     4     5     7     0     1   -50.0  -40.830  -54.778   1134.2    881.7
     3     1    19     4     5     7     0     1   -50.0  -39.408  -57.088   1101.4    888.0
     4     1    19     4     5     7     0     1   -50.0  -37.764  -59.810   1786.1    802.6
     5     1    19     4     5     7     0     1   -50.0  -41.690  -58.772   3567.1    653.6
     1     1    19     4     5     6     0     0   -51.0  -39.448  -56.200     43.3   1005.9
     2     1    19     4     5     6     0     0   -51.0  -41.342  -54.852   1235.1    870.1
     3     1    19     4     5     6     0     0   -51.0  -39.926  -57.036   1180.6    880.3
     4     1    19     4     5     6     0     0   -51.0  -38.228  -59.766   1880.9    795.7
     5     1    19     4     5     6     0     0   -51.0  -42.252  -59.162   3677.4    644.3
     1     1    19     4     5     5     0     1   -52.0  -39.871  -56.201     45.3   1005.3
     2     1    19     4     5     5     0     1   -52.0  -41.848  -54.999   1327.0    858.1
     3     1    19     4     5     5     0     1   -52.0  -40.458  -57.027   1263.6    867.3
     4     1    19     4     5     5     0     1   -52.0  -38.700  -59.765   1949.6    794.2
     5     1    19     4     5     5     0     1   -52.0  -42.818  -59.635   3806.8    633.5
     1     1    19     4     5     4     0     2   -53.0  -40.283  -56.222     51.2   1004.2
     2     1    19     4     5     4     0     2   -53.0  -42.363  -55.223   1406.5    850.6
     3     1    19     4     5     4     0     2   -53.0  -41.011  -57.084   1329.2    860.8
     4     1    19     4     5     4     0     2   -53.0  -39.165  -59.821   1979.2    796.9
     5     1    19     4     5     4     0     2   -53.0  -43.382  -60.192   3952.3    620.5
     1     1    19     4     5     3     0     3   -54.0  -40.702  -56.260     59.1   1002.6
     2     1    19     4     5     3     0     3   -54.0  -42.890  -55.546   1494.0    842.1
     3     1    19     4     5     3     0     3   -54.0  -41.581  -57.209   1394.4    854.1
     4     1    19     4     5     3     0     3   -54.0  -39.629  -59.917   1998.1    796.3
     5     1    19     4     5     3     0     3   -54.0  -43.952  -60.825   4110.1    607.8
     1     1    19     4     5     2     0     2   -55.0  -41.124  -56.322     66.1   1000.8
     2     1    19     4     5     2     0     2   -55.0  -43.402  -55.963   1604.6    830.2
     3     1    19     4     5     2     0     2   -55.0  -42.146  -57.410   1477.3    846.2
     4     1    19     4     5     2     0     2   -55.0  -40.085  -60.037   2033.0    792.7
     5     1    19     4     5     2     0     2   -55.0  -44.520  -61.522   4276.1    593.5
     1     1    19     4     5     1     0     1   -56.0  -41.531  -56.402     72.2    999.5
     2     1    19     4     5     1     0     1   -56.0  -43.891  -56.439   1724.3    816.1
     3     1    19     4     5     1     0     1   -56.0  -42.686  -57.666   1577.6    834.0
     4     1    19     4     5     1     0     1   -56.0  -40.517  -60.184   2084.5    786.9
     5     1    19     4     5     1     0     1   -56.0  -45.097  -62.271   4443.6    580.3
     1     1    19     4     5     0     0     0   -57.0  -41.929  -56.476     76.9    998.2
     2     1    19     4     5     0     0     0   -57.0  -44.359  -56.996   1824.7    804.7
     3     1    19     4     5     0     0     0   -57.0  -43.196  -57.973   1668.5    822.7
     4     1    19     4     5     0     0     0   -57.0  -40.938  -60.357   2142.3    780.0
     5     1    19     4     5     0     0     0   -57.0  -45.692  -63.068   4586.1    568.3
     1     1    19     4     4    23     0     1   -58.0  -42.310  -56.559     80.6    996.8
     2     1    19     4     4    23     0     1   -58.0  -44.795  -57.619   1892.6    798.3
     3     1    19     4     4    23     0     1   -58.0  -43.673  -58.348   1734.8    816.2
     4     1    19     4     4    23     0     1   -58.0  -41.346  -60.549   2205.1    773.4
     5     1    19     4     4    23     0     1   -58.0  -46.303  -63.924   4689.5    560.6
     1     1    19     4     4    22     0     2   -59.0  -42.667  -56.668     84.0    995.4
     2     1    19     4     4    22     0     2   -59.0  -45.217  -58.278   1945.9    792.4
     3     1    19     4     4    22     0     2   -59.0  -44.132  -58.785   1796.7    809.5
     4     1    19     4     4    22     0     2   -59.0  -41.737  -60.763   2266.1    766.7
     5     1    19     4     4    22     0     2   -59.0  -46.972  -64.868   4836.7    548.4
     1     1    19     4     4    21     0     3   -60.0  -43.018  -56.779     85.5    994.2
     2     1    19     4     4    21     0     3   -60.0  -45.625  -58.977   1991.1    787.0
     3     1    19     4     4    21     0     3   -60.0  -44.577  -59.273   1867.2    801.6
     4     1    19     4     4    21     0     3   -60.0  -42.123  -60.998   2312.3    761.5
     5     1    19     4     4    21     0     3   -60.0  -47.678  -65.939   4913.0    538.1
     1     1    19     4     4    20     0     2   -61.0  -43.355  -56.891     86.2    993.5
     2     1    19     4     4    20     0     2   -61.0  -46.015  -59.707   2038.7    782.5
     3     1    19     4     4    20     0     2   -61.0  -45.010  -59.802   1939.4    793.8
     4     1    19     4     4    20     0     2   -61.0  -42.510  -61.252   2357.0    756.9
     5     1    19     4     4    20     0     2   -61.0  -48.362  -67.109   4787.0    544.8
     1     1    19     4     4    19     0     1   -62.0  -43.668  -56.999     87.7    992.6
     2     1    19     4     4    19     0     1   -62.0  -46.409  -60.453   2100.3    775.5
     3     1    19     4     4    19     0     1   -62.0  -45.431  -60.351   2013.2    786.1
     4     1    19     4     4    19     0     1   -62.0  -42.888  -61.513   2416.4    750.7
     5     1    19     4     4    19     0     1   -62.0  -49.085  -68.374   4735.0    536.0
     1     1    19     4     4    18     0     0   -63.0  -43.969  -57.086     88.7    991.9
     2     1    19     4     4    18     0     0   -63.0  -46.793  -61.232   2138.2    771.1
     3     1    19     4     4    18     0     0   -63.0  -45.835  -60.943   2100.6    776.9
     4     1    19     4     4    18     0     0   -63.0  -43.254  -61.776   2489.6    743.0
     5     1    19     4     4    18     0     0   -63.0  -49.823  -69.741   4523.8    545.0
     1     1    19     4     4    17     0     1   -64.0  -44.253  -57.169     88.8    991.7
     2     1    19     4     4    17     0     1   -64.0  -47.207  -62.041   2155.2    770.1
     3     1    19     4     4    17     0     1   -64.0  -46.254  -61.567   2182.1    768.2
     4     1    19     4     4    17     0     1   -64.0  -43.627  -62.052   2571.5    735.1
     5     1    19     4     4    17     0     1   -64.0  -50.519  -71.243   4509.7    538.7
     1     1    19     4     4    16     0     2   -65.0  -44.513  -57.259     89.6    991.3
     2     1    19     4     4    16     0     2   -65.0  -47.661  -62.842   2189.7    765.9
     3     1    19     4     4    16     0     2   -65.0  -46.704  -62.224   2242.6    762.4
     4     1    19     4     4    16     0     2   -65.0  -44.020  -62.341   2655.5    726.9
     5     1    19     4     4    16     0     2   -65.0  -51.282  -72.997   5289.9    474.2
     1     1    19     4     4    15     0     3   -66.0  -44.754  -57.338     91.8    990.7
     2     1    19     4     4    15     0     3   -66.0  -48.125  -63.730   2215.7    763.0
     3     1    19     4     4    15     0     3   -66.0  -47.167  -62.939   2293.2    757.0
     4     1    19     4     4    15     0     3   -66.0  -44.442  -62.648   2745.4    718.5
     5     1    19     4     4    15     0     3   -66.0  -52.021  -74.985   5276.6    504.9
     1     1    19     4     4    14     0     2   -67.0  -44.973  -57.400     94.9    989.6
     2     1    19     4     4    14     0     2   -67.0  -48.628  -64.688   2263.7    757.7
     3     1    19     4     4    14     0     2   -67.0  -47.642  -63.732   2328.2    752.7
     4     1    19     4     4    14     0     2   -67.0  -44.890  -63.016   2848.5    708.1
     5     1    19     4     4    14     0     2   -67.0  -52.645  -76.927   5172.0    517.8
     1     1    19     4     4    13     0     1   -68.0  -45.169  -57.450     97.3    988.5
     2     1    19     4     4    13     0     1   -68.0  -49.176  -65.733   2334.6    748.7
     3     1    19     4     4    13     0     1   -68.0  -48.149  -64.618   2365.0    748.4
     4     1    19     4     4    13     0     1   -68.0  -45.352  -63.465   2944.5    698.4
     5     1    19     4     4    13     0     1   -68.0  -53.221  -78.945   5149.2    518.1
     1     1    19     4     4    12     0     0   -69.0  -45.344  -57.493     98.1    987.5
     2     1    19     4     4    12     0     0   -69.0  -49.731  -66.896   2340.9    747.7
     3     1    19     4     4    12     0     0   -69.0  -48.682  -65.573   2410.5    742.0
     4     1    19     4     4    12     0     0   -69.0  -45.826  -63.977   3015.1    691.3
     5     1    19     4     4    12     0     0   -69.0  -53.769  -81.082   5172.2    515.9
     1     1    19     4     4    11     0     1   -70.0  -45.503  -57.540     97.5    987.3
     2     1    19     4     4    11     0     1   -70.0  -50.291  -68.215   2334.4    744.4
     3     1    19     4     4    11     0     1   -70.0  -49.225  -66.640   2397.1    743.1
     4     1    19     4     4    11     0     1   -70.0  -46.307  -64.548   3089.9    684.2
     5     1    19     4     4    11     0     1   -70.0  -54.234  -83.294   5221.8    511.7
     1     1    19     4     4    10     0     2   -71.0  -45.649  -57.606     96.0    987.2
     2     1    19     4     4    10     0     2   -71.0  -50.768  -69.710   2239.3    740.5
     3     1    19     4     4    10     0     2   -71.0  -49.789  -67.819   2351.6    742.1
     4     1    19     4     4    10     0     2   -71.0  -46.798  -65.210   3194.9    674.2
     5     1    19     4     4    10     0     2   -71.0  -54.632  -85.532   5269.1    508.2
     1     1    19     4     4     9     0     3   -72.0  -45.787  -57.693     94.1    987.2
     2     1    19     4     4     9     0     3   -72.0  -51.148  -71.346   2212.8    744.1
     3     1    19     4     4     9     0     3   -72.0  -50.325  -69.199   2228.3    748.8
     4     1    19     4     4     9     0     3   -72.0  -47.302  -65.927   3295.6    664.1
     5     1    19     4     4     9     0     3   -72.0  -55.004  -87.856   5322.6    504.3
