     5     1
    GDAS    19     4     1     0     0
    GDAS    19     4     8     0     0
    GDAS    19     4    15     0     0
    GDAS    19     4    22     0     0
    GDAS    19     4    29     0     0
     5 BACKWARD OMEGA   
    19     4     9    15  -34.572  -58.513    10.0
    19     4     9    15  -34.572  -58.513   200.0
    19     4     9    15  -34.572  -58.513   500.0
    19     4     9    15  -34.572  -58.513  1000.0
    19     4     9    15  -34.572  -58.513  2000.0
     1 PRESSURE
     1     1    19     4     9    15     0     3     0.0  -34.572  -58.513     10.0   1012.9
     2     1    19     4     9    15     0     3     0.0  -34.572  -58.513    200.0    990.9
     3     1    19     4     9    15     0     3     0.0  -34.572  -58.513    500.0    957.1
     4     1    19     4     9    15     0     3     0.0  -34.572  -58.513   1000.0    902.8
     5     1    19     4     9    15     0     3     0.0  -34.572  -58.513   2000.0    802.3
     1     1    19     4     9    14     0     2    -1.0  -34.450  -58.502     10.0   1012.9
     2     1    19     4     9    14     0     2    -1.0  -34.391  -58.494    201.4    990.6
     3     1    19     4     9    14     0     2    -1.0  -34.347  -58.499    507.1    955.8
     4     1    19     4     9    14     0     2    -1.0  -34.278  -58.454    999.8    902.3
     5     1    19     4     9    14     0     2    -1.0  -34.239  -58.375   1999.3    801.7
     1     1    19     4     9    13     0     1    -2.0  -34.340  -58.484     10.0   1013.0
     2     1    19     4     9    13     0     1    -2.0  -34.201  -58.467    207.1    989.8
     3     1    19     4     9    13     0     1    -2.0  -34.097  -58.480    513.1    954.8
     4     1    19     4     9    13     0     1    -2.0  -33.983  -58.369    999.5    901.6
     5     1    19     4     9    13     0     1    -2.0  -33.942  -58.201   1998.6    801.0
     1     1    19     4     9    12     0     0    -3.0  -34.240  -58.458     10.0   1012.9
     2     1    19     4     9    12     0     0    -3.0  -33.997  -58.430    220.8    988.1
     3     1    19     4     9    12     0     0    -3.0  -33.827  -58.451    520.5    954.1
     4     1    19     4     9    12     0     0    -3.0  -33.693  -58.258    999.6    902.0
     5     1    19     4     9    12     0     0    -3.0  -33.679  -58.000   1998.8    801.3
     1     1    19     4     9    11     0     1    -4.0  -34.148  -58.424     10.2   1012.6
     2     1    19     4     9    11     0     1    -4.0  -33.779  -58.375    239.8    985.6
     3     1    19     4     9    11     0     1    -4.0  -33.555  -58.400    528.8    953.3
     4     1    19     4     9    11     0     1    -4.0  -33.419  -58.118    999.9    902.3
     5     1    19     4     9    11     0     1    -4.0  -33.455  -57.786   1998.9    800.9
     1     1    19     4     9    10     0     2    -5.0  -34.060  -58.382     11.1   1012.0
     2     1    19     4     9    10     0     2    -5.0  -33.557  -58.292    256.8    983.9
     3     1    19     4     9    10     0     2    -5.0  -33.299  -58.314    537.7    952.7
     4     1    19     4     9    10     0     2    -5.0  -33.169  -57.948   1000.3    902.5
     5     1    19     4     9    10     0     2    -5.0  -33.269  -57.574   1999.4    800.5
     1     1    19     4     9     9     0     3    -6.0  -33.975  -58.333     13.2   1011.3
     2     1    19     4     9     9     0     3    -6.0  -33.339  -58.181    270.2    982.5
     3     1    19     4     9     9     0     3    -6.0  -33.059  -58.199    546.1    951.9
     4     1    19     4     9     9     0     3    -6.0  -32.946  -57.755   1000.2    902.1
     5     1    19     4     9     9     0     3    -6.0  -33.117  -57.363   1999.7    800.2
     1     1    19     4     9     8     0     2    -7.0  -33.890  -58.275     16.6   1010.5
     2     1    19     4     9     8     0     2    -7.0  -33.131  -58.041    278.2    982.0
     3     1    19     4     9     8     0     2    -7.0  -32.834  -58.053    551.3    951.5
     4     1    19     4     9     8     0     2    -7.0  -32.753  -57.537   1001.7    900.9
     5     1    19     4     9     8     0     2    -7.0  -32.989  -57.149   2004.1    800.3
     1     1    19     4     9     7     0     1    -8.0  -33.802  -58.205     20.8   1009.7
     2     1    19     4     9     7     0     1    -8.0  -32.939  -57.870    281.7    981.9
     3     1    19     4     9     7     0     1    -8.0  -32.626  -57.875    554.9    950.8
     4     1    19     4     9     7     0     1    -8.0  -32.586  -57.293   1008.1    898.5
     5     1    19     4     9     7     0     1    -8.0  -32.882  -56.928   2018.0    797.8
     1     1    19     4     9     6     0     0    -9.0  -33.712  -58.122     26.0   1009.0
     2     1    19     4     9     6     0     0    -9.0  -32.763  -57.673    287.6    980.7
     3     1    19     4     9     6     0     0    -9.0  -32.438  -57.668    563.5    948.7
     4     1    19     4     9     6     0     0    -9.0  -32.444  -57.023   1020.7    894.7
     5     1    19     4     9     6     0     0    -9.0  -32.798  -56.701   2043.8    793.7
     1     1    19     4     9     5     0     1   -10.0  -33.621  -58.028     32.2   1008.5
     2     1    19     4     9     5     0     1   -10.0  -32.611  -57.453    304.5    977.5
     3     1    19     4     9     5     0     1   -10.0  -32.280  -57.439    585.3    944.7
     4     1    19     4     9     5     0     1   -10.0  -32.331  -56.737   1043.8    890.8
     5     1    19     4     9     5     0     1   -10.0  -32.740  -56.469   2077.5    788.8
     1     1    19     4     9     4     0     2   -11.0  -33.534  -57.922     38.7   1008.1
     2     1    19     4     9     4     0     2   -11.0  -32.486  -57.214    335.9    971.8
     3     1    19     4     9     4     0     2   -11.0  -32.154  -57.201    624.8    938.1
     4     1    19     4     9     4     0     2   -11.0  -32.255  -56.444   1079.7    885.6
     5     1    19     4     9     4     0     2   -11.0  -32.712  -56.231   2114.9    784.1
     1     1    19     4     9     3     0     3   -12.0  -33.453  -57.807     44.7   1007.9
     2     1    19     4     9     3     0     3   -12.0  -32.385  -56.962    380.8    964.4
     3     1    19     4     9     3     0     3   -12.0  -32.054  -56.964    679.2    929.3
     4     1    19     4     9     3     0     3   -12.0  -32.213  -56.139   1125.5    879.5
     5     1    19     4     9     3     0     3   -12.0  -32.711  -55.988   2155.1    779.2
     1     1    19     4     9     2     0     2   -13.0  -33.383  -57.686     48.8   1006.9
     2     1    19     4     9     2     0     2   -13.0  -32.312  -56.714    430.9    956.7
     3     1    19     4     9     2     0     2   -13.0  -31.983  -56.736    738.2    920.6
     4     1    19     4     9     2     0     2   -13.0  -32.202  -55.832   1174.7    873.6
     5     1    19     4     9     2     0     2   -13.0  -32.737  -55.748   2194.5    774.1
     1     1    19     4     9     1     0     1   -14.0  -33.326  -57.562     50.6   1006.1
     2     1    19     4     9     1     0     1   -14.0  -32.267  -56.478    478.3    949.7
     3     1    19     4     9     1     0     1   -14.0  -31.937  -56.514    797.1    913.4
     4     1    19     4     9     1     0     1   -14.0  -32.222  -55.540   1219.4    868.7
     5     1    19     4     9     1     0     1   -14.0  -32.790  -55.513   2231.4    769.3
     1     1    19     4     9     0     0     0   -15.0  -33.281  -57.436     51.0   1005.3
     2     1    19     4     9     0     0     0   -15.0  -32.245  -56.255    522.9    943.6
     3     1    19     4     9     0     0     0   -15.0  -31.910  -56.296    860.1    906.0
     4     1    19     4     9     0     0     0   -15.0  -32.273  -55.263   1257.0    864.6
     5     1    19     4     9     0     0     0   -15.0  -32.870  -55.285   2267.9    764.1
     1     1    19     4     8    23     0     1   -16.0  -33.246  -57.317     50.6   1004.9
     2     1    19     4     8    23     0     1   -16.0  -32.241  -56.050    562.3    938.2
     3     1    19     4     8    23     0     1   -16.0  -31.899  -56.082    925.5    897.4
     4     1    19     4     8    23     0     1   -16.0  -32.351  -55.007   1288.1    860.5
     5     1    19     4     8    23     0     1   -16.0  -32.979  -55.072   2311.3    758.1
     1     1    19     4     8    22     0     2   -17.0  -33.220  -57.211     50.0   1004.4
     2     1    19     4     8    22     0     2   -17.0  -32.256  -55.876    595.9    934.6
     3     1    19     4     8    22     0     2   -17.0  -31.904  -55.886    987.6    890.7
     4     1    19     4     8    22     0     2   -17.0  -32.447  -54.780   1317.8    858.8
     5     1    19     4     8    22     0     2   -17.0  -33.117  -54.889   2369.2    753.7
     1     1    19     4     8    21     0     3   -18.0  -33.203  -57.114     49.4   1004.0
     2     1    19     4     8    21     0     3   -18.0  -32.290  -55.737    625.8    931.5
     3     1    19     4     8    21     0     3   -18.0  -31.927  -55.717   1044.9    885.5
     4     1    19     4     8    21     0     3   -18.0  -32.559  -54.583   1349.6    857.0
     5     1    19     4     8    21     0     3   -18.0  -33.283  -54.739   2433.1    750.0
     1     1    19     4     8    20     0     2   -19.0  -33.195  -57.023     48.4   1004.4
     2     1    19     4     8    20     0     2   -19.0  -32.337  -55.625    650.5    928.5
     3     1    19     4     8    20     0     2   -19.0  -31.964  -55.565   1090.9    881.3
     4     1    19     4     8    20     0     2   -19.0  -32.680  -54.406   1379.4    855.8
     5     1    19     4     8    20     0     2   -19.0  -33.470  -54.618   2488.3    745.9
     1     1    19     4     8    19     0     1   -20.0  -33.195  -56.939     46.5   1004.7
     2     1    19     4     8    19     0     1   -20.0  -32.392  -55.530    667.5    926.5
     3     1    19     4     8    19     0     1   -20.0  -32.012  -55.419   1120.5    879.3
     4     1    19     4     8    19     0     1   -20.0  -32.804  -54.246   1402.4    856.2
     5     1    19     4     8    19     0     1   -20.0  -33.673  -54.518   2528.7    743.7
     1     1    19     4     8    18     0     0   -21.0  -33.203  -56.866     43.5   1005.1
     2     1    19     4     8    18     0     0   -21.0  -32.454  -55.453    677.2    925.1
     3     1    19     4     8    18     0     0   -21.0  -32.068  -55.284   1134.4    878.2
     4     1    19     4     8    18     0     0   -21.0  -32.927  -54.104   1414.5    858.0
     5     1    19     4     8    18     0     0   -21.0  -33.892  -54.437   2560.6    741.6
     1     1    19     4     8    17     0     1   -22.0  -33.213  -56.815     40.6   1005.3
     2     1    19     4     8    17     0     1   -22.0  -32.519  -55.397    682.0    924.6
     3     1    19     4     8    17     0     1   -22.0  -32.133  -55.158   1138.6    878.2
     4     1    19     4     8    17     0     1   -22.0  -33.053  -53.982   1417.2    860.5
     5     1    19     4     8    17     0     1   -22.0  -34.123  -54.381   2594.5    740.8
     1     1    19     4     8    16     0     2   -23.0  -33.219  -56.799     38.7   1005.5
     2     1    19     4     8    16     0     2   -23.0  -32.587  -55.361    684.0    924.0
     3     1    19     4     8    16     0     2   -23.0  -32.208  -55.040   1138.9    877.9
     4     1    19     4     8    16     0     2   -23.0  -33.194  -53.877   1415.5    860.2
     5     1    19     4     8    16     0     2   -23.0  -34.364  -54.355   2632.1    740.0
     1     1    19     4     8    15     0     3   -24.0  -33.219  -56.815     37.7   1005.7
     2     1    19     4     8    15     0     3   -24.0  -32.659  -55.346    683.0    923.9
     3     1    19     4     8    15     0     3   -24.0  -32.294  -54.929   1136.8    877.9
     4     1    19     4     8    15     0     3   -24.0  -33.350  -53.783   1414.1    860.0
     5     1    19     4     8    15     0     3   -24.0  -34.614  -54.361   2667.5    739.5
     1     1    19     4     8    14     0     2   -25.0  -33.210  -56.846     37.1   1005.8
     2     1    19     4     8    14     0     2   -25.0  -32.730  -55.347    680.9    923.8
     3     1    19     4     8    14     0     2   -25.0  -32.391  -54.827   1134.1    878.1
     4     1    19     4     8    14     0     2   -25.0  -33.516  -53.700   1413.2    859.5
     5     1    19     4     8    14     0     2   -25.0  -34.871  -54.394   2700.3    739.2
     1     1    19     4     8    13     0     1   -26.0  -33.188  -56.874     36.3   1006.0
     2     1    19     4     8    13     0     1   -26.0  -32.801  -55.359    679.8    923.5
     3     1    19     4     8    13     0     1   -26.0  -32.497  -54.731   1132.4    878.5
     4     1    19     4     8    13     0     1   -26.0  -33.691  -53.628   1412.4    859.2
     5     1    19     4     8    13     0     1   -26.0  -35.137  -54.454   2731.5    737.9
     1     1    19     4     8    12     0     0   -27.0  -33.152  -56.900     35.3   1006.3
     2     1    19     4     8    12     0     0   -27.0  -32.870  -55.381    679.8    923.2
     3     1    19     4     8    12     0     0   -27.0  -32.614  -54.642   1132.0    879.0
     4     1    19     4     8    12     0     0   -27.0  -33.874  -53.569   1411.8    859.0
     5     1    19     4     8    12     0     0   -27.0  -35.410  -54.547   2764.8    734.8
     1     1    19     4     8    11     0     1   -28.0  -33.108  -56.921     34.6   1006.3
     2     1    19     4     8    11     0     1   -28.0  -32.932  -55.413    680.2    922.7
     3     1    19     4     8    11     0     1   -28.0  -32.735  -54.566   1132.3    879.2
     4     1    19     4     8    11     0     1   -28.0  -34.060  -53.530   1411.1    858.8
     5     1    19     4     8    11     0     1   -28.0  -35.679  -54.677   2796.8    731.0
     1     1    19     4     8    10     0     2   -29.0  -33.060  -56.938     34.2   1006.3
     2     1    19     4     8    10     0     2   -29.0  -32.979  -55.455    680.7    922.4
     3     1    19     4     8    10     0     2   -29.0  -32.856  -54.509   1132.7    879.6
     4     1    19     4     8    10     0     2   -29.0  -34.246  -53.515   1409.7    859.5
     5     1    19     4     8    10     0     2   -29.0  -35.933  -54.844   2820.7    728.5
     1     1    19     4     8     9     0     3   -30.0  -33.009  -56.951     34.2   1006.3
     2     1    19     4     8     9     0     3   -30.0  -33.012  -55.507    680.9    922.5
     3     1    19     4     8     9     0     3   -30.0  -32.976  -54.469   1133.0    879.9
     4     1    19     4     8     9     0     3   -30.0  -34.431  -53.521   1406.1    860.2
     5     1    19     4     8     9     0     3   -30.0  -36.171  -55.046   2839.7    726.8
     1     1    19     4     8     8     0     2   -31.0  -32.960  -56.957     34.3   1006.8
     2     1    19     4     8     8     0     2   -31.0  -33.033  -55.560    682.6    923.2
     3     1    19     4     8     8     0     2   -31.0  -33.091  -54.448   1136.4    880.2
     4     1    19     4     8     8     0     2   -31.0  -34.613  -53.544   1403.0    861.6
     5     1    19     4     8     8     0     2   -31.0  -36.396  -55.269   2864.9    725.2
     1     1    19     4     8     7     0     1   -32.0  -32.916  -56.955     34.8   1007.1
     2     1    19     4     8     7     0     1   -32.0  -33.047  -55.607    687.3    923.4
     3     1    19     4     8     7     0     1   -32.0  -33.198  -54.446   1146.2    879.2
     4     1    19     4     8     7     0     1   -32.0  -34.792  -53.584   1402.5    862.5
     5     1    19     4     8     7     0     1   -32.0  -36.614  -55.504   2898.4    721.9
     1     1    19     4     8     6     0     0   -33.0  -32.876  -56.945     36.1   1007.3
     2     1    19     4     8     6     0     0   -33.0  -33.055  -55.648    694.9    923.1
     3     1    19     4     8     6     0     0   -33.0  -33.299  -54.460   1162.9    877.2
     4     1    19     4     8     6     0     0   -33.0  -34.970  -53.643   1403.4    863.3
     5     1    19     4     8     6     0     0   -33.0  -36.822  -55.752   2931.5    718.8
     1     1    19     4     8     5     0     1   -34.0  -32.841  -56.928     38.2   1006.6
     2     1    19     4     8     5     0     1   -34.0  -33.057  -55.683    705.3    922.4
     3     1    19     4     8     5     0     1   -34.0  -33.391  -54.484   1180.9    874.1
     4     1    19     4     8     5     0     1   -34.0  -35.139  -53.726   1403.8    863.4
     5     1    19     4     8     5     0     1   -34.0  -37.024  -56.013   2950.3    716.3
     1     1    19     4     8     4     0     2   -35.0  -32.808  -56.905     41.2   1005.8
     2     1    19     4     8     4     0     2   -35.0  -33.054  -55.714    719.3    921.2
     3     1    19     4     8     4     0     2   -35.0  -33.468  -54.512   1194.8    872.2
     4     1    19     4     8     4     0     2   -35.0  -35.293  -53.838   1403.8    863.4
     5     1    19     4     8     4     0     2   -35.0  -37.225  -56.281   2950.0    716.4
     1     1    19     4     8     3     0     3   -36.0  -32.780  -56.875     45.3   1005.0
     2     1    19     4     8     3     0     3   -36.0  -33.044  -55.741    737.2    919.6
     3     1    19     4     8     3     0     3   -36.0  -33.528  -54.544   1205.4    870.6
     4     1    19     4     8     3     0     3   -36.0  -35.428  -53.974   1403.8    863.4
     5     1    19     4     8     3     0     3   -36.0  -37.432  -56.563   2940.9    717.2
     1     1    19     4     8     2     0     2   -37.0  -32.759  -56.840     47.7   1004.1
     2     1    19     4     8     2     0     2   -37.0  -33.036  -55.767    763.5    917.5
     3     1    19     4     8     2     0     2   -37.0  -33.581  -54.580   1216.1    869.2
     4     1    19     4     8     2     0     2   -37.0  -35.547  -54.131   1398.9    863.5
     5     1    19     4     8     2     0     2   -37.0  -37.654  -56.867   2939.0    718.4
     1     1    19     4     8     1     0     1   -38.0  -32.751  -56.803     45.3   1004.1
     2     1    19     4     8     1     0     1   -38.0  -33.043  -55.796    803.0    913.8
     3     1    19     4     8     1     0     1   -38.0  -33.635  -54.619   1230.1    867.2
     4     1    19     4     8     1     0     1   -38.0  -35.653  -54.304   1384.4    865.0
     5     1    19     4     8     1     0     1   -38.0  -37.903  -57.206   2962.0    715.4
     1     1    19     4     8     0     0     0   -39.0  -32.755  -56.766     38.6   1004.6
     2     1    19     4     8     0     0     0   -39.0  -33.063  -55.827    858.0    908.7
     3     1    19     4     8     0     0     0   -39.0  -33.693  -54.662   1247.6    864.9
     4     1    19     4     8     0     0     0   -39.0  -35.748  -54.491   1362.6    867.4
     5     1    19     4     8     0     0     0   -39.0  -38.174  -57.594   3027.4    707.4
     1     1    19     4     7    23     0     1   -40.0  -32.766  -56.739     32.1   1005.0
     2     1    19     4     7    23     0     1   -40.0  -33.088  -55.864    910.6    901.2
     3     1    19     4     7    23     0     1   -40.0  -33.753  -54.707   1263.5    861.9
     4     1    19     4     7    23     0     1   -40.0  -35.825  -54.681   1341.9    869.9
     5     1    19     4     7    23     0     1   -40.0  -38.440  -58.042   3119.8    696.1
     1     1    19     4     7    22     0     2   -41.0  -32.776  -56.730     28.6   1004.7
     2     1    19     4     7    22     0     2   -41.0  -33.112  -55.910    944.5    897.9
     3     1    19     4     7    22     0     2   -41.0  -33.816  -54.755   1273.1    860.2
     4     1    19     4     7    22     0     2   -41.0  -35.885  -54.865   1328.8    871.1
     5     1    19     4     7    22     0     2   -41.0  -38.684  -58.538   3166.5    690.9
     1     1    19     4     7    21     0     3   -42.0  -32.785  -56.738     27.5   1004.3
     2     1    19     4     7    21     0     3   -42.0  -33.133  -55.966    961.8    896.6
     3     1    19     4     7    21     0     3   -42.0  -33.880  -54.805   1278.9    859.1
     4     1    19     4     7    21     0     3   -42.0  -35.929  -55.043   1323.6    871.4
     5     1    19     4     7    21     0     3   -42.0  -38.898  -59.066   3125.5    697.0
     1     1    19     4     7    20     0     2   -43.0  -32.790  -56.756     27.5   1004.6
     2     1    19     4     7    20     0     2   -43.0  -33.144  -56.025    970.2    897.2
     3     1    19     4     7    20     0     2   -43.0  -33.940  -54.855   1284.0    858.4
     4     1    19     4     7    20     0     2   -43.0  -35.960  -55.214   1322.9    871.3
     5     1    19     4     7    20     0     2   -43.0  -39.078  -59.609   3050.0    708.5
     1     1    19     4     7    19     0     1   -44.0  -32.787  -56.776     27.5   1005.0
     2     1    19     4     7    19     0     1   -44.0  -33.141  -56.081    975.3    897.0
     3     1    19     4     7    19     0     1   -44.0  -33.990  -54.906   1287.9    857.5
     4     1    19     4     7    19     0     1   -44.0  -35.984  -55.379   1323.2    871.4
     5     1    19     4     7    19     0     1   -44.0  -39.235  -60.156   3001.8    713.7
     1     1    19     4     7    18     0     0   -45.0  -32.776  -56.800     27.5   1005.4
     2     1    19     4     7    18     0     0   -45.0  -33.123  -56.133    976.9    897.3
     3     1    19     4     7    18     0     0   -45.0  -34.026  -54.961   1289.1    857.6
     4     1    19     4     7    18     0     0   -45.0  -35.999  -55.536   1323.4    871.4
     5     1    19     4     7    18     0     0   -45.0  -39.373  -60.709   2986.9    713.3
     1     1    19     4     7    17     0     1   -46.0  -32.766  -56.816     27.5   1005.8
     2     1    19     4     7    17     0     1   -46.0  -33.096  -56.177    977.0    897.8
     3     1    19     4     7    17     0     1   -46.0  -34.050  -55.014   1289.8    858.0
     4     1    19     4     7    17     0     1   -46.0  -36.006  -55.681   1323.4    871.6
     5     1    19     4     7    17     0     1   -46.0  -39.497  -61.270   2986.5    712.8
     1     1    19     4     7    16     0     2   -47.0  -32.767  -56.820     27.5   1006.2
     2     1    19     4     7    16     0     2   -47.0  -33.066  -56.207    977.0    898.0
     3     1    19     4     7    16     0     2   -47.0  -34.067  -55.056   1291.4    858.4
     4     1    19     4     7    16     0     2   -47.0  -36.011  -55.808   1323.4    871.7
     5     1    19     4     7    16     0     2   -47.0  -39.612  -61.829   2996.1    713.0
     1     1    19     4     7    15     0     3   -48.0  -32.778  -56.812     27.5   1006.6
     2     1    19     4     7    15     0     3   -48.0  -33.031  -56.225    977.0    898.2
     3     1    19     4     7    15     0     3   -48.0  -34.079  -55.087   1292.1    858.9
     4     1    19     4     7    15     0     3   -48.0  -36.012  -55.915   1323.4    871.8
     5     1    19     4     7    15     0     3   -48.0  -39.718  -62.387   3017.1    709.5
     1     1    19     4     7    14     0     2   -49.0  -32.797  -56.791     27.5   1006.8
     2     1    19     4     7    14     0     2   -49.0  -32.995  -56.234    985.8    898.2
     3     1    19     4     7    14     0     2   -49.0  -34.089  -55.108   1295.1    859.2
     4     1    19     4     7    14     0     2   -49.0  -36.021  -56.013   1323.4    871.8
     5     1    19     4     7    14     0     2   -49.0  -39.818  -62.948   3042.5    703.7
     1     1    19     4     7    13     0     1   -50.0  -32.825  -56.757     27.5   1007.0
     2     1    19     4     7    13     0     1   -50.0  -32.964  -56.234   1010.8    895.2
     3     1    19     4     7    13     0     1   -50.0  -34.100  -55.118   1303.2    858.6
     4     1    19     4     7    13     0     1   -50.0  -36.045  -56.113   1323.4    871.7
     5     1    19     4     7    13     0     1   -50.0  -39.922  -63.514   3060.1    699.9
     1     1    19     4     7    12     0     0   -51.0  -32.862  -56.708     27.5   1007.1
     2     1    19     4     7    12     0     0   -51.0  -32.938  -56.225   1049.6    890.7
     3     1    19     4     7    12     0     0   -51.0  -34.114  -55.118   1315.7    857.5
     4     1    19     4     7    12     0     0   -51.0  -36.085  -56.214   1323.4    871.7
     5     1    19     4     7    12     0     0   -51.0  -40.032  -64.077   3069.8    698.0
     1     1    19     4     7    11     0     1   -52.0  -32.905  -56.659     27.5   1007.0
     2     1    19     4     7    11     0     1   -52.0  -32.916  -56.214   1086.1    884.8
     3     1    19     4     7    11     0     1   -52.0  -34.129  -55.115   1327.1    855.8
     4     1    19     4     7    11     0     1   -52.0  -36.134  -56.324   1322.4    871.4
     5     1    19     4     7    11     0     1   -52.0  -40.149  -64.650   3084.7    696.5
     1     1    19     4     7    10     0     2   -53.0  -32.951  -56.625     27.5   1007.1
     2     1    19     4     7    10     0     2   -53.0  -32.898  -56.214   1106.9    882.3
     3     1    19     4     7    10     0     2   -53.0  -34.147  -55.120   1333.6    855.2
     4     1    19     4     7    10     0     2   -53.0  -36.185  -56.449   1318.7    871.4
     5     1    19     4     7    10     0     2   -53.0  -40.276  -65.253   3098.5    691.8
     1     1    19     4     7     9     0     3   -54.0  -33.001  -56.605     27.5   1007.2
     2     1    19     4     7     9     0     3   -54.0  -32.883  -56.227   1113.6    881.4
     3     1    19     4     7     9     0     3   -54.0  -34.167  -55.134   1335.9    855.1
     4     1    19     4     7     9     0     3   -54.0  -36.239  -56.588   1311.0    871.8
     5     1    19     4     7     9     0     3   -54.0  -40.414  -65.902   3099.8    681.5
     1     1    19     4     7     8     0     2   -55.0  -33.044  -56.591     27.5   1006.6
     2     1    19     4     7     8     0     2   -55.0  -32.866  -56.238   1113.6    882.1
     3     1    19     4     7     8     0     2   -55.0  -34.187  -55.147   1336.0    855.8
     4     1    19     4     7     8     0     2   -55.0  -36.290  -56.730   1298.9    873.0
     5     1    19     4     7     8     0     2   -55.0  -40.557  -66.606   3079.7    667.3
     1     1    19     4     7     7     0     1   -56.0  -33.073  -56.576     27.5   1006.1
     2     1    19     4     7     7     0     1   -56.0  -32.838  -56.232   1113.6    882.1
     3     1    19     4     7     7     0     1   -56.0  -34.203  -55.149   1335.7    856.2
     4     1    19     4     7     7     0     1   -56.0  -36.336  -56.868   1283.5    874.5
     5     1    19     4     7     7     0     1   -56.0  -40.687  -67.341   3008.9    653.2
     1     1    19     4     7     6     0     0   -57.0  -33.087  -56.558     27.6   1005.7
     2     1    19     4     7     6     0     0   -57.0  -32.799  -56.209   1113.5    881.8
     3     1    19     4     7     6     0     0   -57.0  -34.215  -55.141   1334.9    856.4
     4     1    19     4     7     6     0     0   -57.0  -36.380  -57.005   1266.3    876.3
     5     1    19     4     7     6     0     0   -57.0  -40.787  -68.086   2951.5    648.4
     1     1    19     4     7     5     0     1   -58.0  -33.096  -56.533     27.6   1005.6
     2     1    19     4     7     5     0     1   -58.0  -32.761  -56.168   1113.2    881.5
     3     1    19     4     7     5     0     1   -58.0  -34.231  -55.128   1334.2    856.8
     4     1    19     4     7     5     0     1   -58.0  -36.423  -57.144   1249.7    877.9
     5     1    19     4     7     5     0     1   -58.0  -40.856  -68.848   2949.5    639.8
     1     1    19     4     7     4     0     2   -59.0  -33.105  -56.500     27.6   1005.5
     2     1    19     4     7     4     0     2   -59.0  -32.734  -56.109   1112.8    881.2
     3     1    19     4     7     4     0     2   -59.0  -34.257  -55.116   1333.9    857.2
     4     1    19     4     7     4     0     2   -59.0  -36.464  -57.290   1235.7    879.0
     5     1    19     4     7     4     0     2   -59.0  -40.904  -69.624   2940.6    630.0
     1     1    19     4     7     3     0     3   -60.0  -33.115  -56.456     27.6   1005.3
     2     1    19     4     7     3     0     3   -60.0  -32.721  -56.031   1112.4    880.7
     3     1    19     4     7     3     0     3   -60.0  -34.294  -55.106   1334.1    857.9
     4     1    19     4     7     3     0     3   -60.0  -36.506  -57.442   1224.0    880.0
     5     1    19     4     7     3     0     3   -60.0  -40.930  -70.388   2874.4    634.3
     1     1    19     4     7     2     0     2   -61.0  -33.128  -56.407     27.5   1005.0
     2     1    19     4     7     2     0     2   -61.0  -32.716  -55.938   1112.1    880.2
     3     1    19     4     7     2     0     2   -61.0  -34.334  -55.105   1335.4    858.5
     4     1    19     4     7     2     0     2   -61.0  -36.550  -57.607   1215.2    880.7
     5     1    19     4     7     2     0     2   -61.0  -40.932  -71.152   2887.7    636.8
     1     1    19     4     7     1     0     1   -62.0  -33.147  -56.359     27.4   1004.7
     2     1    19     4     7     1     0     1   -62.0  -32.710  -55.836   1113.0    879.5
     3     1    19     4     7     1     0     1   -62.0  -34.369  -55.118   1338.3    859.0
     4     1    19     4     7     1     0     1   -62.0  -36.601  -57.789   1209.6    881.1
     5     1    19     4     7     1     0     1   -62.0  -40.939  -71.959   2967.0    632.6
     1     1    19     4     7     0     0     0   -63.0  -33.174  -56.315     27.2   1004.5
     2     1    19     4     7     0     0     0   -63.0  -32.702  -55.724   1117.0    878.4
     3     1    19     4     7     0     0     0   -63.0  -34.399  -55.144   1342.3    859.3
     4     1    19     4     7     0     0     0   -63.0  -36.660  -57.987   1207.5    881.1
     5     1    19     4     7     0     0     0   -63.0  -40.950  -72.715   3115.4    668.1
     1     1    19     4     6    23     0     1   -64.0  -33.201  -56.279     26.9   1003.8
     2     1    19     4     6    23     0     1   -64.0  -32.699  -55.613   1129.9    876.4
     3     1    19     4     6    23     0     1   -64.0  -34.424  -55.178   1353.7    858.7
     4     1    19     4     6    23     0     1   -64.0  -36.712  -58.198   1214.7    878.8
     5     1    19     4     6    23     0     1   -64.0  -40.945  -73.333   3174.1    686.9
     1     1    19     4     6    22     0     2   -65.0  -33.222  -56.251     26.7   1003.3
     2     1    19     4     6    22     0     2   -65.0  -32.706  -55.515   1153.4    873.5
     3     1    19     4     6    22     0     2   -65.0  -34.443  -55.213   1377.2    857.0
     4     1    19     4     6    22     0     2   -65.0  -36.744  -58.423   1236.4    875.0
     5     1    19     4     6    22     0     2   -65.0  -40.935  -73.921   3192.4    692.0
     1     1    19     4     6    21     0     3   -66.0  -33.236  -56.231     26.6   1002.8
     2     1    19     4     6    21     0     3   -66.0  -32.724  -55.428   1184.2    869.3
     3     1    19     4     6    21     0     3   -66.0  -34.455  -55.249   1409.6    853.7
     4     1    19     4     6    21     0     3   -66.0  -36.762  -58.665   1271.9    869.0
     5     1    19     4     6    21     0     3   -66.0  -40.926  -74.499   3180.7    693.5
     1     1    19     4     6    20     0     2   -67.0  -33.247  -56.216     26.6   1003.2
     2     1    19     4     6    20     0     2   -67.0  -32.748  -55.352   1207.0    865.0
     3     1    19     4     6    20     0     2   -67.0  -34.461  -55.283   1439.0    850.3
     4     1    19     4     6    20     0     2   -67.0  -36.776  -58.918   1311.6    862.1
     5     1    19     4     6    20     0     2   -67.0  -40.918  -75.066   3146.1    698.7
     1     1    19     4     6    19     0     1   -68.0  -33.258  -56.207     26.5   1003.6
     2     1    19     4     6    19     0     1   -68.0  -32.775  -55.284   1208.2    864.6
     3     1    19     4     6    19     0     1   -68.0  -34.460  -55.317   1457.5    849.1
     4     1    19     4     6    19     0     1   -68.0  -36.789  -59.174   1342.2    857.1
     5     1    19     4     6    19     0     1   -68.0  -40.909  -75.624   3122.3    702.5
     1     1    19     4     6    18     0     0   -69.0  -33.268  -56.202     26.5   1003.9
     2     1    19     4     6    18     0     0   -69.0  -32.810  -55.224   1187.5    866.4
     3     1    19     4     6    18     0     0   -69.0  -34.451  -55.350   1466.9    848.6
     4     1    19     4     6    18     0     0   -69.0  -36.793  -59.433   1360.2    854.0
     5     1    19     4     6    18     0     0   -69.0  -40.900  -76.183   3118.8    701.9
     1     1    19     4     6    17     0     1   -70.0  -33.273  -56.191     26.5   1004.3
     2     1    19     4     6    17     0     1   -70.0  -32.846  -55.164   1159.1    870.3
     3     1    19     4     6    17     0     1   -70.0  -34.437  -55.373   1470.9    848.5
     4     1    19     4     6    17     0     1   -70.0  -36.780  -59.689   1369.6    852.3
     5     1    19     4     6    17     0     1   -70.0  -40.883  -76.745   3119.8    701.4
     1     1    19     4     6    16     0     2   -71.0  -33.270  -56.165     26.5   1004.5
     2     1    19     4     6    16     0     2   -71.0  -32.876  -55.096   1139.7    871.7
     3     1    19     4     6    16     0     2   -71.0  -34.424  -55.379   1473.0    848.2
     4     1    19     4     6    16     0     2   -71.0  -36.746  -59.936   1374.9    850.9
     5     1    19     4     6    16     0     2   -71.0  -40.859  -77.306   3121.4    701.3
     1     1    19     4     6    15     0     3   -72.0  -33.258  -56.123     26.5   1004.6
     2     1    19     4     6    15     0     3   -72.0  -32.902  -55.020   1132.4    871.7
     3     1    19     4     6    15     0     3   -72.0  -34.411  -55.368   1473.3    848.0
     4     1    19     4     6    15     0     3   -72.0  -36.693  -60.176   1377.2    851.3
     5     1    19     4     6    15     0     3   -72.0  -40.829  -77.858   3123.2    701.2
