     7     1
    GDAS    19    12    29     0     0
    GDAS    20     1     1     0     0
    GDAS    20     1     8     0     0
    GDAS    20     1    15     0     0
    GDAS    20     1    22     0     0
    GDAS    20     1    29     0     0
    GDAS    20     2     1     0     0
     5 BACKWARD OMEGA   
    20     1    11     9  -34.572  -58.513    10.0
    20     1    11     9  -34.572  -58.513   200.0
    20     1    11     9  -34.572  -58.513   500.0
    20     1    11     9  -34.572  -58.513  1000.0
    20     1    11     9  -34.572  -58.513  2000.0
     1 PRESSURE
     1     1    20     1    11     9     0     3     0.0  -34.572  -58.513     10.0   1007.7
     2     1    20     1    11     9     0     3     0.0  -34.572  -58.513    200.0    985.9
     3     1    20     1    11     9     0     3     0.0  -34.572  -58.513    500.0    952.1
     4     1    20     1    11     9     0     3     0.0  -34.572  -58.513   1000.0    898.3
     5     1    20     1    11     9     0     3     0.0  -34.572  -58.513   2000.0    798.0
     1     1    20     1    11     8     0     2    -1.0  -34.597  -58.440     10.2   1007.4
     2     1    20     1    11     8     0     2    -1.0  -34.584  -58.388    202.2    984.4
     3     1    20     1    11     8     0     2    -1.0  -34.553  -58.451    494.9    951.0
     4     1    20     1    11     8     0     2    -1.0  -34.590  -58.553   1001.8    898.0
     5     1    20     1    11     8     0     2    -1.0  -34.761  -58.756   2021.9    797.3
     1     1    20     1    11     7     0     1    -2.0  -34.626  -58.370     10.2   1007.2
     2     1    20     1    11     7     0     1    -2.0  -34.606  -58.250    187.9    985.5
     3     1    20     1    11     7     0     1    -2.0  -34.547  -58.363    461.6    954.1
     4     1    20     1    11     7     0     1    -2.0  -34.617  -58.579    996.9    899.0
     5     1    20     1    11     7     0     1    -2.0  -34.950  -59.027   2037.1    795.9
     1     1    20     1    11     6     0     0    -3.0  -34.659  -58.299     10.2   1006.9
     2     1    20     1    11     6     0     0    -3.0  -34.638  -58.108    159.0    988.9
     3     1    20     1    11     6     0     0    -3.0  -34.553  -58.241    394.7    961.1
     4     1    20     1    11     6     0     0    -3.0  -34.650  -58.592    987.5    900.4
     5     1    20     1    11     6     0     0    -3.0  -35.141  -59.339   2030.2    795.7
     1     1    20     1    11     5     0     1    -4.0  -34.703  -58.227     10.0   1007.2
     2     1    20     1    11     5     0     1    -4.0  -34.692  -57.964    131.5    993.9
     3     1    20     1    11     5     0     1    -4.0  -34.590  -58.088    325.0    971.7
     4     1    20     1    11     5     0     1    -4.0  -34.702  -58.590    966.2    902.1
     5     1    20     1    11     5     0     1    -4.0  -35.320  -59.655   2031.6    797.6
     1     1    20     1    11     4     0     2    -5.0  -34.769  -58.150      9.3   1007.6
     2     1    20     1    11     4     0     2    -5.0  -34.795  -57.810    113.6    996.3
     3     1    20     1    11     4     0     2    -5.0  -34.677  -57.907    278.3    977.4
     4     1    20     1    11     4     0     2    -5.0  -34.786  -58.566    919.2    906.9
     5     1    20     1    11     4     0     2    -5.0  -35.485  -59.963   2094.7    791.3
     1     1    20     1    11     3     0     3    -6.0  -34.862  -58.065      7.6   1008.0
     2     1    20     1    11     3     0     3    -6.0  -34.962  -57.642     98.2    999.3
     3     1    20     1    11     3     0     3    -6.0  -34.832  -57.704    243.6    981.8
     4     1    20     1    11     3     0     3    -6.0  -34.899  -58.515    830.9    916.0
     5     1    20     1    11     3     0     3    -6.0  -35.644  -60.312   2222.8    775.3
     1     1    20     1    11     2     0     2    -7.0  -34.968  -57.987      4.6   1007.5
     2     1    20     1    11     2     0     2    -7.0  -35.154  -57.483     86.5   1001.4
     3     1    20     1    11     2     0     2    -7.0  -35.023  -57.528    213.6    987.1
     4     1    20     1    11     2     0     2    -7.0  -35.034  -58.452    730.8    930.7
     5     1    20     1    11     2     0     2    -7.0  -35.804  -60.725   2327.6    758.1
     1     1    20     1    11     1     0     1    -8.0  -35.056  -57.934      1.0   1007.1
     2     1    20     1    11     1     0     1    -8.0  -35.314  -57.351     80.0   1001.4
     3     1    20     1    11     1     0     1    -8.0  -35.194  -57.403    192.7    989.4
     4     1    20     1    11     1     0     1    -8.0  -35.191  -58.406    663.7    938.9
     5     1    20     1    11     1     0     1    -8.0  -35.979  -61.169   2369.5    755.9
     1     1    20     1    11     0     0     0    -9.0  -35.124  -57.905      0.0   1006.4
     2     1    20     1    11     0     0     0    -9.0  -35.454  -57.242     72.4   1001.6
     3     1    20     1    11     0     0     0    -9.0  -35.339  -57.313    177.3    990.0
     4     1    20     1    11     0     0     0    -9.0  -35.380  -58.389    633.5    941.4
     5     1    20     1    11     0     0     0    -9.0  -36.154  -61.631   2400.7    754.2
     1     1    20     1    10    23     0     1   -10.0  -35.193  -57.897      0.0   1006.2
     2     1    20     1    10    23     0     1   -10.0  -35.573  -57.153     64.4   1002.6
     3     1    20     1    10    23     0     1   -10.0  -35.468  -57.245    163.0    991.5
     4     1    20     1    10    23     0     1   -10.0  -35.587  -58.410    624.7    940.7
     5     1    20     1    10    23     0     1   -10.0  -36.301  -62.106   2449.5    748.8
     1     1    20     1    10    22     0     2   -11.0  -35.285  -57.909      0.0   1005.9
     2     1    20     1    10    22     0     2   -11.0  -35.646  -57.090     59.2   1003.0
     3     1    20     1    10    22     0     2   -11.0  -35.570  -57.203    153.6    992.3
     4     1    20     1    10    22     0     2   -11.0  -35.786  -58.478    634.0    940.4
     5     1    20     1    10    22     0     2   -11.0  -36.428  -62.582   2529.8    741.7
     1     1    20     1    10    21     0     3   -12.0  -35.393  -57.951      0.0   1005.2
     2     1    20     1    10    21     0     3   -12.0  -35.644  -57.065     57.5   1002.7
     3     1    20     1    10    21     0     3   -12.0  -35.621  -57.213    151.2    992.1
     4     1    20     1    10    21     0     3   -12.0  -35.958  -58.613    666.9    936.1
     5     1    20     1    10    21     0     3   -12.0  -36.554  -63.062   2645.6    729.8
     1     1    20     1    10    20     0     2   -13.0  -35.511  -58.023      0.0   1005.9
     2     1    20     1    10    20     0     2   -13.0  -35.611  -57.045     59.7   1002.8
     3     1    20     1    10    20     0     2   -13.0  -35.649  -57.247    153.7    991.8
     4     1    20     1    10    20     0     2   -13.0  -36.106  -58.805    699.6    930.4
     5     1    20     1    10    20     0     2   -13.0  -36.683  -63.574   2765.5    715.7
     1     1    20     1    10    19     0     1   -14.0  -35.624  -58.117      0.0   1006.8
     2     1    20     1    10    19     0     1   -14.0  -35.579  -56.994     66.8   1002.3
     3     1    20     1    10    19     0     1   -14.0  -35.676  -57.273    159.1    991.4
     4     1    20     1    10    19     0     1   -14.0  -36.241  -59.043    736.7    926.2
     5     1    20     1    10    19     0     1   -14.0  -36.814  -64.135   2864.3    704.3
     1     1    20     1    10    18     0     0   -15.0  -35.729  -58.235      0.0   1007.8
     2     1    20     1    10    18     0     0   -15.0  -35.556  -56.923     80.8   1000.9
     3     1    20     1    10    18     0     0   -15.0  -35.698  -57.291    166.7    990.8
     4     1    20     1    10    18     0     0   -15.0  -36.369  -59.338    802.3    916.1
     5     1    20     1    10    18     0     0   -15.0  -36.959  -64.746   2946.7    688.4
     1     1    20     1    10    17     0     1   -16.0  -35.820  -58.364      0.6   1007.5
     2     1    20     1    10    17     0     1   -16.0  -35.542  -56.858    100.3    998.5
     3     1    20     1    10    17     0     1   -16.0  -35.713  -57.307    178.4    989.9
     4     1    20     1    10    17     0     1   -16.0  -36.496  -59.661    883.2    900.7
     5     1    20     1    10    17     0     1   -16.0  -37.099  -65.398   3010.9    678.2
     1     1    20     1    10    16     0     2   -17.0  -35.897  -58.483      2.0   1007.1
     2     1    20     1    10    16     0     2   -17.0  -35.525  -56.807    123.2    996.4
     3     1    20     1    10    16     0     2   -17.0  -35.720  -57.327    197.3    988.1
     4     1    20     1    10    16     0     2   -17.0  -36.623  -59.984    960.9    887.5
     5     1    20     1    10    16     0     2   -17.0  -37.209  -66.055   3053.6    680.9
     1     1    20     1    10    15     0     3   -18.0  -35.963  -58.589      3.8   1006.7
     2     1    20     1    10    15     0     3   -18.0  -35.497  -56.757    149.6    993.8
     3     1    20     1    10    15     0     3   -18.0  -35.717  -57.348    226.6    985.3
     4     1    20     1    10    15     0     3   -18.0  -36.747  -60.306   1045.7    878.9
     5     1    20     1    10    15     0     3   -18.0  -37.287  -66.706   3134.2    675.7
     1     1    20     1    10    14     0     2   -19.0  -36.011  -58.671      5.2   1006.7
     2     1    20     1    10    14     0     2   -19.0  -35.448  -56.676    176.6    989.9
     3     1    20     1    10    14     0     2   -19.0  -35.689  -57.338    252.6    981.0
     4     1    20     1    10    14     0     2   -19.0  -36.869  -60.639   1114.5    869.9
     5     1    20     1    10    14     0     2   -19.0  -37.350  -67.364   3236.6    654.1
     1     1    20     1    10    13     0     1   -20.0  -36.039  -58.723      5.5   1006.7
     2     1    20     1    10    13     0     1   -20.0  -35.376  -56.528    200.4    987.1
     3     1    20     1    10    13     0     1   -20.0  -35.623  -57.260    260.0    980.2
     4     1    20     1    10    13     0     1   -20.0  -36.986  -60.989   1169.3    868.2
     5     1    20     1    10    13     0     1   -20.0  -37.411  -68.022   3298.9    636.4
     1     1    20     1    10    12     0     0   -21.0  -36.046  -58.743      4.6   1007.0
     2     1    20     1    10    12     0     0   -21.0  -35.286  -56.302    219.6    984.8
     3     1    20     1    10    12     0     0   -21.0  -35.521  -57.102    259.7    980.9
     4     1    20     1    10    12     0     0   -21.0  -37.087  -61.370   1241.6    859.3
     5     1    20     1    10    12     0     0   -21.0  -37.472  -68.667   3245.0    621.8
     1     1    20     1    10    11     0     1   -22.0  -36.031  -58.735      3.3   1006.8
     2     1    20     1    10    11     0     1   -22.0  -35.203  -56.015    230.2    983.3
     3     1    20     1    10    11     0     1   -22.0  -35.419  -56.879    270.5    980.7
     4     1    20     1    10    11     0     1   -22.0  -37.176  -61.787   1354.5    845.7
     5     1    20     1    10    11     0     1   -22.0  -37.521  -69.307   3110.6    619.4
     1     1    20     1    10    10     0     2   -23.0  -35.985  -58.699      2.4   1006.9
     2     1    20     1    10    10     0     2   -23.0  -35.149  -55.704    231.9    983.2
     3     1    20     1    10    10     0     2   -23.0  -35.343  -56.622    289.5    977.0
     4     1    20     1    10    10     0     2   -23.0  -37.245  -62.241   1493.4    826.9
     5     1    20     1    10    10     0     2   -23.0  -37.540  -69.978   3053.1    593.5
     1     1    20     1    10     9     0     3   -24.0  -35.913  -58.635      2.1   1006.9
     2     1    20     1    10     9     0     3   -24.0  -35.125  -55.386    229.5    983.7
     3     1    20     1    10     9     0     3   -24.0  -35.295  -56.333    302.4    974.8
     4     1    20     1    10     9     0     3   -24.0  -37.280  -62.719   1556.5    816.0
     5     1    20     1    10     9     0     3   -24.0  -37.541  -70.691   3041.5    562.0
     1     1    20     1    10     8     0     2   -25.0  -35.844  -58.550      2.2   1007.5
     2     1    20     1    10     8     0     2   -25.0  -35.126  -55.071    230.3    984.1
     3     1    20     1    10     8     0     2   -25.0  -35.271  -56.018    310.1    974.5
     4     1    20     1    10     8     0     2   -25.0  -37.309  -63.158   1535.1    826.1
     5     1    20     1    10     8     0     2   -25.0  -37.505  -71.363   3075.8    593.9
     1     1    20     1    10     7     0     1   -26.0  -35.798  -58.451      2.4   1008.0
     2     1    20     1    10     7     0     1   -26.0  -35.160  -54.760    239.2    983.2
     3     1    20     1    10     7     0     1   -26.0  -35.272  -55.693    323.5    973.5
     4     1    20     1    10     7     0     1   -26.0  -37.354  -63.551   1512.4    831.2
     5     1    20     1    10     7     0     1   -26.0  -37.412  -71.895   3148.4    643.9
     1     1    20     1    10     6     0     0   -27.0  -35.773  -58.341      2.3   1008.5
     2     1    20     1    10     6     0     0   -27.0  -35.232  -54.459    259.9    981.4
     3     1    20     1    10     6     0     0   -27.0  -35.300  -55.370    348.0    970.7
     4     1    20     1    10     6     0     0   -27.0  -37.398  -63.900   1489.0    832.1
     5     1    20     1    10     6     0     0   -27.0  -37.280  -72.319   3121.8    666.8
     1     1    20     1    10     5     0     1   -28.0  -35.766  -58.220      2.2   1008.7
     2     1    20     1    10     5     0     1   -28.0  -35.340  -54.174    285.9    977.4
     3     1    20     1    10     5     0     1   -28.0  -35.356  -55.058    376.2    967.0
     4     1    20     1    10     5     0     1   -28.0  -37.454  -64.206   1451.2    834.2
     5     1    20     1    10     5     0     1   -28.0  -37.153  -72.711   3081.7    680.4
     1     1    20     1    10     4     0     2   -29.0  -35.774  -58.086      2.1   1008.9
     2     1    20     1    10     4     0     2   -29.0  -35.482  -53.910    304.8    974.9
     3     1    20     1    10     4     0     2   -29.0  -35.449  -54.763    401.2    964.5
     4     1    20     1    10     4     0     2   -29.0  -37.534  -64.485   1417.1    834.4
     5     1    20     1    10     4     0     2   -29.0  -37.054  -73.113   3096.9    685.4
     1     1    20     1    10     3     0     3   -30.0  -35.795  -57.934      2.0   1009.1
     2     1    20     1    10     3     0     3   -30.0  -35.667  -53.676    319.8    973.9
     3     1    20     1    10     3     0     3   -30.0  -35.594  -54.491    421.7    962.3
     4     1    20     1    10     3     0     3   -30.0  -37.628  -64.742   1407.8    832.7
     5     1    20     1    10     3     0     3   -30.0  -36.976  -73.515   3134.8    687.1
     1     1    20     1    10     2     0     2   -31.0  -35.832  -57.772      0.5   1008.7
     2     1    20     1    10     2     0     2   -31.0  -35.889  -53.484    340.8    971.7
     3     1    20     1    10     2     0     2   -31.0  -35.786  -54.261    449.5    960.3
     4     1    20     1    10     2     0     2   -31.0  -37.724  -64.989   1121.9    826.8
     5     1    20     1    10     2     0     2   -31.0  -36.928  -73.909   3142.8    692.8
     1     1    20     1    10     1     0     1   -32.0  -35.889  -57.614      0.0   1008.2
     2     1    20     1    10     1     0     1   -32.0  -36.126  -53.342    363.1    967.9
     3     1    20     1    10     1     0     1   -32.0  -36.008  -54.094    495.5    954.4
     4     1    20     1    10     1     0     1   -32.0  -37.976  -65.222    573.9    914.0
     5     1    20     1    10     1     0     1   -32.0  -36.930  -74.317   3139.7    697.4
     1     1    20     1    10     0     0     0   -33.0  -35.972  -57.454      0.0   1007.5
     2     1    20     1    10     0     0     0   -33.0  -36.371  -53.246    385.3    965.9
     3     1    20     1    10     0     0     0   -33.0  -36.248  -54.005    544.9    947.2
     4     1    20     1    10     0     0     0   -33.0  -38.245  -65.436    287.7    979.5
     5     1    20     1    10     0     0     0   -33.0  -36.973  -74.780   3169.5    695.0
     1     1    20     1     9    23     0     1   -34.0  -36.071  -57.276      0.0   1007.2
     2     1    20     1     9    23     0     1   -34.0  -36.627  -53.221    423.3    962.4
     3     1    20     1     9    23     0     1   -34.0  -36.504  -54.007    579.5    942.4
     4     1    20     1     9    23     0     1   -34.0  -38.511  -65.742    183.8    974.6
     5     1    20     1     9    23     0     1   -34.0  -37.034  -75.296   3228.8    688.6
     1     1    20     1     9    22     0     2   -35.0  -36.163  -57.057      0.0   1006.8
     2     1    20     1     9    22     0     2   -35.0  -36.902  -53.307    463.5    955.1
     3     1    20     1     9    22     0     2   -35.0  -36.776  -54.122    578.3    940.8
     4     1    20     1     9    22     0     2   -35.0  -38.740  -66.163    198.8    960.6
     5     1    20     1     9    22     0     2   -35.0  -37.109  -75.834   3291.7    681.8
     1     1    20     1     9    21     0     3   -36.0  -36.257  -56.812      1.5   1006.2
     2     1    20     1     9    21     0     3   -36.0  -37.193  -53.514    474.9    952.7
     3     1    20     1     9    21     0     3   -36.0  -37.062  -54.350    546.4    944.8
     4     1    20     1     9    21     0     3   -36.0  -38.959  -66.715    226.6    951.4
     5     1    20     1     9    21     0     3   -36.0  -37.189  -76.393   3338.1    676.9
     1     1    20     1     9    20     0     2   -37.0  -36.370  -56.619      3.2   1006.5
     2     1    20     1     9    20     0     2   -37.0  -37.472  -53.803    481.8    954.8
     3     1    20     1     9    20     0     2   -37.0  -37.348  -54.641    536.9    949.9
     4     1    20     1     9    20     0     2   -37.0  -39.173  -67.355    281.2    943.6
     5     1    20     1     9    20     0     2   -37.0  -37.273  -76.958   3367.6    675.1
     1     1    20     1     9    19     0     1   -38.0  -36.503  -56.512      3.7   1006.8
     2     1    20     1     9    19     0     1   -38.0  -37.714  -54.155    514.2    951.0
     3     1    20     1     9    19     0     1   -38.0  -37.600  -54.978    566.0    945.3
     4     1    20     1     9    19     0     1   -38.0  -39.356  -68.051    440.0    913.9
     5     1    20     1     9    19     0     1   -38.0  -37.368  -77.509   3399.9    673.4
     1     1    20     1     9    18     0     0   -39.0  -36.649  -56.478      2.6   1007.1
     2     1    20     1     9    18     0     0   -39.0  -37.921  -54.572    574.8    944.0
     3     1    20     1     9    18     0     0   -39.0  -37.819  -55.361    631.3    939.2
     4     1    20     1     9    18     0     0   -39.0  -39.482  -68.794    643.4    867.0
     5     1    20     1     9    18     0     0   -39.0  -37.475  -78.056   3435.0    669.6
     1     1    20     1     9    17     0     1   -40.0  -36.802  -56.515      0.3   1006.8
     2     1    20     1     9    17     0     1   -40.0  -38.102  -55.020    660.1    934.0
     3     1    20     1     9    17     0     1   -40.0  -38.008  -55.796    721.8    926.2
     4     1    20     1     9    17     0     1   -40.0  -39.544  -69.544    873.6    840.3
     5     1    20     1     9    17     0     1   -40.0  -37.618  -78.600   3473.8    667.0
     1     1    20     1     9    16     0     2   -41.0  -36.955  -56.619      0.0   1006.5
     2     1    20     1     9    16     0     2   -41.0  -38.252  -55.480    751.7    921.5
     3     1    20     1     9    16     0     2   -41.0  -38.163  -56.263    801.1    915.6
     4     1    20     1     9    16     0     2   -41.0  -39.554  -70.311   1151.8    790.0
     5     1    20     1     9    16     0     2   -41.0  -37.823  -79.148   3528.8    662.2
     1     1    20     1     9    15     0     3   -42.0  -37.088  -56.774      0.1   1006.2
     2     1    20     1     9    15     0     3   -42.0  -38.382  -55.942    818.9    913.6
     3     1    20     1     9    15     0     3   -42.0  -38.301  -56.732    872.7    909.3
     4     1    20     1     9    15     0     3   -42.0  -39.488  -71.168   1272.7    755.9
     5     1    20     1     9    15     0     3   -42.0  -38.065  -79.739   3600.7    655.2
     1     1    20     1     9    14     0     2   -43.0  -37.195  -56.951      1.1   1006.4
     2     1    20     1     9    14     0     2   -43.0  -38.524  -56.413    857.1    910.1
     3     1    20     1     9    14     0     2   -43.0  -38.441  -57.216    923.4    900.3
     4     1    20     1     9    14     0     2   -43.0  -39.381  -71.883   1125.9    797.8
     5     1    20     1     9    14     0     2   -43.0  -38.335  -80.352   3676.2    648.6
     1     1    20     1     9    13     0     1   -44.0  -37.290  -57.133      1.9   1006.1
     2     1    20     1     9    13     0     1   -44.0  -38.679  -56.908    875.3    907.8
     3     1    20     1     9    13     0     1   -44.0  -38.580  -57.712    918.0    898.8
     4     1    20     1     9    13     0     1   -44.0  -39.259  -72.349    801.0    870.4
     5     1    20     1     9    13     0     1   -44.0  -38.654  -80.962   3727.5    644.1
     1     1    20     1     9    12     0     0   -45.0  -37.385  -57.331      2.5   1005.1
     2     1    20     1     9    12     0     0   -45.0  -38.855  -57.419    869.6    907.0
     3     1    20     1     9    12     0     0   -45.0  -38.738  -58.227    905.9    901.1
     4     1    20     1     9    12     0     0   -45.0  -39.128  -72.676    573.9    925.7
     5     1    20     1     9    12     0     0   -45.0  -38.999  -81.616   3769.6    641.6
     1     1    20     1     9    11     0     1   -46.0  -37.471  -57.512      3.3   1002.4
     2     1    20     1     9    11     0     1   -46.0  -39.027  -57.953    845.5    909.1
     3     1    20     1     9    11     0     1   -46.0  -38.915  -58.764    881.8    904.1
     4     1    20     1     9    11     0     1   -46.0  -38.999  -72.918    403.6    956.5
     5     1    20     1     9    11     0     1   -46.0  -39.361  -82.289   3826.0    636.1
     1     1    20     1     9    10     0     2   -47.0  -37.532  -57.638      4.9    999.8
     2     1    20     1     9    10     0     2   -47.0  -39.195  -58.528    807.6    913.7
     3     1    20     1     9    10     0     2   -47.0  -39.109  -59.321    863.8    910.7
     4     1    20     1     9    10     0     2   -47.0  -38.884  -73.093    277.5    976.7
     5     1    20     1     9    10     0     2   -47.0  -39.752  -82.948   3860.5    630.8
     1     1    20     1     9     9     0     3   -48.0  -37.557  -57.703      7.1    997.6
     2     1    20     1     9     9     0     3   -48.0  -39.395  -59.117    782.6    917.0
     3     1    20     1     9     9     0     3   -48.0  -39.317  -59.861    866.7    907.3
     4     1    20     1     9     9     0     3   -48.0  -38.785  -73.259    209.2    983.4
     5     1    20     1     9     9     0     3   -48.0  -40.178  -83.639   3865.4    631.6
     1     1    20     1     9     8     0     2   -49.0  -37.571  -57.721      9.2    997.3
     2     1    20     1     9     8     0     2   -49.0  -39.601  -59.709    762.5    917.0
     3     1    20     1     9     8     0     2   -49.0  -39.526  -60.413    858.4    906.8
     4     1    20     1     9     8     0     2   -49.0  -38.699  -73.450    181.5    987.2
     5     1    20     1     9     8     0     2   -49.0  -40.639  -84.346   3883.2    631.7
     1     1    20     1     9     7     0     1   -50.0  -37.596  -57.707     10.6    997.0
     2     1    20     1     9     7     0     1   -50.0  -39.789  -60.349    726.6    919.6
     3     1    20     1     9     7     0     1   -50.0  -39.736  -61.025    839.2    909.2
     4     1    20     1     9     7     0     1   -50.0  -38.618  -73.684    177.5    989.6
     5     1    20     1     9     7     0     1   -50.0  -41.139  -85.053   3911.3    627.5
     1     1    20     1     9     6     0     0   -51.0  -37.635  -57.655     11.2    996.9
     2     1    20     1     9     6     0     0   -51.0  -40.012  -61.041    703.0    925.7
     3     1    20     1     9     6     0     0   -51.0  -39.977  -61.686    846.6    910.4
     4     1    20     1     9     6     0     0   -51.0  -38.545  -73.971    177.1    994.6
     5     1    20     1     9     6     0     0   -51.0  -41.672  -85.781   3935.0    626.1
     1     1    20     1     9     5     0     1   -52.0  -37.670  -57.563     10.9    997.5
     2     1    20     1     9     5     0     1   -52.0  -40.229  -61.763    702.2    922.8
     3     1    20     1     9     5     0     1   -52.0  -40.220  -62.430    888.5    904.0
     4     1    20     1     9     5     0     1   -52.0  -38.484  -74.281    173.0    996.3
     5     1    20     1     9     5     0     1   -52.0  -42.251  -86.527   3963.6    624.1
     1     1    20     1     9     4     0     2   -53.0  -37.678  -57.432      9.8    999.2
     2     1    20     1     9     4     0     2   -53.0  -40.415  -62.561    720.0    923.3
     3     1    20     1     9     4     0     2   -53.0  -40.451  -63.263    974.0    892.7
     4     1    20     1     9     4     0     2   -53.0  -38.446  -74.582    169.1    997.1
     5     1    20     1     9     4     0     2   -53.0  -42.898  -87.278   3981.8    621.1
     1     1    20     1     9     3     0     3   -54.0  -37.660  -57.259      8.7   1001.5
     2     1    20     1     9     3     0     3   -54.0  -40.638  -63.445    822.3    908.5
     3     1    20     1     9     3     0     3   -54.0  -40.691  -64.084   1072.2    881.5
     4     1    20     1     9     3     0     3   -54.0  -38.445  -74.883    165.3    997.8
     5     1    20     1     9     3     0     3   -54.0  -43.603  -88.058   3972.3    622.7
     1     1    20     1     9     2     0     2   -55.0  -37.616  -57.104      8.2   1002.5
     2     1    20     1     9     2     0     2   -55.0  -40.834  -64.325    849.3    904.4
     3     1    20     1     9     2     0     2   -55.0  -40.901  -64.899   1203.6    869.9
     4     1    20     1     9     2     0     2   -55.0  -38.481  -75.199    160.4    997.9
     5     1    20     1     9     2     0     2   -55.0  -44.336  -88.887   3955.4    624.1
     1     1    20     1     9     1     0     1   -56.0  -37.532  -57.046      8.1   1002.4
     2     1    20     1     9     1     0     1   -56.0  -40.995  -65.210    955.1    890.4
     3     1    20     1     9     1     0     1   -56.0  -41.067  -65.803   1463.0    814.6
     4     1    20     1     9     1     0     1   -56.0  -38.535  -75.540    155.6    998.1
     5     1    20     1     9     1     0     1   -56.0  -45.077  -89.728   3955.9    622.8
     1     1    20     1     9     0     0     0   -57.0  -37.408  -57.068      8.2   1001.4
     2     1    20     1     9     0     0     0   -57.0  -41.131  -66.184   1302.3    815.3
     3     1    20     1     9     0     0     0   -57.0  -41.168  -66.899   1853.9    732.2
     4     1    20     1     9     0     0     0   -57.0  -38.608  -75.914    153.0    998.0
     5     1    20     1     9     0     0     0   -57.0  -45.847  -90.603   3952.8    623.2
     1     1    20     1     8    23     0     1   -58.0  -37.263  -57.098      7.9   1001.7
     2     1    20     1     8    23     0     1   -58.0  -41.195  -67.308   1679.0    737.2
     3     1    20     1     8    23     0     1   -58.0  -41.193  -68.152   2283.4    668.2
     4     1    20     1     8    23     0     1   -58.0  -38.700  -76.319    152.9    997.7
     5     1    20     1     8    23     0     1   -58.0  -46.638  -91.537   3968.0    621.4
     1     1    20     1     8    22     0     2   -59.0  -37.101  -57.101      7.1   1002.5
     2     1    20     1     8    22     0     2   -59.0  -41.163  -68.523   1898.6    688.5
     3     1    20     1     8    22     0     2   -59.0  -41.103  -69.463   2276.1    657.5
     4     1    20     1     8    22     0     2   -59.0  -38.802  -76.739    152.9    997.6
     5     1    20     1     8    22     0     2   -59.0  -47.423  -92.476   3958.1    621.9
     1     1    20     1     8    21     0     3   -60.0  -36.924  -57.096      7.0   1003.5
     2     1    20     1     8    21     0     3   -60.0  -41.020  -69.752   1592.0    723.7
     3     1    20     1     8    21     0     3   -60.0  -40.914  -70.792   2518.7    647.5
     4     1    20     1     8    21     0     3   -60.0  -38.907  -77.168    152.9    997.5
     5     1    20     1     8    21     0     3   -60.0  -48.188  -93.422   3948.9    623.3
     1     1    20     1     8    20     0     2   -61.0  -36.732  -57.102      7.5   1003.2
     2     1    20     1     8    20     0     2   -61.0  -40.795  -71.003   1786.2    714.7
     3     1    20     1     8    20     0     2   -61.0  -40.740  -72.005   2778.1    615.5
     4     1    20     1     8    20     0     2   -61.0  -39.020  -77.605    152.9    997.1
     5     1    20     1     8    20     0     2   -61.0  -48.940  -94.404   3954.0    622.0
     1     1    20     1     8    19     0     1   -62.0  -36.526  -57.118      8.3   1003.2
     2     1    20     1     8    19     0     1   -62.0  -40.542  -72.107   1775.1    712.6
     3     1    20     1     8    19     0     1   -62.0  -40.546  -72.906   2626.2    707.6
     4     1    20     1     8    19     0     1   -62.0  -39.149  -78.053    152.7    996.7
     5     1    20     1     8    19     0     1   -62.0  -49.679  -95.395   3949.1    621.9
     1     1    20     1     8    18     0     0   -63.0  -36.295  -57.135     10.1   1003.7
     2     1    20     1     8    18     0     0   -63.0  -40.360  -72.918   1503.0    816.9
     3     1    20     1     8    18     0     0   -63.0  -40.400  -73.641   2507.1    731.7
     4     1    20     1     8    18     0     0   -63.0  -39.299  -78.508    152.1    996.3
     5     1    20     1     8    18     0     0   -63.0  -50.423  -96.440   3937.8    623.0
     1     1    20     1     8    17     0     1   -64.0  -36.033  -57.135     14.4   1004.4
     2     1    20     1     8    17     0     1   -64.0  -40.235  -73.598   1439.2    837.8
     3     1    20     1     8    17     0     1   -64.0  -40.296  -74.328   2287.2    765.1
     4     1    20     1     8    17     0     1   -64.0  -39.476  -78.968    149.5    996.4
     5     1    20     1     8    17     0     1   -64.0  -51.129  -97.522   3930.8    623.5
     1     1    20     1     8    16     0     2   -65.0  -35.768  -57.130     20.2   1004.2
     2     1    20     1     8    16     0     2   -65.0  -40.189  -74.235   1385.2    854.5
     3     1    20     1     8    16     0     2   -65.0  -40.232  -75.007   2202.1    771.6
     4     1    20     1     8    16     0     2   -65.0  -39.680  -79.433    143.3    997.0
     5     1    20     1     8    16     0     2   -65.0  -51.794  -98.609   3915.7    625.1
     1     1    20     1     8    15     0     3   -66.0  -35.530  -57.144     25.5   1004.3
     2     1    20     1     8    15     0     3   -66.0  -40.192  -74.880   1369.7    855.3
     3     1    20     1     8    15     0     3   -66.0  -40.211  -75.675   2164.3    773.3
     4     1    20     1     8    15     0     3   -66.0  -39.915  -79.904    131.8    997.9
     5     1    20     1     8    15     0     3   -66.0  -52.441  -99.733   3919.2    625.4
     1     1    20     1     8    14     0     2   -67.0  -35.314  -57.187     32.8   1003.9
     2     1    20     1     8    14     0     2   -67.0  -40.226  -75.534   1369.4    854.5
     3     1    20     1     8    14     0     2   -67.0  -40.244  -76.328   2113.3    778.3
     4     1    20     1     8    14     0     2   -67.0  -40.172  -80.374    117.8    999.2
     5     1    20     1     8    14     0     2   -67.0  -53.049 -100.925   3929.9    623.8
     1     1    20     1     8    13     0     1   -68.0  -35.104  -57.265     39.3   1003.6
     2     1    20     1     8    13     0     1   -68.0  -40.296  -76.189   1379.6    852.8
     3     1    20     1     8    13     0     1   -68.0  -40.323  -76.985   2064.3    782.8
     4     1    20     1     8    13     0     1   -68.0  -40.448  -80.842    114.3    999.0
     5     1    20     1     8    13     0     1   -68.0  -53.605 -102.166   3914.7    625.0
     1     1    20     1     8    12     0     0   -69.0  -34.894  -57.363     42.4   1002.4
     2     1    20     1     8    12     0     0   -69.0  -40.401  -76.842   1356.6    853.8
     3     1    20     1     8    12     0     0   -69.0  -40.428  -77.654   2070.8    783.5
     4     1    20     1     8    12     0     0   -69.0  -40.745  -81.317    115.7    998.2
     5     1    20     1     8    12     0     0   -69.0  -54.108 -103.471   3920.8    625.2
     1     1    20     1     8    11     0     1   -70.0  -34.685  -57.454     46.6    999.6
     2     1    20     1     8    11     0     1   -70.0  -40.540  -77.491   1340.6    857.7
     3     1    20     1     8    11     0     1   -70.0  -40.578  -78.348   2154.8    771.6
     4     1    20     1     8    11     0     1   -70.0  -41.063  -81.810    117.6    997.3
     5     1    20     1     8    11     0     1   -70.0  -54.532 -104.802   3933.6    623.5
     1     1    20     1     8    10     0     2   -71.0  -34.481  -57.529     55.6    996.5
     2     1    20     1     8    10     0     2   -71.0  -40.721  -78.141   1388.4    849.1
     3     1    20     1     8    10     0     2   -71.0  -40.780  -79.031   2169.0    770.3
     4     1    20     1     8    10     0     2   -71.0  -41.403  -82.323    118.8    996.4
     5     1    20     1     8    10     0     2   -71.0  -54.889 -106.140   3910.5    627.3
     1     1    20     1     8     9     0     3   -72.0  -34.273  -57.593     70.9    991.9
     2     1    20     1     8     9     0     3   -72.0  -40.939  -78.793   1352.6    852.8
     3     1    20     1     8     9     0     3   -72.0  -41.032  -79.696   2145.6    772.2
     4     1    20     1     8     9     0     3   -72.0  -41.755  -82.857    118.6    995.9
     5     1    20     1     8     9     0     3   -72.0  -55.151 -107.534   3941.8    624.5
