     5     1
    GDAS    19     4     1     0     0
    GDAS    19     4     8     0     0
    GDAS    19     4    15     0     0
    GDAS    19     4    22     0     0
    GDAS    19     4    29     0     0
     5 BACKWARD OMEGA   
    19     4    16     9  -34.572  -58.513    10.0
    19     4    16     9  -34.572  -58.513   200.0
    19     4    16     9  -34.572  -58.513   500.0
    19     4    16     9  -34.572  -58.513  1000.0
    19     4    16     9  -34.572  -58.513  2000.0
     1 PRESSURE
     1     1    19     4    16     9     0     3     0.0  -34.572  -58.513     10.0   1017.6
     2     1    19     4    16     9     0     3     0.0  -34.572  -58.513    200.0    994.6
     3     1    19     4    16     9     0     3     0.0  -34.572  -58.513    500.0    959.9
     4     1    19     4    16     9     0     3     0.0  -34.572  -58.513   1000.0    904.3
     5     1    19     4    16     9     0     3     0.0  -34.572  -58.513   2000.0    801.6
     1     1    19     4    16     8     0     2    -1.0  -34.618  -58.436      9.7   1017.8
     2     1    19     4    16     8     0     2    -1.0  -34.619  -58.272    198.2    994.7
     3     1    19     4    16     8     0     2    -1.0  -34.566  -58.214    506.9    958.9
     4     1    19     4    16     8     0     2    -1.0  -34.557  -58.252   1012.5    903.6
     5     1    19     4    16     8     0     2    -1.0  -34.601  -58.351   2041.7    798.9
     1     1    19     4    16     7     0     1    -2.0  -34.670  -58.356      9.3   1018.3
     2     1    19     4    16     7     0     1    -2.0  -34.687  -58.028    191.2    995.6
     3     1    19     4    16     7     0     1    -2.0  -34.582  -57.906    512.9    958.1
     4     1    19     4    16     7     0     1    -2.0  -34.566  -57.978   1041.0    900.5
     5     1    19     4    16     7     0     1    -2.0  -34.658  -58.190   2113.6    792.3
     1     1    19     4    16     6     0     0    -3.0  -34.731  -58.275      8.6   1019.1
     2     1    19     4    16     6     0     0    -3.0  -34.771  -57.792    177.1    998.1
     3     1    19     4    16     6     0     0    -3.0  -34.619  -57.600    516.4    957.6
     4     1    19     4    16     6     0     0    -3.0  -34.601  -57.703   1082.8    895.8
     5     1    19     4    16     6     0     0    -3.0  -34.742  -58.039   2220.2    782.7
     1     1    19     4    16     5     0     1    -4.0  -34.798  -58.193      8.0   1019.5
     2     1    19     4    16     5     0     1    -4.0  -34.856  -57.558    162.8   1001.5
     3     1    19     4    16     5     0     1    -4.0  -34.669  -57.298    518.7    958.0
     4     1    19     4    16     5     0     1    -4.0  -34.652  -57.432   1130.2    890.7
     5     1    19     4    16     5     0     1    -4.0  -34.849  -57.914   2347.8    769.5
     1     1    19     4    16     4     0     2    -5.0  -34.871  -58.109      7.6   1019.9
     2     1    19     4    16     4     0     2    -5.0  -34.938  -57.311    154.6   1003.7
     3     1    19     4    16     4     0     2    -5.0  -34.728  -56.998    523.3    958.1
     4     1    19     4    16     4     0     2    -5.0  -34.715  -57.171   1180.6    886.0
     5     1    19     4    16     4     0     2    -5.0  -34.970  -57.831   2478.3    757.7
     1     1    19     4    16     3     0     3    -6.0  -34.949  -58.024      7.6   1020.4
     2     1    19     4    16     3     0     3    -6.0  -35.017  -57.038    152.1   1005.2
     3     1    19     4    16     3     0     3    -6.0  -34.795  -56.698    533.6    958.6
     4     1    19     4    16     3     0     3    -6.0  -34.788  -56.922   1236.6    881.1
     5     1    19     4    16     3     0     3    -6.0  -35.105  -57.800   2605.9    745.8
     1     1    19     4    16     2     0     2    -7.0  -35.031  -57.932      7.7   1020.9
     2     1    19     4    16     2     0     2    -7.0  -35.097  -56.748    153.1   1005.5
     3     1    19     4    16     2     0     2    -7.0  -34.869  -56.395    551.7    957.6
     4     1    19     4    16     2     0     2    -7.0  -34.873  -56.676   1298.6    875.6
     5     1    19     4    16     2     0     2    -7.0  -35.246  -57.818   2713.8    734.8
     1     1    19     4    16     1     0     1    -8.0  -35.116  -57.821      7.7   1021.4
     2     1    19     4    16     1     0     1    -8.0  -35.181  -56.463    155.4   1005.6
     3     1    19     4    16     1     0     1    -8.0  -34.949  -56.094    575.4    956.2
     4     1    19     4    16     1     0     1    -8.0  -34.976  -56.426   1370.0    870.0
     5     1    19     4    16     1     0     1    -8.0  -35.385  -57.869   2799.0    727.8
     1     1    19     4    16     0     0     0    -9.0  -35.204  -57.680      7.8   1022.5
     2     1    19     4    16     0     0     0    -9.0  -35.265  -56.189    157.1   1005.7
     3     1    19     4    16     0     0     0    -9.0  -35.032  -55.797    597.7    953.7
     4     1    19     4    16     0     0     0    -9.0  -35.107  -56.170   1457.1    861.6
     5     1    19     4    16     0     0     0    -9.0  -35.522  -57.946   2879.9    721.1
     1     1    19     4    15    23     0     1   -10.0  -35.296  -57.494      8.1   1022.7
     2     1    19     4    15    23     0     1   -10.0  -35.359  -55.917    157.5   1005.5
     3     1    19     4    15    23     0     1   -10.0  -35.118  -55.503    607.8    951.9
     4     1    19     4    15    23     0     1   -10.0  -35.270  -55.967   1546.6    850.5
     5     1    19     4    15    23     0     1   -10.0  -35.636  -58.064   2961.8    713.2
     1     1    19     4    15    22     0     2   -11.0  -35.398  -57.247      8.7   1023.1
     2     1    19     4    15    22     0     2   -11.0  -35.476  -55.636    155.8   1005.3
     3     1    19     4    15    22     0     2   -11.0  -35.218  -55.211    602.3    952.3
     4     1    19     4    15    22     0     2   -11.0  -35.458  -55.878   1626.6    841.8
     5     1    19     4    15    22     0     2   -11.0  -35.709  -58.234   3032.3    706.3
     1     1    19     4    15    21     0     3   -12.0  -35.523  -56.942      9.8   1023.7
     2     1    19     4    15    21     0     3   -12.0  -35.628  -55.345    150.3   1005.8
     3     1    19     4    15    21     0     3   -12.0  -35.343  -54.921    585.7    954.2
     4     1    19     4    15    21     0     3   -12.0  -35.663  -55.906   1707.3    834.7
     5     1    19     4    15    21     0     3   -12.0  -35.746  -58.442   3079.6    701.5
     1     1    19     4    15    20     0     2   -13.0  -35.660  -56.627     10.7   1023.6
     2     1    19     4    15    20     0     2   -13.0  -35.816  -55.064    144.4   1007.1
     3     1    19     4    15    20     0     2   -13.0  -35.498  -54.644    574.6    956.8
     4     1    19     4    15    20     0     2   -13.0  -35.872  -56.031   1793.8    825.4
     5     1    19     4    15    20     0     2   -13.0  -35.764  -58.659   3097.2    699.9
     1     1    19     4    15    19     0     1   -14.0  -35.803  -56.339     11.3   1023.6
     2     1    19     4    15    19     0     1   -14.0  -36.035  -54.815    143.8   1007.7
     3     1    19     4    15    19     0     1   -14.0  -35.676  -54.395    583.0    956.0
     4     1    19     4    15    19     0     1   -14.0  -36.077  -56.224   1875.7    817.1
     5     1    19     4    15    19     0     1   -14.0  -35.780  -58.857   3090.5    701.2
     1     1    19     4    15    18     0     0   -15.0  -35.962  -56.078     12.2   1023.6
     2     1    19     4    15    18     0     0   -15.0  -36.278  -54.609    148.9   1006.8
     3     1    19     4    15    18     0     0   -15.0  -35.867  -54.173    613.2    952.7
     4     1    19     4    15    18     0     0   -15.0  -36.269  -56.471   1942.9    809.1
     5     1    19     4    15    18     0     0   -15.0  -35.801  -59.026   3071.6    703.4
     1     1    19     4    15    17     0     1   -16.0  -36.132  -55.846     13.6   1023.1
     2     1    19     4    15    17     0     1   -16.0  -36.532  -54.447    158.8   1005.7
     3     1    19     4    15    17     0     1   -16.0  -36.062  -53.980    659.3    947.0
     4     1    19     4    15    17     0     1   -16.0  -36.446  -56.748   2002.7    804.3
     5     1    19     4    15    17     0     1   -16.0  -35.829  -59.165   3063.2    705.5
     1     1    19     4    15    16     0     2   -17.0  -36.305  -55.646     15.1   1022.7
     2     1    19     4    15    16     0     2   -17.0  -36.789  -54.325    173.5   1003.8
     3     1    19     4    15    16     0     2   -17.0  -36.266  -53.832    707.2    940.5
     4     1    19     4    15    16     0     2   -17.0  -36.609  -57.040   2078.2    797.3
     5     1    19     4    15    16     0     2   -17.0  -35.864  -59.281   3075.9    703.3
     1     1    19     4    15    15     0     3   -18.0  -36.480  -55.478     17.0   1022.3
     2     1    19     4    15    15     0     3   -18.0  -37.048  -54.244    191.1   1001.5
     3     1    19     4    15    15     0     3   -18.0  -36.492  -53.728    750.7    935.7
     4     1    19     4    15    15     0     3   -18.0  -36.760  -57.344   2188.5    787.2
     5     1    19     4    15    15     0     3   -18.0  -35.915  -59.379   3086.5    701.2
     1     1    19     4    15    14     0     2   -19.0  -36.667  -55.324     19.4   1022.0
     2     1    19     4    15    14     0     2   -19.0  -37.316  -54.188    211.5    998.7
     3     1    19     4    15    14     0     2   -19.0  -36.746  -53.653    795.4    930.7
     4     1    19     4    15    14     0     2   -19.0  -36.924  -57.666   2317.0    771.7
     5     1    19     4    15    14     0     2   -19.0  -35.994  -59.491   3183.4    701.0
     1     1    19     4    15    13     0     1   -20.0  -36.878  -55.167     22.1   1021.7
     2     1    19     4    15    13     0     1   -20.0  -37.604  -54.147    235.9    995.4
     3     1    19     4    15    13     0     1   -20.0  -37.032  -53.604    846.8    924.6
     4     1    19     4    15    13     0     1   -20.0  -37.133  -58.019   2417.3    758.3
     5     1    19     4    15    13     0     1   -20.0  -36.103  -59.697   3400.1    676.0
     1     1    19     4    15    12     0     0   -21.0  -37.115  -55.012     25.1   1021.3
     2     1    19     4    15    12     0     0   -21.0  -37.915  -54.124    265.0    991.7
     3     1    19     4    15    12     0     0   -21.0  -37.348  -53.591    911.5    917.4
     4     1    19     4    15    12     0     0   -21.0  -37.380  -58.409   2464.3    748.9
     5     1    19     4    15    12     0     0   -21.0  -36.227  -60.056   3601.3    649.7
     1     1    19     4    15    11     0     1   -22.0  -37.368  -54.889     28.6   1019.4
     2     1    19     4    15    11     0     1   -22.0  -38.237  -54.136    299.4    986.8
     3     1    19     4    15    11     0     1   -22.0  -37.684  -53.635    986.8    907.4
     4     1    19     4    15    11     0     1   -22.0  -37.631  -58.823   2493.4    746.0
     5     1    19     4    15    11     0     1   -22.0  -36.339  -60.530   3620.0    637.7
     1     1    19     4    15    10     0     2   -23.0  -37.629  -54.819     32.6   1017.6
     2     1    19     4    15    10     0     2   -23.0  -38.558  -54.195    340.1    981.3
     3     1    19     4    15    10     0     2   -23.0  -38.025  -53.747   1067.1    898.1
     4     1    19     4    15    10     0     2   -23.0  -37.862  -59.259   2541.3    739.5
     5     1    19     4    15    10     0     2   -23.0  -36.420  -61.029   3459.8    656.3
     1     1    19     4    15     9     0     3   -24.0  -37.895  -54.796     37.3   1015.8
     2     1    19     4    15     9     0     3   -24.0  -38.879  -54.300    387.7    975.4
     3     1    19     4    15     9     0     3   -24.0  -38.369  -53.933   1153.7    888.4
     4     1    19     4    15     9     0     3   -24.0  -38.065  -59.732   2618.9    730.9
     5     1    19     4    15     9     0     3   -24.0  -36.456  -61.537   3282.6    678.7
     1     1    19     4    15     8     0     2   -25.0  -38.162  -54.807     43.0   1015.1
     2     1    19     4    15     8     0     2   -25.0  -39.200  -54.448    440.7    968.7
     3     1    19     4    15     8     0     2   -25.0  -38.708  -54.187   1243.2    877.6
     4     1    19     4    15     8     0     2   -25.0  -38.263  -60.236   2720.2    721.1
     5     1    19     4    15     8     0     2   -25.0  -36.448  -62.045   3158.9    689.3
     1     1    19     4    15     7     0     1   -26.0  -38.421  -54.842     51.2   1014.3
     2     1    19     4    15     7     0     1   -26.0  -39.515  -54.634    496.4    961.1
     3     1    19     4    15     7     0     1   -26.0  -39.033  -54.495   1336.0    867.7
     4     1    19     4    15     7     0     1   -26.0  -38.469  -60.737   2826.3    713.6
     5     1    19     4    15     7     0     1   -26.0  -36.421  -62.533   3067.6    695.8
     1     1    19     4    15     6     0     0   -27.0  -38.670  -54.903     63.5   1012.7
     2     1    19     4    15     6     0     0   -27.0  -39.822  -54.855    553.4    953.8
     3     1    19     4    15     6     0     0   -27.0  -39.345  -54.855   1434.9    856.4
     4     1    19     4    15     6     0     0   -27.0  -38.673  -61.240   2920.7    704.5
     5     1    19     4    15     6     0     0   -27.0  -36.383  -62.999   2977.7    703.3
     1     1    19     4    15     5     0     1   -28.0  -38.921  -54.990     81.5   1009.8
     2     1    19     4    15     5     0     1   -28.0  -40.128  -55.114    609.5    947.0
     3     1    19     4    15     5     0     1   -28.0  -39.648  -55.251   1522.6    845.4
     4     1    19     4    15     5     0     1   -28.0  -38.880  -61.785   2983.7    701.7
     5     1    19     4    15     5     0     1   -28.0  -36.350  -63.448   2897.5    710.2
     1     1    19     4    15     4     0     2   -29.0  -39.184  -55.109    101.8   1006.5
     2     1    19     4    15     4     0     2   -29.0  -40.434  -55.420    662.8    940.3
     3     1    19     4    15     4     0     2   -29.0  -39.939  -55.661   1587.0    838.4
     4     1    19     4    15     4     0     2   -29.0  -39.100  -62.405   3026.0    702.6
     5     1    19     4    15     4     0     2   -29.0  -36.340  -63.891   2854.5    712.0
     1     1    19     4    15     3     0     3   -30.0  -39.459  -55.261    119.7   1003.9
     2     1    19     4    15     3     0     3   -30.0  -40.744  -55.778    714.7    933.8
     3     1    19     4    15     3     0     3   -30.0  -40.223  -56.086   1643.8    833.4
     4     1    19     4    15     3     0     3   -30.0  -39.316  -63.091   3079.0    695.6
     5     1    19     4    15     3     0     3   -30.0  -36.343  -64.327   2853.4    708.0
     1     1    19     4    15     2     0     2   -31.0  -39.737  -55.443    135.1   1002.0
     2     1    19     4    15     2     0     2   -31.0  -41.048  -56.198    769.4    927.3
     3     1    19     4    15     2     0     2   -31.0  -40.498  -56.549   1718.3    826.5
     4     1    19     4    15     2     0     2   -31.0  -39.480  -63.825   3155.7    685.6
     5     1    19     4    15     2     0     2   -31.0  -36.347  -64.769   2887.3    698.2
     1     1    19     4    15     1     0     1   -32.0  -40.006  -55.659    150.2    999.6
     2     1    19     4    15     1     0     1   -32.0  -41.321  -56.673    835.7    920.3
     3     1    19     4    15     1     0     1   -32.0  -40.773  -57.055   1823.6    815.6
     4     1    19     4    15     1     0     1   -32.0  -39.570  -64.583   3216.8    676.6
     5     1    19     4    15     1     0     1   -32.0  -36.330  -65.219   2942.2    689.4
     1     1    19     4    15     0     0     0   -33.0  -40.265  -55.913    165.1    997.1
     2     1    19     4    15     0     0     0   -33.0  -41.568  -57.199    927.4    908.8
     3     1    19     4    15     0     0     0   -33.0  -41.059  -57.592   1953.7    800.3
     4     1    19     4    15     0     0     0   -33.0  -39.606  -65.323   3259.1    668.8
     5     1    19     4    15     0     0     0   -33.0  -36.275  -65.669   3005.7    681.4
     1     1    19     4    14    23     0     1   -34.0  -40.519  -56.215    179.4    994.5
     2     1    19     4    14    23     0     1   -34.0  -41.793  -57.764   1035.4    896.5
     3     1    19     4    14    23     0     1   -34.0  -41.337  -58.193   2094.7    785.8
     4     1    19     4    14    23     0     1   -34.0  -39.613  -66.022   3283.1    661.6
     5     1    19     4    14    23     0     1   -34.0  -36.183  -66.127   3043.9    675.1
     1     1    19     4    14    22     0     2   -35.0  -40.769  -56.573    193.5    991.8
     2     1    19     4    14    22     0     2   -35.0  -41.996  -58.361   1149.4    882.9
     3     1    19     4    14    22     0     2   -35.0  -41.610  -58.879   2228.1    770.6
     4     1    19     4    14    22     0     2   -35.0  -39.615  -66.665   3334.0    658.9
     5     1    19     4    14    22     0     2   -35.0  -36.081  -66.587   3034.0    674.6
     1     1    19     4    14    21     0     3   -36.0  -41.011  -57.000    200.9    989.4
     2     1    19     4    14    21     0     3   -36.0  -42.191  -58.990   1247.5    869.7
     3     1    19     4    14    21     0     3   -36.0  -41.883  -59.636   2322.7    759.2
     4     1    19     4    14    21     0     3   -36.0  -39.633  -67.259   3398.7    642.9
     5     1    19     4    14    21     0     3   -36.0  -35.985  -67.035   3003.3    678.1
     1     1    19     4    14    20     0     2   -37.0  -41.229  -57.479    211.1    988.5
     2     1    19     4    14    20     0     2   -37.0  -42.378  -59.647   1314.4    863.2
     3     1    19     4    14    20     0     2   -37.0  -42.151  -60.440   2367.6    757.0
     4     1    19     4    14    20     0     2   -37.0  -39.684  -67.831   3400.8    625.5
     5     1    19     4    14    20     0     2   -37.0  -35.897  -67.525   2997.8    660.3
     1     1    19     4    14    19     0     1   -38.0  -41.409  -57.977    228.7    985.8
     2     1    19     4    14    19     0     1   -38.0  -42.558  -60.330   1378.7    856.3
     3     1    19     4    14    19     0     1   -38.0  -42.407  -61.283   2435.3    749.9
     4     1    19     4    14    19     0     1   -38.0  -39.779  -68.400   3343.9    615.6
     5     1    19     4    14    19     0     1   -38.0  -35.813  -68.097   3088.6    632.1
     1     1    19     4    14    18     0     0   -39.0  -41.556  -58.494    245.8    983.5
     2     1    19     4    14    18     0     0   -39.0  -42.740  -61.034   1476.0    845.7
     3     1    19     4    14    18     0     0   -39.0  -42.655  -62.166   2549.0    738.2
     4     1    19     4    14    18     0     0   -39.0  -39.919  -68.972   3276.0    604.4
     5     1    19     4    14    18     0     0   -39.0  -35.736  -68.721   3085.2    598.7
     1     1    19     4    14    17     0     1   -40.0  -41.698  -59.039    263.0    981.2
     2     1    19     4    14    17     0     1   -40.0  -42.923  -61.772   1621.2    829.7
     3     1    19     4    14    17     0     1   -40.0  -42.897  -63.111   2714.5    722.2
     4     1    19     4    14    17     0     1   -40.0  -40.104  -69.557   3208.2    618.7
     5     1    19     4    14    17     0     1   -40.0  -35.668  -69.367   2881.1    572.1
     1     1    19     4    14    16     0     2   -41.0  -41.856  -59.620    276.0    979.0
     2     1    19     4    14    16     0     2   -41.0  -43.106  -62.561   1788.8    811.0
     3     1    19     4    14    16     0     2   -41.0  -43.155  -64.111   2900.9    703.3
     4     1    19     4    14    16     0     2   -41.0  -40.321  -70.186   3112.1    624.3
     5     1    19     4    14    16     0     2   -41.0  -35.540  -70.094   2679.1    538.5
     1     1    19     4    14    15     0     3   -42.0  -42.011  -60.240    281.0    978.2
     2     1    19     4    14    15     0     3   -42.0  -43.318  -63.379   1930.3    796.0
     3     1    19     4    14    15     0     3   -42.0  -43.441  -65.113   3041.4    685.1
     4     1    19     4    14    15     0     3   -42.0  -40.528  -70.912   2950.7    626.2
     5     1    19     4    14    15     0     3   -42.0  -35.346  -70.731   2744.2    606.8
     1     1    19     4    14    14     0     2   -43.0  -42.163  -60.898    292.2    976.0
     2     1    19     4    14    14     0     2   -43.0  -43.578  -64.194   2046.0    782.5
     3     1    19     4    14    14     0     2   -43.0  -43.744  -66.142   3135.3    659.2
     4     1    19     4    14    14     0     2   -43.0  -40.714  -71.775   2945.0    624.5
     5     1    19     4    14    14     0     2   -43.0  -35.070  -71.098   2716.3    678.1
     1     1    19     4    14    13     0     1   -44.0  -42.321  -61.583    306.7    973.2
     2     1    19     4    14    13     0     1   -44.0  -43.900  -65.049   2074.9    776.0
     3     1    19     4    14    13     0     1   -44.0  -44.059  -67.176   3265.3    644.0
     4     1    19     4    14    13     0     1   -44.0  -40.887  -72.643   3298.8    633.9
     5     1    19     4    14    13     0     1   -44.0  -34.799  -71.323   2615.9    699.7
     1     1    19     4    14    12     0     0   -45.0  -42.496  -62.297    319.0    971.0
     2     1    19     4    14    12     0     0   -45.0  -44.297  -66.011   2125.5    753.1
     3     1    19     4    14    12     0     0   -45.0  -44.443  -68.145   3353.7    623.5
     4     1    19     4    14    12     0     0   -45.0  -41.054  -73.336   3440.4    654.9
     5     1    19     4    14    12     0     0   -45.0  -34.579  -71.507   2568.4    710.6
     1     1    19     4    14    11     0     1   -46.0  -42.679  -63.040    341.8    967.6
     2     1    19     4    14    11     0     1   -46.0  -44.704  -66.968   2166.2    731.8
     3     1    19     4    14    11     0     1   -46.0  -44.927  -69.072   3442.6    608.5
     4     1    19     4    14    11     0     1   -46.0  -41.234  -74.000   3480.1    657.1
     5     1    19     4    14    11     0     1   -46.0  -34.411  -71.662   2565.9    719.0
     1     1    19     4    14    10     0     2   -47.0  -42.850  -63.785    374.4    963.4
     2     1    19     4    14    10     0     2   -47.0  -45.100  -67.986   2220.1    720.2
     3     1    19     4    14    10     0     2   -47.0  -45.419  -69.972   3347.0    607.0
     4     1    19     4    14    10     0     2   -47.0  -41.431  -74.689   3478.2    658.7
     5     1    19     4    14    10     0     2   -47.0  -34.291  -71.792   2589.5    725.2
     1     1    19     4    14     9     0     3   -48.0  -43.002  -64.497    429.0    954.5
     2     1    19     4    14     9     0     3   -48.0  -45.474  -69.038   2263.5    711.1
     3     1    19     4    14     9     0     3   -48.0  -45.972  -70.925   3263.8    596.2
     4     1    19     4    14     9     0     3   -48.0  -41.655  -75.407   3456.3    661.2
     5     1    19     4    14     9     0     3   -48.0  -34.213  -71.905   2627.1    729.8
     1     1    19     4    14     8     0     2   -49.0  -43.165  -65.185    532.5    935.7
     2     1    19     4    14     8     0     2   -49.0  -45.743  -69.995   2099.0    714.4
     3     1    19     4    14     8     0     2   -49.0  -46.620  -72.001   3228.3    565.7
     4     1    19     4    14     8     0     2   -49.0  -41.900  -76.145   3420.1    664.0
     5     1    19     4    14     8     0     2   -49.0  -34.175  -72.014   2676.8    732.3
     1     1    19     4    14     7     0     1   -50.0  -43.360  -65.964    625.2    909.3
     2     1    19     4    14     7     0     1   -50.0  -46.015  -70.978   1995.4    702.3
     3     1    19     4    14     7     0     1   -50.0  -47.203  -73.192   3358.4    589.8
     4     1    19     4    14     7     0     1   -50.0  -42.161  -76.896   3387.3    666.4
     5     1    19     4    14     7     0     1   -50.0  -34.170  -72.141   2732.0    728.0
     1     1    19     4    14     6     0     0   -51.0  -43.569  -66.885    709.3    902.6
     2     1    19     4    14     6     0     0   -51.0  -46.319  -72.119   2225.0    656.1
     3     1    19     4    14     6     0     0   -51.0  -47.592  -74.276   3328.3    638.4
     4     1    19     4    14     6     0     0   -51.0  -42.445  -77.654   3359.3    668.2
     5     1    19     4    14     6     0     0   -51.0  -34.195  -72.300   2796.5    723.0
     1     1    19     4    14     5     0     1   -52.0  -43.735  -67.949    897.2    850.3
     2     1    19     4    14     5     0     1   -52.0  -46.547  -73.179   2407.0    664.1
     3     1    19     4    14     5     0     1   -52.0  -47.855  -75.120   3212.2    665.4
     4     1    19     4    14     5     0     1   -52.0  -42.752  -78.432   3337.9    669.9
     5     1    19     4    14     5     0     1   -52.0  -34.239  -72.492   2865.6    717.7
     1     1    19     4    14     4     0     2   -53.0  -43.823  -69.141   1279.7    794.8
     2     1    19     4    14     4     0     2   -53.0  -46.750  -74.026   2359.7    727.7
     3     1    19     4    14     4     0     2   -53.0  -48.129  -75.877   3196.3    663.8
     4     1    19     4    14     4     0     2   -53.0  -43.086  -79.230   3341.9    669.1
     5     1    19     4    14     4     0     2   -53.0  -34.294  -72.711   2935.3    712.9
     1     1    19     4    14     3     0     3   -54.0  -43.846  -70.394   1327.7    752.9
     2     1    19     4    14     3     0     3   -54.0  -46.975  -74.753   2048.8    766.0
     3     1    19     4    14     3     0     3   -54.0  -48.417  -76.604   3105.2    674.0
     4     1    19     4    14     3     0     3   -54.0  -43.456  -80.033   3376.0    665.8
     5     1    19     4    14     3     0     3   -54.0  -34.364  -72.953   3006.4    708.4
     1     1    19     4    14     2     0     2   -55.0  -43.836  -71.630   1461.9    727.8
     2     1    19     4    14     2     0     2   -55.0  -47.211  -75.404   1570.1    829.6
     3     1    19     4    14     2     0     2   -55.0  -48.722  -77.339   3053.8    677.6
     4     1    19     4    14     2     0     2   -55.0  -43.861  -80.841   3415.8    661.0
     5     1    19     4    14     2     0     2   -55.0  -34.447  -73.217   3065.7    703.1
     1     1    19     4    14     1     0     1   -56.0  -43.817  -72.720   1179.3    797.3
     2     1    19     4    14     1     0     1   -56.0  -47.464  -76.095   1368.0    846.8
     3     1    19     4    14     1     0     1   -56.0  -49.053  -78.097   3013.0    680.2
     4     1    19     4    14     1     0     1   -56.0  -44.298  -81.654   3448.1    658.0
     5     1    19     4    14     1     0     1   -56.0  -34.542  -73.500   3106.7    699.3
     1     1    19     4    14     0     0     0   -57.0  -43.866  -73.491    480.9    938.3
     2     1    19     4    14     0     0     0   -57.0  -47.739  -76.827   1299.8    852.6
     3     1    19     4    14     0     0     0   -57.0  -49.398  -78.875   2979.3    682.9
     4     1    19     4    14     0     0     0   -57.0  -44.776  -82.475   3489.5    653.7
     5     1    19     4    14     0     0     0   -57.0  -34.654  -73.801   3140.7    696.2
     1     1    19     4    13    23     0     1   -58.0  -43.980  -74.183    291.8    975.4
     2     1    19     4    13    23     0     1   -58.0  -48.043  -77.570   1278.3    852.9
     3     1    19     4    13    23     0     1   -58.0  -49.773  -79.640   2979.3    682.2
     4     1    19     4    13    23     0     1   -58.0  -45.281  -83.311   3543.8    648.4
     5     1    19     4    13    23     0     1   -58.0  -34.775  -74.116   3174.8    693.1
     1     1    19     4    13    22     0     2   -59.0  -44.145  -74.888    292.8    969.8
     2     1    19     4    13    22     0     2   -59.0  -48.376  -78.297   1269.0    853.0
     3     1    19     4    13    22     0     2   -59.0  -50.199  -80.401   3006.5    678.3
     4     1    19     4    13    22     0     2   -59.0  -45.819  -84.165   3603.1    642.5
     5     1    19     4    13    22     0     2   -59.0  -34.899  -74.446   3208.4    690.1
     1     1    19     4    13    21     0     3   -60.0  -44.344  -75.591    295.6    968.9
     2     1    19     4    13    21     0     3   -60.0  -48.714  -79.011   1275.0    851.7
     3     1    19     4    13    21     0     3   -60.0  -50.672  -81.154   3025.1    675.4
     4     1    19     4    13    21     0     3   -60.0  -46.397  -85.026   3653.8    637.4
     5     1    19     4    13    21     0     3   -60.0  -35.034  -74.801   3242.3    686.9
     1     1    19     4    13    20     0     2   -61.0  -44.559  -76.312    295.6    968.3
     2     1    19     4    13    20     0     2   -61.0  -49.069  -79.735   1282.3    849.9
     3     1    19     4    13    20     0     2   -61.0  -51.181  -81.897   3030.3    674.6
     4     1    19     4    13    20     0     2   -61.0  -47.017  -85.882   3702.7    633.0
     5     1    19     4    13    20     0     2   -61.0  -35.189  -75.193   3273.2    684.2
     1     1    19     4    13    19     0     1   -62.0  -44.787  -77.056    296.7    967.7
     2     1    19     4    13    19     0     1   -62.0  -49.452  -80.483   1290.8    848.4
     3     1    19     4    13    19     0     1   -62.0  -51.717  -82.641   3032.7    673.5
     4     1    19     4    13    19     0     1   -62.0  -47.676  -86.742   3769.8    626.9
     5     1    19     4    13    19     0     1   -62.0  -35.363  -75.624   3307.5    681.2
     1     1    19     4    13    18     0     0   -63.0  -45.035  -77.829    306.6    966.2
     2     1    19     4    13    18     0     0   -63.0  -49.858  -81.249   1301.2    846.7
     3     1    19     4    13    18     0     0   -63.0  -52.274  -83.366   3036.5    672.3
     4     1    19     4    13    18     0     0   -63.0  -48.371  -87.610   3861.7    618.2
     5     1    19     4    13    18     0     0   -63.0  -35.556  -76.095   3350.5    677.4
     1     1    19     4    13    17     0     1   -64.0  -45.312  -78.614    322.0    963.3
     2     1    19     4    13    17     0     1   -64.0  -50.291  -82.017   1297.1    846.3
     3     1    19     4    13    17     0     1   -64.0  -52.858  -84.050   3044.8    670.7
     4     1    19     4    13    17     0     1   -64.0  -49.099  -88.474   3942.8    610.8
     5     1    19     4    13    17     0     1   -64.0  -35.756  -76.604   3392.9    673.6
     1     1    19     4    13    16     0     2   -65.0  -45.620  -79.379    331.4    961.8
     2     1    19     4    13    16     0     2   -65.0  -50.743  -82.751   1292.8    846.1
     3     1    19     4    13    16     0     2   -65.0  -53.477  -84.732   3065.2    668.1
     4     1    19     4    13    16     0     2   -65.0  -49.865  -89.351   4009.2    604.7
     5     1    19     4    13    16     0     2   -65.0  -35.963  -77.153   3436.8    669.8
     1     1    19     4    13    15     0     3   -66.0  -45.956  -80.119    344.0    959.8
     2     1    19     4    13    15     0     3   -66.0  -51.210  -83.454   1300.7    844.4
     3     1    19     4    13    15     0     3   -66.0  -54.142  -85.405   3100.0    663.9
     4     1    19     4    13    15     0     3   -66.0  -50.665  -90.239   4061.2    600.1
     5     1    19     4    13    15     0     3   -66.0  -36.188  -77.745   3489.5    665.2
     1     1    19     4    13    14     0     2   -67.0  -46.314  -80.857    358.0    957.5
     2     1    19     4    13    14     0     2   -67.0  -51.698  -84.154   1314.6    842.3
     3     1    19     4    13    14     0     2   -67.0  -54.831  -86.038   3137.8    659.9
     4     1    19     4    13    14     0     2   -67.0  -51.492  -91.119   4116.0    595.0
     5     1    19     4    13    14     0     2   -67.0  -36.427  -78.371   3534.5    660.7
     1     1    19     4    13    13     0     1   -68.0  -46.695  -81.625    371.3    955.2
     2     1    19     4    13    13     0     1   -68.0  -52.208  -84.869   1331.8    839.8
     3     1    19     4    13    13     0     1   -68.0  -55.525  -86.644   3173.0    655.7
     4     1    19     4    13    13     0     1   -68.0  -52.346  -91.996   4166.8    590.2
     5     1    19     4    13    13     0     1   -68.0  -36.665  -79.023   3553.6    658.7
     1     1    19     4    13    12     0     0   -69.0  -47.103  -82.423    375.5    954.4
     2     1    19     4    13    12     0     0   -69.0  -52.738  -85.605   1347.7    837.2
     3     1    19     4    13    12     0     0   -69.0  -56.235  -87.203   3198.0    653.0
     4     1    19     4    13    12     0     0   -69.0  -53.221  -92.872   4205.7    586.4
     5     1    19     4    13    12     0     0   -69.0  -36.902  -79.700   3542.5    659.4
     1     1    19     4    13    11     0     1   -70.0  -47.530  -83.237    376.3    953.6
     2     1    19     4    13    11     0     1   -70.0  -53.286  -86.345   1353.9    836.3
     3     1    19     4    13    11     0     1   -70.0  -56.954  -87.721   3242.1    648.4
     4     1    19     4    13    11     0     1   -70.0  -54.110  -93.725   4246.1    582.7
     5     1    19     4    13    11     0     1   -70.0  -37.142  -80.390   3531.6    661.0
     1     1    19     4    13    10     0     2   -71.0  -47.972  -84.039    376.4    953.0
     2     1    19     4    13    10     0     2   -71.0  -53.848  -87.060   1366.3    834.4
     3     1    19     4    13    10     0     2   -71.0  -57.682  -88.239   3294.3    643.0
     4     1    19     4    13    10     0     2   -71.0  -55.030  -94.547   4296.6    578.0
     5     1    19     4    13    10     0     2   -71.0  -37.392  -81.081   3560.1    658.5
     1     1    19     4    13     9     0     3   -72.0  -48.428  -84.815    376.6    952.3
     2     1    19     4    13     9     0     3   -72.0  -54.418  -87.748   1377.6    832.6
     3     1    19     4    13     9     0     3   -72.0  -58.416  -88.745   3346.3    637.8
     4     1    19     4    13     9     0     3   -72.0  -55.990  -95.378   4356.0    572.8
     5     1    19     4    13     9     0     3   -72.0  -37.648  -81.784   3616.0    653.8
