     9     1
    GDAS    20     1    29     0     0
    GDAS    20     2     1     0     0
    GDAS    20     2     8     0     0
    GDAS    20     2    15     0     0
    GDAS    20     2    22     0     0
    GDAS    20     2    29     0     0
    GDAS    20     3     1     0     0
    GDAS    20     3     8     0     0
    GDAS    20     3    15     0     0
     5 BACKWARD OMEGA   
    20     2     4     9  -34.572  -58.513    10.0
    20     2     4     9  -34.572  -58.513   200.0
    20     2     4     9  -34.572  -58.513   500.0
    20     2     4     9  -34.572  -58.513  1000.0
    20     2     4     9  -34.572  -58.513  2000.0
     1 PRESSURE
     1     1    20     2     4     9     0     3     0.0  -34.572  -58.513     10.0   1007.3
     2     1    20     2     4     9     0     3     0.0  -34.572  -58.513    200.0    985.9
     3     1    20     2     4     9     0     3     0.0  -34.572  -58.513    500.0    952.4
     4     1    20     2     4     9     0     3     0.0  -34.572  -58.513   1000.0    898.9
     5     1    20     2     4     9     0     3     0.0  -34.572  -58.513   2000.0    799.6
     1     1    20     2     4     8     0     2    -1.0  -34.436  -58.348     22.6   1005.0
     2     1    20     2     4     8     0     2    -1.0  -34.294  -58.223    239.4    981.5
     3     1    20     2     4     8     0     2    -1.0  -34.164  -58.229    580.5    944.5
     4     1    20     2     4     8     0     2    -1.0  -34.188  -58.405   1029.8    895.5
     5     1    20     2     4     8     0     2    -1.0  -34.289  -58.431   1975.1    800.6
     1     1    20     2     4     7     0     1    -2.0  -34.263  -58.134     52.9   1000.4
     2     1    20     2     4     7     0     1    -2.0  -33.946  -57.861    358.9    965.4
     3     1    20     2     4     7     0     1    -2.0  -33.745  -57.953    717.5    924.9
     4     1    20     2     4     7     0     1    -2.0  -33.827  -58.264   1095.7    887.7
     5     1    20     2     4     7     0     1    -2.0  -34.028  -58.315   1955.9    801.0
     1     1    20     2     4     6     0     0    -3.0  -34.038  -57.846    121.9    989.8
     2     1    20     2     4     6     0     0    -3.0  -33.549  -57.469    500.7    943.1
     3     1    20     2     4     6     0     0    -3.0  -33.363  -57.695    839.7    910.5
     4     1    20     2     4     6     0     0    -3.0  -33.493  -58.113   1176.7    879.5
     5     1    20     2     4     6     0     0    -3.0  -33.794  -58.169   1953.8    801.9
     1     1    20     2     4     5     0     1    -4.0  -33.765  -57.476    211.0    976.0
     2     1    20     2     4     5     0     1    -4.0  -33.178  -57.052    597.4    933.1
     3     1    20     2     4     5     0     1    -4.0  -33.024  -57.411    922.4    902.6
     4     1    20     2     4     5     0     1    -4.0  -33.187  -57.935   1241.9    873.0
     5     1    20     2     4     5     0     1    -4.0  -33.585  -57.984   1955.4    801.1
     1     1    20     2     4     4     0     2    -5.0  -33.481  -57.031    275.2    966.8
     2     1    20     2     4     4     0     2    -5.0  -32.842  -56.605    676.3    926.8
     3     1    20     2     4     4     0     2    -5.0  -32.716  -57.097    993.4    893.5
     4     1    20     2     4     4     0     2    -5.0  -32.902  -57.701   1294.1    868.9
     5     1    20     2     4     4     0     2    -5.0  -33.388  -57.766   1958.0    802.3
     1     1    20     2     4     3     0     3    -6.0  -33.213  -56.521    326.2    966.0
     2     1    20     2     4     3     0     3    -6.0  -32.538  -56.153    732.7    916.0
     3     1    20     2     4     3     0     3    -6.0  -32.429  -56.785   1078.1    882.1
     4     1    20     2     4     3     0     3    -6.0  -32.632  -57.431   1354.4    860.1
     5     1    20     2     4     3     0     3    -6.0  -33.205  -57.529   1978.5    800.6
     1     1    20     2     4     2     0     2    -7.0  -32.984  -55.983    373.8    959.9
     2     1    20     2     4     2     0     2    -7.0  -32.278  -55.693    722.5    912.4
     3     1    20     2     4     2     0     2    -7.0  -32.176  -56.481   1126.4    870.9
     4     1    20     2     4     2     0     2    -7.0  -32.390  -57.151   1410.2    848.6
     5     1    20     2     4     2     0     2    -7.0  -33.051  -57.279   2031.6    795.8
     1     1    20     2     4     1     0     1    -8.0  -32.808  -55.444    375.6    950.4
     2     1    20     2     4     1     0     1    -8.0  -32.078  -55.190    656.0    922.4
     3     1    20     2     4     1     0     1    -8.0  -31.962  -56.145   1103.9    874.0
     4     1    20     2     4     1     0     1    -8.0  -32.188  -56.845   1421.8    842.8
     5     1    20     2     4     1     0     1    -8.0  -32.930  -57.016   2130.8    785.0
     1     1    20     2     4     0     0     0    -9.0  -32.681  -54.916    332.7    955.6
     2     1    20     2     4     0     0     0    -9.0  -31.929  -54.660    585.6    932.8
     3     1    20     2     4     0     0     0    -9.0  -31.786  -55.777   1077.4    880.2
     4     1    20     2     4     0     0     0    -9.0  -32.018  -56.494   1375.3    847.3
     5     1    20     2     4     0     0     0    -9.0  -32.834  -56.749   2252.6    770.8
     1     1    20     2     3    23     0     1   -10.0  -32.589  -54.437    277.3    969.7
     2     1    20     2     3    23     0     1   -10.0  -31.815  -54.159    533.4    935.3
     3     1    20     2     3    23     0     1   -10.0  -31.666  -55.430   1053.8    877.8
     4     1    20     2     3    23     0     1   -10.0  -31.881  -56.138   1321.3    855.3
     5     1    20     2     3    23     0     1   -10.0  -32.770  -56.489   2349.9    759.9
     1     1    20     2     3    22     0     2   -11.0  -32.523  -54.031    222.9    981.3
     2     1    20     2     3    22     0     2   -11.0  -31.733  -53.713    492.2    940.3
     3     1    20     2     3    22     0     2   -11.0  -31.611  -55.104    939.3    887.0
     4     1    20     2     3    22     0     2   -11.0  -31.799  -55.816   1263.4    856.6
     5     1    20     2     3    22     0     2   -11.0  -32.747  -56.241   2422.8    754.5
     1     1    20     2     3    21     0     3   -12.0  -32.474  -53.668    173.0    986.9
     2     1    20     2     3    21     0     3   -12.0  -31.683  -53.312    459.2    947.1
     3     1    20     2     3    21     0     3   -12.0  -31.613  -54.779    740.3    911.0
     4     1    20     2     3    21     0     3   -12.0  -31.781  -55.504   1109.7    868.2
     5     1    20     2     3    21     0     3   -12.0  -32.761  -56.009   2498.0    748.6
     1     1    20     2     3    20     0     2   -13.0  -32.426  -53.339    116.7    994.0
     2     1    20     2     3    20     0     2   -13.0  -31.646  -52.940    417.5    955.3
     3     1    20     2     3    20     0     2   -13.0  -31.628  -54.464    572.3    933.9
     4     1    20     2     3    20     0     2   -13.0  -31.798  -55.202    873.9    900.4
     5     1    20     2     3    20     0     2   -13.0  -32.800  -55.791   2571.8    739.8
     1     1    20     2     3    19     0     1   -14.0  -32.373  -53.049     55.1   1002.9
     2     1    20     2     3    19     0     1   -14.0  -31.604  -52.587    365.0    966.4
     3     1    20     2     3    19     0     1   -14.0  -31.626  -54.172    456.4    940.5
     4     1    20     2     3    19     0     1   -14.0  -31.807  -54.925    688.2    926.1
     5     1    20     2     3    19     0     1   -14.0  -32.849  -55.582   2636.5    733.0
     1     1    20     2     3    18     0     0   -15.0  -32.318  -52.784     19.3   1008.5
     2     1    20     2     3    18     0     0   -15.0  -31.557  -52.251    319.9    977.1
     3     1    20     2     3    18     0     0   -15.0  -31.615  -53.904    344.2    951.0
     4     1    20     2     3    18     0     0   -15.0  -31.800  -54.679    572.6    935.3
     5     1    20     2     3    18     0     0   -15.0  -32.910  -55.382   2699.2    726.2
     1     1    20     2     3    17     0     1   -16.0  -32.261  -52.526      4.5   1010.9
     2     1    20     2     3    17     0     1   -16.0  -31.503  -51.925    291.2    984.3
     3     1    20     2     3    17     0     1   -16.0  -31.597  -53.654    253.0    967.8
     4     1    20     2     3    17     0     1   -16.0  -31.781  -54.450    481.6    941.0
     5     1    20     2     3    17     0     1   -16.0  -32.982  -55.184   2768.3    718.3
     1     1    20     2     3    16     0     2   -17.0  -32.199  -52.274      0.0   1014.0
     2     1    20     2     3    16     0     2   -17.0  -31.438  -51.608    271.6    986.1
     3     1    20     2     3    16     0     2   -17.0  -31.570  -53.418    201.7    975.9
     4     1    20     2     3    16     0     2   -17.0  -31.752  -54.225    391.3    950.4
     5     1    20     2     3    16     0     2   -17.0  -33.066  -54.978   2848.4    709.5
     1     1    20     2     3    15     0     3   -18.0  -32.129  -52.023      0.0   1018.0
     2     1    20     2     3    15     0     3   -18.0  -31.360  -51.292    250.6    988.5
     3     1    20     2     3    15     0     3   -18.0  -31.539  -53.199    184.9    980.4
     4     1    20     2     3    15     0     3   -18.0  -31.711  -54.013    312.4    957.9
     5     1    20     2     3    15     0     3   -18.0  -33.162  -54.766   2935.8    705.1
     1     1    20     2     3    14     0     2   -19.0  -32.050  -51.771      0.0   1017.7
     2     1    20     2     3    14     0     2   -19.0  -31.266  -50.972    232.0    991.3
     3     1    20     2     3    14     0     2   -19.0  -31.504  -52.983    187.5    981.2
     4     1    20     2     3    14     0     2   -19.0  -31.660  -53.806    259.5    966.5
     5     1    20     2     3    14     0     2   -19.0  -33.264  -54.561   3004.3    701.5
     1     1    20     2     3    13     0     1   -20.0  -31.966  -51.513      0.0   1017.5
     2     1    20     2     3    13     0     1   -20.0  -31.163  -50.653    224.9    992.6
     3     1    20     2     3    13     0     1   -20.0  -31.462  -52.762    186.4    983.8
     4     1    20     2     3    13     0     1   -20.0  -31.607  -53.593    231.6    970.5
     5     1    20     2     3    13     0     1   -20.0  -33.372  -54.366   3049.1    701.1
     1     1    20     2     3    12     0     0   -21.0  -31.881  -51.256      0.0   1017.8
     2     1    20     2     3    12     0     0   -21.0  -31.055  -50.344    230.4    992.1
     3     1    20     2     3    12     0     0   -21.0  -31.413  -52.536    178.1    988.3
     4     1    20     2     3    12     0     0   -21.0  -31.551  -53.377    213.8    973.9
     5     1    20     2     3    12     0     0   -21.0  -33.488  -54.179   3086.3    701.0
     1     1    20     2     3    11     0     1   -22.0  -31.801  -50.998      0.0   1017.5
     2     1    20     2     3    11     0     1   -22.0  -30.936  -50.033    239.2    989.7
     3     1    20     2     3    11     0     1   -22.0  -31.367  -52.301    164.7    992.5
     4     1    20     2     3    11     0     1   -22.0  -31.499  -53.154    196.8    977.3
     5     1    20     2     3    11     0     1   -22.0  -33.609  -53.994   3135.6    698.9
     1     1    20     2     3    10     0     2   -23.0  -31.728  -50.739      0.0   1016.5
     2     1    20     2     3    10     0     2   -23.0  -30.810  -49.716    243.9    988.6
     3     1    20     2     3    10     0     2   -23.0  -31.335  -52.057    144.5    997.9
     4     1    20     2     3    10     0     2   -23.0  -31.459  -52.920    177.3    981.8
     5     1    20     2     3    10     0     2   -23.0  -33.721  -53.802   3195.1    692.7
     1     1    20     2     3     9     0     3   -24.0  -31.659  -50.475      0.5   1015.6
     2     1    20     2     3     9     0     3   -24.0  -30.687  -49.408    255.1    987.7
     3     1    20     2     3     9     0     3   -24.0  -31.312  -51.812    123.6   1000.9
     4     1    20     2     3     9     0     3   -24.0  -31.432  -52.681    156.0    987.2
     5     1    20     2     3     9     0     3   -24.0  -33.823  -53.603   3262.1    687.4
     1     1    20     2     3     8     0     2   -25.0  -31.585  -50.205      1.1   1015.8
     2     1    20     2     3     8     0     2   -25.0  -30.569  -49.124    279.1    984.8
     3     1    20     2     3     8     0     2   -25.0  -31.282  -51.564    111.4   1002.5
     4     1    20     2     3     8     0     2   -25.0  -31.412  -52.446    136.1    993.2
     5     1    20     2     3     8     0     2   -25.0  -33.928  -53.403   3330.3    681.7
     1     1    20     2     3     7     0     1   -26.0  -31.493  -49.932      1.8   1016.3
     2     1    20     2     3     7     0     1   -26.0  -30.460  -48.868    301.6    980.8
     3     1    20     2     3     7     0     1   -26.0  -31.232  -51.303    110.3   1002.6
     4     1    20     2     3     7     0     1   -26.0  -31.387  -52.221    119.0    997.7
     5     1    20     2     3     7     0     1   -26.0  -34.049  -53.204   3383.3    678.2
     1     1    20     2     3     6     0     0   -27.0  -31.389  -49.670      2.6   1016.6
     2     1    20     2     3     6     0     0   -27.0  -30.359  -48.629    310.9    979.4
     3     1    20     2     3     6     0     0   -27.0  -31.164  -51.014    121.0   1001.7
     4     1    20     2     3     6     0     0   -27.0  -31.355  -52.004    103.5   1002.0
     5     1    20     2     3     6     0     0   -27.0  -34.185  -53.004   3414.8    677.1
     1     1    20     2     3     5     0     1   -28.0  -31.279  -49.420      3.2   1016.7
     2     1    20     2     3     5     0     1   -28.0  -30.264  -48.386    314.9    980.4
     3     1    20     2     3     5     0     1   -28.0  -31.074  -50.696    142.1    999.9
     4     1    20     2     3     5     0     1   -28.0  -31.313  -51.787     93.4   1003.8
     5     1    20     2     3     5     0     1   -28.0  -34.349  -52.817   3450.2    676.5
     1     1    20     2     3     4     0     2   -29.0  -31.165  -49.172      3.5   1016.9
     2     1    20     2     3     4     0     2   -29.0  -30.169  -48.130    321.2    979.8
     3     1    20     2     3     4     0     2   -29.0  -30.966  -50.368    163.4    996.9
     4     1    20     2     3     4     0     2   -29.0  -31.255  -51.552     92.2   1004.4
     5     1    20     2     3     4     0     2   -29.0  -34.542  -52.665   3503.0    671.0
     1     1    20     2     3     3     0     3   -30.0  -31.050  -48.920      3.7   1017.0
     2     1    20     2     3     3     0     3   -30.0  -30.071  -47.868    322.8    979.2
     3     1    20     2     3     3     0     3   -30.0  -30.843  -50.033    168.2    995.5
     4     1    20     2     3     3     0     3   -30.0  -31.179  -51.285    100.6   1004.1
     5     1    20     2     3     3     0     3   -30.0  -34.759  -52.546   3546.6    666.7
     1     1    20     2     3     2     0     2   -31.0  -30.943  -48.661      4.0   1017.4
     2     1    20     2     3     2     0     2   -31.0  -29.990  -47.595    317.7    980.3
     3     1    20     2     3     2     0     2   -31.0  -30.708  -49.698    159.2    998.2
     4     1    20     2     3     2     0     2   -31.0  -31.081  -50.968    122.6   1002.6
     5     1    20     2     3     2     0     2   -31.0  -34.990  -52.476   3575.8    664.7
     1     1    20     2     3     1     0     1   -32.0  -30.854  -48.397      4.5   1017.8
     2     1    20     2     3     1     0     1   -32.0  -29.939  -47.305    312.1    981.5
     3     1    20     2     3     1     0     1   -32.0  -30.576  -49.368    151.7    999.8
     4     1    20     2     3     1     0     1   -32.0  -30.963  -50.613    148.7    998.9
     5     1    20     2     3     1     0     1   -32.0  -35.237  -52.465   3597.9    663.0
     1     1    20     2     3     0     0     0   -33.0  -30.786  -48.135      4.7   1018.3
     2     1    20     2     3     0     0     0   -33.0  -29.910  -46.997    309.7    982.2
     3     1    20     2     3     0     0     0   -33.0  -30.463  -49.050    149.0   1000.4
     4     1    20     2     3     0     0     0   -33.0  -30.828  -50.250    160.9    996.8
     5     1    20     2     3     0     0     0   -33.0  -35.505  -52.509   3616.2    661.7
     1     1    20     2     2    23     0     1   -34.0  -30.740  -47.873      4.7   1017.1
     2     1    20     2     2    23     0     1   -34.0  -29.901  -46.680    304.2    981.6
     3     1    20     2     2    23     0     1   -34.0  -30.378  -48.741    149.5    999.9
     4     1    20     2     2    23     0     1   -34.0  -30.685  -49.890    160.2    997.4
     5     1    20     2     2    23     0     1   -34.0  -35.768  -52.606   3626.1    660.2
     1     1    20     2     2    22     0     2   -35.0  -30.712  -47.610      4.7   1015.9
     2     1    20     2     2    22     0     2   -35.0  -29.916  -46.364    288.8    983.3
     3     1    20     2     2    22     0     2   -35.0  -30.317  -48.437    150.3    999.6
     4     1    20     2     2    22     0     2   -35.0  -30.561  -49.542    156.5    998.4
     5     1    20     2     2    22     0     2   -35.0  -35.997  -52.771   3622.8    660.5
     1     1    20     2     2    21     0     3   -36.0  -30.700  -47.348      4.6   1014.6
     2     1    20     2     2    21     0     3   -36.0  -29.952  -46.048    266.0    986.0
     3     1    20     2     2    21     0     3   -36.0  -30.281  -48.137    151.0    999.3
     4     1    20     2     2    21     0     3   -36.0  -30.467  -49.205    154.6    998.5
     5     1    20     2     2    21     0     3   -36.0  -36.205  -53.019   3600.7    661.7
     1     1    20     2     2    20     0     2   -37.0  -30.700  -47.095      4.4   1014.8
     2     1    20     2     2    20     0     2   -37.0  -30.007  -45.740    244.2    989.1
     3     1    20     2     2    20     0     2   -37.0  -30.266  -47.850    152.5    999.2
     4     1    20     2     2    20     0     2   -37.0  -30.400  -48.877    152.4    998.5
     5     1    20     2     2    20     0     2   -37.0  -36.390  -53.285   3582.0    665.4
     1     1    20     2     2    19     0     1   -38.0  -30.710  -46.859      4.3   1015.1
     2     1    20     2     2    19     0     1   -38.0  -30.079  -45.452    231.1    990.6
     3     1    20     2     2    19     0     1   -38.0  -30.268  -47.581    155.3    998.6
     4     1    20     2     2    19     0     1   -38.0  -30.357  -48.564    149.5    999.1
     5     1    20     2     2    19     0     1   -38.0  -36.531  -53.535   3595.9    664.0
     1     1    20     2     2    18     0     0   -39.0  -30.730  -46.643      4.3   1015.2
     2     1    20     2     2    18     0     0   -39.0  -30.176  -45.189    227.7    991.1
     3     1    20     2     2    18     0     0   -39.0  -30.289  -47.332    158.9    998.2
     4     1    20     2     2    18     0     0   -39.0  -30.335  -48.275    150.5    999.2
     5     1    20     2     2    18     0     0   -39.0  -36.618  -53.801   3637.8    660.3
     1     1    20     2     2    17     0     1   -40.0  -30.757  -46.446      4.5   1016.5
     2     1    20     2     2    17     0     1   -40.0  -30.280  -44.957    232.0    990.9
     3     1    20     2     2    17     0     1   -40.0  -30.316  -47.106    162.5    998.3
     4     1    20     2     2    17     0     1   -40.0  -30.322  -48.017    158.1    998.9
     5     1    20     2     2    17     0     1   -40.0  -36.676  -54.062   3694.5    654.9
     1     1    20     2     2    16     0     2   -41.0  -30.783  -46.271      5.0   1017.9
     2     1    20     2     2    16     0     2   -41.0  -30.372  -44.757    235.5    990.4
     3     1    20     2     2    16     0     2   -41.0  -30.337  -46.909    166.8    998.7
     4     1    20     2     2    16     0     2   -41.0  -30.305  -47.786    167.2    997.8
     5     1    20     2     2    16     0     2   -41.0  -36.720  -54.282   3761.6    649.9
     1     1    20     2     2    15     0     3   -42.0  -30.808  -46.113      6.0   1019.2
     2     1    20     2     2    15     0     3   -42.0  -30.458  -44.591    229.7    991.1
     3     1    20     2     2    15     0     3   -42.0  -30.351  -46.742    174.9    998.5
     4     1    20     2     2    15     0     3   -42.0  -30.283  -47.582    174.5    997.7
     5     1    20     2     2    15     0     3   -42.0  -36.738  -54.455   3837.2    643.1
     1     1    20     2     2    14     0     2   -43.0  -30.832  -45.960      7.0   1018.3
     2     1    20     2     2    14     0     2   -43.0  -30.542  -44.441    222.3    992.8
     3     1    20     2     2    14     0     2   -43.0  -30.365  -46.589    185.4    996.6
     4     1    20     2     2    14     0     2   -43.0  -30.262  -47.398    182.2    996.8
     5     1    20     2     2    14     0     2   -43.0  -36.753  -54.598   3901.9    636.6
     1     1    20     2     2    13     0     1   -44.0  -30.858  -45.802      7.7   1017.4
     2     1    20     2     2    13     0     1   -44.0  -30.625  -44.284    223.2    992.7
     3     1    20     2     2    13     0     1   -44.0  -30.382  -46.438    194.3    995.2
     4     1    20     2     2    13     0     1   -44.0  -30.248  -47.231    190.3    995.5
     5     1    20     2     2    13     0     1   -44.0  -36.788  -54.724   3946.4    633.5
     1     1    20     2     2    12     0     0   -45.0  -30.884  -45.640      8.3   1016.5
     2     1    20     2     2    12     0     0   -45.0  -30.707  -44.118    235.5    991.2
     3     1    20     2     2    12     0     0   -45.0  -30.403  -46.285    199.0    994.3
     4     1    20     2     2    12     0     0   -45.0  -30.240  -47.075    195.9    994.5
     5     1    20     2     2    12     0     0   -45.0  -36.835  -54.825   3986.0    630.7
     1     1    20     2     2    11     0     1   -46.0  -30.911  -45.478      8.9   1016.0
     2     1    20     2     2    11     0     1   -46.0  -30.792  -43.938    248.2    988.0
     3     1    20     2     2    11     0     1   -46.0  -30.427  -46.130    199.8    993.8
     4     1    20     2     2    11     0     1   -46.0  -30.231  -46.928    199.0    993.8
     5     1    20     2     2    11     0     1   -46.0  -36.901  -54.922   4015.7    626.9
     1     1    20     2     2    10     0     2   -47.0  -30.941  -45.313      9.4   1015.5
     2     1    20     2     2    10     0     2   -47.0  -30.880  -43.738    246.6    987.5
     3     1    20     2     2    10     0     2   -47.0  -30.451  -45.971    198.0    993.5
     4     1    20     2     2    10     0     2   -47.0  -30.218  -46.782    201.7    993.0
     5     1    20     2     2    10     0     2   -47.0  -37.005  -55.039   4021.5    626.1
     1     1    20     2     2     9     0     3   -48.0  -30.971  -45.138      9.7   1015.0
     2     1    20     2     2     9     0     3   -48.0  -30.974  -43.516    231.8    988.6
     3     1    20     2     2     9     0     3   -48.0  -30.474  -45.811    194.7    993.4
     4     1    20     2     2     9     0     3   -48.0  -30.201  -46.637    204.1    992.1
     5     1    20     2     2     9     0     3   -48.0  -37.168  -55.156   4014.8    627.0
     1     1    20     2     2     8     0     2   -49.0  -31.008  -44.952      9.7   1014.9
     2     1    20     2     2     8     0     2   -49.0  -31.077  -43.273    206.4    991.2
     3     1    20     2     2     8     0     2   -49.0  -30.504  -45.645    192.0    993.6
     4     1    20     2     2     8     0     2   -49.0  -30.190  -46.486    204.2    991.8
     5     1    20     2     2     8     0     2   -49.0  -37.357  -55.280   4008.4    627.4
     1     1    20     2     2     7     0     1   -50.0  -31.056  -44.760      9.7   1014.9
     2     1    20     2     2     7     0     1   -50.0  -31.189  -43.015    175.2    995.0
     3     1    20     2     2     7     0     1   -50.0  -30.549  -45.469    190.9    993.5
     4     1    20     2     2     7     0     1   -50.0  -30.199  -46.320    201.8    992.0
     5     1    20     2     2     7     0     1   -50.0  -37.542  -55.440   4000.9    627.3
     1     1    20     2     2     6     0     0   -51.0  -31.114  -44.567      9.7   1014.9
     2     1    20     2     2     6     0     0   -51.0  -31.310  -42.752    150.4    999.2
     3     1    20     2     2     6     0     0   -51.0  -30.607  -45.284    190.6    993.3
     4     1    20     2     2     6     0     0   -51.0  -30.228  -46.142    199.6    992.2
     5     1    20     2     2     6     0     0   -51.0  -37.754  -55.624   3977.9    628.2
     1     1    20     2     2     5     0     1   -52.0  -31.184  -44.373      9.8   1014.7
     2     1    20     2     2     5     0     1   -52.0  -31.438  -42.501    136.9   1000.5
     3     1    20     2     2     5     0     1   -52.0  -30.682  -45.088    194.3    993.3
     4     1    20     2     2     5     0     1   -52.0  -30.280  -45.951    199.1    992.3
     5     1    20     2     2     5     0     1   -52.0  -37.999  -55.784   3973.1    632.1
     1     1    20     2     2     4     0     2   -53.0  -31.270  -44.176     10.0   1014.5
     2     1    20     2     2     4     0     2   -53.0  -31.573  -42.268    129.0   1001.0
     3     1    20     2     2     4     0     2   -53.0  -30.777  -44.880    206.3    992.1
     4     1    20     2     2     4     0     2   -53.0  -30.352  -45.748    200.7    992.3
     5     1    20     2     2     4     0     2   -53.0  -38.247  -55.948   4010.6    628.1
     1     1    20     2     2     3     0     3   -54.0  -31.369  -43.980     10.1   1014.3
     2     1    20     2     2     3     0     3   -54.0  -31.716  -42.048    122.0   1001.7
     3     1    20     2     2     3     0     3   -54.0  -30.891  -44.668    224.5    989.9
     4     1    20     2     2     3     0     3   -54.0  -30.442  -45.533    206.9    991.8
     5     1    20     2     2     3     0     3   -54.0  -38.507  -56.187   4079.8    622.4
     1     1    20     2     2     2     0     2   -55.0  -31.479  -43.784     10.1   1014.3
     2     1    20     2     2     2     0     2   -55.0  -31.869  -41.827    117.6   1002.4
     3     1    20     2     2     2     0     2   -55.0  -31.021  -44.460    240.2    987.7
     4     1    20     2     2     2     0     2   -55.0  -30.551  -45.317    217.3    990.6
     5     1    20     2     2     2     0     2   -55.0  -38.793  -56.546   4137.4    614.2
     1     1    20     2     2     1     0     1   -56.0  -31.596  -43.587     10.3   1014.3
     2     1    20     2     2     1     0     1   -56.0  -32.034  -41.596    116.7   1002.3
     3     1    20     2     2     1     0     1   -56.0  -31.160  -44.257    249.3    987.2
     4     1    20     2     2     1     0     1   -56.0  -30.677  -45.113    224.7    989.5
     5     1    20     2     2     1     0     1   -56.0  -39.071  -57.014   4148.8    613.7
     1     1    20     2     2     0     0     0   -57.0  -31.722  -43.384     10.7   1014.2
     2     1    20     2     2     0     0     0   -57.0  -32.202  -41.359    116.7   1002.4
     3     1    20     2     2     0     0     0   -57.0  -31.307  -44.052    258.5    986.8
     4     1    20     2     2     0     0     0   -57.0  -30.820  -44.922    222.0    989.6
     5     1    20     2     2     0     0     0   -57.0  -39.292  -57.539   4138.7    615.3
     1     1    20     2     1    23     0     1   -58.0  -31.859  -43.184     11.1   1013.7
     2     1    20     2     1    23     0     1   -58.0  -32.371  -41.125    114.7   1002.0
     3     1    20     2     1    23     0     1   -58.0  -31.464  -43.847    270.7    985.0
     4     1    20     2     1    23     0     1   -58.0  -30.972  -44.739    218.7    991.0
     5     1    20     2     1    23     0     1   -58.0  -39.449  -58.088   4114.6    616.5
     1     1    20     2     1    22     0     2   -59.0  -32.015  -42.999     11.2   1013.4
     2     1    20     2     1    22     0     2   -59.0  -32.546  -40.901    110.3   1002.2
     3     1    20     2     1    22     0     2   -59.0  -31.633  -43.652    282.6    982.9
     4     1    20     2     1    22     0     2   -59.0  -31.130  -44.557    223.8    989.9
     5     1    20     2     1    22     0     2   -59.0  -39.559  -58.662   4081.2    620.0
     1     1    20     2     1    21     0     3   -60.0  -32.190  -42.828     11.2   1013.6
     2     1    20     2     1    21     0     3   -60.0  -32.731  -40.684    109.4   1002.4
     3     1    20     2     1    21     0     3   -60.0  -31.819  -43.473    292.6    981.3
     4     1    20     2     1    21     0     3   -60.0  -31.295  -44.380    232.9    988.4
     5     1    20     2     1    21     0     3   -60.0  -39.619  -59.244   4024.1    622.3
     1     1    20     2     1    20     0     2   -61.0  -32.369  -42.668     11.1   1013.6
     2     1    20     2     1    20     0     2   -61.0  -32.928  -40.483    114.4   1001.5
     3     1    20     2     1    20     0     2   -61.0  -32.017  -43.312    303.5    980.2
     4     1    20     2     1    20     0     2   -61.0  -31.468  -44.214    238.1    987.0
     5     1    20     2     1    20     0     2   -61.0  -39.627  -59.811   3994.2    630.5
     1     1    20     2     1    19     0     1   -62.0  -32.548  -42.521     10.9   1013.4
     2     1    20     2     1    19     0     1   -62.0  -33.134  -40.301    118.5   1000.5
     3     1    20     2     1    19     0     1   -62.0  -32.219  -43.168    320.3    978.4
     4     1    20     2     1    19     0     1   -62.0  -31.644  -44.066    233.5    987.3
     5     1    20     2     1    19     0     1   -62.0  -39.612  -60.347   4056.5    625.6
     1     1    20     2     1    18     0     0   -63.0  -32.731  -42.389     10.6   1013.1
     2     1    20     2     1    18     0     0   -63.0  -33.351  -40.134    115.5   1000.4
     3     1    20     2     1    18     0     0   -63.0  -32.425  -43.037    347.1    975.3
     4     1    20     2     1    18     0     0   -63.0  -31.820  -43.945    220.9    988.8
     5     1    20     2     1    18     0     0   -63.0  -39.600  -60.857   4172.1    613.0
     1     1    20     2     1    17     0     1   -64.0  -32.915  -42.261     10.4   1014.0
     2     1    20     2     1    17     0     1   -64.0  -33.564  -39.973    108.2   1001.8
     3     1    20     2     1    17     0     1   -64.0  -32.628  -42.907    375.7    971.2
     4     1    20     2     1    17     0     1   -64.0  -31.994  -43.834    208.1    991.1
     5     1    20     2     1    17     0     1   -64.0  -39.589  -61.350   4282.8    602.7
     1     1    20     2     1    16     0     2   -65.0  -33.093  -42.131     10.4   1015.0
     2     1    20     2     1    16     0     2   -65.0  -33.763  -39.822    103.1   1002.7
     3     1    20     2     1    16     0     2   -65.0  -32.819  -42.776    393.5    969.0
     4     1    20     2     1    16     0     2   -65.0  -32.165  -43.707    203.1    991.9
     5     1    20     2     1    16     0     2   -65.0  -39.585  -61.814   4362.9    596.7
     1     1    20     2     1    15     0     3   -66.0  -33.264  -41.999     10.6   1015.9
     2     1    20     2     1    15     0     3   -66.0  -33.947  -39.686    102.5   1003.1
     3     1    20     2     1    15     0     3   -66.0  -32.999  -42.654    395.5    968.6
     4     1    20     2     1    15     0     3   -66.0  -32.338  -43.568    204.8    991.7
     5     1    20     2     1    15     0     3   -66.0  -39.591  -62.221   4395.5    593.4
     1     1    20     2     1    14     0     2   -67.0  -33.429  -41.861     10.8   1015.0
     2     1    20     2     1    14     0     2   -67.0  -34.124  -39.555    106.4   1002.3
     3     1    20     2     1    14     0     2   -67.0  -33.173  -42.529    391.6    970.3
     4     1    20     2     1    14     0     2   -67.0  -32.510  -43.425    210.3    990.9
     5     1    20     2     1    14     0     2   -67.0  -39.609  -62.587   4395.9    595.3
     1     1    20     2     1    13     0     1   -68.0  -33.589  -41.715     11.3   1014.6
     2     1    20     2     1    13     0     1   -68.0  -34.300  -39.414    113.4   1001.5
     3     1    20     2     1    13     0     1   -68.0  -33.344  -42.385    390.0    970.1
     4     1    20     2     1    13     0     1   -68.0  -32.682  -43.280    218.9    989.9
     5     1    20     2     1    13     0     1   -68.0  -39.647  -62.942   4399.4    595.7
     1     1    20     2     1    12     0     0   -69.0  -33.743  -41.567     12.1   1014.1
     2     1    20     2     1    12     0     0   -69.0  -34.469  -39.268    122.5   1000.5
     3     1    20     2     1    12     0     0   -69.0  -33.513  -42.224    384.4    970.3
     4     1    20     2     1    12     0     0   -69.0  -32.850  -43.137    232.7    988.7
     5     1    20     2     1    12     0     0   -69.0  -39.714  -63.291   4406.9    592.8
     1     1    20     2     1    11     0     1   -70.0  -33.897  -41.422     13.6   1012.8
     2     1    20     2     1    11     0     1   -70.0  -34.639  -39.128    130.2    999.1
     3     1    20     2     1    11     0     1   -70.0  -33.683  -42.052    378.2    971.1
     4     1    20     2     1    11     0     1   -70.0  -33.010  -42.990    248.5    985.9
     5     1    20     2     1    11     0     1   -70.0  -39.799  -63.642   4414.1    589.5
     1     1    20     2     1    10     0     2   -71.0  -34.058  -41.285     16.6   1011.6
     2     1    20     2     1    10     0     2   -71.0  -34.818  -39.004    133.6    998.4
     3     1    20     2     1    10     0     2   -71.0  -33.861  -41.880    380.1    970.7
     4     1    20     2     1    10     0     2   -71.0  -33.162  -42.826    260.4    984.1
     5     1    20     2     1    10     0     2   -71.0  -39.903  -64.014   4430.1    586.5
     1     1    20     2     1     9     0     3   -72.0  -34.223  -41.157     21.5   1010.2
     2     1    20     2     1     9     0     3   -72.0  -35.007  -38.897    134.3    998.0
     3     1    20     2     1     9     0     3   -72.0  -34.048  -41.718    396.8    968.8
     4     1    20     2     1     9     0     3   -72.0  -33.318  -42.643    275.1    982.4
     5     1    20     2     1     9     0     3   -72.0  -40.030  -64.396   4467.6    583.4
