     7     1
    GDAS    19    10    29     0     0
    GDAS    19    11     1     0     0
    GDAS    19    11     8     0     0
    GDAS    19    11    15     0     0
    GDAS    19    11    22     0     0
    GDAS    19    11    29     0     0
    GDAS    19    12     1     0     0
     5 BACKWARD OMEGA   
    19    12     1     3  -34.572  -58.513    10.0
    19    12     1     3  -34.572  -58.513   200.0
    19    12     1     3  -34.572  -58.513   500.0
    19    12     1     3  -34.572  -58.513  1000.0
    19    12     1     3  -34.572  -58.513  2000.0
     1 PRESSURE
     1     1    19    12     1     3     0     3     0.0  -34.572  -58.513     10.0   1010.6
     2     1    19    12     1     3     0     3     0.0  -34.572  -58.513    200.0    989.2
     3     1    19    12     1     3     0     3     0.0  -34.572  -58.513    500.0    955.1
     4     1    19    12     1     3     0     3     0.0  -34.572  -58.513   1000.0    900.2
     5     1    19    12     1     3     0     3     0.0  -34.572  -58.513   2000.0    798.2
     1     1    19    12     1     2     0     2    -1.0  -34.683  -58.407     11.7   1009.1
     2     1    19    12     1     2     0     2    -1.0  -34.788  -58.295    192.8    985.5
     3     1    19    12     1     2     0     2    -1.0  -34.833  -58.316    486.3    945.9
     4     1    19    12     1     2     0     2    -1.0  -34.803  -58.546   1013.0    892.2
     5     1    19    12     1     2     0     2    -1.0  -34.766  -58.878   2054.5    791.3
     1     1    19    12     1     1     0     1    -2.0  -34.799  -58.343      8.7   1008.8
     2     1    19    12     1     1     0     1    -2.0  -35.001  -58.150    110.5    994.7
     3     1    19    12     1     1     0     1    -2.0  -35.106  -58.175    258.0    967.2
     4     1    19    12     1     1     0     1    -2.0  -35.058  -58.600    864.1    904.6
     5     1    19    12     1     1     0     1    -2.0  -34.979  -59.227   2046.7    792.0
     1     1    19    12     1     0     0     0    -3.0  -34.918  -58.330      2.0   1008.4
     2     1    19    12     1     0     0     0    -3.0  -35.171  -58.089     49.2   1006.7
     3     1    19    12     1     0     0     0    -3.0  -35.312  -58.100    122.0   1006.0
     4     1    19    12     1     0     0     0    -3.0  -35.367  -58.648    521.9    942.4
     5     1    19    12     1     0     0     0    -3.0  -35.197  -59.535   1956.5    797.5
     1     1    19    11    30    23     0     1    -4.0  -35.032  -58.370      0.0   1007.4
     2     1    19    11    30    23     0     1    -4.0  -35.315  -58.093     15.1   1007.7
     3     1    19    11    30    23     0     1    -4.0  -35.487  -58.089     33.8   1007.9
     4     1    19    11    30    23     0     1    -4.0  -35.651  -58.692    306.3    994.9
     5     1    19    11    30    23     0     1    -4.0  -35.404  -59.818   1797.5    814.4
     1     1    19    11    30    22     0     2    -5.0  -35.136  -58.469      0.0   1006.2
     2     1    19    11    30    22     0     2    -5.0  -35.435  -58.161      6.0   1006.8
     3     1    19    11    30    22     0     2    -5.0  -35.622  -58.144     16.0   1007.2
     4     1    19    11    30    22     0     2    -5.0  -35.906  -58.789    221.6    991.8
     5     1    19    11    30    22     0     2    -5.0  -35.610  -60.124   1662.5    829.2
     1     1    19    11    30    21     0     3    -6.0  -35.233  -58.625      0.0   1004.9
     2     1    19    11    30    21     0     3    -6.0  -35.553  -58.295      4.3   1005.9
     3     1    19    11    30    21     0     3    -6.0  -35.754  -58.265     12.4   1006.5
     4     1    19    11    30    21     0     3    -6.0  -36.126  -58.985    212.9    985.7
     5     1    19    11    30    21     0     3    -6.0  -35.833  -60.483   1645.9    832.4
     1     1    19    11    30    20     0     2    -7.0  -35.335  -58.821      0.2   1004.8
     2     1    19    11    30    20     0     2    -7.0  -35.675  -58.474      4.7   1005.5
     3     1    19    11    30    20     0     2    -7.0  -35.891  -58.436     13.1   1005.4
     4     1    19    11    30    20     0     2    -7.0  -36.327  -59.253    232.6    976.2
     5     1    19    11    30    20     0     2    -7.0  -36.071  -60.889   1724.2    816.9
     1     1    19    11    30    19     0     1    -8.0  -35.447  -59.040      0.4   1004.7
     2     1    19    11    30    19     0     1    -8.0  -35.796  -58.681      5.4   1005.0
     3     1    19    11    30    19     0     1    -8.0  -36.023  -58.640     14.7   1004.4
     4     1    19    11    30    19     0     1    -8.0  -36.518  -59.528    254.9    968.1
     5     1    19    11    30    19     0     1    -8.0  -36.310  -61.298   1828.6    804.3
     1     1    19    11    30    18     0     0    -9.0  -35.564  -59.275      0.8   1004.1
     2     1    19    11    30    18     0     0    -9.0  -35.908  -58.915      6.7   1004.8
     3     1    19    11    30    18     0     0    -9.0  -36.141  -58.874     17.9   1002.9
     4     1    19    11    30    18     0     0    -9.0  -36.683  -59.810    269.9    959.6
     5     1    19    11    30    18     0     0    -9.0  -36.544  -61.719   1983.0    790.2
     1     1    19    11    30    17     0     1   -10.0  -35.678  -59.519      1.5   1003.6
     2     1    19    11    30    17     0     1   -10.0  -36.007  -59.164      8.6   1004.1
     3     1    19    11    30    17     0     1   -10.0  -36.246  -59.126     22.9   1000.5
     4     1    19    11    30    17     0     1   -10.0  -36.830  -60.092    275.4    956.0
     5     1    19    11    30    17     0     1   -10.0  -36.786  -62.204   2189.2    766.0
     1     1    19    11    30    16     0     2   -11.0  -35.784  -59.764      2.3   1003.5
     2     1    19    11    30    16     0     2   -11.0  -36.100  -59.415     10.5   1002.6
     3     1    19    11    30    16     0     2   -11.0  -36.347  -59.382     29.1    997.6
     4     1    19    11    30    16     0     2   -11.0  -36.972  -60.374    281.4    956.7
     5     1    19    11    30    16     0     2   -11.0  -37.057  -62.815   2376.0    743.6
     1     1    19    11    30    15     0     3   -12.0  -35.887  -60.010      2.8   1003.9
     2     1    19    11    30    15     0     3   -12.0  -36.193  -59.666     12.2   1001.1
     3     1    19    11    30    15     0     3   -12.0  -36.449  -59.640     36.6    994.6
     4     1    19    11    30    15     0     3   -12.0  -37.111  -60.659    293.3    957.3
     5     1    19    11    30    15     0     3   -12.0  -37.332  -63.576   2548.5    730.0
     1     1    19    11    30    14     0     2   -13.0  -35.997  -60.236      4.5   1003.3
     2     1    19    11    30    14     0     2   -13.0  -36.298  -59.896     14.6    998.7
     3     1    19    11    30    14     0     2   -13.0  -36.565  -59.878     48.1    990.1
     4     1    19    11    30    14     0     2   -13.0  -37.266  -60.927    309.9    955.6
     5     1    19    11    30    14     0     2   -13.0  -37.574  -64.464   2706.6    708.9
     1     1    19    11    30    13     0     1   -14.0  -36.129  -60.423      9.0   1001.2
     2     1    19    11    30    13     0     1   -14.0  -36.429  -60.087     19.4    995.5
     3     1    19    11    30    13     0     1   -14.0  -36.713  -60.081     68.3    984.1
     4     1    19    11    30    13     0     1   -14.0  -37.452  -61.157    330.0    950.2
     5     1    19    11    30    13     0     1   -14.0  -37.790  -65.436   2784.4    698.9
     1     1    19    11    30    12     0     0   -15.0  -36.285  -60.572     16.4    997.9
     2     1    19    11    30    12     0     0   -15.0  -36.585  -60.241     28.8    992.0
     3     1    19    11    30    12     0     0   -15.0  -36.896  -60.251     97.2    978.0
     4     1    19    11    30    12     0     0   -15.0  -37.669  -61.360    353.1    941.0
     5     1    19    11    30    12     0     0   -15.0  -38.008  -66.417   2800.2    696.5
     1     1    19    11    30    11     0     1   -16.0  -36.445  -60.707     25.9    993.7
     2     1    19    11    30    11     0     1   -16.0  -36.754  -60.383     43.5    987.0
     3     1    19    11    30    11     0     1   -16.0  -37.110  -60.415    133.7    972.4
     4     1    19    11    30    11     0     1   -16.0  -37.933  -61.580    376.7    927.3
     5     1    19    11    30    11     0     1   -16.0  -38.200  -67.301   2689.0    701.5
     1     1    19    11    30    10     0     2   -17.0  -36.590  -60.851     35.8    990.4
     2     1    19    11    30    10     0     2   -17.0  -36.922  -60.534     63.2    982.2
     3     1    19    11    30    10     0     2   -17.0  -37.346  -60.610    167.4    967.8
     4     1    19    11    30    10     0     2   -17.0  -38.268  -61.862    399.9    927.5
     5     1    19    11    30    10     0     2   -17.0  -38.340  -68.050   2452.7    721.3
     1     1    19    11    30     9     0     3   -18.0  -36.719  -61.003     44.7    987.9
     2     1    19    11    30     9     0     3   -18.0  -37.097  -60.698     85.9    978.0
     3     1    19    11    30     9     0     3   -18.0  -37.602  -60.839    191.1    964.0
     4     1    19    11    30     9     0     3   -18.0  -38.647  -62.187    389.4    946.2
     5     1    19    11    30     9     0     3   -18.0  -38.450  -68.749   2147.0    745.9
     1     1    19    11    30     8     0     2   -19.0  -36.846  -61.170     53.3    986.0
     2     1    19    11    30     8     0     2   -19.0  -37.289  -60.901    107.4    975.3
     3     1    19    11    30     8     0     2   -19.0  -37.888  -61.093    205.4    957.5
     4     1    19    11    30     8     0     2   -19.0  -39.002  -62.513    344.9    969.4
     5     1    19    11    30     8     0     2   -19.0  -38.561  -69.455   1916.6    746.4
     1     1    19    11    30     7     0     1   -20.0  -36.997  -61.368     64.1    983.5
     2     1    19    11    30     7     0     1   -20.0  -37.518  -61.141    125.2    969.6
     3     1    19    11    30     7     0     1   -20.0  -38.207  -61.364    211.8    954.5
     4     1    19    11    30     7     0     1   -20.0  -39.332  -62.856    341.1    973.0
     5     1    19    11    30     7     0     1   -20.0  -38.717  -70.241   1869.2    717.1
     1     1    19    11    30     6     0     0   -21.0  -37.192  -61.606     77.5    976.6
     2     1    19    11    30     6     0     0   -21.0  -37.793  -61.385    141.6    958.9
     3     1    19    11    30     6     0     0   -21.0  -38.523  -61.665    209.3    961.7
     4     1    19    11    30     6     0     0   -21.0  -39.713  -63.247    426.6    957.6
     5     1    19    11    30     6     0     0   -21.0  -38.902  -71.230   1951.9    686.7
     1     1    19    11    30     5     0     1   -22.0  -37.408  -61.887     93.0    966.4
     2     1    19    11    30     5     0     1   -22.0  -38.069  -61.665    161.1    947.8
     3     1    19    11    30     5     0     1   -22.0  -38.811  -62.009    181.8    975.0
     4     1    19    11    30     5     0     1   -22.0  -40.178  -63.742    660.1    926.2
     5     1    19    11    30     5     0     1   -22.0  -39.045  -72.071   1949.6    744.9
     1     1    19    11    30     4     0     2   -23.0  -37.624  -62.249    105.2    960.5
     2     1    19    11    30     4     0     2   -23.0  -38.327  -62.060    161.4    953.3
     3     1    19    11    30     4     0     2   -23.0  -39.065  -62.357    125.1    992.9
     4     1    19    11    30     4     0     2   -23.0  -40.697  -64.346    821.8    907.8
     5     1    19    11    30     4     0     2   -23.0  -39.125  -72.650   1847.9    784.9
     1     1    19    11    30     3     0     3   -24.0  -37.845  -62.711     94.9    965.8
     2     1    19    11    30     3     0     3   -24.0  -38.579  -62.507    126.1    975.7
     3     1    19    11    30     3     0     3   -24.0  -39.275  -62.700     91.6    998.0
     4     1    19    11    30     3     0     3   -24.0  -41.209  -64.994    994.1    909.2
     5     1    19    11    30     3     0     3   -24.0  -39.158  -73.087   1807.4    812.5
     1     1    19    11    30     2     0     2   -25.0  -38.047  -63.183     65.7    977.5
     2     1    19    11    30     2     0     2   -25.0  -38.775  -62.920    103.6    990.7
     3     1    19    11    30     2     0     2   -25.0  -39.452  -63.035     83.3    997.2
     4     1    19    11    30     2     0     2   -25.0  -41.731  -65.736   1288.8    831.1
     5     1    19    11    30     2     0     2   -25.0  -39.177  -73.470   1826.3    813.3
     1     1    19    11    30     1     0     1   -26.0  -38.197  -63.568     40.1    985.0
     2     1    19    11    30     1     0     1   -26.0  -38.935  -63.301    104.0    989.4
     3     1    19    11    30     1     0     1   -26.0  -39.628  -63.358     88.2    990.4
     4     1    19    11    30     1     0     1   -26.0  -42.231  -66.650   1408.7    800.7
     5     1    19    11    30     1     0     1   -26.0  -39.206  -73.849   1870.8    809.4
     1     1    19    11    30     0     0     0   -27.0  -38.313  -63.879     22.7    987.3
     2     1    19    11    30     0     0     0   -27.0  -39.103  -63.670    111.7    984.1
     3     1    19    11    30     0     0     0   -27.0  -39.822  -63.705     98.8    984.4
     4     1    19    11    30     0     0     0   -27.0  -42.696  -67.708   1686.4    750.3
     5     1    19    11    30     0     0     0   -27.0  -39.240  -74.228   1876.2    810.2
     1     1    19    11    29    23     0     1   -28.0  -38.442  -64.187     13.4    987.2
     2     1    19    11    29    23     0     1   -28.0  -39.325  -64.116    121.3    979.0
     3     1    19    11    29    23     0     1   -28.0  -40.008  -64.186    132.4    977.8
     4     1    19    11    29    23     0     1   -28.0  -43.068  -68.847   1683.5    721.8
     5     1    19    11    29    23     0     1   -28.0  -39.274  -74.620   1848.9    814.0
     1     1    19    11    29    22     0     2   -29.0  -38.607  -64.576     10.8    984.1
     2     1    19    11    29    22     0     2   -29.0  -39.555  -64.682    149.0    974.5
     3     1    19    11    29    22     0     2   -29.0  -40.241  -64.795    202.3    971.9
     4     1    19    11    29    22     0     2   -29.0  -43.279  -69.961   1549.2    747.3
     5     1    19    11    29    22     0     2   -29.0  -39.311  -75.028   1827.1    816.2
     1     1    19    11    29    21     0     3   -30.0  -38.790  -65.038     11.2    980.9
     2     1    19    11    29    21     0     3   -30.0  -39.776  -65.336    223.3    962.2
     3     1    19    11    29    21     0     3   -30.0  -40.497  -65.461    329.2    948.2
     4     1    19    11    29    21     0     3   -30.0  -43.530  -71.170   2137.5    682.2
     5     1    19    11    29    21     0     3   -30.0  -39.345  -75.448   1804.1    818.3
     1     1    19    11    29    20     0     2   -31.0  -38.979  -65.573     16.7    979.7
     2     1    19    11    29    20     0     2   -31.0  -40.009  -66.126    357.5    939.2
     3     1    19    11    29    20     0     2   -31.0  -40.746  -66.211    542.6    901.1
     4     1    19    11    29    20     0     2   -31.0  -43.816  -72.416   2825.0    637.0
     5     1    19    11    29    20     0     2   -31.0  -39.374  -75.875   1783.9    820.4
     1     1    19    11    29    19     0     1   -32.0  -39.185  -66.201     37.7    973.9
     2     1    19    11    29    19     0     1   -32.0  -40.281  -66.948    640.0    893.6
     3     1    19    11    29    19     0     1   -32.0  -41.042  -67.096    924.8    817.3
     4     1    19    11    29    19     0     1   -32.0  -44.075  -73.419   2958.5    670.8
     5     1    19    11    29    19     0     1   -32.0  -39.394  -76.306   1780.5    820.5
     1     1    19    11    29    18     0     0   -33.0  -39.406  -66.852     96.9    965.3
     2     1    19    11    29    18     0     0   -33.0  -40.564  -67.840    939.1    819.1
     3     1    19    11    29    18     0     0   -33.0  -41.330  -68.120   1303.9    755.5
     4     1    19    11    29    18     0     0   -33.0  -44.330  -74.267   2881.0    700.4
     5     1    19    11    29    18     0     0   -33.0  -39.405  -76.732   1777.5    820.2
     1     1    19    11    29    17     0     1   -34.0  -39.636  -67.556    253.9    931.3
     2     1    19    11    29    17     0     1   -34.0  -40.776  -68.823    896.9    791.0
     3     1    19    11    29    17     0     1   -34.0  -41.520  -69.148   1339.3    731.0
     4     1    19    11    29    17     0     1   -34.0  -44.605  -75.065   2859.2    706.2
     5     1    19    11    29    17     0     1   -34.0  -39.418  -77.150   1760.5    822.1
     1     1    19    11    29    16     0     2   -35.0  -39.829  -68.431    517.2    872.8
     2     1    19    11    29    16     0     2   -35.0  -40.862  -69.797    461.1    838.2
     3     1    19    11    29    16     0     2   -35.0  -41.608  -70.088   1017.5    783.9
     4     1    19    11    29    16     0     2   -35.0  -44.891  -75.834   2828.4    708.4
     5     1    19    11    29    16     0     2   -35.0  -39.448  -77.574   1746.6    823.1
     1     1    19    11    29    15     0     3   -36.0  -39.983  -69.355    768.5    842.3
     2     1    19    11    29    15     0     3   -36.0  -40.870  -70.696    192.0    870.6
     3     1    19    11    29    15     0     3   -36.0  -41.608  -70.981    875.6    804.5
     4     1    19    11    29    15     0     3   -36.0  -45.198  -76.582   2798.7    710.9
     5     1    19    11    29    15     0     3   -36.0  -39.490  -78.007   1730.0    824.4
     1     1    19    11    29    14     0     2   -37.0  -40.100  -70.287    901.1    828.7
     2     1    19    11    29    14     0     2   -37.0  -40.829  -71.390    129.6    876.7
     3     1    19    11    29    14     0     2   -37.0  -41.559  -71.755    882.3    796.1
     4     1    19    11    29    14     0     2   -37.0  -45.527  -77.327   2794.2    710.5
     5     1    19    11    29    14     0     2   -37.0  -39.558  -78.446   1705.7    826.3
     1     1    19    11    29    13     0     1   -38.0  -40.069  -71.232   1065.0    785.7
     2     1    19    11    29    13     0     1   -38.0  -40.781  -71.770     93.1    883.0
     3     1    19    11    29    13     0     1   -38.0  -41.495  -72.266    709.7    845.9
     4     1    19    11    29    13     0     1   -38.0  -45.861  -78.066   2822.8    707.3
     5     1    19    11    29    13     0     1   -38.0  -39.663  -78.887   1676.1    828.7
     1     1    19    11    29    12     0     0   -39.0  -39.975  -71.970    886.4    794.5
     2     1    19    11    29    12     0     0   -39.0  -40.735  -71.954     56.9    888.0
     3     1    19    11    29    12     0     0   -39.0  -41.456  -72.685    585.4    902.2
     4     1    19    11    29    12     0     0   -39.0  -46.202  -78.806   2893.4    699.9
     5     1    19    11    29    12     0     0   -39.0  -39.794  -79.334   1639.9    831.8
     1     1    19    11    29    11     0     1   -40.0  -39.911  -72.429    575.3    873.4
     2     1    19    11    29    11     0     1   -40.0  -40.694  -72.056     29.2    895.9
     3     1    19    11    29    11     0     1   -40.0  -41.446  -73.112    534.5    938.8
     4     1    19    11    29    11     0     1   -40.0  -46.560  -79.570   2956.7    692.9
     5     1    19    11    29    11     0     1   -40.0  -39.949  -79.812   1616.1    834.2
     1     1    19    11    29    10     0     2   -41.0  -39.861  -72.850    470.1    919.5
     2     1    19    11    29    10     0     2   -41.0  -40.654  -72.149     14.0    906.4
     3     1    19    11    29    10     0     2   -41.0  -41.465  -73.581    415.6    955.4
     4     1    19    11    29    10     0     2   -41.0  -46.929  -80.323   2984.8    690.3
     5     1    19    11    29    10     0     2   -41.0  -40.127  -80.323   1610.3    833.9
     1     1    19    11    29     9     0     3   -42.0  -39.837  -73.339    519.0    931.6
     2     1    19    11    29     9     0     3   -42.0  -40.614  -72.242      7.3    914.9
     3     1    19    11    29     9     0     3   -42.0  -41.527  -74.059    194.6    986.1
     4     1    19    11    29     9     0     3   -42.0  -47.313  -81.056   2998.8    688.6
     5     1    19    11    29     9     0     3   -42.0  -40.319  -80.851   1593.0    835.2
     1     1    19    11    29     8     0     2   -43.0  -39.880  -73.862    535.9    939.8
     2     1    19    11    29     8     0     2   -43.0  -40.572  -72.329      3.3    922.0
     3     1    19    11    29     8     0     2   -43.0  -41.614  -74.491     75.2   1005.1
     4     1    19    11    29     8     0     2   -43.0  -47.697  -81.777   3015.4    687.2
     5     1    19    11    29     8     0     2   -43.0  -40.511  -81.397   1592.8    837.8
     1     1    19    11    29     7     0     1   -44.0  -39.960  -74.415    509.8    949.8
     2     1    19    11    29     7     0     1   -44.0  -40.528  -72.406      1.9    928.1
     3     1    19    11    29     7     0     1   -44.0  -41.711  -74.928     38.8   1005.7
     4     1    19    11    29     7     0     1   -44.0  -48.072  -82.484   3047.2    683.7
     5     1    19    11    29     7     0     1   -44.0  -40.703  -81.966   1623.1    832.1
     1     1    19    11    29     6     0     0   -45.0  -40.025  -75.033    478.7    953.3
     2     1    19    11    29     6     0     0   -45.0  -40.482  -72.479      3.7    933.7
     3     1    19    11    29     6     0     0   -45.0  -41.821  -75.388     42.6   1001.7
     4     1    19    11    29     6     0     0   -45.0  -48.443  -83.187   3091.6    679.0
     5     1    19    11    29     6     0     0   -45.0  -40.893  -82.544   1658.0    827.6
     1     1    19    11    29     5     0     1   -46.0  -40.096  -75.705    468.8    957.0
     2     1    19    11    29     5     0     1   -46.0  -40.434  -72.555      9.9    940.4
     3     1    19    11    29     5     0     1   -46.0  -41.929  -75.846     54.4   1000.3
     4     1    19    11    29     5     0     1   -46.0  -48.817  -83.874   3151.2    674.1
     5     1    19    11    29     5     0     1   -46.0  -41.086  -83.119   1693.7    823.9
     1     1    19    11    29     4     0     2   -47.0  -40.197  -76.395    487.0    953.2
     2     1    19    11    29     4     0     2   -47.0  -40.387  -72.646     21.3    947.0
     3     1    19    11    29     4     0     2   -47.0  -42.019  -76.292     66.4    998.0
     4     1    19    11    29     4     0     2   -47.0  -49.211  -84.546   3202.5    667.1
     5     1    19    11    29     4     0     2   -47.0  -41.287  -83.694   1724.2    820.2
     1     1    19    11    29     3     0     3   -48.0  -40.302  -77.089    509.6    949.1
     2     1    19    11    29     3     0     3   -48.0  -40.344  -72.779     43.3    956.6
     3     1    19    11    29     3     0     3   -48.0  -42.093  -76.722     73.9    996.4
     4     1    19    11    29     3     0     3   -48.0  -49.622  -85.192   3232.0    665.7
     5     1    19    11    29     3     0     3   -48.0  -41.492  -84.275   1746.3    818.2
     1     1    19    11    29     2     0     2   -49.0  -40.415  -77.782    518.7    946.6
     2     1    19    11    29     2     0     2   -49.0  -40.270  -72.961     81.2    967.9
     3     1    19    11    29     2     0     2   -49.0  -42.161  -77.161     74.8    995.6
     4     1    19    11    29     2     0     2   -49.0  -50.033  -85.796   3251.2    663.0
     5     1    19    11    29     2     0     2   -49.0  -41.708  -84.852   1773.7    815.8
     1     1    19    11    29     1     0     1   -50.0  -40.556  -78.493    517.5    947.2
     2     1    19    11    29     1     0     1   -50.0  -40.101  -73.200    122.2    968.9
     3     1    19    11    29     1     0     1   -50.0  -42.222  -77.623     68.9    995.8
     4     1    19    11    29     1     0     1   -50.0  -50.442  -86.382   3264.1    662.4
     5     1    19    11    29     1     0     1   -50.0  -41.934  -85.410   1794.2    810.8
     1     1    19    11    29     0     0     0   -51.0  -40.719  -79.253    513.2    946.4
     2     1    19    11    29     0     0     0   -51.0  -39.800  -73.484    141.7    975.8
     3     1    19    11    29     0     0     0   -51.0  -42.266  -78.102     57.9    996.6
     4     1    19    11    29     0     0     0   -51.0  -50.841  -86.930   3290.6    660.4
     5     1    19    11    29     0     0     0   -51.0  -42.166  -85.953   1784.0    810.8
     1     1    19    11    28    23     0     1   -52.0  -40.893  -80.040    497.1    948.9
     2     1    19    11    28    23     0     1   -52.0  -39.438  -73.791    133.5    990.4
     3     1    19    11    28    23     0     1   -52.0  -42.295  -78.599     48.5    998.5
     4     1    19    11    28    23     0     1   -52.0  -51.235  -87.442   3327.5    656.0
     5     1    19    11    28    23     0     1   -52.0  -42.415  -86.515   1765.8    814.1
     1     1    19    11    28    22     0     2   -53.0  -41.067  -80.818    490.6    949.9
     2     1    19    11    28    22     0     2   -53.0  -39.075  -74.100    120.2    997.8
     3     1    19    11    28    22     0     2   -53.0  -42.302  -79.106     45.3    999.1
     4     1    19    11    28    22     0     2   -53.0  -51.633  -87.946   3350.3    654.3
     5     1    19    11    28    22     0     2   -53.0  -42.689  -87.088   1745.0    815.9
     1     1    19    11    28    21     0     3   -54.0  -41.222  -81.623    486.5    949.8
     2     1    19    11    28    21     0     3   -54.0  -38.775  -74.410    112.3   1000.0
     3     1    19    11    28    21     0     3   -54.0  -42.257  -79.626     39.7    999.8
     4     1    19    11    28    21     0     3   -54.0  -52.017  -88.392   3376.6    652.1
     5     1    19    11    28    21     0     3   -54.0  -42.975  -87.649   1742.7    817.0
     1     1    19    11    28    20     0     2   -55.0  -41.353  -82.444    468.8    952.5
     2     1    19    11    28    20     0     2   -55.0  -38.529  -74.725    108.0   1000.9
     3     1    19    11    28    20     0     2   -55.0  -42.177  -80.166     30.3   1001.5
     4     1    19    11    28    20     0     2   -55.0  -52.410  -88.808   3394.7    650.1
     5     1    19    11    28    20     0     2   -55.0  -43.255  -88.205   1783.5    811.5
     1     1    19    11    28    19     0     1   -56.0  -41.515  -83.256    465.4    952.7
     2     1    19    11    28    19     0     1   -56.0  -38.322  -75.060    105.6   1001.9
     3     1    19    11    28    19     0     1   -56.0  -42.120  -80.719     26.6   1002.4
     4     1    19    11    28    19     0     1   -56.0  -52.801  -89.182   3392.1    650.3
     5     1    19    11    28    19     0     1   -56.0  -43.539  -88.766   1830.1    806.8
     1     1    19    11    28    18     0     0   -57.0  -41.688  -84.101    473.7    951.2
     2     1    19    11    28    18     0     0   -57.0  -38.141  -75.402    109.4   1002.0
     3     1    19    11    28    18     0     0   -57.0  -42.063  -81.293     26.1   1002.3
     4     1    19    11    28    18     0     0   -57.0  -53.189  -89.506   3377.5    651.5
     5     1    19    11    28    18     0     0   -57.0  -43.839  -89.315   1894.7    799.3
     1     1    19    11    28    17     0     1   -58.0  -41.856  -84.967    475.4    951.6
     2     1    19    11    28    17     0     1   -58.0  -37.985  -75.740    115.9   1001.6
     3     1    19    11    28    17     0     1   -58.0  -41.994  -81.879     25.3   1002.4
     4     1    19    11    28    17     0     1   -58.0  -53.592  -89.790   3370.0    652.5
     5     1    19    11    28    17     0     1   -58.0  -44.150  -89.833   1929.2    794.7
     1     1    19    11    28    16     0     2   -59.0  -42.023  -85.794    482.4    950.9
     2     1    19    11    28    16     0     2   -59.0  -37.856  -76.074    119.7   1001.7
     3     1    19    11    28    16     0     2   -59.0  -41.930  -82.458     23.8   1003.9
     4     1    19    11    28    16     0     2   -59.0  -53.994  -90.011   3374.3    652.1
     5     1    19    11    28    16     0     2   -59.0  -44.469  -90.331   1933.6    795.1
     1     1    19    11    28    15     0     3   -60.0  -42.178  -86.603    485.4    950.3
     2     1    19    11    28    15     0     3   -60.0  -37.749  -76.402    123.2   1002.0
     3     1    19    11    28    15     0     3   -60.0  -41.860  -83.026     23.0   1005.0
     4     1    19    11    28    15     0     3   -60.0  -54.396  -90.182   3370.3    652.3
     5     1    19    11    28    15     0     3   -60.0  -44.806  -90.805   1979.7    790.2
     1     1    19    11    28    14     0     2   -61.0  -42.314  -87.418    474.1    951.3
     2     1    19    11    28    14     0     2   -61.0  -37.660  -76.725    129.9   1001.5
     3     1    19    11    28    14     0     2   -61.0  -41.783  -83.587     22.3   1005.5
     4     1    19    11    28    14     0     2   -61.0  -54.801  -90.323   3344.7    654.6
     5     1    19    11    28    14     0     2   -61.0  -45.155  -91.275   2043.2    782.1
     1     1    19    11    28    13     0     1   -62.0  -42.455  -88.239    448.4    954.9
     2     1    19    11    28    13     0     1   -62.0  -37.588  -77.049    139.1   1000.8
     3     1    19    11    28    13     0     1   -62.0  -41.716  -84.142     22.4   1005.9
     4     1    19    11    28    13     0     1   -62.0  -55.207  -90.427   3313.7    657.3
     5     1    19    11    28    13     0     1   -62.0  -45.508  -91.738   2098.8    776.1
     1     1    19    11    28    12     0     0   -63.0  -42.623  -89.084    432.6    956.4
     2     1    19    11    28    12     0     0   -63.0  -37.533  -77.368    149.4    999.6
     3     1    19    11    28    12     0     0   -63.0  -41.661  -84.674     24.3   1006.0
     4     1    19    11    28    12     0     0   -63.0  -55.615  -90.502   3292.1    659.1
     5     1    19    11    28    12     0     0   -63.0  -45.864  -92.147   2160.6    768.9
     1     1    19    11    28    11     0     1   -64.0  -42.781  -89.929    419.5    958.1
     2     1    19    11    28    11     0     1   -64.0  -37.494  -77.668    160.4    998.3
     3     1    19    11    28    11     0     1   -64.0  -41.615  -85.191     27.0   1006.3
     4     1    19    11    28    11     0     1   -64.0  -56.030  -90.537   3283.8    659.9
     5     1    19    11    28    11     0     1   -64.0  -46.189  -92.529   2221.7    762.6
     1     1    19    11    28    10     0     2   -65.0  -42.923  -90.756    418.8    959.1
     2     1    19    11    28    10     0     2   -65.0  -37.466  -77.948    172.5    996.9
     3     1    19    11    28    10     0     2   -65.0  -41.580  -85.696     28.5   1006.7
     4     1    19    11    28    10     0     2   -65.0  -56.461  -90.519   3278.2    660.4
     5     1    19    11    28    10     0     2   -65.0  -46.477  -92.927   2274.0    757.0
     1     1    19    11    28     9     0     3   -66.0  -43.054  -91.577    441.3    955.7
     2     1    19    11    28     9     0     3   -66.0  -37.450  -78.213    184.5    995.4
     3     1    19    11    28     9     0     3   -66.0  -41.555  -86.187     28.8   1007.2
     4     1    19    11    28     9     0     3   -66.0  -56.892  -90.438   3269.0    661.3
     5     1    19    11    28     9     0     3   -66.0  -46.751  -93.293   2311.2    753.2
     1     1    19    11    28     8     0     2   -67.0  -43.140  -92.412    442.7    955.5
     2     1    19    11    28     8     0     2   -67.0  -37.447  -78.467    193.6    994.5
     3     1    19    11    28     8     0     2   -67.0  -41.533  -86.665     28.1   1007.4
     4     1    19    11    28     8     0     2   -67.0  -57.324  -90.313   3269.6    661.5
     5     1    19    11    28     8     0     2   -67.0  -47.014  -93.604   2338.8    749.9
     1     1    19    11    28     7     0     1   -68.0  -43.226  -93.252    417.9    959.5
     2     1    19    11    28     7     0     1   -68.0  -37.460  -78.716    199.9    993.9
     3     1    19    11    28     7     0     1   -68.0  -41.504  -87.130     27.2   1007.6
     4     1    19    11    28     7     0     1   -68.0  -57.776  -90.152   3287.9    659.8
     5     1    19    11    28     7     0     1   -68.0  -47.245  -93.896   2345.4    748.8
     1     1    19    11    28     6     0     0   -69.0  -43.323  -94.084    410.5    960.5
     2     1    19    11    28     6     0     0   -69.0  -37.488  -78.957    202.7    993.7
     3     1    19    11    28     6     0     0   -69.0  -41.473  -87.586     26.9   1007.8
     4     1    19    11    28     6     0     0   -69.0  -58.229  -89.904   3315.9    657.4
     5     1    19    11    28     6     0     0   -69.0  -47.443  -94.178   2330.3    750.3
     1     1    19    11    28     5     0     1   -70.0  -43.418  -94.913    406.9    961.2
     2     1    19    11    28     5     0     1   -70.0  -37.525  -79.202    203.3    994.7
     3     1    19    11    28     5     0     1   -70.0  -41.450  -88.041     26.9   1008.9
     4     1    19    11    28     5     0     1   -70.0  -58.702  -89.629   3341.3    655.4
     5     1    19    11    28     5     0     1   -70.0  -47.608  -94.447   2344.4    749.9
     1     1    19    11    28     4     0     2   -71.0  -43.511  -95.741    401.9    962.7
     2     1    19    11    28     4     0     2   -71.0  -37.570  -79.469    205.5    995.5
     3     1    19    11    28     4     0     2   -71.0  -41.432  -88.492     26.9   1009.8
     4     1    19    11    28     4     0     2   -71.0  -59.200  -89.364   3338.6    656.2
     5     1    19    11    28     4     0     2   -71.0  -47.740  -94.695   2406.1    743.8
     1     1    19    11    28     3     0     3   -72.0  -43.616  -96.570    405.9    962.7
     2     1    19    11    28     3     0     3   -72.0  -37.618  -79.759    210.0    996.0
     3     1    19    11    28     3     0     3   -72.0  -41.413  -88.933     26.9   1010.8
     4     1    19    11    28     3     0     3   -72.0  -59.711  -89.084   3316.5    659.0
     5     1    19    11    28     3     0     3   -72.0  -47.838  -94.922   2493.6    735.5
