     7     1
    GDAS    19     9    29     0     0
    GDAS    19    10     1     0     0
    GDAS    19    10     8     0     0
    GDAS    19    10    15     0     0
    GDAS    19    10    22     0     0
    GDAS    19    10    29     0     0
    GDAS    19    11     1     0     0
     5 BACKWARD OMEGA   
    19    10    24    15  -34.572  -58.513    10.0
    19    10    24    15  -34.572  -58.513   200.0
    19    10    24    15  -34.572  -58.513   500.0
    19    10    24    15  -34.572  -58.513  1000.0
    19    10    24    15  -34.572  -58.513  2000.0
     1 PRESSURE
     1     1    19    10    24    15     0     3     0.0  -34.572  -58.513     10.0   1010.8
     2     1    19    10    24    15     0     3     0.0  -34.572  -58.513    200.0    989.3
     3     1    19    10    24    15     0     3     0.0  -34.572  -58.513    500.0    955.0
     4     1    19    10    24    15     0     3     0.0  -34.572  -58.513   1000.0    899.9
     5     1    19    10    24    15     0     3     0.0  -34.572  -58.513   2000.0    797.2
     1     1    19    10    24    14     0     2    -1.0  -34.588  -58.664     10.1   1011.3
     2     1    19    10    24    14     0     2    -1.0  -34.593  -58.732    213.0    988.7
     3     1    19    10    24    14     0     2    -1.0  -34.613  -58.779    535.7    951.3
     4     1    19    10    24    14     0     2    -1.0  -34.721  -58.849   1050.3    894.6
     5     1    19    10    24    14     0     2    -1.0  -34.864  -58.948   1988.6    802.3
     1     1    19    10    24    13     0     1    -2.0  -34.578  -58.791     10.2   1011.6
     2     1    19    10    24    13     0     1    -2.0  -34.584  -58.923    218.8    988.6
     3     1    19    10    24    13     0     1    -2.0  -34.648  -59.041    552.6    949.9
     4     1    19    10    24    13     0     1    -2.0  -34.906  -59.188   1076.1    892.1
     5     1    19    10    24    13     0     1    -2.0  -35.172  -59.373   2008.3    797.9
     1     1    19    10    24    12     0     0    -3.0  -34.546  -58.893     10.0   1012.0
     2     1    19    10    24    12     0     0    -3.0  -34.548  -59.086    215.5    989.4
     3     1    19    10    24    12     0     0    -3.0  -34.679  -59.296    550.6    950.3
     4     1    19    10    24    12     0     0    -3.0  -35.119  -59.519   1075.9    891.2
     5     1    19    10    24    12     0     0    -3.0  -35.512  -59.802   2030.4    791.4
     1     1    19    10    24    11     0     1    -4.0  -34.509  -58.977      9.7   1012.6
     2     1    19    10    24    11     0     1    -4.0  -34.505  -59.222    211.3    990.6
     3     1    19    10    24    11     0     1    -4.0  -34.710  -59.529    545.1    952.2
     4     1    19    10    24    11     0     1    -4.0  -35.350  -59.840   1071.6    891.6
     5     1    19    10    24    11     0     1    -4.0  -35.863  -60.210   2070.0    785.5
     1     1    19    10    24    10     0     2    -5.0  -34.484  -59.048      9.7   1012.9
     2     1    19    10    24    10     0     2    -5.0  -34.474  -59.336    213.7    990.2
     3     1    19    10    24    10     0     2    -5.0  -34.755  -59.733    552.8    951.6
     4     1    19    10    24    10     0     2    -5.0  -35.609  -60.161   1090.0    886.2
     5     1    19    10    24    10     0     2    -5.0  -36.204  -60.616   2132.5    774.8
     1     1    19    10    24     9     0     3    -6.0  -34.471  -59.105     10.0   1013.2
     2     1    19    10    24     9     0     3    -6.0  -34.457  -59.427    222.3    989.1
     3     1    19    10    24     9     0     3    -6.0  -34.827  -59.915    582.6    948.7
     4     1    19    10    24     9     0     3    -6.0  -35.912  -60.490   1131.4    878.5
     5     1    19    10    24     9     0     3    -6.0  -36.554  -61.025   2207.2    766.1
     1     1    19    10    24     8     0     2    -7.0  -34.468  -59.150     10.6   1011.8
     2     1    19    10    24     8     0     2    -7.0  -34.459  -59.491    235.7    987.1
     3     1    19    10    24     8     0     2    -7.0  -34.932  -60.088    619.9    941.4
     4     1    19    10    24     8     0     2    -7.0  -36.241  -60.830   1174.8    869.3
     5     1    19    10    24     8     0     2    -7.0  -36.910  -61.416   2279.5    755.0
     1     1    19    10    24     7     0     1    -8.0  -34.476  -59.181     11.4   1010.5
     2     1    19    10    24     7     0     1    -8.0  -34.488  -59.527    251.6    985.1
     3     1    19    10    24     7     0     1    -8.0  -35.058  -60.258    644.5    936.3
     4     1    19    10    24     7     0     1    -8.0  -36.578  -61.189   1207.0    864.5
     5     1    19    10    24     7     0     1    -8.0  -37.250  -61.792   2331.3    743.7
     1     1    19    10    24     6     0     0    -9.0  -34.497  -59.200     12.5   1009.1
     2     1    19    10    24     6     0     0    -9.0  -34.545  -59.538    269.6    982.8
     3     1    19    10    24     6     0     0    -9.0  -35.204  -60.429    662.8    932.2
     4     1    19    10    24     6     0     0    -9.0  -36.911  -61.567   1265.2    858.8
     5     1    19    10    24     6     0     0    -9.0  -37.581  -62.169   2372.5    731.4
     1     1    19    10    24     5     0     1   -10.0  -34.529  -59.216     13.9   1009.8
     2     1    19    10    24     5     0     1   -10.0  -34.635  -59.550    290.0    980.5
     3     1    19    10    24     5     0     1   -10.0  -35.372  -60.609    686.6    928.2
     4     1    19    10    24     5     0     1   -10.0  -37.234  -61.950   1371.4    839.6
     5     1    19    10    24     5     0     1   -10.0  -37.919  -62.527   2441.4    726.5
     1     1    19    10    24     4     0     2   -11.0  -34.573  -59.234     15.8   1010.4
     2     1    19    10    24     4     0     2   -11.0  -34.760  -59.581    312.4    978.0
     3     1    19    10    24     4     0     2   -11.0  -35.563  -60.810    724.8    923.0
     4     1    19    10    24     4     0     2   -11.0  -37.579  -62.340   1508.2    818.2
     5     1    19    10    24     4     0     2   -11.0  -38.273  -62.857   2533.0    728.0
     1     1    19    10    24     3     0     3   -12.0  -34.630  -59.254     18.1   1010.8
     2     1    19    10    24     3     0     3   -12.0  -34.923  -59.632    336.3    975.4
     3     1    19    10    24     3     0     3   -12.0  -35.776  -61.051    787.0    916.1
     4     1    19    10    24     3     0     3   -12.0  -37.940  -62.723   1615.1    803.5
     5     1    19    10    24     3     0     3   -12.0  -38.648  -63.168   2592.8    731.0
     1     1    19    10    24     2     0     2   -13.0  -34.697  -59.279     20.2   1009.6
     2     1    19    10    24     2     0     2   -13.0  -35.119  -59.707    359.6    971.5
     3     1    19    10    24     2     0     2   -13.0  -36.011  -61.346    879.1    906.2
     4     1    19    10    24     2     0     2   -13.0  -38.283  -63.104   1674.4    812.3
     5     1    19    10    24     2     0     2   -13.0  -39.023  -63.460   2597.3    733.5
     1     1    19    10    24     1     0     1   -14.0  -34.770  -59.311     21.7   1008.5
     2     1    19    10    24     1     0     1   -14.0  -35.344  -59.816    384.7    967.0
     3     1    19    10    24     1     0     1   -14.0  -36.255  -61.678    979.7    891.2
     4     1    19    10    24     1     0     1   -14.0  -38.591  -63.492   1749.9    815.8
     5     1    19    10    24     1     0     1   -14.0  -39.388  -63.752   2569.7    736.5
     1     1    19    10    24     0     0     0   -15.0  -34.849  -59.348     22.4   1007.7
     2     1    19    10    24     0     0     0   -15.0  -35.602  -59.975    420.7    960.4
     3     1    19    10    24     0     0     0   -15.0  -36.480  -62.022   1055.6    880.1
     4     1    19    10    24     0     0     0   -15.0  -38.873  -63.893   1861.2    802.7
     5     1    19    10    24     0     0     0   -15.0  -39.758  -64.071   2562.0    736.7
     1     1    19    10    23    23     0     1   -16.0  -34.932  -59.398     22.3   1007.3
     2     1    19    10    23    23     0     1   -16.0  -35.870  -60.191    483.9    950.8
     3     1    19    10    23    23     0     1   -16.0  -36.684  -62.345   1115.2    874.7
     4     1    19    10    23    23     0     1   -16.0  -39.111  -64.279   1940.4    789.8
     5     1    19    10    23    23     0     1   -16.0  -40.109  -64.422   2585.7    734.3
     1     1    19    10    23    22     0     2   -17.0  -35.015  -59.470     21.3   1007.1
     2     1    19    10    23    22     0     2   -17.0  -36.114  -60.439    552.6    937.4
     3     1    19    10    23    22     0     2   -17.0  -36.881  -62.641   1142.9    866.7
     4     1    19    10    23    22     0     2   -17.0  -39.291  -64.626   1935.7    786.9
     5     1    19    10    23    22     0     2   -17.0  -40.403  -64.787   2611.1    732.9
     1     1    19    10    23    21     0     3   -18.0  -35.096  -59.568     20.2   1006.9
     2     1    19    10    23    21     0     3   -18.0  -36.341  -60.681    584.9    930.1
     3     1    19    10    23    21     0     3   -18.0  -37.078  -62.905   1032.5    869.7
     4     1    19    10    23    21     0     3   -18.0  -39.404  -64.922   1792.3    799.1
     5     1    19    10    23    21     0     3   -18.0  -40.647  -65.166   2603.3    730.0
     1     1    19    10    23    20     0     2   -19.0  -35.179  -59.698     20.0   1006.9
     2     1    19    10    23    20     0     2   -19.0  -36.559  -60.927    609.2    931.5
     3     1    19    10    23    20     0     2   -19.0  -37.278  -63.127    899.1    901.9
     4     1    19    10    23    20     0     2   -19.0  -39.490  -65.141   1571.8    829.8
     5     1    19    10    23    20     0     2   -19.0  -40.839  -65.556   2588.4    725.3
     1     1    19    10    23    19     0     1   -20.0  -35.269  -59.868     20.9   1006.5
     2     1    19    10    23    19     0     1   -20.0  -36.774  -61.191    680.7    923.8
     3     1    19    10    23    19     0     1   -20.0  -37.484  -63.339    894.0    900.4
     4     1    19    10    23    19     0     1   -20.0  -39.588  -65.319   1450.3    845.7
     5     1    19    10    23    19     0     1   -20.0  -40.986  -65.938   2613.0    711.9
     1     1    19    10    23    18     0     0   -21.0  -35.367  -60.077     22.2   1005.7
     2     1    19    10    23    18     0     0   -21.0  -36.985  -61.466    811.5    907.9
     3     1    19    10    23    18     0     0   -21.0  -37.694  -63.563    972.5    888.6
     4     1    19    10    23    18     0     0   -21.0  -39.701  -65.487   1494.9    842.3
     5     1    19    10    23    18     0     0   -21.0  -41.124  -66.277   2665.5    692.1
     1     1    19    10    23    17     0     1   -22.0  -35.475  -60.298     24.4   1004.6
     2     1    19    10    23    17     0     1   -22.0  -37.200  -61.749    956.0    881.8
     3     1    19    10    23    17     0     1   -22.0  -37.917  -63.789   1054.1    876.2
     4     1    19    10    23    17     0     1   -22.0  -39.837  -65.656   1639.1    817.1
     5     1    19    10    23    17     0     1   -22.0  -41.276  -66.545   2713.0    678.1
     1     1    19    10    23    16     0     2   -23.0  -35.588  -60.515     27.8   1003.6
     2     1    19    10    23    16     0     2   -23.0  -37.438  -62.038   1064.4    861.0
     3     1    19    10    23    16     0     2   -23.0  -38.159  -63.996   1111.2    874.6
     4     1    19    10    23    16     0     2   -23.0  -40.002  -65.822   1755.9    800.3
     5     1    19    10    23    16     0     2   -23.0  -41.432  -66.763   2750.1    669.2
     1     1    19    10    23    15     0     3   -24.0  -35.701  -60.734     31.9   1002.7
     2     1    19    10    23    15     0     3   -24.0  -37.703  -62.319   1153.0    850.7
     3     1    19    10    23    15     0     3   -24.0  -38.414  -64.181   1163.5    870.3
     4     1    19    10    23    15     0     3   -24.0  -40.195  -65.985   1779.6    791.9
     5     1    19    10    23    15     0     3   -24.0  -41.585  -66.950   2784.8    662.4
     1     1    19    10    23    14     0     2   -25.0  -35.819  -60.944     35.9   1002.0
     2     1    19    10    23    14     0     2   -25.0  -38.003  -62.574   1246.8    840.7
     3     1    19    10    23    14     0     2   -25.0  -38.688  -64.350   1201.3    864.2
     4     1    19    10    23    14     0     2   -25.0  -40.415  -66.133   1758.7    795.6
     5     1    19    10    23    14     0     2   -25.0  -41.739  -67.109   2821.8    655.4
     1     1    19    10    23    13     0     1   -26.0  -35.951  -61.126     39.0   1001.7
     2     1    19    10    23    13     0     1   -26.0  -38.344  -62.795   1318.3    843.7
     3     1    19    10    23    13     0     1   -26.0  -39.001  -64.505   1215.6    866.0
     4     1    19    10    23    13     0     1   -26.0  -40.670  -66.264   1756.5    785.4
     5     1    19    10    23    13     0     1   -26.0  -41.902  -67.237   2866.5    646.7
     1     1    19    10    23    12     0     0   -27.0  -36.092  -61.278     40.2   1001.1
     2     1    19    10    23    12     0     0   -27.0  -38.702  -62.985   1323.1    856.2
     3     1    19    10    23    12     0     0   -27.0  -39.362  -64.657   1235.9    865.7
     4     1    19    10    23    12     0     0   -27.0  -40.956  -66.373   1734.9    774.5
     5     1    19    10    23    12     0     0   -27.0  -42.079  -67.331   2931.1    640.4
     1     1    19    10    23    11     0     1   -28.0  -36.226  -61.417     40.9    999.8
     2     1    19    10    23    11     0     1   -28.0  -39.070  -63.155   1309.1    866.3
     3     1    19    10    23    11     0     1   -28.0  -39.757  -64.812   1264.0    862.3
     4     1    19    10    23    11     0     1   -28.0  -41.260  -66.467   1707.7    774.3
     5     1    19    10    23    11     0     1   -28.0  -42.274  -67.397   3005.5    638.3
     1     1    19    10    23    10     0     2   -29.0  -36.340  -61.561     42.7    998.6
     2     1    19    10    23    10     0     2   -29.0  -39.444  -63.308   1305.0    865.0
     3     1    19    10    23    10     0     2   -29.0  -40.167  -64.969   1278.1    862.4
     4     1    19    10    23    10     0     2   -29.0  -41.574  -66.557   1695.1    773.2
     5     1    19    10    23    10     0     2   -29.0  -42.485  -67.442   3064.7    640.4
     1     1    19    10    23     9     0     3   -30.0  -36.437  -61.709     45.9    997.4
     2     1    19    10    23     9     0     3   -30.0  -39.824  -63.445   1325.3    862.0
     3     1    19    10    23     9     0     3   -30.0  -40.572  -65.112   1273.6    864.1
     4     1    19    10    23     9     0     3   -30.0  -41.907  -66.647   1691.6    771.7
     5     1    19    10    23     9     0     3   -30.0  -42.709  -67.465   3104.8    645.5
     1     1    19    10    23     8     0     2   -31.0  -36.530  -61.850     50.3    996.1
     2     1    19    10    23     8     0     2   -31.0  -40.206  -63.564   1367.7    856.3
     3     1    19    10    23     8     0     2   -31.0  -40.964  -65.226   1262.9    864.6
     4     1    19    10    23     8     0     2   -31.0  -42.249  -66.736   1705.6    781.4
     5     1    19    10    23     8     0     2   -31.0  -42.944  -67.473   3134.7    654.0
     1     1    19    10    23     7     0     1   -32.0  -36.631  -61.975     56.3    994.7
     2     1    19    10    23     7     0     1   -32.0  -40.582  -63.670   1410.5    852.4
     3     1    19    10    23     7     0     1   -32.0  -41.355  -65.313   1248.7    862.0
     4     1    19    10    23     7     0     1   -32.0  -42.587  -66.823   1731.8    793.9
     5     1    19    10    23     7     0     1   -32.0  -43.190  -67.474   3162.6    655.9
     1     1    19    10    23     6     0     0   -33.0  -36.743  -62.087     66.1    992.1
     2     1    19    10    23     6     0     0   -33.0  -40.953  -63.767   1445.6    851.4
     3     1    19    10    23     6     0     0   -33.0  -41.749  -65.391   1224.4    860.1
     4     1    19    10    23     6     0     0   -33.0  -42.922  -66.912   1750.7    808.6
     5     1    19    10    23     6     0     0   -33.0  -43.449  -67.469   3202.8    654.3
     1     1    19    10    23     5     0     1   -34.0  -36.882  -62.192     81.4    989.0
     2     1    19    10    23     5     0     1   -34.0  -41.325  -63.839   1472.1    849.0
     3     1    19    10    23     5     0     1   -34.0  -42.142  -65.464   1199.9    861.6
     4     1    19    10    23     5     0     1   -34.0  -43.242  -67.006   1725.9    809.8
     5     1    19    10    23     5     0     1   -34.0  -43.720  -67.458   3260.3    651.6
     1     1    19    10    23     4     0     2   -35.0  -37.065  -62.298    103.1    983.6
     2     1    19    10    23     4     0     2   -35.0  -41.695  -63.870   1494.1    847.5
     3     1    19    10    23     4     0     2   -35.0  -42.525  -65.525   1189.8    864.3
     4     1    19    10    23     4     0     2   -35.0  -43.540  -67.106   1678.0    808.4
     5     1    19    10    23     4     0     2   -35.0  -44.002  -67.445   3318.0    647.1
     1     1    19    10    23     3     0     3   -36.0  -37.296  -62.410    126.4    975.0
     2     1    19    10    23     3     0     3   -36.0  -42.053  -63.859   1526.1    844.9
     3     1    19    10    23     3     0     3   -36.0  -42.902  -65.577   1178.5    867.2
     4     1    19    10    23     3     0     3   -36.0  -43.824  -67.224   1667.4    805.1
     5     1    19    10    23     3     0     3   -36.0  -44.292  -67.432   3349.3    642.2
     1     1    19    10    23     2     0     2   -37.0  -37.569  -62.531    146.4    967.8
     2     1    19    10    23     2     0     2   -37.0  -42.405  -63.818   1557.1    839.7
     3     1    19    10    23     2     0     2   -37.0  -43.272  -65.625   1187.9    870.0
     4     1    19    10    23     2     0     2   -37.0  -44.092  -67.368   1697.8    796.7
     5     1    19    10    23     2     0     2   -37.0  -44.591  -67.429   3356.9    639.0
     1     1    19    10    23     1     0     1   -38.0  -37.863  -62.673    160.5    963.0
     2     1    19    10    23     1     0     1   -38.0  -42.754  -63.751   1572.7    838.3
     3     1    19    10    23     1     0     1   -38.0  -43.638  -65.685   1230.4    859.6
     4     1    19    10    23     1     0     1   -38.0  -44.335  -67.526   1746.8    787.2
     5     1    19    10    23     1     0     1   -38.0  -44.894  -67.448   3343.2    637.7
     1     1    19    10    23     0     0     0   -39.0  -38.152  -62.835    170.1    969.3
     2     1    19    10    23     0     0     0   -39.0  -43.098  -63.656   1574.4    838.1
     3     1    19    10    23     0     0     0   -39.0  -44.007  -65.759   1254.2    849.9
     4     1    19    10    23     0     0     0   -39.0  -44.547  -67.688   1827.1    777.9
     5     1    19    10    23     0     0     0   -39.0  -45.193  -67.496   3335.0    641.9
     1     1    19    10    22    23     0     1   -40.0  -38.445  -63.009    182.3    979.6
     2     1    19    10    22    23     0     1   -40.0  -43.425  -63.543   1578.9    839.1
     3     1    19    10    22    23     0     1   -40.0  -44.359  -65.816   1279.5    858.2
     4     1    19    10    22    23     0     1   -40.0  -44.730  -67.826   1925.9    762.3
     5     1    19    10    22    23     0     1   -40.0  -45.478  -67.571   3349.3    644.6
     1     1    19    10    22    22     0     2   -41.0  -38.758  -63.199    199.3    983.8
     2     1    19    10    22    22     0     2   -41.0  -43.730  -63.426   1598.2    836.3
     3     1    19    10    22    22     0     2   -41.0  -44.683  -65.846   1333.6    859.2
     4     1    19    10    22    22     0     2   -41.0  -44.896  -67.904   1990.2    752.7
     5     1    19    10    22    22     0     2   -41.0  -45.736  -67.665   3378.9    641.9
     1     1    19    10    22    21     0     3   -42.0  -39.087  -63.411    231.2    984.2
     2     1    19    10    22    21     0     3   -42.0  -44.019  -63.303   1626.6    833.0
     3     1    19    10    22    21     0     3   -42.0  -44.988  -65.876   1403.6    858.7
     4     1    19    10    22    21     0     3   -42.0  -45.051  -67.926   2008.2    750.5
     5     1    19    10    22    21     0     3   -42.0  -45.958  -67.781   3403.4    637.2
     1     1    19    10    22    20     0     2   -43.0  -39.442  -63.626    279.0    975.4
     2     1    19    10    22    20     0     2   -43.0  -44.291  -63.162   1658.3    829.2
     3     1    19    10    22    20     0     2   -43.0  -45.278  -65.907   1460.4    851.3
     4     1    19    10    22    20     0     2   -43.0  -45.206  -67.935   2021.6    753.3
     5     1    19    10    22    20     0     2   -43.0  -46.150  -67.917   3427.0    633.7
     1     1    19    10    22    19     0     1   -44.0  -39.821  -63.823    313.4    967.8
     2     1    19    10    22    19     0     1   -44.0  -44.546  -62.984   1688.7    825.9
     3     1    19    10    22    19     0     1   -44.0  -45.550  -65.919   1500.6    848.2
     4     1    19    10    22    19     0     1   -44.0  -45.366  -67.962   2056.5    748.2
     5     1    19    10    22    19     0     1   -44.0  -46.326  -68.066   3458.2    630.7
     1     1    19    10    22    18     0     0   -45.0  -40.221  -64.006    316.5    967.6
     2     1    19    10    22    18     0     0   -45.0  -44.768  -62.770   1706.8    822.8
     3     1    19    10    22    18     0     0   -45.0  -45.803  -65.918   1547.1    844.3
     4     1    19    10    22    18     0     0   -45.0  -45.526  -67.995   2080.8    743.7
     5     1    19    10    22    18     0     0   -45.0  -46.485  -68.224   3480.8    628.8
     1     1    19    10    22    17     0     1   -46.0  -40.661  -64.179    293.4    976.4
     2     1    19    10    22    17     0     1   -46.0  -44.950  -62.529   1716.0    823.2
     3     1    19    10    22    17     0     1   -46.0  -46.039  -65.903   1598.2    837.6
     4     1    19    10    22    17     0     1   -46.0  -45.685  -68.030   2083.4    743.6
     5     1    19    10    22    17     0     1   -46.0  -46.629  -68.385   3494.5    627.3
     1     1    19    10    22    16     0     2   -47.0  -41.137  -64.333    243.8    985.0
     2     1    19    10    22    16     0     2   -47.0  -45.108  -62.257   1738.6    821.9
     3     1    19    10    22    16     0     2   -47.0  -46.266  -65.870   1642.4    833.2
     4     1    19    10    22    16     0     2   -47.0  -45.844  -68.062   2073.0    745.1
     5     1    19    10    22    16     0     2   -47.0  -46.756  -68.554   3509.2    623.3
     1     1    19    10    22    15     0     3   -48.0  -41.609  -64.466    208.4    994.7
     2     1    19    10    22    15     0     3   -48.0  -45.255  -61.946   1786.3    817.0
     3     1    19    10    22    15     0     3   -48.0  -46.479  -65.814   1680.0    829.3
     4     1    19    10    22    15     0     3   -48.0  -46.004  -68.085   2061.5    746.9
     5     1    19    10    22    15     0     3   -48.0  -46.860  -68.739   3526.7    617.5
     1     1    19    10    22    14     0     2   -49.0  -42.080  -64.603    227.9    990.8
     2     1    19    10    22    14     0     2   -49.0  -45.381  -61.628   1834.0    810.0
     3     1    19    10    22    14     0     2   -49.0  -46.690  -65.732   1702.9    826.2
     4     1    19    10    22    14     0     2   -49.0  -46.165  -68.107   2057.2    750.4
     5     1    19    10    22    14     0     2   -49.0  -46.956  -68.943   3557.7    609.4
     1     1    19    10    22    13     0     1   -50.0  -42.566  -64.746    245.4    979.7
     2     1    19    10    22    13     0     1   -50.0  -45.482  -61.321   1854.3    807.2
     3     1    19    10    22    13     0     1   -50.0  -46.909  -65.629   1703.1    825.8
     4     1    19    10    22    13     0     1   -50.0  -46.324  -68.142   2056.5    753.2
     5     1    19    10    22    13     0     1   -50.0  -47.065  -69.165   3617.5    600.0
     1     1    19    10    22    12     0     0   -51.0  -43.049  -64.872    206.3    979.8
     2     1    19    10    22    12     0     0   -51.0  -45.567  -61.011   1839.2    808.4
     3     1    19    10    22    12     0     0   -51.0  -47.134  -65.507   1681.2    828.1
     4     1    19    10    22    12     0     0   -51.0  -46.484  -68.186   2058.5    755.2
     5     1    19    10    22    12     0     0   -51.0  -47.185  -69.418   3688.4    590.0
     1     1    19    10    22    11     0     1   -52.0  -43.516  -64.991    160.9    995.3
     2     1    19    10    22    11     0     1   -52.0  -45.618  -60.701   1793.1    813.3
     3     1    19    10    22    11     0     1   -52.0  -47.360  -65.371   1659.3    832.1
     4     1    19    10    22    11     0     1   -52.0  -46.638  -68.243   2060.3    756.0
     5     1    19    10    22    11     0     1   -52.0  -47.298  -69.711   3743.9    582.1
     1     1    19    10    22    10     0     2   -53.0  -43.979  -65.130    157.3    995.8
     2     1    19    10    22    10     0     2   -53.0  -45.639  -60.404   1735.7    820.6
     3     1    19    10    22    10     0     2   -53.0  -47.586  -65.228   1647.8    832.3
     4     1    19    10    22    10     0     2   -53.0  -46.781  -68.312   2059.1    756.2
     5     1    19    10    22    10     0     2   -53.0  -47.388  -70.038   3791.5    576.1
     1     1    19    10    22     9     0     3   -54.0  -44.406  -65.284    158.9    990.0
     2     1    19    10    22     9     0     3   -54.0  -45.669  -60.116   1706.2    825.5
     3     1    19    10    22     9     0     3   -54.0  -47.812  -65.076   1631.5    833.0
     4     1    19    10    22     9     0     3   -54.0  -46.911  -68.388   2054.2    755.6
     5     1    19    10    22     9     0     3   -54.0  -47.459  -70.388   3827.3    566.7
     1     1    19    10    22     8     0     2   -55.0  -44.775  -65.430    130.5    995.9
     2     1    19    10    22     8     0     2   -55.0  -45.692  -59.825   1731.2    823.3
     3     1    19    10    22     8     0     2   -55.0  -48.038  -64.925   1608.0    835.8
     4     1    19    10    22     8     0     2   -55.0  -47.032  -68.457   2046.1    754.9
     5     1    19    10    22     8     0     2   -55.0  -47.524  -70.761   3837.0    561.0
     1     1    19    10    22     7     0     1   -56.0  -45.086  -65.559     86.3   1005.5
     2     1    19    10    22     7     0     1   -56.0  -45.668  -59.521   1771.8    815.5
     3     1    19    10    22     7     0     1   -56.0  -48.262  -64.791   1590.3    838.5
     4     1    19    10    22     7     0     1   -56.0  -47.150  -68.508   2037.3    754.3
     5     1    19    10    22     7     0     1   -56.0  -47.584  -71.164   3844.4    556.5
     1     1    19    10    22     6     0     0   -57.0  -45.346  -65.680     53.8   1011.7
     2     1    19    10    22     6     0     0   -57.0  -45.618  -59.212   1776.6    813.2
     3     1    19    10    22     6     0     0   -57.0  -48.478  -64.680   1585.0    838.7
     4     1    19    10    22     6     0     0   -57.0  -47.266  -68.543   2033.0    754.0
     5     1    19    10    22     6     0     0   -57.0  -47.633  -71.597   3875.3    545.7
     1     1    19    10    22     5     0     1   -58.0  -45.576  -65.772     35.9   1013.2
     2     1    19    10    22     5     0     1   -58.0  -45.544  -58.901   1749.4    818.2
     3     1    19    10    22     5     0     1   -58.0  -48.678  -64.575   1591.8    838.3
     4     1    19    10    22     5     0     1   -58.0  -47.385  -68.572   2043.7    752.9
     5     1    19    10    22     5     0     1   -58.0  -47.670  -72.061   3937.4    532.8
     1     1    19    10    22     4     0     2   -59.0  -45.792  -65.785     23.7   1014.9
     2     1    19    10    22     4     0     2   -59.0  -45.432  -58.588   1726.1    822.4
     3     1    19    10    22     4     0     2   -59.0  -48.855  -64.469   1610.3    836.4
     4     1    19    10    22     4     0     2   -59.0  -47.514  -68.606   2073.4    748.8
     5     1    19    10    22     4     0     2   -59.0  -47.700  -72.551   4015.6    538.4
     1     1    19    10    22     3     0     3   -60.0  -46.015  -65.688     15.0   1017.1
     2     1    19    10    22     3     0     3   -60.0  -45.300  -58.275   1734.0    822.8
     3     1    19    10    22     3     0     3   -60.0  -49.007  -64.363   1644.4    833.6
     4     1    19    10    22     3     0     3   -60.0  -47.655  -68.640   2111.4    743.8
     5     1    19    10    22     3     0     3   -60.0  -47.736  -73.053   4011.4    553.3
     1     1    19    10    22     2     0     2   -61.0  -46.261  -65.558     11.8   1017.6
     2     1    19    10    22     2     0     2   -61.0  -45.171  -57.952   1800.2    818.1
     3     1    19    10    22     2     0     2   -61.0  -49.156  -64.269   1678.4    827.8
     4     1    19    10    22     2     0     2   -61.0  -47.809  -68.688   2149.8    738.5
     5     1    19    10    22     2     0     2   -61.0  -47.769  -73.600   4014.6    581.3
     1     1    19    10    22     1     0     1   -62.0  -46.517  -65.453     13.5   1017.1
     2     1    19    10    22     1     0     1   -62.0  -45.033  -57.615   1872.3    804.2
     3     1    19    10    22     1     0     1   -62.0  -49.330  -64.211   1698.7    825.9
     4     1    19    10    22     1     0     1   -62.0  -47.978  -68.760   2194.5    732.2
     5     1    19    10    22     1     0     1   -62.0  -47.781  -74.225   4067.1    597.3
     1     1    19    10    22     0     0     0   -63.0  -46.776  -65.373     17.5   1016.6
     2     1    19    10    22     0     0     0   -63.0  -44.861  -57.305   1847.3    803.4
     3     1    19    10    22     0     0     0   -63.0  -49.524  -64.195   1714.2    824.6
     4     1    19    10    22     0     0     0   -63.0  -48.163  -68.844   2251.1    726.7
     5     1    19    10    22     0     0     0   -63.0  -47.764  -74.906   4161.5    600.8
     1     1    19    10    21    23     0     1   -64.0  -47.039  -65.311     22.0   1014.7
     2     1    19    10    21    23     0     1   -64.0  -44.661  -57.054   1726.2    819.1
     3     1    19    10    21    23     0     1   -64.0  -49.720  -64.243   1746.5    822.5
     4     1    19    10    21    23     0     1   -64.0  -48.351  -68.947   2294.9    722.2
     5     1    19    10    21    23     0     1   -64.0  -47.718  -75.604   4238.5    593.7
     1     1    19    10    21    22     0     2   -65.0  -47.312  -65.270     25.8   1013.2
     2     1    19    10    21    22     0     2   -65.0  -44.459  -56.849   1611.2    837.1
     3     1    19    10    21    22     0     2   -65.0  -49.901  -64.359   1811.7    815.6
     4     1    19    10    21    22     0     2   -65.0  -48.531  -69.073   2317.9    723.3
     5     1    19    10    21    22     0     2   -65.0  -47.642  -76.283   4244.2    596.4
     1     1    19    10    21    21     0     3   -66.0  -47.596  -65.250     28.5   1012.4
     2     1    19    10    21    21     0     3   -66.0  -44.259  -56.666   1556.6    844.0
     3     1    19    10    21    21     0     3   -66.0  -50.063  -64.534   1903.1    805.2
     4     1    19    10    21    21     0     3   -66.0  -48.708  -69.223   2340.0    725.6
     5     1    19    10    21    21     0     3   -66.0  -47.542  -76.933   4211.0    600.0
     1     1    19    10    21    20     0     2   -67.0  -47.882  -65.255     29.5   1012.2
     2     1    19    10    21    20     0     2   -67.0  -44.053  -56.522   1555.0    842.5
     3     1    19    10    21    20     0     2   -67.0  -50.204  -64.763   1999.2    793.4
     4     1    19    10    21    20     0     2   -67.0  -48.882  -69.396   2377.9    724.8
     5     1    19    10    21    20     0     2   -67.0  -47.433  -77.574   4180.9    604.0
     1     1    19    10    21    19     0     1   -68.0  -48.160  -65.283     30.0   1011.8
     2     1    19    10    21    19     0     1   -68.0  -43.843  -56.434   1580.1    839.4
     3     1    19    10    21    19     0     1   -68.0  -50.331  -65.038   2101.4    784.2
     4     1    19    10    21    19     0     1   -68.0  -49.057  -69.590   2432.8    720.5
     5     1    19    10    21    19     0     1   -68.0  -47.328  -78.220   4165.0    604.5
     1     1    19    10    21    18     0     0   -69.0  -48.426  -65.322     30.9   1011.2
     2     1    19    10    21    18     0     0   -69.0  -43.633  -56.386   1615.0    834.5
     3     1    19    10    21    18     0     0   -69.0  -50.440  -65.378   2209.8    771.8
     4     1    19    10    21    18     0     0   -69.0  -49.249  -69.799   2495.6    711.7
     5     1    19    10    21    18     0     0   -69.0  -47.221  -78.866   4139.4    605.3
     1     1    19    10    21    17     0     1   -70.0  -48.691  -65.359     32.1   1011.1
     2     1    19    10    21    17     0     1   -70.0  -43.415  -56.351   1625.4    831.1
     3     1    19    10    21    17     0     1   -70.0  -50.527  -65.759   2291.7    762.2
     4     1    19    10    21    17     0     1   -70.0  -49.456  -70.032   2544.1    701.6
     5     1    19    10    21    17     0     1   -70.0  -47.118  -79.519   4109.2    609.0
     1     1    19    10    21    16     0     2   -71.0  -48.965  -65.387     33.2   1011.0
     2     1    19    10    21    16     0     2   -71.0  -43.182  -56.315   1585.9    835.1
     3     1    19    10    21    16     0     2   -71.0  -50.603  -66.131   2346.9    757.9
     4     1    19    10    21    16     0     2   -71.0  -49.657  -70.303   2567.5    693.8
     5     1    19    10    21    16     0     2   -71.0  -47.025  -80.184   4093.2    610.3
     1     1    19    10    21    15     0     3   -72.0  -49.256  -65.411     34.9   1011.3
     2     1    19    10    21    15     0     3   -72.0  -42.938  -56.280   1491.4    845.5
     3     1    19    10    21    15     0     3   -72.0  -50.660  -66.478   2394.0    753.8
     4     1    19    10    21    15     0     3   -72.0  -49.849  -70.603   2575.1    684.3
     5     1    19    10    21    15     0     3   -72.0  -46.950  -80.857   4106.9    610.3
