     7     1
    GDAS    19    12    29     0     0
    GDAS    20     1     1     0     0
    GDAS    20     1     8     0     0
    GDAS    20     1    15     0     0
    GDAS    20     1    22     0     0
    GDAS    20     1    29     0     0
    GDAS    20     2     1     0     0
     5 BACKWARD OMEGA   
    20     2     1     9  -34.572  -58.513    10.0
    20     2     1     9  -34.572  -58.513   200.0
    20     2     1     9  -34.572  -58.513   500.0
    20     2     1     9  -34.572  -58.513  1000.0
    20     2     1     9  -34.572  -58.513  2000.0
     1 PRESSURE
     1     1    20     2     1     9     0     3     0.0  -34.572  -58.513     10.0   1008.7
     2     1    20     2     1     9     0     3     0.0  -34.572  -58.513    200.0    987.2
     3     1    20     2     1     9     0     3     0.0  -34.572  -58.513    500.0    953.5
     4     1    20     2     1     9     0     3     0.0  -34.572  -58.513   1000.0    899.7
     5     1    20     2     1     9     0     3     0.0  -34.572  -58.513   2000.0    799.6
     1     1    20     2     1     8     0     2    -1.0  -34.485  -58.491     13.6   1007.7
     2     1    20     2     1     8     0     2    -1.0  -34.380  -58.504    201.7    986.5
     3     1    20     2     1     8     0     2    -1.0  -34.369  -58.576    506.6    953.0
     4     1    20     2     1     8     0     2    -1.0  -34.461  -58.552   1003.0    900.0
     5     1    20     2     1     8     0     2    -1.0  -34.609  -58.366   1999.3    799.9
     1     1    20     2     1     7     0     1    -2.0  -34.393  -58.462     19.3   1006.4
     2     1    20     2     1     7     0     1    -2.0  -34.186  -58.466    214.7    984.1
     3     1    20     2     1     7     0     1    -2.0  -34.164  -58.607    529.4    950.2
     4     1    20     2     1     7     0     1    -2.0  -34.342  -58.574   1022.0    897.5
     5     1    20     2     1     7     0     1    -2.0  -34.663  -58.223   2017.6    798.8
     1     1    20     2     1     6     0     0    -3.0  -34.291  -58.419     29.0   1004.6
     2     1    20     2     1     6     0     0    -3.0  -33.988  -58.390    246.4    979.6
     3     1    20     2     1     6     0     0    -3.0  -33.965  -58.604    571.4    945.2
     4     1    20     2     1     6     0     0    -3.0  -34.226  -58.575   1054.9    893.6
     5     1    20     2     1     6     0     0    -3.0  -34.739  -58.085   2070.4    794.7
     1     1    20     2     1     5     0     1    -4.0  -34.181  -58.342     47.8   1002.3
     2     1    20     2     1     5     0     1    -4.0  -33.808  -58.273    298.7    973.7
     3     1    20     2     1     5     0     1    -4.0  -33.782  -58.562    626.9    939.4
     4     1    20     2     1     5     0     1    -4.0  -34.120  -58.557   1106.9    888.6
     5     1    20     2     1     5     0     1    -4.0  -34.837  -57.960   2131.8    786.5
     1     1    20     2     1     4     0     2    -5.0  -34.065  -58.201     87.7    996.7
     2     1    20     2     1     4     0     2    -5.0  -33.673  -58.124    359.2    966.0
     3     1    20     2     1     4     0     2    -5.0  -33.627  -58.482    677.6    932.9
     4     1    20     2     1     4     0     2    -5.0  -34.033  -58.530   1182.3    880.6
     5     1    20     2     1     4     0     2    -5.0  -34.947  -57.850   2162.6    784.3
     1     1    20     2     1     3     0     3    -6.0  -33.954  -57.988    163.3    987.5
     2     1    20     2     1     3     0     3    -6.0  -33.578  -57.953    405.1    959.7
     3     1    20     2     1     3     0     3    -6.0  -33.502  -58.367    701.2    929.3
     4     1    20     2     1     3     0     3    -6.0  -33.973  -58.509   1272.5    870.3
     5     1    20     2     1     3     0     3    -6.0  -35.062  -57.751   2154.1    785.5
     1     1    20     2     1     2     0     2    -7.0  -33.869  -57.738    251.9    972.6
     2     1    20     2     1     2     0     2    -7.0  -33.516  -57.775    419.7    956.5
     3     1    20     2     1     2     0     2    -7.0  -33.413  -58.236    694.2    930.9
     4     1    20     2     1     2     0     2    -7.0  -33.942  -58.507   1363.3    860.1
     5     1    20     2     1     2     0     2    -7.0  -35.181  -57.662   2135.9    790.1
     1     1    20     2     1     1     0     1    -8.0  -33.827  -57.505    307.4    963.9
     2     1    20     2     1     1     0     1    -8.0  -33.486  -57.600    405.0    957.7
     3     1    20     2     1     1     0     1    -8.0  -33.359  -58.106    662.2    933.8
     4     1    20     2     1     1     0     1    -8.0  -33.937  -58.525   1448.1    852.1
     5     1    20     2     1     1     0     1    -8.0  -35.309  -57.587   2144.5    789.2
     1     1    20     2     1     0     0     0    -9.0  -33.837  -57.275    331.1    959.9
     2     1    20     2     1     0     0     0    -9.0  -33.493  -57.417    372.2    959.9
     3     1    20     2     1     0     0     0    -9.0  -33.337  -57.971    601.5    940.3
     4     1    20     2     1     0     0     0    -9.0  -33.955  -58.559   1528.0    844.0
     5     1    20     2     1     0     0     0    -9.0  -35.458  -57.529   2179.6    785.7
     1     1    20     1    31    23     0     1   -10.0  -33.894  -57.060    343.2    958.1
     2     1    20     1    31    23     0     1   -10.0  -33.543  -57.248    345.0    962.9
     3     1    20     1    31    23     0     1   -10.0  -33.351  -57.846    562.0    947.9
     4     1    20     1    31    23     0     1   -10.0  -33.990  -58.594   1611.4    836.5
     5     1    20     1    31    23     0     1   -10.0  -35.613  -57.492   2220.6    779.8
     1     1    20     1    31    22     0     2   -11.0  -33.982  -56.903    370.2    955.2
     2     1    20     1    31    22     0     2   -11.0  -33.627  -57.127    343.2    961.0
     3     1    20     1    31    22     0     2   -11.0  -33.400  -57.761    588.1    943.3
     4     1    20     1    31    22     0     2   -11.0  -34.026  -58.619   1704.9    827.2
     5     1    20     1    31    22     0     2   -11.0  -35.747  -57.484   2233.1    777.2
     1     1    20     1    31    21     0     3   -12.0  -34.088  -56.813    416.4    951.9
     2     1    20     1    31    21     0     3   -12.0  -33.737  -57.065    366.9    956.9
     3     1    20     1    31    21     0     3   -12.0  -33.482  -57.716    689.1    932.1
     4     1    20     1    31    21     0     3   -12.0  -34.052  -58.642   1816.1    817.1
     5     1    20     1    31    21     0     3   -12.0  -35.846  -57.513   2181.0    779.9
     1     1    20     1    31    20     0     2   -13.0  -34.183  -56.756    489.4    946.9
     2     1    20     1    31    20     0     2   -13.0  -33.849  -57.032    423.8    950.9
     3     1    20     1    31    20     0     2   -13.0  -33.565  -57.693    828.0    911.5
     4     1    20     1    31    20     0     2   -13.0  -34.075  -58.668   1917.0    804.5
     5     1    20     1    31    20     0     2   -13.0  -35.905  -57.575   2045.4    793.7
     1     1    20     1    31    19     0     1   -14.0  -34.258  -56.701    600.0    936.5
     2     1    20     1    31    19     0     1   -14.0  -33.938  -56.991    530.2    939.9
     3     1    20     1    31    19     0     1   -14.0  -33.630  -57.677    933.3    898.5
     4     1    20     1    31    19     0     1   -14.0  -34.107  -58.696   1984.6    799.0
     5     1    20     1    31    19     0     1   -14.0  -35.924  -57.661   1847.7    813.7
     1     1    20     1    31    18     0     0   -15.0  -34.324  -56.658    744.7    921.6
     2     1    20     1    31    18     0     0   -15.0  -34.005  -56.945    702.9    921.6
     3     1    20     1    31    18     0     0   -15.0  -33.680  -57.665    986.0    891.9
     4     1    20     1    31    18     0     0   -15.0  -34.142  -58.727   2028.6    795.6
     5     1    20     1    31    18     0     0   -15.0  -35.900  -57.765   1632.7    838.5
     1     1    20     1    31    17     0     1   -16.0  -34.390  -56.621    894.0    904.4
     2     1    20     1    31    17     0     1   -16.0  -34.066  -56.899    892.5    897.9
     3     1    20     1    31    17     0     1   -16.0  -33.723  -57.651    992.6    892.3
     4     1    20     1    31    17     0     1   -16.0  -34.174  -58.759   2064.8    793.6
     5     1    20     1    31    17     0     1   -16.0  -35.850  -57.865   1444.8    857.8
     1     1    20     1    31    16     0     2   -17.0  -34.463  -56.585   1014.4    891.7
     2     1    20     1    31    16     0     2   -17.0  -34.132  -56.851   1035.6    882.6
     3     1    20     1    31    16     0     2   -17.0  -33.767  -57.629    967.8    894.6
     4     1    20     1    31    16     0     2   -17.0  -34.202  -58.793   2104.0    789.9
     5     1    20     1    31    16     0     2   -17.0  -35.790  -57.960   1296.0    873.8
     1     1    20     1    31    15     0     3   -18.0  -34.541  -56.547   1101.1    884.3
     2     1    20     1    31    15     0     3   -18.0  -34.200  -56.800   1123.1    875.4
     3     1    20     1    31    15     0     3   -18.0  -33.813  -57.600    908.7    900.4
     4     1    20     1    31    15     0     3   -18.0  -34.223  -58.826   2142.0    786.3
     5     1    20     1    31    15     0     3   -18.0  -35.731  -58.058   1201.4    884.7
     1     1    20     1    31    14     0     2   -19.0  -34.631  -56.496   1161.5    879.6
     2     1    20     1    31    14     0     2   -19.0  -34.283  -56.738   1173.7    872.9
     3     1    20     1    31    14     0     2   -19.0  -33.869  -57.565    845.6    909.7
     4     1    20     1    31    14     0     2   -19.0  -34.244  -58.855   2169.1    783.1
     5     1    20     1    31    14     0     2   -19.0  -35.687  -58.158   1154.0    887.8
     1     1    20     1    31    13     0     1   -20.0  -34.744  -56.427   1201.8    876.7
     2     1    20     1    31    13     0     1   -20.0  -34.387  -56.661   1204.1    871.3
     3     1    20     1    31    13     0     1   -20.0  -33.939  -57.521    816.6    911.8
     4     1    20     1    31    13     0     1   -20.0  -34.273  -58.874   2177.5    782.2
     5     1    20     1    31    13     0     1   -20.0  -35.667  -58.261   1136.3    889.4
     1     1    20     1    31    12     0     0   -21.0  -34.884  -56.339   1225.0    875.9
     2     1    20     1    31    12     0     0   -21.0  -34.515  -56.572   1216.8    871.8
     3     1    20     1    31    12     0     0   -21.0  -34.023  -57.461    820.9    910.2
     4     1    20     1    31    12     0     0   -21.0  -34.309  -58.882   2166.0    783.1
     5     1    20     1    31    12     0     0   -21.0  -35.666  -58.368   1146.0    888.1
     1     1    20     1    31    11     0     1   -22.0  -35.050  -56.241   1243.3    876.1
     2     1    20     1    31    11     0     1   -22.0  -34.663  -56.476   1226.8    874.0
     3     1    20     1    31    11     0     1   -22.0  -34.114  -57.390    846.3    906.9
     4     1    20     1    31    11     0     1   -22.0  -34.355  -58.870   2147.1    785.7
     5     1    20     1    31    11     0     1   -22.0  -35.668  -58.482   1162.6    884.1
     1     1    20     1    31    10     0     2   -23.0  -35.233  -56.151   1260.3    873.2
     2     1    20     1    31    10     0     2   -23.0  -34.833  -56.376   1245.8    873.5
     3     1    20     1    31    10     0     2   -23.0  -34.206  -57.311    884.3    903.5
     4     1    20     1    31    10     0     2   -23.0  -34.417  -58.835   2133.8    786.4
     5     1    20     1    31    10     0     2   -23.0  -35.654  -58.616   1165.2    883.2
     1     1    20     1    31     9     0     3   -24.0  -35.425  -56.086   1265.6    871.7
     2     1    20     1    31     9     0     3   -24.0  -35.024  -56.272   1267.3    872.4
     3     1    20     1    31     9     0     3   -24.0  -34.303  -57.222    934.1    898.3
     4     1    20     1    31     9     0     3   -24.0  -34.499  -58.784   2124.5    786.7
     5     1    20     1    31     9     0     3   -24.0  -35.621  -58.773   1148.7    884.3
     1     1    20     1    31     8     0     2   -25.0  -35.619  -56.051   1256.9    872.8
     2     1    20     1    31     8     0     2   -25.0  -35.238  -56.185   1282.1    870.3
     3     1    20     1    31     8     0     2   -25.0  -34.411  -57.125    983.1    892.9
     4     1    20     1    31     8     0     2   -25.0  -34.602  -58.726   2117.7    787.4
     5     1    20     1    31     8     0     2   -25.0  -35.577  -58.938   1125.6    888.2
     1     1    20     1    31     7     0     1   -26.0  -35.811  -56.044   1234.7    874.9
     2     1    20     1    31     7     0     1   -26.0  -35.463  -56.137   1284.4    869.7
     3     1    20     1    31     7     0     1   -26.0  -34.533  -57.021   1023.4    890.4
     4     1    20     1    31     7     0     1   -26.0  -34.731  -58.673   2115.9    788.0
     5     1    20     1    31     7     0     1   -26.0  -35.539  -59.089   1118.9    889.1
     1     1    20     1    31     6     0     0   -27.0  -35.991  -56.053   1199.3    878.7
     2     1    20     1    31     6     0     0   -27.0  -35.688  -56.121   1271.1    870.9
     3     1    20     1    31     6     0     0   -27.0  -34.665  -56.919   1062.5    888.9
     4     1    20     1    31     6     0     0   -27.0  -34.887  -58.628   2124.9    787.8
     5     1    20     1    31     6     0     0   -27.0  -35.512  -59.221   1139.0    886.9
     1     1    20     1    31     5     0     1   -28.0  -36.161  -56.077   1170.0    884.3
     2     1    20     1    31     5     0     1   -28.0  -35.901  -56.135   1257.0    874.5
     3     1    20     1    31     5     0     1   -28.0  -34.813  -56.830   1101.5    887.4
     4     1    20     1    31     5     0     1   -28.0  -35.069  -58.603   2145.9    786.3
     5     1    20     1    31     5     0     1   -28.0  -35.498  -59.336   1168.9    881.6
     1     1    20     1    31     4     0     2   -29.0  -36.329  -56.133   1158.6    885.3
     2     1    20     1    31     4     0     2   -29.0  -36.108  -56.188   1255.0    874.9
     3     1    20     1    31     4     0     2   -29.0  -34.978  -56.759   1139.7    886.8
     4     1    20     1    31     4     0     2   -29.0  -35.273  -58.613   2180.0    783.9
     5     1    20     1    31     4     0     2   -29.0  -35.492  -59.445   1176.0    879.7
     1     1    20     1    31     3     0     3   -30.0  -36.495  -56.221   1156.8    885.5
     2     1    20     1    31     3     0     3   -30.0  -36.310  -56.290   1260.8    874.5
     3     1    20     1    31     3     0     3   -30.0  -35.156  -56.714   1180.9    883.6
     4     1    20     1    31     3     0     3   -30.0  -35.500  -58.681   2243.5    779.5
     5     1    20     1    31     3     0     3   -30.0  -35.486  -59.549   1138.0    882.7
     1     1    20     1    31     2     0     2   -31.0  -36.659  -56.335   1166.2    884.6
     2     1    20     1    31     2     0     2   -31.0  -36.502  -56.434   1273.7    872.9
     3     1    20     1    31     2     0     2   -31.0  -35.349  -56.708   1237.2    878.2
     4     1    20     1    31     2     0     2   -31.0  -35.739  -58.810   2340.4    769.0
     5     1    20     1    31     2     0     2   -31.0  -35.468  -59.636   1058.2    891.3
     1     1    20     1    31     1     0     1   -32.0  -36.823  -56.476   1187.5    881.6
     2     1    20     1    31     1     0     1   -32.0  -36.682  -56.608   1294.5    870.1
     3     1    20     1    31     1     0     1   -32.0  -35.564  -56.747   1315.4    869.0
     4     1    20     1    31     1     0     1   -32.0  -35.971  -58.968   2443.4    757.5
     5     1    20     1    31     1     0     1   -32.0  -35.439  -59.695    951.8    902.5
     1     1    20     1    31     0     0     0   -33.0  -36.983  -56.641   1204.4    878.0
     2     1    20     1    31     0     0     0   -33.0  -36.848  -56.808   1309.2    866.9
     3     1    20     1    31     0     0     0   -33.0  -35.799  -56.841   1418.3    858.7
     4     1    20     1    31     0     0     0   -33.0  -36.185  -59.136   2513.4    746.5
     5     1    20     1    31     0     0     0   -33.0  -35.403  -59.722    820.4    916.5
     1     1    20     1    30    23     0     1   -34.0  -37.111  -56.831   1215.9    878.0
     2     1    20     1    30    23     0     1   -34.0  -36.966  -57.030   1312.7    867.3
     3     1    20     1    30    23     0     1   -34.0  -36.049  -57.023   1535.0    844.7
     4     1    20     1    30    23     0     1   -34.0  -36.357  -59.316   2545.6    741.7
     5     1    20     1    30    23     0     1   -34.0  -35.370  -59.743    688.1    933.6
     1     1    20     1    30    22     0     2   -35.0  -37.187  -57.051   1233.2    876.1
     2     1    20     1    30    22     0     2   -35.0  -37.032  -57.269   1318.7    867.1
     3     1    20     1    30    22     0     2   -35.0  -36.270  -57.268   1581.6    834.4
     4     1    20     1    30    22     0     2   -35.0  -36.482  -59.516   2555.2    737.8
     5     1    20     1    30    22     0     2   -35.0  -35.351  -59.780    576.1    945.5
     1     1    20     1    30    21     0     3   -36.0  -37.232  -57.285   1228.6    872.8
     2     1    20     1    30    21     0     3   -36.0  -37.070  -57.497   1314.2    865.5
     3     1    20     1    30    21     0     3   -36.0  -36.430  -57.499   1497.7    843.0
     4     1    20     1    30    21     0     3   -36.0  -36.560  -59.738   2547.4    736.1
     5     1    20     1    30    21     0     3   -36.0  -35.354  -59.835    484.3    955.5
     1     1    20     1    30    20     0     2   -37.0  -37.279  -57.494   1176.7    878.2
     2     1    20     1    30    20     0     2   -37.0  -37.114  -57.693   1282.1    868.4
     3     1    20     1    30    20     0     2   -37.0  -36.551  -57.675   1350.0    865.3
     4     1    20     1    30    20     0     2   -37.0  -36.609  -59.963   2537.3    735.1
     5     1    20     1    30    20     0     2   -37.0  -35.375  -59.901    417.1    963.6
     1     1    20     1    30    19     0     1   -38.0  -37.345  -57.672   1083.7    886.3
     2     1    20     1    30    19     0     1   -38.0  -37.184  -57.861   1198.1    874.8
     3     1    20     1    30    19     0     1   -38.0  -36.669  -57.803   1246.9    878.3
     4     1    20     1    30    19     0     1   -38.0  -36.649  -60.165   2536.4    735.5
     5     1    20     1    30    19     0     1   -38.0  -35.409  -59.970    368.9    968.3
     1     1    20     1    30    18     0     0   -39.0  -37.429  -57.822    955.8    899.1
     2     1    20     1    30    18     0     0   -39.0  -37.278  -58.003   1055.9    888.8
     3     1    20     1    30    18     0     0   -39.0  -36.801  -57.912   1192.9    883.4
     4     1    20     1    30    18     0     0   -39.0  -36.683  -60.342   2545.4    735.1
     5     1    20     1    30    18     0     0   -39.0  -35.454  -60.044    331.8    972.0
     1     1    20     1    30    17     0     1   -40.0  -37.523  -57.954    821.6    913.5
     2     1    20     1    30    17     0     1   -40.0  -37.379  -58.132    925.3    907.7
     3     1    20     1    30    17     0     1   -40.0  -36.945  -58.019   1161.9    885.6
     4     1    20     1    30    17     0     1   -40.0  -36.733  -60.489   2558.9    733.7
     5     1    20     1    30    17     0     1   -40.0  -35.502  -60.122    305.5    975.0
     1     1    20     1    30    16     0     2   -41.0  -37.621  -58.080    741.8    924.6
     2     1    20     1    30    16     0     2   -41.0  -37.481  -58.267    880.3    910.7
     3     1    20     1    30    16     0     2   -41.0  -37.091  -58.132   1159.6    885.4
     4     1    20     1    30    16     0     2   -41.0  -36.819  -60.604   2569.1    732.2
     5     1    20     1    30    16     0     2   -41.0  -35.543  -60.195    291.8    976.1
     1     1    20     1    30    15     0     3   -42.0  -37.726  -58.215    764.6    921.2
     2     1    20     1    30    15     0     3   -42.0  -37.589  -58.413    921.2    904.5
     3     1    20     1    30    15     0     3   -42.0  -37.238  -58.255   1206.8    877.8
     4     1    20     1    30    15     0     3   -42.0  -36.940  -60.690   2568.9    731.4
     5     1    20     1    30    15     0     3   -42.0  -35.579  -60.264    288.3    976.1
     1     1    20     1    30    14     0     2   -43.0  -37.837  -58.373    838.5    904.7
     2     1    20     1    30    14     0     2   -43.0  -37.713  -58.579    998.1    888.6
     3     1    20     1    30    14     0     2   -43.0  -37.411  -58.399   1274.1    863.9
     4     1    20     1    30    14     0     2   -43.0  -37.100  -60.764   2570.7    731.8
     5     1    20     1    30    14     0     2   -43.0  -35.611  -60.316    290.9    975.1
     1     1    20     1    30    13     0     1   -44.0  -37.955  -58.560    898.0    896.4
     2     1    20     1    30    13     0     1   -44.0  -37.860  -58.778   1064.7    879.6
     3     1    20     1    30    13     0     1   -44.0  -37.623  -58.583   1332.6    854.4
     4     1    20     1    30    13     0     1   -44.0  -37.300  -60.841   2590.4    729.5
     5     1    20     1    30    13     0     1   -44.0  -35.643  -60.333    296.6    974.3
     1     1    20     1    30    12     0     0   -45.0  -38.088  -58.776    941.4    892.1
     2     1    20     1    30    12     0     0   -45.0  -38.039  -59.018   1118.2    872.7
     3     1    20     1    30    12     0     0   -45.0  -37.880  -58.820   1377.1    846.0
     4     1    20     1    30    12     0     0   -45.0  -37.527  -60.920   2642.0    724.7
     5     1    20     1    30    12     0     0   -45.0  -35.679  -60.313    305.7    973.1
     1     1    20     1    30    11     0     1   -46.0  -38.236  -59.000    973.2    891.6
     2     1    20     1    30    11     0     1   -46.0  -38.230  -59.283   1151.0    870.7
     3     1    20     1    30    11     0     1   -46.0  -38.160  -59.107   1406.6    844.1
     4     1    20     1    30    11     0     1   -46.0  -37.772  -61.018   2709.9    714.5
     5     1    20     1    30    11     0     1   -46.0  -35.715  -60.255    317.6    971.1
     1     1    20     1    30    10     0     2   -47.0  -38.392  -59.226    997.1    890.1
     2     1    20     1    30    10     0     2   -47.0  -38.411  -59.561   1176.7    871.4
     3     1    20     1    30    10     0     2   -47.0  -38.422  -59.429   1430.5    845.2
     4     1    20     1    30    10     0     2   -47.0  -38.034  -61.153   2753.6    705.6
     5     1    20     1    30    10     0     2   -47.0  -35.752  -60.161    330.5    969.1
     1     1    20     1    30     9     0     3   -48.0  -38.549  -59.459   1020.6    890.5
     2     1    20     1    30     9     0     3   -48.0  -38.590  -59.866   1223.6    870.3
     3     1    20     1    30     9     0     3   -48.0  -38.659  -59.802   1470.9    846.1
     4     1    20     1    30     9     0     3   -48.0  -38.319  -61.319   2791.8    707.4
     5     1    20     1    30     9     0     3   -48.0  -35.791  -60.031    342.6    967.1
     1     1    20     1    30     8     0     2   -49.0  -38.704  -59.695   1059.6    889.5
     2     1    20     1    30     8     0     2   -49.0  -38.765  -60.200   1284.4    865.1
     3     1    20     1    30     8     0     2   -49.0  -38.875  -60.226   1526.7    842.9
     4     1    20     1    30     8     0     2   -49.0  -38.621  -61.522   2870.7    709.2
     5     1    20     1    30     8     0     2   -49.0  -35.843  -59.857    356.0    966.5
     1     1    20     1    30     7     0     1   -50.0  -38.859  -59.924   1119.8    886.3
     2     1    20     1    30     7     0     1   -50.0  -38.917  -60.532   1332.4    863.2
     3     1    20     1    30     7     0     1   -50.0  -39.061  -60.643   1562.8    840.7
     4     1    20     1    30     7     0     1   -50.0  -38.933  -61.772   2981.2    704.8
     5     1    20     1    30     7     0     1   -50.0  -35.922  -59.631    370.1    965.6
     1     1    20     1    30     6     0     0   -51.0  -39.020  -60.144   1195.8    880.8
     2     1    20     1    30     6     0     0   -51.0  -39.044  -60.843   1371.2    861.8
     3     1    20     1    30     6     0     0   -51.0  -39.206  -61.024   1580.7    840.2
     4     1    20     1    30     6     0     0   -51.0  -39.259  -62.065   3032.7    699.7
     5     1    20     1    30     6     0     0   -51.0  -36.038  -59.350    373.7    966.0
     1     1    20     1    30     5     0     1   -52.0  -39.194  -60.358   1254.8    872.1
     2     1    20     1    30     5     0     1   -52.0  -39.155  -61.132   1410.4    858.6
     3     1    20     1    30     5     0     1   -52.0  -39.325  -61.371   1621.6    839.5
     4     1    20     1    30     5     0     1   -52.0  -39.594  -62.398   3036.7    702.8
     5     1    20     1    30     5     0     1   -52.0  -36.191  -59.031    370.9    969.5
     1     1    20     1    30     4     0     2   -53.0  -39.376  -60.560   1305.0    870.2
     2     1    20     1    30     4     0     2   -53.0  -39.261  -61.397   1472.1    854.8
     3     1    20     1    30     4     0     2   -53.0  -39.437  -61.707   1714.4    830.1
     4     1    20     1    30     4     0     2   -53.0  -39.942  -62.762   3035.4    703.0
     5     1    20     1    30     4     0     2   -53.0  -36.370  -58.697    382.7    969.3
     1     1    20     1    30     3     0     3   -54.0  -39.574  -60.778   1398.0    863.4
     2     1    20     1    30     3     0     3   -54.0  -39.370  -61.651   1580.6    844.4
     3     1    20     1    30     3     0     3   -54.0  -39.541  -62.064   1848.3    816.3
     4     1    20     1    30     3     0     3   -54.0  -40.295  -63.151   3009.2    703.0
     5     1    20     1    30     3     0     3   -54.0  -36.564  -58.361    416.8    966.4
     1     1    20     1    30     2     0     2   -55.0  -39.798  -61.076   1582.1    846.3
     2     1    20     1    30     2     0     2   -55.0  -39.482  -61.924   1711.6    827.4
     3     1    20     1    30     2     0     2   -55.0  -39.645  -62.458   1972.7    799.3
     4     1    20     1    30     2     0     2   -55.0  -40.612  -63.573   2969.1    707.8
     5     1    20     1    30     2     0     2   -55.0  -36.775  -58.046    456.5    961.9
     1     1    20     1    30     1     0     1   -56.0  -40.042  -61.491   1825.2    816.6
     2     1    20     1    30     1     0     1   -56.0  -39.599  -62.225   1818.8    814.8
     3     1    20     1    30     1     0     1   -56.0  -39.747  -62.875   2056.8    791.9
     4     1    20     1    30     1     0     1   -56.0  -40.893  -64.019   2935.9    709.7
     5     1    20     1    30     1     0     1   -56.0  -37.008  -57.762    491.8    958.2
     1     1    20     1    30     0     0     0   -57.0  -40.286  -61.966   2093.9    790.2
     2     1    20     1    30     0     0     0   -57.0  -39.715  -62.545   1873.1    808.4
     3     1    20     1    30     0     0     0   -57.0  -39.803  -63.307   2102.3    784.8
     4     1    20     1    30     0     0     0   -57.0  -41.168  -64.506   2944.8    714.1
     5     1    20     1    30     0     0     0   -57.0  -37.257  -57.513    537.8    951.5
     1     1    20     1    29    23     0     1   -58.0  -40.496  -62.516   2332.2    759.9
     2     1    20     1    29    23     0     1   -58.0  -39.809  -62.856   1897.3    809.9
     3     1    20     1    29    23     0     1   -58.0  -39.809  -63.693   2107.5    782.5
     4     1    20     1    29    23     0     1   -58.0  -41.451  -65.020   2990.1    704.9
     5     1    20     1    29    23     0     1   -58.0  -37.505  -57.301    595.1    943.0
     1     1    20     1    29    22     0     2   -59.0  -40.647  -63.127   2462.4    746.7
     2     1    20     1    29    22     0     2   -59.0  -39.866  -63.157   2011.6    804.0
     3     1    20     1    29    22     0     2   -59.0  -39.800  -64.004   2144.7    779.5
     4     1    20     1    29    22     0     2   -59.0  -41.723  -65.515   3017.3    685.7
     5     1    20     1    29    22     0     2   -59.0  -37.741  -57.119    634.4    937.6
     1     1    20     1    29    21     0     3   -60.0  -40.744  -63.748   2505.8    743.1
     2     1    20     1    29    21     0     3   -60.0  -39.885  -63.444   2225.4    775.4
     3     1    20     1    29    21     0     3   -60.0  -39.797  -64.256   2274.2    769.2
     4     1    20     1    29    21     0     3   -60.0  -41.995  -65.976   3051.7    665.8
     5     1    20     1    29    21     0     3   -60.0  -37.973  -56.959    632.2    938.2
     1     1    20     1    29    20     0     2   -61.0  -40.813  -64.335   2537.1    746.1
     2     1    20     1    29    20     0     2   -61.0  -39.884  -63.740   2419.3    748.6
     3     1    20     1    29    20     0     2   -61.0  -39.803  -64.507   2436.9    745.5
     4     1    20     1    29    20     0     2   -61.0  -42.268  -66.394   3129.4    659.2
     5     1    20     1    29    20     0     2   -61.0  -38.209  -56.808    609.7    943.8
     1     1    20     1    29    19     0     1   -62.0  -40.883  -64.865   2520.0    740.5
     2     1    20     1    29    19     0     1   -62.0  -39.871  -64.085   2580.3    734.9
     3     1    20     1    29    19     0     1   -62.0  -39.809  -64.794   2551.6    735.0
     4     1    20     1    29    19     0     1   -62.0  -42.555  -66.750   3226.4    655.9
     5     1    20     1    29    19     0     1   -62.0  -38.454  -56.658    604.3    944.7
     1     1    20     1    29    18     0     0   -63.0  -40.939  -65.290   2335.9    745.9
     2     1    20     1    29    18     0     0   -63.0  -39.862  -64.478   2733.8    719.8
     3     1    20     1    29    18     0     0   -63.0  -39.812  -65.110   2615.7    727.7
     4     1    20     1    29    18     0     0   -63.0  -42.877  -67.049   3291.7    658.7
     5     1    20     1    29    18     0     0   -63.0  -38.717  -56.507    624.6    942.6
     1     1    20     1    29    17     0     1   -64.0  -40.980  -65.622   1985.0    773.8
     2     1    20     1    29    17     0     1   -64.0  -39.888  -64.909   2873.9    707.1
     3     1    20     1    29    17     0     1   -64.0  -39.833  -65.457   2651.2    723.3
     4     1    20     1    29    17     0     1   -64.0  -43.256  -67.338   3313.6    649.7
     5     1    20     1    29    17     0     1   -64.0  -38.996  -56.370    674.2    936.7
     1     1    20     1    29    16     0     2   -65.0  -41.002  -65.912   1615.5    808.3
     2     1    20     1    29    16     0     2   -65.0  -39.981  -65.395   2992.8    691.5
     3     1    20     1    29    16     0     2   -65.0  -39.881  -65.854   2698.9    714.6
     4     1    20     1    29    16     0     2   -65.0  -43.720  -67.647   3419.2    635.9
     5     1    20     1    29    16     0     2   -65.0  -39.279  -56.266    743.5    927.5
     1     1    20     1    29    15     0     3   -66.0  -40.991  -66.213   1378.5    827.3
     2     1    20     1    29    15     0     3   -66.0  -40.133  -65.930   3038.4    677.4
     3     1    20     1    29    15     0     3   -66.0  -39.953  -66.306   2760.3    707.5
     4     1    20     1    29    15     0     3   -66.0  -44.288  -67.955   3663.0    615.1
     5     1    20     1    29    15     0     3   -66.0  -39.562  -56.185    819.1    918.7
     1     1    20     1    29    14     0     2   -67.0  -40.993  -66.532   1273.9    815.6
     2     1    20     1    29    14     0     2   -67.0  -40.304  -66.473   3021.0    673.6
     3     1    20     1    29    14     0     2   -67.0  -40.060  -66.798   2793.5    698.3
     4     1    20     1    29    14     0     2   -67.0  -44.953  -68.351   3876.3    582.3
     5     1    20     1    29    14     0     2   -67.0  -39.847  -56.121    885.6    909.4
     1     1    20     1    29    13     0     1   -68.0  -41.029  -66.856   1211.8    805.4
     2     1    20     1    29    13     0     1   -68.0  -40.487  -67.015   2949.2    662.5
     3     1    20     1    29    13     0     1   -68.0  -40.182  -67.305   2743.6    686.3
     4     1    20     1    29    13     0     1   -68.0  -45.655  -68.848   3932.9    577.9
     5     1    20     1    29    13     0     1   -68.0  -40.141  -56.084    930.7    903.3
     1     1    20     1    29    12     0     0   -69.0  -41.088  -67.191   1177.4    800.1
     2     1    20     1    29    12     0     0   -69.0  -40.669  -67.587   2854.2    655.7
     3     1    20     1    29    12     0     0   -69.0  -40.305  -67.844   2662.5    675.4
     4     1    20     1    29    12     0     0   -69.0  -46.376  -69.397   3956.9    576.8
     5     1    20     1    29    12     0     0   -69.0  -40.450  -56.081    975.8    899.6
     1     1    20     1    29    11     0     1   -70.0  -41.186  -67.536   1174.4    795.5
     2     1    20     1    29    11     0     1   -70.0  -40.882  -68.208   2809.1    646.1
     3     1    20     1    29    11     0     1   -70.0  -40.462  -68.412   2603.5    666.9
     4     1    20     1    29    11     0     1   -70.0  -47.088  -70.032   4078.8    550.8
     5     1    20     1    29    11     0     1   -70.0  -40.765  -56.132   1040.1    891.7
     1     1    20     1    29    10     0     2   -71.0  -41.333  -67.889   1211.9    779.8
     2     1    20     1    29    10     0     2   -71.0  -41.153  -68.867   2782.8    626.3
     3     1    20     1    29    10     0     2   -71.0  -40.676  -68.993   2561.7    655.4
     4     1    20     1    29    10     0     2   -71.0  -47.799  -70.768   4410.1    528.4
     5     1    20     1    29    10     0     2   -71.0  -41.076  -56.252   1109.8    882.4
     1     1    20     1    29     9     0     3   -72.0  -41.513  -68.259   1281.0    756.9
     2     1    20     1    29     9     0     3   -72.0  -41.469  -69.536   2824.3    625.1
     3     1    20     1    29     9     0     3   -72.0  -40.935  -69.594   2563.0    647.0
     4     1    20     1    29     9     0     3   -72.0  -48.586  -71.544   4633.1    496.6
     5     1    20     1    29     9     0     3   -72.0  -41.383  -56.429   1172.9    874.7
