     7     1
    GDAS    19    10    29     0     0
    GDAS    19    11     1     0     0
    GDAS    19    11     8     0     0
    GDAS    19    11    15     0     0
    GDAS    19    11    22     0     0
    GDAS    19    11    29     0     0
    GDAS    19    12     1     0     0
     5 BACKWARD OMEGA   
    19    11    30    15  -34.572  -58.513    10.0
    19    11    30    15  -34.572  -58.513   200.0
    19    11    30    15  -34.572  -58.513   500.0
    19    11    30    15  -34.572  -58.513  1000.0
    19    11    30    15  -34.572  -58.513  2000.0
     1 PRESSURE
     1     1    19    11    30    15     0     3     0.0  -34.572  -58.513     10.0   1006.3
     2     1    19    11    30    15     0     3     0.0  -34.572  -58.513    200.0    985.4
     3     1    19    11    30    15     0     3     0.0  -34.572  -58.513    500.0    951.7
     4     1    19    11    30    15     0     3     0.0  -34.572  -58.513   1000.0    897.7
     5     1    19    11    30    15     0     3     0.0  -34.572  -58.513   2000.0    796.7
     1     1    19    11    30    14     0     2    -1.0  -34.640  -58.726     10.5   1006.0
     2     1    19    11    30    14     0     2    -1.0  -34.668  -58.803    199.4    986.7
     3     1    19    11    30    14     0     2    -1.0  -34.681  -58.842    494.5    954.0
     4     1    19    11    30    14     0     2    -1.0  -34.674  -58.905   1015.0    898.5
     5     1    19    11    30    14     0     2    -1.0  -34.759  -59.145   2114.0    791.4
     1     1    19    11    30    13     0     1    -2.0  -34.720  -58.914     10.7   1006.0
     2     1    19    11    30    13     0     1    -2.0  -34.786  -59.061    204.4    987.5
     3     1    19    11    30    13     0     1    -2.0  -34.820  -59.137    511.7    954.5
     4     1    19    11    30    13     0     1    -2.0  -34.780  -59.280   1078.2    895.0
     5     1    19    11    30    13     0     1    -2.0  -34.938  -59.823   2296.5    772.0
     1     1    19    11    30    12     0     0    -3.0  -34.812  -59.078     10.9   1006.0
     2     1    19    11    30    12     0     0    -3.0  -34.923  -59.293    225.2    985.7
     3     1    19    11    30    12     0     0    -3.0  -34.980  -59.405    574.0    947.9
     4     1    19    11    30    12     0     0    -3.0  -34.871  -59.664   1202.9    880.1
     5     1    19    11    30    12     0     0    -3.0  -35.166  -60.549   2484.8    745.9
     1     1    19    11    30    11     0     1    -4.0  -34.897  -59.231     11.5   1005.4
     2     1    19    11    30    11     0     1    -4.0  -35.078  -59.524    256.6    980.5
     3     1    19    11    30    11     0     1    -4.0  -35.177  -59.657    650.5    934.0
     4     1    19    11    30    11     0     1    -4.0  -34.966  -60.076   1322.8    861.7
     5     1    19    11    30    11     0     1    -4.0  -35.453  -61.351   2603.3    727.6
     1     1    19    11    30    10     0     2    -5.0  -34.955  -59.379     13.0   1004.8
     2     1    19    11    30    10     0     2    -5.0  -35.262  -59.770    283.2    975.4
     3     1    19    11    30    10     0     2    -5.0  -35.440  -59.898    699.6    926.5
     4     1    19    11    30    10     0     2    -5.0  -35.114  -60.498   1392.3    852.1
     5     1    19    11    30    10     0     2    -5.0  -35.744  -62.209   2612.1    730.3
     1     1    19    11    30     9     0     3    -6.0  -34.982  -59.519     15.0   1004.4
     2     1    19    11    30     9     0     3    -6.0  -35.508  -60.035    303.9    969.2
     3     1    19    11    30     9     0     3    -6.0  -35.771  -60.153    736.5    918.3
     4     1    19    11    30     9     0     3    -6.0  -35.310  -60.910   1426.6    845.6
     5     1    19    11    30     9     0     3    -6.0  -36.088  -63.084   2535.2    736.9
     1     1    19    11    30     8     0     2    -7.0  -35.002  -59.647     16.6   1003.6
     2     1    19    11    30     8     0     2    -7.0  -35.828  -60.336    337.8    961.6
     3     1    19    11    30     8     0     2    -7.0  -36.139  -60.459    810.8    906.9
     4     1    19    11    30     8     0     2    -7.0  -35.536  -61.326   1472.8    839.8
     5     1    19    11    30     8     0     2    -7.0  -36.457  -63.911   2466.9    738.9
     1     1    19    11    30     7     0     1    -8.0  -35.036  -59.762     17.5   1002.6
     2     1    19    11    30     7     0     1    -8.0  -36.208  -60.692    406.5    950.3
     3     1    19    11    30     7     0     1    -8.0  -36.528  -60.821    935.9    890.1
     4     1    19    11    30     7     0     1    -8.0  -35.786  -61.768   1495.3    837.1
     5     1    19    11    30     7     0     1    -8.0  -36.806  -64.738   2389.6    732.6
     1     1    19    11    30     6     0     0    -9.0  -35.084  -59.865     18.1   1001.4
     2     1    19    11    30     6     0     0    -9.0  -36.662  -61.112    508.1    935.3
     3     1    19    11    30     6     0     0    -9.0  -36.974  -61.248   1115.0    868.0
     4     1    19    11    30     6     0     0    -9.0  -36.076  -62.247   1517.6    835.8
     5     1    19    11    30     6     0     0    -9.0  -37.133  -65.657   2366.2    737.3
     1     1    19    11    30     5     0     1   -10.0  -35.136  -59.966     19.1   1001.7
     2     1    19    11    30     5     0     1   -10.0  -37.171  -61.595    625.1    916.1
     3     1    19    11    30     5     0     1   -10.0  -37.398  -61.741   1297.6    839.5
     4     1    19    11    30     5     0     1   -10.0  -36.385  -62.737   1593.2    825.4
     5     1    19    11    30     5     0     1   -10.0  -37.424  -66.539   2478.0    724.5
     1     1    19    11    30     4     0     2   -11.0  -35.188  -60.069     20.5   1001.8
     2     1    19    11    30     4     0     2   -11.0  -37.631  -62.129    756.4    888.0
     3     1    19    11    30     4     0     2   -11.0  -37.764  -62.348   1599.2    801.3
     4     1    19    11    30     4     0     2   -11.0  -36.699  -63.267   1682.2    814.0
     5     1    19    11    30     4     0     2   -11.0  -37.662  -67.390   2481.2    717.5
     1     1    19    11    30     3     0     3   -12.0  -35.242  -60.173     22.2   1001.7
     2     1    19    11    30     3     0     3   -12.0  -38.090  -62.774    893.8    880.0
     3     1    19    11    30     3     0     3   -12.0  -38.121  -62.978   1893.5    784.4
     4     1    19    11    30     3     0     3   -12.0  -37.021  -63.892   1767.3    806.3
     5     1    19    11    30     3     0     3   -12.0  -37.868  -68.264   2395.8    720.6
     1     1    19    11    30     2     0     2   -13.0  -35.297  -60.276     23.9   1000.0
     2     1    19    11    30     2     0     2   -13.0  -38.553  -63.456    903.4    893.5
     3     1    19    11    30     2     0     2   -13.0  -38.472  -63.610   2037.9    777.6
     4     1    19    11    30     2     0     2   -13.0  -37.336  -64.537   1920.9    781.4
     5     1    19    11    30     2     0     2   -13.0  -37.992  -69.120   2162.0    744.9
     1     1    19    11    30     1     0     1   -14.0  -35.348  -60.374     25.7    998.2
     2     1    19    11    30     1     0     1   -14.0  -38.986  -64.131    796.6    905.9
     3     1    19    11    30     1     0     1   -14.0  -38.787  -64.326   2091.3    771.6
     4     1    19    11    30     1     0     1   -14.0  -37.682  -65.250   2094.3    758.8
     5     1    19    11    30     1     0     1   -14.0  -38.099  -69.981   2263.2    689.3
     1     1    19    11    30     0     0     0   -15.0  -35.395  -60.468     27.8    996.5
     2     1    19    11    30     0     0     0   -15.0  -39.377  -64.883    658.0    916.8
     3     1    19    11    30     0     0     0   -15.0  -39.136  -65.116   2010.1    774.4
     4     1    19    11    30     0     0     0   -15.0  -37.981  -66.093   2222.2    752.8
     5     1    19    11    30     0     0     0   -15.0  -38.294  -71.012   2746.8    591.7
     1     1    19    11    29    23     0     1   -16.0  -35.463  -60.580     30.8    994.7
     2     1    19    11    29    23     0     1   -16.0  -39.717  -65.672    548.1    924.2
     3     1    19    11    29    23     0     1   -16.0  -39.500  -65.934   1891.0    786.4
     4     1    19    11    29    23     0     1   -16.0  -38.275  -66.948   2351.0    735.0
     5     1    19    11    29    23     0     1   -16.0  -38.467  -72.036   3257.3    626.2
     1     1    19    11    29    22     0     2   -17.0  -35.578  -60.739     35.8    992.5
     2     1    19    11    29    22     0     2   -17.0  -40.014  -66.489    574.1    920.7
     3     1    19    11    29    22     0     2   -17.0  -39.820  -66.804   2023.3    770.0
     4     1    19    11    29    22     0     2   -17.0  -38.577  -67.836   2398.9    720.2
     5     1    19    11    29    22     0     2   -17.0  -38.555  -72.806   3318.8    652.2
     1     1    19    11    29    21     0     3   -18.0  -35.750  -60.954     42.1    990.4
     2     1    19    11    29    21     0     3   -18.0  -40.298  -67.408    891.9    849.2
     3     1    19    11    29    21     0     3   -18.0  -40.126  -67.784   2163.9    718.1
     4     1    19    11    29    21     0     3   -18.0  -38.796  -68.780   2078.6    739.6
     5     1    19    11    29    21     0     3   -18.0  -38.632  -73.432   3271.4    673.3
     1     1    19    11    29    20     0     2   -19.0  -35.963  -61.201     48.6    989.9
     2     1    19    11    29    20     0     2   -19.0  -40.589  -68.434   1064.0    792.2
     3     1    19    11    29    20     0     2   -19.0  -40.459  -68.850   2234.8    686.5
     4     1    19    11    29    20     0     2   -19.0  -38.966  -69.715   1699.4    749.4
     5     1    19    11    29    20     0     2   -19.0  -38.711  -74.035   3239.1    684.8
     1     1    19    11    29    19     0     1   -20.0  -36.188  -61.445     60.2    987.0
     2     1    19    11    29    19     0     1   -20.0  -40.776  -69.429    723.6    813.5
     3     1    19    11    29    19     0     1   -20.0  -40.790  -69.947   2309.1    665.8
     4     1    19    11    29    19     0     1   -20.0  -39.105  -70.696   1647.7    713.6
     5     1    19    11    29    19     0     1   -20.0  -38.792  -74.628   3217.5    685.9
     1     1    19    11    29    18     0     0   -21.0  -36.413  -61.704     79.4    982.6
     2     1    19    11    29    18     0     0   -21.0  -40.839  -70.383    394.0    846.2
     3     1    19    11    29    18     0     0   -21.0  -41.102  -71.169   2235.9    668.3
     4     1    19    11    29    18     0     0   -21.0  -39.121  -71.624   1557.1    748.1
     5     1    19    11    29    18     0     0   -21.0  -38.874  -75.209   3191.1    688.1
     1     1    19    11    29    17     0     1   -22.0  -36.643  -61.999    103.5    978.5
     2     1    19    11    29    17     0     1   -22.0  -40.816  -71.236    243.1    865.3
     3     1    19    11    29    17     0     1   -22.0  -41.266  -72.249   2576.5    671.5
     4     1    19    11    29    17     0     1   -22.0  -39.019  -72.221   1051.3    847.0
     5     1    19    11    29    17     0     1   -22.0  -38.974  -75.776   3167.6    689.7
     1     1    19    11    29    16     0     2   -23.0  -36.890  -62.341    138.6    973.7
     2     1    19    11    29    16     0     2   -23.0  -40.774  -71.757    160.1    878.2
     3     1    19    11    29    16     0     2   -23.0  -41.401  -73.042   2829.9    695.7
     4     1    19    11    29    16     0     2   -23.0  -38.906  -72.621    665.6    913.0
     5     1    19    11    29    16     0     2   -23.0  -39.099  -76.336   3141.3    691.7
     1     1    19    11    29    15     0     3   -24.0  -37.157  -62.749    180.9    965.1
     2     1    19    11    29    15     0     3   -24.0  -40.736  -72.024    101.1    888.5
     3     1    19    11    29    15     0     3   -24.0  -41.486  -73.661   2618.4    732.1
     4     1    19    11    29    15     0     3   -24.0  -38.811  -72.969    583.0    936.0
     5     1    19    11    29    15     0     3   -24.0  -39.249  -76.912   3121.8    693.3
     1     1    19    11    29    14     0     2   -25.0  -37.419  -63.203    186.9    962.5
     2     1    19    11    29    14     0     2   -25.0  -40.701  -72.195     65.3    909.7
     3     1    19    11    29    14     0     2   -25.0  -41.585  -74.298   2471.5    749.6
     4     1    19    11    29    14     0     2   -25.0  -38.744  -73.309    588.6    933.5
     5     1    19    11    29    14     0     2   -25.0  -39.430  -77.507   3110.1    693.3
     1     1    19    11    29    13     0     1   -26.0  -37.679  -63.715    148.6    967.4
     2     1    19    11    29    13     0     1   -26.0  -40.662  -72.330     43.4    923.2
     3     1    19    11    29    13     0     1   -26.0  -41.730  -74.954   2374.3    757.2
     4     1    19    11    29    13     0     1   -26.0  -38.726  -73.643    541.1    945.2
     5     1    19    11    29    13     0     1   -26.0  -39.635  -78.117   3096.8    694.2
     1     1    19    11    29    12     0     0   -27.0  -37.946  -64.331     76.6    974.6
     2     1    19    11    29    12     0     0   -27.0  -40.619  -72.430     30.7    932.8
     3     1    19    11    29    12     0     0   -27.0  -41.923  -75.621   2326.0    761.7
     4     1    19    11    29    12     0     0   -27.0  -38.766  -73.983    486.4    960.5
     5     1    19    11    29    12     0     0   -27.0  -39.857  -78.750   3075.0    694.5
     1     1    19    11    29    11     0     1   -28.0  -38.157  -64.936     43.0    976.9
     2     1    19    11    29    11     0     1   -28.0  -40.573  -72.512     23.0    940.4
     3     1    19    11    29    11     0     1   -28.0  -42.132  -76.298   2317.3    760.5
     4     1    19    11    29    11     0     1   -28.0  -38.850  -74.348    450.0    963.4
     5     1    19    11    29    11     0     1   -28.0  -40.100  -79.401   3048.3    697.7
     1     1    19    11    29    10     0     2   -29.0  -38.278  -65.413     51.1    973.3
     2     1    19    11    29    10     0     2   -29.0  -40.523  -72.594     19.5    947.3
     3     1    19    11    29    10     0     2   -29.0  -42.348  -76.993   2316.3    758.2
     4     1    19    11    29    10     0     2   -29.0  -38.964  -74.750    423.7    965.3
     5     1    19    11    29    10     0     2   -29.0  -40.357  -80.069   3035.8    698.4
     1     1    19    11    29     9     0     3   -30.0  -38.335  -65.745     63.5    971.0
     2     1    19    11    29     9     0     3   -30.0  -40.468  -72.676     20.2    953.3
     3     1    19    11    29     9     0     3   -30.0  -42.585  -77.696   2337.1    758.7
     4     1    19    11    29     9     0     3   -30.0  -39.132  -75.196    406.6    966.0
     5     1    19    11    29     9     0     3   -30.0  -40.627  -80.766   3032.4    697.7
     1     1    19    11    29     8     0     2   -31.0  -38.375  -65.984     74.2    970.4
     2     1    19    11    29     8     0     2   -31.0  -40.406  -72.764     26.5    959.1
     3     1    19    11    29     8     0     2   -31.0  -42.833  -78.390   2382.4    750.7
     4     1    19    11    29     8     0     2   -31.0  -39.334  -75.698    406.3    966.0
     5     1    19    11    29     8     0     2   -31.0  -40.914  -81.481   3054.3    697.2
     1     1    19    11    29     7     0     1   -32.0  -38.415  -66.205     86.2    966.0
     2     1    19    11    29     7     0     1   -32.0  -40.335  -72.875     42.3    965.8
     3     1    19    11    29     7     0     1   -32.0  -43.082  -79.075   2409.2    746.8
     4     1    19    11    29     7     0     1   -32.0  -39.541  -76.266    426.0    962.7
     5     1    19    11    29     7     0     1   -32.0  -41.203  -82.196   3103.3    690.7
     1     1    19    11    29     6     0     0   -33.0  -38.441  -66.409    105.4    961.5
     2     1    19    11    29     6     0     0   -33.0  -40.252  -73.039     74.5    973.0
     3     1    19    11    29     6     0     0   -33.0  -43.342  -79.745   2420.8    746.3
     4     1    19    11    29     6     0     0   -33.0  -39.765  -76.890    457.0    957.7
     5     1    19    11    29     6     0     0   -33.0  -41.482  -82.911   3145.4    685.4
     1     1    19    11    29     5     0     1   -34.0  -38.501  -66.659    131.0    956.1
     2     1    19    11    29     5     0     1   -34.0  -40.183  -73.336    111.6    975.4
     3     1    19    11    29     5     0     1   -34.0  -43.614  -80.399   2424.2    745.0
     4     1    19    11    29     5     0     1   -34.0  -39.993  -77.539    484.3    953.1
     5     1    19    11    29     5     0     1   -34.0  -41.771  -83.628   3172.8    683.4
     1     1    19    11    29     4     0     2   -35.0  -38.640  -67.049    158.8    950.5
     2     1    19    11    29     4     0     2   -35.0  -40.150  -73.785    119.1    986.7
     3     1    19    11    29     4     0     2   -35.0  -43.902  -81.041   2414.0    745.8
     4     1    19    11    29     4     0     2   -35.0  -40.210  -78.180    500.1    951.2
     5     1    19    11    29     4     0     2   -35.0  -42.082  -84.346   3196.0    681.8
     1     1    19    11    29     3     0     3   -36.0  -38.832  -67.548    204.7    945.2
     2     1    19    11    29     3     0     3   -36.0  -40.132  -74.344     96.9    997.2
     3     1    19    11    29     3     0     3   -36.0  -44.207  -81.664   2384.2    747.6
     4     1    19    11    29     3     0     3   -36.0  -40.454  -78.786    516.5    949.9
     5     1    19    11    29     3     0     3   -36.0  -42.406  -85.061   3207.7    679.3
     1     1    19    11    29     2     0     2   -37.0  -38.977  -68.103    269.7    934.2
     2     1    19    11    29     2     0     2   -37.0  -40.118  -74.954     88.1    999.7
     3     1    19    11    29     2     0     2   -37.0  -44.520  -82.271   2349.4    752.3
     4     1    19    11    29     2     0     2   -37.0  -40.724  -79.391    532.4    945.9
     5     1    19    11    29     2     0     2   -37.0  -42.749  -85.774   3197.6    679.8
     1     1    19    11    29     1     0     1   -38.0  -39.047  -68.692    357.6    911.8
     2     1    19    11    29     1     0     1   -38.0  -40.112  -75.581     92.2    997.0
     3     1    19    11    29     1     0     1   -38.0  -44.844  -82.895   2334.4    753.3
     4     1    19    11    29     1     0     1   -38.0  -40.997  -80.047    527.5    944.4
     5     1    19    11    29     1     0     1   -38.0  -43.104  -86.488   3163.3    681.6
     1     1    19    11    29     0     0     0   -39.0  -39.066  -69.363    406.6    877.3
     2     1    19    11    29     0     0     0   -39.0  -40.085  -76.201     93.0    996.3
     3     1    19    11    29     0     0     0   -39.0  -45.188  -83.551   2358.3    751.7
     4     1    19    11    29     0     0     0   -39.0  -41.317  -80.723    518.4    947.1
     5     1    19    11    29     0     0     0   -39.0  -43.462  -87.195   3125.6    686.5
     1     1    19    11    28    23     0     1   -40.0  -39.007  -70.134    430.3    847.5
     2     1    19    11    28    23     0     1   -40.0  -40.045  -76.821     91.5    997.5
     3     1    19    11    28    23     0     1   -40.0  -45.542  -84.207   2428.7    743.7
     4     1    19    11    28    23     0     1   -40.0  -41.643  -81.392    518.4    946.1
     5     1    19    11    28    23     0     1   -40.0  -43.826  -87.899   3136.4    687.6
     1     1    19    11    28    22     0     2   -41.0  -38.858  -70.866    602.3    800.2
     2     1    19    11    28    22     0     2   -41.0  -40.032  -77.434     92.9    997.9
     3     1    19    11    28    22     0     2   -41.0  -45.887  -84.857   2489.8    735.6
     4     1    19    11    28    22     0     2   -41.0  -41.910  -82.087    519.6    945.3
     5     1    19    11    28    22     0     2   -41.0  -44.197  -88.607   3209.7    678.1
     1     1    19    11    28    21     0     3   -42.0  -38.665  -71.501    906.0    794.0
     2     1    19    11    28    21     0     3   -42.0  -40.023  -78.006     93.5    998.5
     3     1    19    11    28    21     0     3   -42.0  -46.219  -85.523   2515.5    733.9
     4     1    19    11    28    21     0     3   -42.0  -42.187  -82.772    515.9    945.3
     5     1    19    11    28    21     0     3   -42.0  -44.562  -89.306   3286.5    671.1
     1     1    19    11    28    20     0     2   -43.0  -38.480  -71.893    873.2    813.9
     2     1    19    11    28    20     0     2   -43.0  -39.997  -78.573     91.1    998.5
     3     1    19    11    28    20     0     2   -43.0  -46.541  -86.143   2545.5    731.2
     4     1    19    11    28    20     0     2   -43.0  -42.483  -83.432    514.5    945.7
     5     1    19    11    28    20     0     2   -43.0  -44.925  -89.984   3354.2    664.9
     1     1    19    11    28    19     0     1   -44.0  -38.318  -72.119    682.2    869.9
     2     1    19    11    28    19     0     1   -44.0  -39.981  -79.159     91.3    999.5
     3     1    19    11    28    19     0     1   -44.0  -46.855  -86.701   2567.7    726.7
     4     1    19    11    28    19     0     1   -44.0  -42.748  -84.110    516.1    944.3
     5     1    19    11    28    19     0     1   -44.0  -45.297  -90.628   3429.5    658.8
     1     1    19    11    28    18     0     0   -45.0  -38.167  -72.266    494.0    900.3
     2     1    19    11    28    18     0     0   -45.0  -39.980  -79.738     98.2    998.6
     3     1    19    11    28    18     0     0   -45.0  -47.164  -87.188   2579.0    726.8
     4     1    19    11    28    18     0     0   -45.0  -43.048  -84.744    527.7    943.6
     5     1    19    11    28    18     0     0   -45.0  -45.671  -91.232   3529.5    650.7
     1     1    19    11    28    17     0     1   -46.0  -38.048  -72.390    380.9    914.8
     2     1    19    11    28    17     0     1   -46.0  -39.973  -80.308    104.9    997.8
     3     1    19    11    28    17     0     1   -46.0  -47.473  -87.599   2599.7    725.0
     4     1    19    11    28    17     0     1   -46.0  -43.349  -85.322    545.2    940.2
     5     1    19    11    28    17     0     1   -46.0  -46.063  -91.783   3619.5    638.9
     1     1    19    11    28    16     0     2   -47.0  -37.985  -72.513    322.4    922.6
     2     1    19    11    28    16     0     2   -47.0  -39.974  -80.875    109.2    997.9
     3     1    19    11    28    16     0     2   -47.0  -47.797  -87.948   2624.9    721.6
     4     1    19    11    28    16     0     2   -47.0  -43.587  -85.902    550.3    938.7
     5     1    19    11    28    16     0     2   -47.0  -46.483  -92.275   3664.8    635.4
     1     1    19    11    28    15     0     3   -48.0  -37.973  -72.628    274.6    930.4
     2     1    19    11    28    15     0     3   -48.0  -39.999  -81.422    112.2    998.2
     3     1    19    11    28    15     0     3   -48.0  -48.150  -88.228   2638.2    719.2
     4     1    19    11    28    15     0     3   -48.0  -43.794  -86.460    533.5    939.5
     5     1    19    11    28    15     0     3   -48.0  -46.915  -92.750   3706.9    634.5
     1     1    19    11    28    14     0     2   -49.0  -37.984  -72.711    236.6    940.2
     2     1    19    11    28    14     0     2   -49.0  -40.030  -81.948    114.4    997.9
     3     1    19    11    28    14     0     2   -49.0  -48.499  -88.451   2649.3    719.4
     4     1    19    11    28    14     0     2   -49.0  -43.991  -86.990    488.4    943.9
     5     1    19    11    28    14     0     2   -49.0  -47.349  -93.199   3747.0    627.8
     1     1    19    11    28    13     0     1   -50.0  -37.989  -72.752    227.2    942.0
     2     1    19    11    28    13     0     1   -50.0  -40.065  -82.467    115.8    997.8
     3     1    19    11    28    13     0     1   -50.0  -48.826  -88.654   2681.8    716.3
     4     1    19    11    28    13     0     1   -50.0  -44.158  -87.541    446.1    952.9
     5     1    19    11    28    13     0     1   -50.0  -47.784  -93.588   3746.4    626.3
     1     1    19    11    28    12     0     0   -51.0  -37.982  -72.753    237.8    940.5
     2     1    19    11    28    12     0     0   -51.0  -40.121  -82.976    120.3    997.7
     3     1    19    11    28    12     0     0   -51.0  -49.151  -88.839   2736.3    710.2
     4     1    19    11    28    12     0     0   -51.0  -44.298  -88.124    430.5    953.3
     5     1    19    11    28    12     0     0   -51.0  -48.211  -93.931   3692.4    629.9
     1     1    19    11    28    11     0     1   -52.0  -37.979  -72.736    254.3    936.8
     2     1    19    11    28    11     0     1   -52.0  -40.166  -83.488    121.7    996.8
     3     1    19    11    28    11     0     1   -52.0  -49.446  -88.991   2783.2    703.8
     4     1    19    11    28    11     0     1   -52.0  -44.429  -88.719    419.0    953.4
     5     1    19    11    28    11     0     1   -52.0  -48.607  -94.209   3662.4    638.0
     1     1    19    11    28    10     0     2   -53.0  -37.997  -72.722    267.1    934.2
     2     1    19    11    28    10     0     2   -53.0  -40.200  -83.987    112.6    998.1
     3     1    19    11    28    10     0     2   -53.0  -49.675  -89.095   2800.3    702.0
     4     1    19    11    28    10     0     2   -53.0  -44.527  -89.328    406.5    956.3
     5     1    19    11    28    10     0     2   -53.0  -48.991  -94.419   3699.9    632.1
     1     1    19    11    28     9     0     3   -54.0  -38.038  -72.710    276.5    933.3
     2     1    19    11    28     9     0     3   -54.0  -40.249  -84.466    101.3   1000.3
     3     1    19    11    28     9     0     3   -54.0  -49.841  -89.143   2785.3    703.3
     4     1    19    11    28     9     0     3   -54.0  -44.561  -89.996    409.3    956.7
     5     1    19    11    28     9     0     3   -54.0  -49.379  -94.559   3778.5    625.4
     1     1    19    11    28     8     0     2   -55.0  -38.086  -72.700    291.7    933.3
     2     1    19    11    28     8     0     2   -55.0  -40.287  -84.949     93.9   1001.4
     3     1    19    11    28     8     0     2   -55.0  -49.954  -89.141   2757.9    707.6
     4     1    19    11    28     8     0     2   -55.0  -44.582  -90.697    412.9    954.2
     5     1    19    11    28     8     0     2   -55.0  -49.742  -94.614   3893.5    614.9
     1     1    19    11    28     7     0     1   -56.0  -38.131  -72.696    317.8    930.8
     2     1    19    11    28     7     0     1   -56.0  -40.301  -85.424     91.5   1001.9
     3     1    19    11    28     7     0     1   -56.0  -50.026  -89.108   2745.8    709.3
     4     1    19    11    28     7     0     1   -56.0  -44.600  -91.371    405.6    956.6
     5     1    19    11    28     7     0     1   -56.0  -50.068  -94.592   4041.4    603.4
     1     1    19    11    28     6     0     0   -57.0  -38.173  -72.698    353.1    927.8
     2     1    19    11    28     6     0     0   -57.0  -40.317  -85.878     99.5   1001.8
     3     1    19    11    28     6     0     0   -57.0  -50.055  -89.062   2757.6    708.3
     4     1    19    11    28     6     0     0   -57.0  -44.594  -92.089    391.9    957.3
     5     1    19    11    28     6     0     0   -57.0  -50.371  -94.484   4214.5    587.9
     1     1    19    11    28     5     0     1   -58.0  -38.221  -72.710    391.8    925.5
     2     1    19    11    28     5     0     1   -58.0  -40.322  -86.340    111.1   1000.2
     3     1    19    11    28     5     0     1   -58.0  -50.049  -89.010   2778.6    705.8
     4     1    19    11    28     5     0     1   -58.0  -44.594  -92.838    360.3    962.4
     5     1    19    11    28     5     0     1   -58.0  -50.641  -94.291   4355.2    574.5
     1     1    19    11    28     4     0     2   -59.0  -38.281  -72.734    427.9    924.9
     2     1    19    11    28     4     0     2   -59.0  -40.304  -86.825    114.2   1001.1
     3     1    19    11    28     4     0     2   -59.0  -50.020  -88.957   2803.3    704.9
     4     1    19    11    28     4     0     2   -59.0  -44.588  -93.577    330.8    968.3
     5     1    19    11    28     4     0     2   -59.0  -50.883  -94.046   4412.1    569.2
     1     1    19    11    28     3     0     3   -60.0  -38.354  -72.774    461.8    925.2
     2     1    19    11    28     3     0     3   -60.0  -40.287  -87.318    114.0   1002.5
     3     1    19    11    28     3     0     3   -60.0  -49.968  -88.918   2844.1    702.6
     4     1    19    11    28     3     0     3   -60.0  -44.561  -94.335    313.1    970.2
     5     1    19    11    28     3     0     3   -60.0  -51.099  -93.758   4381.1    573.0
     1     1    19    11    28     2     0     2   -61.0  -38.440  -72.833    480.5    927.5
     2     1    19    11    28     2     0     2   -61.0  -40.263  -87.814    112.1   1002.3
     3     1    19    11    28     2     0     2   -61.0  -49.903  -88.918   2886.5    697.5
     4     1    19    11    28     2     0     2   -61.0  -44.539  -95.110    301.1    971.5
     5     1    19    11    28     2     0     2   -61.0  -51.250  -93.408   4343.5    578.5
     1     1    19    11    28     1     0     1   -62.0  -38.535  -72.907    479.6    933.7
     2     1    19    11    28     1     0     1   -62.0  -40.220  -88.313    105.0   1002.8
     3     1    19    11    28     1     0     1   -62.0  -49.823  -88.956   2910.1    695.3
     4     1    19    11    28     1     0     1   -62.0  -44.511  -95.886    286.7    972.9
     5     1    19    11    28     1     0     1   -62.0  -51.340  -93.036   4355.9    577.1
     1     1    19    11    28     0     0     0   -63.0  -38.642  -72.999    481.7    941.4
     2     1    19    11    28     0     0     0   -63.0  -40.172  -88.807     99.4   1002.9
     3     1    19    11    28     0     0     0   -63.0  -49.717  -89.029   2924.5    694.0
     4     1    19    11    28     0     0     0   -63.0  -44.483  -96.682    270.1    975.3
     5     1    19    11    28     0     0     0   -63.0  -51.396  -92.684   4372.9    574.6
     1     1    19    11    27    23     0     1   -64.0  -38.760  -73.125    534.4    941.8
     2     1    19    11    27    23     0     1   -64.0  -40.117  -89.289     97.8   1003.5
     3     1    19    11    27    23     0     1   -64.0  -49.575  -89.127   2894.9    696.8
     4     1    19    11    27    23     0     1   -64.0  -44.479  -97.489    266.4    975.9
     5     1    19    11    27    23     0     1   -64.0  -51.416  -92.357   4319.3    578.7
     1     1    19    11    27    22     0     2   -65.0  -38.883  -73.293    648.0    934.8
     2     1    19    11    27    22     0     2   -65.0  -40.032  -89.778     94.4   1004.5
     3     1    19    11    27    22     0     2   -65.0  -49.382  -89.245   2830.5    704.1
     4     1    19    11    27    22     0     2   -65.0  -44.469  -98.289    259.6    977.0
     5     1    19    11    27    22     0     2   -65.0  -51.385  -92.077   4152.9    591.7
     1     1    19    11    27    21     0     3   -66.0  -38.998  -73.494    807.9    921.2
     2     1    19    11    27    21     0     3   -66.0  -39.925  -90.272     89.0   1005.8
     3     1    19    11    27    21     0     3   -66.0  -49.118  -89.387   2811.9    707.4
     4     1    19    11    27    21     0     3   -66.0  -44.451  -99.096    254.0    977.8
     5     1    19    11    27    21     0     3   -66.0  -51.301  -91.868   3876.3    615.0
     1     1    19    11    27    20     0     2   -67.0  -39.086  -73.706    963.4    903.9
     2     1    19    11    27    20     0     2   -67.0  -39.812  -90.750     84.4   1006.6
     3     1    19    11    27    20     0     2   -67.0  -48.817  -89.555   2873.7    701.0
     4     1    19    11    27    20     0     2   -67.0  -44.446  -99.898    250.5    978.2
     5     1    19    11    27    20     0     2   -67.0  -51.188  -91.694   3616.8    637.8
     1     1    19    11    27    19     0     1   -68.0  -39.133  -73.910   1060.3    895.9
     2     1    19    11    27    19     0     1   -68.0  -39.678  -91.223     80.2   1007.3
     3     1    19    11    27    19     0     1   -68.0  -48.518  -89.746   2934.3    695.7
     4     1    19    11    27    19     0     1   -68.0  -44.453 -100.680    241.4    979.3
     5     1    19    11    27    19     0     1   -68.0  -51.053  -91.496   3464.3    650.5
     1     1    19    11    27    18     0     0   -69.0  -39.137  -74.112   1107.5    892.2
     2     1    19    11    27    18     0     0   -69.0  -39.511  -91.695     71.4   1008.6
     3     1    19    11    27    18     0     0   -69.0  -48.145  -89.951   2957.3    693.9
     4     1    19    11    27    18     0     0   -69.0  -44.476 -101.450    233.6    980.3
     5     1    19    11    27    18     0     0   -69.0  -50.887  -91.292   3394.7    656.2
     1     1    19    11    27    17     0     1   -70.0  -39.124  -74.312   1125.7    891.1
     2     1    19    11    27    17     0     1   -70.0  -39.319  -92.152     59.9   1011.1
     3     1    19    11    27    17     0     1   -70.0  -47.719  -90.216   2859.5    703.4
     4     1    19    11    27    17     0     1   -70.0  -44.513 -102.221    233.7    980.3
     5     1    19    11    27    17     0     1   -70.0  -50.704  -91.158   3338.7    660.8
     1     1    19    11    27    16     0     2   -71.0  -39.118  -74.508   1142.8    889.8
     2     1    19    11    27    16     0     2   -71.0  -39.115  -92.584     53.2   1012.9
     3     1    19    11    27    16     0     2   -71.0  -47.355  -90.553   2713.6    719.0
     4     1    19    11    27    16     0     2   -71.0  -44.547 -103.014    236.7    980.1
     5     1    19    11    27    16     0     2   -71.0  -50.529  -91.124   3255.0    668.7
     1     1    19    11    27    15     0     3   -72.0  -39.122  -74.700   1169.8    887.3
     2     1    19    11    27    15     0     3   -72.0  -38.868  -93.006     49.7   1014.3
     3     1    19    11    27    15     0     3   -72.0  -46.953  -90.914   2607.5    729.5
     4     1    19    11    27    15     0     3   -72.0  -44.602 -103.833    237.3    979.6
     5     1    19    11    27    15     0     3   -72.0  -50.357  -91.170   3141.2    679.1
