     4     1
    GDAS    19     8     8     0     0
    GDAS    19     8    15     0     0
    GDAS    19     8    22     0     0
    GDAS    19     8    29     0     0
     3 BACKWARD OMEGA   
    19     8    23     3  -34.572  -58.513    10.0
    19     8    23     3  -34.572  -58.513   200.0
    19     8    23     3  -34.572  -58.513   500.0
     1 PRESSURE
     1     1    19     8    23     3     0     3     0.0  -34.572  -58.513     10.0   1023.2
     2     1    19     8    23     3     0     3     0.0  -34.572  -58.513    200.0   1000.6
     3     1    19     8    23     3     0     3     0.0  -34.572  -58.513    500.0    964.5
     1     1    19     8    23     2     0     2    -1.0  -34.570  -58.502     10.7   1023.1
     2     1    19     8    23     2     0     2    -1.0  -34.570  -58.507    210.1    999.4
     3     1    19     8    23     2     0     2    -1.0  -34.634  -58.528    510.2    963.9
     1     1    19     8    23     1     0     1    -2.0  -34.566  -58.482     11.6   1023.0
     2     1    19     8    23     1     0     1    -2.0  -34.578  -58.492    220.6    998.1
     3     1    19     8    23     1     0     1    -2.0  -34.698  -58.546    520.0    963.4
     1     1    19     8    23     0     0     0    -3.0  -34.559  -58.452     12.8   1022.8
     2     1    19     8    23     0     0     0    -3.0  -34.594  -58.470    231.6    996.9
     3     1    19     8    23     0     0     0    -3.0  -34.767  -58.568    530.6    962.9
     1     1    19     8    22    23     0     1    -4.0  -34.555  -58.425     13.3   1021.8
     2     1    19     8    22    23     0     1    -4.0  -34.614  -58.456    232.7    994.9
     3     1    19     8    22    23     0     1    -4.0  -34.833  -58.601    533.9    961.3
     1     1    19     8    22    22     0     2    -5.0  -34.560  -58.413     12.1   1021.2
     2     1    19     8    22    22     0     2    -5.0  -34.632  -58.462    214.2    996.8
     3     1    19     8    22    22     0     2    -5.0  -34.885  -58.651    522.5    962.4
     1     1    19     8    22    21     0     3    -6.0  -34.570  -58.417      9.9   1021.1
     2     1    19     8    22    21     0     3    -6.0  -34.648  -58.484    180.0   1000.9
     3     1    19     8    22    21     0     3    -6.0  -34.920  -58.717    503.0    964.7
     1     1    19     8    22    20     0     2    -7.0  -34.586  -58.432      7.5   1021.7
     2     1    19     8    22    20     0     2    -7.0  -34.665  -58.514    145.5   1006.3
     3     1    19     8    22    20     0     2    -7.0  -34.947  -58.786    487.3    968.1
     1     1    19     8    22    19     0     1    -8.0  -34.606  -58.452      5.2   1022.2
     2     1    19     8    22    19     0     1    -8.0  -34.685  -58.543    118.7   1009.8
     3     1    19     8    22    19     0     1    -8.0  -34.972  -58.846    478.9    969.8
     1     1    19     8    22    18     0     0    -9.0  -34.630  -58.478      3.0   1022.6
     2     1    19     8    22    18     0     0    -9.0  -34.708  -58.575     98.0   1012.7
     3     1    19     8    22    18     0     0    -9.0  -34.999  -58.897    476.6    970.7
     1     1    19     8    22    17     0     1   -10.0  -34.647  -58.503      1.0   1023.2
     2     1    19     8    22    17     0     1   -10.0  -34.725  -58.604     82.7   1015.3
     3     1    19     8    22    17     0     1   -10.0  -35.021  -58.943    473.9    970.5
     1     1    19     8    22    16     0     2   -11.0  -34.649  -58.521      0.0   1023.8
     2     1    19     8    22    16     0     2   -11.0  -34.726  -58.626     71.2   1017.0
     3     1    19     8    22    16     0     2   -11.0  -35.032  -58.986    463.1    971.8
     1     1    19     8    22    15     0     3   -12.0  -34.635  -58.531      0.0   1024.4
     2     1    19     8    22    15     0     3   -12.0  -34.712  -58.639     62.0   1018.3
     3     1    19     8    22    15     0     3   -12.0  -35.032  -59.027    439.8    974.6
     1     1    19     8    22    14     0     2   -13.0  -34.614  -58.526      0.0   1024.8
     2     1    19     8    22    14     0     2   -13.0  -34.689  -58.638     55.0   1019.4
     3     1    19     8    22    14     0     2   -13.0  -35.016  -59.055    400.2    979.5
     1     1    19     8    22    13     0     1   -14.0  -34.593  -58.504      0.0   1025.2
     2     1    19     8    22    13     0     1   -14.0  -34.664  -58.615     50.7   1020.1
     3     1    19     8    22    13     0     1   -14.0  -34.979  -59.056    344.1    986.3
     1     1    19     8    22    12     0     0   -15.0  -34.573  -58.463      0.1   1025.6
     2     1    19     8    22    12     0     0   -15.0  -34.636  -58.571     49.2   1020.6
     3     1    19     8    22    12     0     0   -15.0  -34.925  -59.021    279.5    994.3
     1     1    19     8    22    11     0     1   -16.0  -34.553  -58.411      0.9   1024.5
     2     1    19     8    22    11     0     1   -16.0  -34.606  -58.512     51.7   1019.3
     3     1    19     8    22    11     0     1   -16.0  -34.864  -58.947    238.2   1002.3
     1     1    19     8    22    10     0     2   -17.0  -34.536  -58.356      2.3   1023.4
     2     1    19     8    22    10     0     2   -17.0  -34.574  -58.446     58.8   1017.5
     3     1    19     8    22    10     0     2   -17.0  -34.798  -58.855    239.0   1000.1
     1     1    19     8    22     9     0     3   -18.0  -34.522  -58.301      4.1   1022.4
     2     1    19     8    22     9     0     3   -18.0  -34.539  -58.376     70.7   1015.3
     3     1    19     8    22     9     0     3   -18.0  -34.716  -58.756    275.7    994.1
     1     1    19     8    22     8     0     2   -19.0  -34.508  -58.240      6.0   1022.4
     2     1    19     8    22     8     0     2   -19.0  -34.493  -58.291     85.7   1012.7
     3     1    19     8    22     8     0     2   -19.0  -34.602  -58.647    327.3    984.8
     1     1    19     8    22     7     0     1   -20.0  -34.487  -58.162      7.8   1022.3
     2     1    19     8    22     7     0     1   -20.0  -34.423  -58.172    102.9   1009.5
     3     1    19     8    22     7     0     1   -20.0  -34.450  -58.507    367.0    979.2
     1     1    19     8    22     6     0     0   -21.0  -34.456  -58.060      9.8   1022.0
     2     1    19     8    22     6     0     0   -21.0  -34.313  -57.998    129.5   1004.6
     3     1    19     8    22     6     0     0   -21.0  -34.252  -58.322    402.5    973.1
     1     1    19     8    22     5     0     1   -22.0  -34.418  -57.943     12.5   1020.3
     2     1    19     8    22     5     0     1   -22.0  -34.169  -57.768    169.6    996.2
     3     1    19     8    22     5     0     1   -22.0  -34.028  -58.096    451.4    964.0
     1     1    19     8    22     4     0     2   -23.0  -34.383  -57.818     16.1   1018.3
     2     1    19     8    22     4     0     2   -23.0  -34.017  -57.497    215.7    986.8
     3     1    19     8    22     4     0     2   -23.0  -33.817  -57.842    496.4    955.4
     1     1    19     8    22     3     0     3   -24.0  -34.350  -57.675     20.3   1016.3
     2     1    19     8    22     3     0     3   -24.0  -33.865  -57.173    264.2    978.3
     3     1    19     8    22     3     0     3   -24.0  -33.631  -57.539    527.8    952.0
     1     1    19     8    22     2     0     2   -25.0  -34.321  -57.500     24.1   1014.8
     2     1    19     8    22     2     0     2   -25.0  -33.732  -56.819    301.7    973.7
     3     1    19     8    22     2     0     2   -25.0  -33.476  -57.205    568.4    947.6
     1     1    19     8    22     1     0     1   -26.0  -34.299  -57.295     25.2   1013.4
     2     1    19     8    22     1     0     1   -26.0  -33.627  -56.478    312.2    975.0
     3     1    19     8    22     1     0     1   -26.0  -33.350  -56.879    618.0    941.0
     1     1    19     8    22     0     0     0   -27.0  -34.295  -57.073     21.8   1013.1
     2     1    19     8    22     0     0     0   -27.0  -33.546  -56.161    300.7    979.2
     3     1    19     8    22     0     0     0   -27.0  -33.245  -56.583    655.7    937.2
     1     1    19     8    21    23     0     1   -28.0  -34.308  -56.865     17.6   1014.5
     2     1    19     8    21    23     0     1   -28.0  -33.495  -55.875    286.9    980.9
     3     1    19     8    21    23     0     1   -28.0  -33.165  -56.317    677.3    935.6
     1     1    19     8    21    22     0     2   -29.0  -34.331  -56.684     15.1   1015.6
     2     1    19     8    21    22     0     2   -29.0  -33.480  -55.626    281.9    977.4
     3     1    19     8    21    22     0     2   -29.0  -33.116  -56.074    693.9    934.5
     1     1    19     8    21    21     0     3   -30.0  -34.364  -56.530     14.1   1016.3
     2     1    19     8    21    21     0     3   -30.0  -33.494  -55.405    284.7    973.2
     3     1    19     8    21    21     0     3   -30.0  -33.099  -55.845    718.8    930.0
     1     1    19     8    21    20     0     2   -31.0  -34.399  -56.386     13.9   1017.4
     2     1    19     8    21    20     0     2   -31.0  -33.523  -55.199    290.6    969.2
     3     1    19     8    21    20     0     2   -31.0  -33.102  -55.633    751.4    922.4
     1     1    19     8    21    19     0     1   -32.0  -34.427  -56.234     14.1   1018.3
     2     1    19     8    21    19     0     1   -32.0  -33.556  -55.004    294.2    965.8
     3     1    19     8    21    19     0     1   -32.0  -33.113  -55.437    787.0    915.9
     1     1    19     8    21    18     0     0   -33.0  -34.450  -56.070     15.0   1019.1
     2     1    19     8    21    18     0     0   -33.0  -33.597  -54.827    293.2    969.4
     3     1    19     8    21    18     0     0   -33.0  -33.134  -55.257    826.8    909.2
     1     1    19     8    21    17     0     1   -34.0  -34.480  -55.906     16.4   1019.8
     2     1    19     8    21    17     0     1   -34.0  -33.658  -54.673    291.5    973.6
     3     1    19     8    21    17     0     1   -34.0  -33.175  -55.091    864.6    902.5
     1     1    19     8    21    16     0     2   -35.0  -34.533  -55.753     18.0   1020.4
     2     1    19     8    21    16     0     2   -35.0  -33.750  -54.540    295.3    975.8
     3     1    19     8    21    16     0     2   -35.0  -33.242  -54.941    892.7    899.7
     1     1    19     8    21    15     0     3   -36.0  -34.611  -55.616     20.4   1021.6
     2     1    19     8    21    15     0     3   -36.0  -33.875  -54.428    303.6    976.5
     3     1    19     8    21    15     0     3   -36.0  -33.339  -54.808    912.3    901.1
     1     1    19     8    21    14     0     2   -37.0  -34.711  -55.493     23.5   1022.3
     2     1    19     8    21    14     0     2   -37.0  -34.033  -54.329    315.0    976.3
     3     1    19     8    21    14     0     2   -37.0  -33.456  -54.693    930.3    901.6
     1     1    19     8    21    13     0     1   -38.0  -34.832  -55.382     25.9   1024.0
     2     1    19     8    21    13     0     1   -38.0  -34.223  -54.242    327.7    978.6
     3     1    19     8    21    13     0     1   -38.0  -33.586  -54.598    946.9    900.2
     1     1    19     8    21    12     0     0   -39.0  -34.978  -55.281     26.9   1026.8
     2     1    19     8    21    12     0     0   -39.0  -34.441  -54.175    338.9    980.9
     3     1    19     8    21    12     0     0   -39.0  -33.731  -54.518    953.5    899.7
     1     1    19     8    21    11     0     1   -40.0  -35.141  -55.197     26.6   1026.5
     2     1    19     8    21    11     0     1   -40.0  -34.675  -54.137    351.3    982.8
     3     1    19     8    21    11     0     1   -40.0  -33.889  -54.454    952.6    900.2
     1     1    19     8    21    10     0     2   -41.0  -35.308  -55.140     25.9   1026.0
     2     1    19     8    21    10     0     2   -41.0  -34.910  -54.133    363.8    983.4
     3     1    19     8    21    10     0     2   -41.0  -34.053  -54.415    954.5    900.7
     1     1    19     8    21     9     0     3   -42.0  -35.481  -55.112     25.5   1025.8
     2     1    19     8    21     9     0     3   -42.0  -35.143  -54.161    373.2    983.2
     3     1    19     8    21     9     0     3   -42.0  -34.223  -54.404    963.6    901.9
     1     1    19     8    21     8     0     2   -43.0  -35.660  -55.102     26.1   1025.9
     2     1    19     8    21     8     0     2   -43.0  -35.376  -54.209    385.2    982.6
     3     1    19     8    21     8     0     2   -43.0  -34.393  -54.409    975.0    902.9
     1     1    19     8    21     7     0     1   -44.0  -35.843  -55.101     27.9   1025.5
     2     1    19     8    21     7     0     1   -44.0  -35.607  -54.270    403.1    980.3
     3     1    19     8    21     7     0     1   -44.0  -34.562  -54.420    988.0    904.6
     1     1    19     8    21     6     0     0   -45.0  -36.026  -55.113     30.8   1024.7
     2     1    19     8    21     6     0     0   -45.0  -35.836  -54.348    424.2    977.6
     3     1    19     8    21     6     0     0   -45.0  -34.731  -54.438   1009.5    905.2
     1     1    19     8    21     5     0     1   -46.0  -36.212  -55.134     34.4   1025.3
     2     1    19     8    21     5     0     1   -46.0  -36.070  -54.434    451.3    974.8
     3     1    19     8    21     5     0     1   -46.0  -34.909  -54.460   1045.8    904.4
     1     1    19     8    21     4     0     2   -47.0  -36.409  -55.161     38.7   1025.8
     2     1    19     8    21     4     0     2   -47.0  -36.315  -54.521    486.8    970.4
     3     1    19     8    21     4     0     2   -47.0  -35.105  -54.481   1097.9    899.9
     1     1    19     8    21     3     0     3   -48.0  -36.615  -55.196     44.0   1026.1
     2     1    19     8    21     3     0     3   -48.0  -36.568  -54.614    532.2    965.5
     3     1    19     8    21     3     0     3   -48.0  -35.313  -54.509   1158.5    892.8
     1     1    19     8    21     2     0     2   -49.0  -36.828  -55.240     49.7   1025.5
     2     1    19     8    21     2     0     2   -49.0  -36.826  -54.719    585.3    959.0
     3     1    19     8    21     2     0     2   -49.0  -35.523  -54.552   1224.4    885.9
     1     1    19     8    21     1     0     1   -50.0  -37.044  -55.292     55.6   1025.1
     2     1    19     8    21     1     0     1   -50.0  -37.091  -54.834    638.9    953.1
     3     1    19     8    21     1     0     1   -50.0  -35.731  -54.613   1297.7    878.4
     1     1    19     8    21     0     0     0   -51.0  -37.262  -55.351     62.1   1024.2
     2     1    19     8    21     0     0     0   -51.0  -37.365  -54.962    693.8    946.6
     3     1    19     8    21     0     0     0   -51.0  -35.937  -54.694   1372.0    869.3
     1     1    19     8    20    23     0     1   -52.0  -37.476  -55.431     68.0   1022.4
     2     1    19     8    20    23     0     1   -52.0  -37.643  -55.110    748.9    939.1
     3     1    19     8    20    23     0     1   -52.0  -36.143  -54.801   1430.3    861.3
     1     1    19     8    20    22     0     2   -53.0  -37.681  -55.539     71.8   1021.2
     2     1    19     8    20    22     0     2   -53.0  -37.916  -55.279    796.1    932.8
     3     1    19     8    20    22     0     2   -53.0  -36.356  -54.936   1469.7    857.4
     1     1    19     8    20    21     0     3   -54.0  -37.878  -55.670     73.4   1020.3
     2     1    19     8    20    21     0     3   -54.0  -38.182  -55.468    828.0    928.5
     3     1    19     8    20    21     0     3   -54.0  -36.576  -55.096   1501.0    854.2
     1     1    19     8    20    20     0     2   -55.0  -38.070  -55.805     74.7   1020.3
     2     1    19     8    20    20     0     2   -55.0  -38.443  -55.665    842.1    926.7
     3     1    19     8    20    20     0     2   -55.0  -36.797  -55.271   1537.4    851.1
     1     1    19     8    20    19     0     1   -56.0  -38.256  -55.929     76.6   1019.9
     2     1    19     8    20    19     0     1   -56.0  -38.699  -55.868    843.9    926.8
     3     1    19     8    20    19     0     1   -56.0  -37.016  -55.454   1584.2    845.7
     1     1    19     8    20    18     0     0   -57.0  -38.433  -56.047     77.7   1019.6
     2     1    19     8    20    18     0     0   -57.0  -38.944  -56.086    846.6    927.5
     3     1    19     8    20    18     0     0   -57.0  -37.226  -55.644   1635.9    839.9
     1     1    19     8    20    17     0     1   -58.0  -38.601  -56.172     76.9   1020.5
     2     1    19     8    20    17     0     1   -58.0  -39.170  -56.308    855.3    926.3
     3     1    19     8    20    17     0     1   -58.0  -37.429  -55.840   1687.1    834.5
     1     1    19     8    20    16     0     2   -59.0  -38.758  -56.314     74.2   1021.9
     2     1    19     8    20    16     0     2   -59.0  -39.380  -56.524    869.5    925.8
     3     1    19     8    20    16     0     2   -59.0  -37.628  -56.039   1735.8    829.8
     1     1    19     8    20    15     0     3   -60.0  -38.906  -56.463     70.3   1023.3
     2     1    19     8    20    15     0     3   -60.0  -39.575  -56.750    899.3    923.3
     3     1    19     8    20    15     0     3   -60.0  -37.819  -56.235   1783.6    824.8
     1     1    19     8    20    14     0     2   -61.0  -39.055  -56.610     68.6   1023.2
     2     1    19     8    20    14     0     2   -61.0  -39.757  -56.993    942.2    917.8
     3     1    19     8    20    14     0     2   -61.0  -38.001  -56.425   1830.8    819.9
     1     1    19     8    20    13     0     1   -62.0  -39.209  -56.753     71.1   1022.5
     2     1    19     8    20    13     0     1   -62.0  -39.927  -57.235    995.2    911.7
     3     1    19     8    20    13     0     1   -62.0  -38.182  -56.614   1874.5    814.7
     1     1    19     8    20    12     0     0   -63.0  -39.369  -56.893     75.7   1021.5
     2     1    19     8    20    12     0     0   -63.0  -40.085  -57.456   1072.8    903.8
     3     1    19     8    20    12     0     0   -63.0  -38.360  -56.806   1908.6    810.9
     1     1    19     8    20    11     0     1   -64.0  -39.527  -57.041     79.4   1020.0
     2     1    19     8    20    11     0     1   -64.0  -40.244  -57.663   1147.5    890.4
     3     1    19     8    20    11     0     1   -64.0  -38.533  -57.008   1925.5    808.0
     1     1    19     8    20    10     0     2   -65.0  -39.676  -57.211     79.7   1019.4
     2     1    19     8    20    10     0     2   -65.0  -40.406  -57.881   1170.6    886.2
     3     1    19     8    20    10     0     2   -65.0  -38.700  -57.226   1925.9    807.2
     1     1    19     8    20     9     0     3   -66.0  -39.813  -57.397     76.3   1019.6
     2     1    19     8    20     9     0     3   -66.0  -40.561  -58.124   1133.4    890.1
     3     1    19     8    20     9     0     3   -66.0  -38.862  -57.457   1918.8    807.7
     1     1    19     8    20     8     0     2   -67.0  -39.940  -57.581     72.9   1020.9
     2     1    19     8    20     8     0     2   -67.0  -40.703  -58.373   1091.2    900.6
     3     1    19     8    20     8     0     2   -67.0  -39.016  -57.691   1920.4    810.2
     1     1    19     8    20     7     0     1   -68.0  -40.057  -57.754     73.1   1021.3
     2     1    19     8    20     7     0     1   -68.0  -40.835  -58.596   1068.2    900.9
     3     1    19     8    20     7     0     1   -68.0  -39.161  -57.921   1938.2    807.9
     1     1    19     8    20     6     0     0   -69.0  -40.163  -57.915     76.6   1021.2
     2     1    19     8    20     6     0     0   -69.0  -40.949  -58.788   1017.8    903.7
     3     1    19     8    20     6     0     0   -69.0  -39.298  -58.149   1963.4    804.9
     1     1    19     8    20     5     0     1   -70.0  -40.264  -58.072     80.4   1020.0
     2     1    19     8    20     5     0     1   -70.0  -41.045  -58.975    965.6    916.4
     3     1    19     8    20     5     0     1   -70.0  -39.436  -58.378   1985.6    802.0
     1     1    19     8    20     4     0     2   -71.0  -40.368  -58.233     82.1   1019.5
     2     1    19     8    20     4     0     2   -71.0  -41.142  -59.169    978.3    915.7
     3     1    19     8    20     4     0     2   -71.0  -39.577  -58.609   2003.3    800.7
     1     1    19     8    20     3     0     3   -72.0  -40.475  -58.401     82.4   1019.5
     2     1    19     8    20     3     0     3   -72.0  -41.245  -59.372   1028.5    905.7
     3     1    19     8    20     3     0     3   -72.0  -39.717  -58.838   2025.6    798.8
