     4     1
    GDAS    19     8     8     0     0
    GDAS    19     8    15     0     0
    GDAS    19     8    22     0     0
    GDAS    19     8    29     0     0
     3 BACKWARD OMEGA   
    19     8    23     9  -34.572  -58.513    10.0
    19     8    23     9  -34.572  -58.513   200.0
    19     8    23     9  -34.572  -58.513   500.0
     1 PRESSURE
     1     1    19     8    23     9     0     3     0.0  -34.572  -58.513     10.0   1020.2
     2     1    19     8    23     9     0     3     0.0  -34.572  -58.513    200.0    998.9
     3     1    19     8    23     9     0     3     0.0  -34.572  -58.513    500.0    962.8
     1     1    19     8    23     8     0     2    -1.0  -34.564  -58.543     10.4   1021.0
     2     1    19     8    23     8     0     2    -1.0  -34.574  -58.562    209.2    998.4
     3     1    19     8    23     8     0     2    -1.0  -34.634  -58.519    521.1    961.2
     1     1    19     8    23     7     0     1    -2.0  -34.553  -58.569     11.0   1021.8
     2     1    19     8    23     7     0     1    -2.0  -34.572  -58.602    219.8    997.6
     3     1    19     8    23     7     0     1    -2.0  -34.701  -58.531    543.9    959.6
     1     1    19     8    23     6     0     0    -3.0  -34.540  -58.588     11.6   1022.6
     2     1    19     8    23     6     0     0    -3.0  -34.569  -58.633    231.6    996.7
     3     1    19     8    23     6     0     0    -3.0  -34.773  -58.550    569.4    957.7
     1     1    19     8    23     5     0     1    -4.0  -34.529  -58.601     12.3   1022.6
     2     1    19     8    23     5     0     1    -4.0  -34.566  -58.655    243.3    995.2
     3     1    19     8    23     5     0     1    -4.0  -34.850  -58.575    593.9    955.1
     1     1    19     8    23     4     0     2    -5.0  -34.521  -58.607     13.2   1022.7
     2     1    19     8    23     4     0     2    -5.0  -34.567  -58.668    254.0    994.0
     3     1    19     8    23     4     0     2    -5.0  -34.928  -58.601    612.1    953.5
     1     1    19     8    23     3     0     3    -6.0  -34.518  -58.604     14.2   1022.7
     2     1    19     8    23     3     0     3    -6.0  -34.572  -58.674    263.2    992.9
     3     1    19     8    23     3     0     3    -6.0  -35.004  -58.629    622.3    952.7
     1     1    19     8    23     2     0     2    -7.0  -34.517  -58.592     15.4   1022.4
     2     1    19     8    23     2     0     2    -7.0  -34.582  -58.671    271.1    992.2
     3     1    19     8    23     2     0     2    -7.0  -35.081  -58.663    630.9    952.8
     1     1    19     8    23     1     0     1    -8.0  -34.513  -58.571     16.8   1022.2
     2     1    19     8    23     1     0     1    -8.0  -34.600  -58.660    277.8    991.6
     3     1    19     8    23     1     0     1    -8.0  -35.163  -58.705    643.7    951.3
     1     1    19     8    23     0     0     0    -9.0  -34.508  -58.538     18.4   1021.9
     2     1    19     8    23     0     0     0    -9.0  -34.626  -58.643    283.6    991.2
     3     1    19     8    23     0     0     0    -9.0  -35.251  -58.754    657.6    949.6
     1     1    19     8    22    23     0     1   -10.0  -34.507  -58.510     19.3   1020.7
     2     1    19     8    22    23     0     1   -10.0  -34.655  -58.635    282.8    990.1
     3     1    19     8    22    23     0     1   -10.0  -35.332  -58.818    671.0    947.4
     1     1    19     8    22    22     0     2   -11.0  -34.515  -58.498     18.0   1020.2
     2     1    19     8    22    22     0     2   -11.0  -34.679  -58.647    269.8    991.2
     3     1    19     8    22    22     0     2   -11.0  -35.399  -58.904    690.0    945.3
     1     1    19     8    22    21     0     3   -12.0  -34.531  -58.503     15.1   1020.1
     2     1    19     8    22    21     0     3   -12.0  -34.700  -58.679    247.3    993.7
     3     1    19     8    22    21     0     3   -12.0  -35.455  -59.013    730.5    940.9
     1     1    19     8    22    20     0     2   -13.0  -34.551  -58.520     12.2   1021.4
     2     1    19     8    22    20     0     2   -13.0  -34.722  -58.718    224.5    998.3
     3     1    19     8    22    20     0     2   -13.0  -35.507  -59.130    787.7    932.8
     1     1    19     8    22    19     0     1   -14.0  -34.575  -58.541     10.0   1022.2
     2     1    19     8    22    19     0     1   -14.0  -34.746  -58.757    205.9   1001.5
     3     1    19     8    22    19     0     1   -14.0  -35.559  -59.235    850.6    925.9
     1     1    19     8    22    18     0     0   -15.0  -34.602  -58.568      8.2   1022.6
     2     1    19     8    22    18     0     0   -15.0  -34.773  -58.794    191.2   1003.6
     3     1    19     8    22    18     0     0   -15.0  -35.609  -59.327    924.6    918.0
     1     1    19     8    22    17     0     1   -16.0  -34.622  -58.594      6.6   1023.2
     2     1    19     8    22    17     0     1   -16.0  -34.794  -58.828    178.7   1005.0
     3     1    19     8    22    17     0     1   -16.0  -35.663  -59.419    997.7    907.3
     1     1    19     8    22    16     0     2   -17.0  -34.625  -58.613      5.2   1023.8
     2     1    19     8    22    16     0     2   -17.0  -34.800  -58.856    166.1   1006.6
     3     1    19     8    22    16     0     2   -17.0  -35.725  -59.523   1058.0    900.1
     1     1    19     8    22    15     0     3   -18.0  -34.613  -58.623      4.0   1024.5
     2     1    19     8    22    15     0     3   -18.0  -34.790  -58.876    152.0   1008.4
     3     1    19     8    22    15     0     3   -18.0  -35.791  -59.639   1116.1    893.4
     1     1    19     8    22    14     0     2   -19.0  -34.592  -58.620      3.0   1025.0
     2     1    19     8    22    14     0     2   -19.0  -34.768  -58.878    136.4   1010.4
     3     1    19     8    22    14     0     2   -19.0  -35.855  -59.766   1167.6    885.3
     1     1    19     8    22    13     0     1   -20.0  -34.574  -58.600      2.3   1025.5
     2     1    19     8    22    13     0     1   -20.0  -34.739  -58.853    120.5   1012.5
     3     1    19     8    22    13     0     1   -20.0  -35.911  -59.901   1181.4    880.3
     1     1    19     8    22    12     0     0   -21.0  -34.556  -58.563      2.1   1025.9
     2     1    19     8    22    12     0     0   -21.0  -34.705  -58.806    106.5   1014.6
     3     1    19     8    22    12     0     0   -21.0  -35.965  -60.035   1121.4    883.3
     1     1    19     8    22    11     0     1   -22.0  -34.539  -58.514      2.5   1024.8
     2     1    19     8    22    11     0     1   -22.0  -34.669  -58.742    101.1   1014.9
     3     1    19     8    22    11     0     1   -22.0  -36.013  -60.176   1012.4    898.7
     1     1    19     8    22    10     0     2   -23.0  -34.525  -58.458      3.7   1023.7
     2     1    19     8    22    10     0     2   -23.0  -34.630  -58.665    108.4   1012.7
     3     1    19     8    22    10     0     2   -23.0  -36.030  -60.341    911.6    911.3
     1     1    19     8    22     9     0     3   -24.0  -34.515  -58.401      5.5   1022.6
     2     1    19     8    22     9     0     3   -24.0  -34.583  -58.577    128.1   1009.1
     3     1    19     8    22     9     0     3   -24.0  -36.004  -60.525    849.9    918.9
     1     1    19     8    22     8     0     2   -25.0  -34.503  -58.337      7.4   1022.6
     2     1    19     8    22     8     0     2   -25.0  -34.517  -58.468    153.2   1004.8
     3     1    19     8    22     8     0     2   -25.0  -35.935  -60.709    811.4    920.3
     1     1    19     8    22     7     0     1   -26.0  -34.486  -58.258      9.1   1022.5
     2     1    19     8    22     7     0     1   -26.0  -34.421  -58.322    177.0   1001.2
     3     1    19     8    22     7     0     1   -26.0  -35.821  -60.876    754.0    926.1
     1     1    19     8    22     6     0     0   -27.0  -34.459  -58.158     11.0   1022.1
     2     1    19     8    22     6     0     0   -27.0  -34.279  -58.120    210.0    995.8
     3     1    19     8    22     6     0     0   -27.0  -35.658  -61.016    688.9    935.5
     1     1    19     8    22     5     0     1   -28.0  -34.426  -58.043     13.9   1020.5
     2     1    19     8    22     5     0     1   -28.0  -34.098  -57.870    263.2    984.9
     3     1    19     8    22     5     0     1   -28.0  -35.451  -61.104    653.6    942.1
     1     1    19     8    22     4     0     2   -29.0  -34.393  -57.922     18.3   1018.5
     2     1    19     8    22     4     0     2   -29.0  -33.910  -57.585    321.1    974.3
     3     1    19     8    22     4     0     2   -29.0  -35.211  -61.133    649.5    940.4
     1     1    19     8    22     3     0     3   -30.0  -34.362  -57.786     23.7   1016.4
     2     1    19     8    22     3     0     3   -30.0  -33.732  -57.247    376.1    967.4
     3     1    19     8    22     3     0     3   -30.0  -34.937  -61.106    643.8    938.9
     1     1    19     8    22     2     0     2   -31.0  -34.334  -57.618     29.0   1014.7
     2     1    19     8    22     2     0     2   -31.0  -33.582  -56.883    425.3    960.3
     3     1    19     8    22     2     0     2   -31.0  -34.643  -61.007    629.9    941.5
     1     1    19     8    22     1     0     1   -32.0  -34.310  -57.414     31.7   1013.2
     2     1    19     8    22     1     0     1   -32.0  -33.464  -56.544    451.9    958.7
     3     1    19     8    22     1     0     1   -32.0  -34.358  -60.830    625.3    944.5
     1     1    19     8    22     0     0     0   -33.0  -34.303  -57.187     29.3   1012.5
     2     1    19     8    22     0     0     0   -33.0  -33.371  -56.233    455.1    961.0
     3     1    19     8    22     0     0     0   -33.0  -34.099  -60.584    649.9    945.2
     1     1    19     8    21    23     0     1   -34.0  -34.315  -56.965     24.4   1012.9
     2     1    19     8    21    23     0     1   -34.0  -33.308  -55.947    453.2    962.1
     3     1    19     8    21    23     0     1   -34.0  -33.875  -60.314    685.9    939.9
     1     1    19     8    21    22     0     2   -35.0  -34.338  -56.771     20.9   1014.4
     2     1    19     8    21    22     0     2   -35.0  -33.279  -55.690    460.8    957.8
     3     1    19     8    21    22     0     2   -35.0  -33.686  -60.038    698.6    939.9
     1     1    19     8    21    21     0     3   -36.0  -34.372  -56.606     19.4   1015.2
     2     1    19     8    21    21     0     3   -36.0  -33.285  -55.457    485.0    951.1
     3     1    19     8    21    21     0     3   -36.0  -33.534  -59.749    681.9    942.2
     1     1    19     8    21    20     0     2   -37.0  -34.408  -56.453     19.1   1016.4
     2     1    19     8    21    20     0     2   -37.0  -33.307  -55.244    520.2    943.5
     3     1    19     8    21    20     0     2   -37.0  -33.420  -59.461    662.5    948.3
     1     1    19     8    21    19     0     1   -38.0  -34.436  -56.296     19.3   1017.4
     2     1    19     8    21    19     0     1   -38.0  -33.336  -55.048    561.0    936.2
     3     1    19     8    21    19     0     1   -38.0  -33.330  -59.204    666.6    948.3
     1     1    19     8    21    18     0     0   -39.0  -34.457  -56.129     20.4   1018.1
     2     1    19     8    21    18     0     0   -39.0  -33.375  -54.873    599.5    933.4
     3     1    19     8    21    18     0     0   -39.0  -33.258  -58.985    689.9    945.7
     1     1    19     8    21    17     0     1   -40.0  -34.487  -55.961     22.5   1019.4
     2     1    19     8    21    17     0     1   -40.0  -33.433  -54.719    626.0    934.0
     3     1    19     8    21    17     0     1   -40.0  -33.198  -58.789    727.3    941.3
     1     1    19     8    21    16     0     2   -41.0  -34.539  -55.805     25.3   1019.7
     2     1    19     8    21    16     0     2   -41.0  -33.519  -54.583    643.2    935.2
     3     1    19     8    21    16     0     2   -41.0  -33.147  -58.600    771.5    935.7
     1     1    19     8    21    15     0     3   -42.0  -34.616  -55.665     29.0   1020.7
     2     1    19     8    21    15     0     3   -42.0  -33.634  -54.465    655.9    935.9
     3     1    19     8    21    15     0     3   -42.0  -33.108  -58.421    806.0    931.3
     1     1    19     8    21    14     0     2   -43.0  -34.715  -55.540     33.2   1021.1
     2     1    19     8    21    14     0     2   -43.0  -33.778  -54.357    666.4    935.6
     3     1    19     8    21    14     0     2   -43.0  -33.090  -58.253    824.8    929.4
     1     1    19     8    21    13     0     1   -44.0  -34.835  -55.426     36.4   1022.7
     2     1    19     8    21    13     0     1   -44.0  -33.954  -54.252    673.9    934.7
     3     1    19     8    21    13     0     1   -44.0  -33.099  -58.091    832.8    928.5
     1     1    19     8    21    12     0     0   -45.0  -34.980  -55.322     37.8   1025.4
     2     1    19     8    21    12     0     0   -45.0  -34.165  -54.156    679.1    937.3
     3     1    19     8    21    12     0     0   -45.0  -33.135  -57.935    836.2    927.4
     1     1    19     8    21    11     0     1   -46.0  -35.142  -55.236     37.3   1025.2
     2     1    19     8    21    11     0     1   -46.0  -34.394  -54.087    689.4    939.8
     3     1    19     8    21    11     0     1   -46.0  -33.188  -57.788    844.4    924.9
     1     1    19     8    21    10     0     2   -47.0  -35.309  -55.177     36.4   1024.7
     2     1    19     8    21    10     0     2   -47.0  -34.626  -54.056    704.4    939.6
     3     1    19     8    21    10     0     2   -47.0  -33.247  -57.659    861.1    920.7
     1     1    19     8    21     9     0     3   -48.0  -35.481  -55.147     35.7   1024.5
     2     1    19     8    21     9     0     3   -48.0  -34.857  -54.062    713.9    939.9
     3     1    19     8    21     9     0     3   -48.0  -33.316  -57.551    881.5    916.3
     1     1    19     8    21     8     0     2   -49.0  -35.659  -55.136     36.4   1024.6
     2     1    19     8    21     8     0     2   -49.0  -35.087  -54.093    722.7    941.8
     3     1    19     8    21     8     0     2   -49.0  -33.392  -57.453    900.2    912.7
     1     1    19     8    21     7     0     1   -50.0  -35.840  -55.133     38.7   1024.2
     2     1    19     8    21     7     0     1   -50.0  -35.316  -54.139    742.1    939.9
     3     1    19     8    21     7     0     1   -50.0  -33.474  -57.357    917.2    909.9
     1     1    19     8    21     6     0     0   -51.0  -36.022  -55.143     42.2   1023.4
     2     1    19     8    21     6     0     0   -51.0  -35.547  -54.200    768.3    936.3
     3     1    19     8    21     6     0     0   -51.0  -33.562  -57.265    938.6    906.6
     1     1    19     8    21     5     0     1   -52.0  -36.208  -55.162     46.6   1023.9
     2     1    19     8    21     5     0     1   -52.0  -35.784  -54.266    799.8    933.4
     3     1    19     8    21     5     0     1   -52.0  -33.659  -57.185    961.6    902.0
     1     1    19     8    21     4     0     2   -53.0  -36.404  -55.187     51.8   1024.3
     2     1    19     8    21     4     0     2   -53.0  -36.033  -54.333    841.2    928.8
     3     1    19     8    21     4     0     2   -53.0  -33.765  -57.121    979.4    898.7
     1     1    19     8    21     3     0     3   -54.0  -36.610  -55.220     58.3   1024.5
     2     1    19     8    21     3     0     3   -54.0  -36.291  -54.407    895.5    923.3
     3     1    19     8    21     3     0     3   -54.0  -33.881  -57.074    990.6    896.3
     1     1    19     8    21     2     0     2   -55.0  -36.823  -55.262     65.2   1023.9
     2     1    19     8    21     2     0     2   -55.0  -36.556  -54.497    964.4    915.5
     3     1    19     8    21     2     0     2   -55.0  -34.011  -57.042   1005.8    895.1
     1     1    19     8    21     1     0     1   -56.0  -37.039  -55.311     72.3   1023.5
     2     1    19     8    21     1     0     1   -56.0  -36.828  -54.610   1038.6    906.0
     3     1    19     8    21     1     0     1   -56.0  -34.152  -57.015   1039.9    893.6
     1     1    19     8    21     0     0     0   -57.0  -37.257  -55.369     80.2   1022.2
     2     1    19     8    21     0     0     0   -57.0  -37.107  -54.748   1106.1    897.9
     3     1    19     8    21     0     0     0   -57.0  -34.303  -56.994   1096.7    890.1
     1     1    19     8    20    23     0     1   -58.0  -37.472  -55.449     87.7   1019.7
     2     1    19     8    20    23     0     1   -58.0  -37.389  -54.906   1163.4    891.2
     3     1    19     8    20    23     0     1   -58.0  -34.461  -56.988   1176.7    883.5
     1     1    19     8    20    22     0     2   -59.0  -37.678  -55.557     92.5   1018.2
     2     1    19     8    20    22     0     2   -59.0  -37.664  -55.082   1215.1    885.5
     3     1    19     8    20    22     0     2   -59.0  -34.620  -57.007   1268.1    875.3
     1     1    19     8    20    21     0     3   -60.0  -37.877  -55.688     94.5   1017.2
     2     1    19     8    20    21     0     3   -60.0  -37.920  -55.277   1257.6    880.0
     3     1    19     8    20    21     0     3   -60.0  -34.783  -57.058   1354.9    867.5
     1     1    19     8    20    20     0     2   -61.0  -38.071  -55.824     96.1   1017.2
     2     1    19     8    20    20     0     2   -61.0  -38.163  -55.486   1286.6    877.1
     3     1    19     8    20    20     0     2   -61.0  -34.941  -57.130   1421.9    861.4
     1     1    19     8    20    19     0     1   -62.0  -38.260  -55.950     98.6   1016.7
     2     1    19     8    20    19     0     1   -62.0  -38.404  -55.695   1308.4    874.9
     3     1    19     8    20    19     0     1   -62.0  -35.089  -57.205   1462.6    858.3
     1     1    19     8    20    18     0     0   -63.0  -38.442  -56.072    100.1   1016.3
     2     1    19     8    20    18     0     0   -63.0  -38.639  -55.901   1335.7    872.6
     3     1    19     8    20    18     0     0   -63.0  -35.233  -57.276   1482.2    856.2
     1     1    19     8    20    17     0     1   -64.0  -38.615  -56.203     99.1   1017.2
     2     1    19     8    20    17     0     1   -64.0  -38.868  -56.093   1371.4    868.2
     3     1    19     8    20    17     0     1   -64.0  -35.375  -57.345   1494.7    856.4
     1     1    19     8    20    16     0     2   -65.0  -38.776  -56.350     95.6   1018.6
     2     1    19     8    20    16     0     2   -65.0  -39.088  -56.270   1407.7    864.2
     3     1    19     8    20    16     0     2   -65.0  -35.512  -57.419   1505.8    854.6
     1     1    19     8    20    15     0     3   -66.0  -38.929  -56.503     90.8   1020.3
     2     1    19     8    20    15     0     3   -66.0  -39.298  -56.447   1445.3    860.5
     3     1    19     8    20    15     0     3   -66.0  -35.642  -57.496   1501.3    854.5
     1     1    19     8    20    14     0     2   -67.0  -39.082  -56.653     89.0   1020.7
     2     1    19     8    20    14     0     2   -67.0  -39.502  -56.634   1486.4    855.8
     3     1    19     8    20    14     0     2   -67.0  -35.771  -57.571   1488.7    857.3
     1     1    19     8    20    13     0     1   -68.0  -39.240  -56.800     92.6   1019.6
     2     1    19     8    20    13     0     1   -68.0  -39.707  -56.827   1525.0    850.9
     3     1    19     8    20    13     0     1   -68.0  -35.907  -57.647   1489.0    857.9
     1     1    19     8    20    12     0     0   -69.0  -39.403  -56.944     98.8   1018.0
     2     1    19     8    20    12     0     0   -69.0  -39.920  -57.015   1554.7    847.5
     3     1    19     8    20    12     0     0   -69.0  -36.054  -57.733   1517.5    855.6
     1     1    19     8    20    11     0     1   -70.0  -39.562  -57.099    103.7   1016.4
     2     1    19     8    20    11     0     1   -70.0  -40.132  -57.204   1576.0    845.0
     3     1    19     8    20    11     0     1   -70.0  -36.202  -57.841   1561.8    848.0
     1     1    19     8    20    10     0     2   -71.0  -39.709  -57.274    104.5   1015.8
     2     1    19     8    20    10     0     2   -71.0  -40.337  -57.415   1587.0    842.7
     3     1    19     8    20    10     0     2   -71.0  -36.342  -57.971   1600.7    843.5
     1     1    19     8    20     9     0     3   -72.0  -39.846  -57.463    100.0   1016.0
     2     1    19     8    20     9     0     3   -72.0  -40.537  -57.649   1574.1    842.9
     3     1    19     8    20     9     0     3   -72.0  -36.471  -58.120   1637.8    839.0
