     7     1
    GDAS    19     4    29     0     0
    GDAS    19     5     1     0     0
    GDAS    19     5     8     0     0
    GDAS    19     5    15     0     0
    GDAS    19     5    22     0     0
    GDAS    19     5    29     0     0
    GDAS    19     6     1     0     0
     5 BACKWARD OMEGA   
    19     5    13     9  -34.572  -58.513    10.0
    19     5    13     9  -34.572  -58.513   200.0
    19     5    13     9  -34.572  -58.513   500.0
    19     5    13     9  -34.572  -58.513  1000.0
    19     5    13     9  -34.572  -58.513  2000.0
     1 PRESSURE
     1     1    19     5    13     9     0     3     0.0  -34.572  -58.513     10.0   1015.2
     2     1    19     5    13     9     0     3     0.0  -34.572  -58.513    200.0    993.3
     3     1    19     5    13     9     0     3     0.0  -34.572  -58.513    500.0    958.8
     4     1    19     5    13     9     0     3     0.0  -34.572  -58.513   1000.0    903.8
     5     1    19     5    13     9     0     3     0.0  -34.572  -58.513   2000.0    801.8
     1     1    19     5    13     8     0     2    -1.0  -34.534  -58.608     10.0   1015.6
     2     1    19     5    13     8     0     2    -1.0  -34.516  -58.774    198.8    993.7
     3     1    19     5    13     8     0     2    -1.0  -34.591  -58.820    490.4    960.3
     4     1    19     5    13     8     0     2    -1.0  -34.688  -58.660    984.5    905.6
     5     1    19     5    13     8     0     2    -1.0  -34.744  -58.484   1970.5    805.1
     1     1    19     5    13     7     0     1    -2.0  -34.483  -58.693     10.0   1016.0
     2     1    19     5    13     7     0     1    -2.0  -34.426  -59.027    197.9    994.1
     3     1    19     5    13     7     0     1    -2.0  -34.568  -59.127    481.2    961.4
     4     1    19     5    13     7     0     1    -2.0  -34.786  -58.829    967.4    907.6
     5     1    19     5    13     7     0     1    -2.0  -34.900  -58.480   1946.4    807.7
     1     1    19     5    13     6     0     0    -3.0  -34.423  -58.769     10.0   1016.4
     2     1    19     5    13     6     0     0    -3.0  -34.300  -59.265    197.6    993.8
     3     1    19     5    13     6     0     0    -3.0  -34.501  -59.427    473.6    961.7
     4     1    19     5    13     6     0     0    -3.0  -34.864  -59.022    948.3    909.6
     5     1    19     5    13     6     0     0    -3.0  -35.036  -58.500   1926.7    809.6
     1     1    19     5    13     5     0     1    -4.0  -34.356  -58.833     10.0   1016.7
     2     1    19     5    13     5     0     1    -4.0  -34.144  -59.477    197.4    993.6
     3     1    19     5    13     5     0     1    -4.0  -34.395  -59.707    465.5    961.8
     4     1    19     5    13     5     0     1    -4.0  -34.923  -59.227    920.2    911.1
     5     1    19     5    13     5     0     1    -4.0  -35.147  -58.534   1905.9    811.1
     1     1    19     5    13     4     0     2    -5.0  -34.282  -58.887     10.0   1016.9
     2     1    19     5    13     4     0     2    -5.0  -33.958  -59.652    197.3    993.8
     3     1    19     5    13     4     0     2    -5.0  -34.253  -59.960    455.3    963.1
     4     1    19     5    13     4     0     2    -5.0  -34.962  -59.438    879.9    915.0
     5     1    19     5    13     4     0     2    -5.0  -35.228  -58.570   1882.1    813.6
     1     1    19     5    13     3     0     3    -6.0  -34.204  -58.931     10.0   1017.2
     2     1    19     5    13     3     0     3    -6.0  -33.748  -59.788    197.6    994.0
     3     1    19     5    13     3     0     3    -6.0  -34.070  -60.182    445.3    963.8
     4     1    19     5    13     3     0     3    -6.0  -34.978  -59.653    832.0    919.2
     5     1    19     5    13     3     0     3    -6.0  -35.278  -58.605   1860.4    815.9
     1     1    19     5    13     2     0     2    -7.0  -34.128  -58.964      9.8   1017.7
     2     1    19     5    13     2     0     2    -7.0  -33.537  -59.885    197.6    994.3
     3     1    19     5    13     2     0     2    -7.0  -33.867  -60.367    436.5    963.8
     4     1    19     5    13     2     0     2    -7.0  -34.967  -59.871    798.6    923.9
     5     1    19     5    13     2     0     2    -7.0  -35.314  -58.635   1852.8    817.5
     1     1    19     5    13     1     0     1    -8.0  -34.058  -58.989      9.2   1018.1
     2     1    19     5    13     1     0     1    -8.0  -33.339  -59.947    196.6    994.9
     3     1    19     5    13     1     0     1    -8.0  -33.674  -60.511    427.8    964.3
     4     1    19     5    13     1     0     1    -8.0  -34.936  -60.086    797.1    923.4
     5     1    19     5    13     1     0     1    -8.0  -35.354  -58.655   1869.3    815.6
     1     1    19     5    13     0     0     0    -9.0  -33.995  -59.005      8.0   1018.3
     2     1    19     5    13     0     0     0    -9.0  -33.147  -59.976    195.6    995.5
     3     1    19     5    13     0     0     0    -9.0  -33.488  -60.613    418.0    964.9
     4     1    19     5    13     0     0     0    -9.0  -34.892  -60.288    821.3    920.1
     5     1    19     5    13     0     0     0    -9.0  -35.398  -58.662   1906.7    811.5
     1     1    19     5    12    23     0     1   -10.0  -33.932  -59.015      6.9   1017.9
     2     1    19     5    12    23     0     1   -10.0  -32.966  -59.981    198.1    995.4
     3     1    19     5    12    23     0     1   -10.0  -33.302  -60.680    410.4    966.0
     4     1    19     5    12    23     0     1   -10.0  -34.846  -60.470    841.6    915.0
     5     1    19     5    12    23     0     1   -10.0  -35.452  -58.669   1941.6    805.6
     1     1    19     5    12    22     0     2   -11.0  -33.868  -59.021      6.4   1017.5
     2     1    19     5    12    22     0     2   -11.0  -32.810  -59.974    206.7    992.5
     3     1    19     5    12    22     0     2   -11.0  -33.120  -60.722    409.1    966.2
     4     1    19     5    12    22     0     2   -11.0  -34.797  -60.632    835.9    915.3
     5     1    19     5    12    22     0     2   -11.0  -35.525  -58.689   1954.5    804.2
     1     1    19     5    12    21     0     3   -12.0  -33.803  -59.023      6.3   1017.0
     2     1    19     5    12    21     0     3   -12.0  -32.683  -59.960    220.2    989.3
     3     1    19     5    12    21     0     3   -12.0  -32.952  -60.746    414.6    965.7
     4     1    19     5    12    21     0     3   -12.0  -34.740  -60.778    811.7    917.6
     5     1    19     5    12    21     0     3   -12.0  -35.613  -58.722   1949.3    804.6
     1     1    19     5    12    20     0     2   -13.0  -33.740  -59.033      6.5   1016.8
     2     1    19     5    12    20     0     2   -13.0  -32.576  -59.947    233.4    986.6
     3     1    19     5    12    20     0     2   -13.0  -32.802  -60.767    422.2    964.5
     4     1    19     5    12    20     0     2   -13.0  -34.679  -60.922    784.8    921.2
     5     1    19     5    12    20     0     2   -13.0  -35.706  -58.772   1939.2    806.6
     1     1    19     5    12    19     0     1   -14.0  -33.679  -59.063      6.7   1016.6
     2     1    19     5    12    19     0     1   -14.0  -32.481  -59.946    241.7    985.0
     3     1    19     5    12    19     0     1   -14.0  -32.668  -60.793    426.7    964.2
     4     1    19     5    12    19     0     1   -14.0  -34.623  -61.075    763.5    922.7
     5     1    19     5    12    19     0     1   -14.0  -35.795  -58.845   1934.3    807.0
     1     1    19     5    12    18     0     0   -15.0  -33.619  -59.111      6.8   1016.4
     2     1    19     5    12    18     0     0   -15.0  -32.399  -59.958    244.9    984.1
     3     1    19     5    12    18     0     0   -15.0  -32.547  -60.824    428.2    964.4
     4     1    19     5    12    18     0     0   -15.0  -34.576  -61.237    745.5    924.1
     5     1    19     5    12    18     0     0   -15.0  -35.879  -58.941   1932.9    806.9
     1     1    19     5    12    17     0     1   -16.0  -33.557  -59.170      6.8   1016.1
     2     1    19     5    12    17     0     1   -16.0  -32.319  -59.978    245.2    983.8
     3     1    19     5    12    17     0     1   -16.0  -32.431  -60.860    428.2    965.0
     4     1    19     5    12    17     0     1   -16.0  -34.532  -61.405    731.1    925.7
     5     1    19     5    12    17     0     1   -16.0  -35.970  -59.050   1932.7    806.8
     1     1    19     5    12    16     0     2   -17.0  -33.493  -59.231      6.8   1015.8
     2     1    19     5    12    16     0     2   -17.0  -32.232  -59.997    245.2    983.2
     3     1    19     5    12    16     0     2   -17.0  -32.311  -60.895    428.2    965.7
     4     1    19     5    12    16     0     2   -17.0  -34.481  -61.578    721.3    926.6
     5     1    19     5    12    16     0     2   -17.0  -36.075  -59.164   1931.3    805.9
     1     1    19     5    12    15     0     3   -18.0  -33.425  -59.294      6.8   1015.6
     2     1    19     5    12    15     0     3   -18.0  -32.138  -60.016    245.2    982.7
     3     1    19     5    12    15     0     3   -18.0  -32.185  -60.927    428.3    966.5
     4     1    19     5    12    15     0     3   -18.0  -34.423  -61.758    715.5    927.2
     5     1    19     5    12    15     0     3   -18.0  -36.195  -59.287   1929.3    804.6
     1     1    19     5    12    14     0     2   -19.0  -33.359  -59.356      6.8   1015.5
     2     1    19     5    12    14     0     2   -19.0  -32.045  -60.041    245.1    981.8
     3     1    19     5    12    14     0     2   -19.0  -32.061  -60.961    428.4    966.8
     4     1    19     5    12    14     0     2   -19.0  -34.360  -61.940    713.2    926.8
     5     1    19     5    12    14     0     2   -19.0  -36.322  -59.422   1934.0    802.5
     1     1    19     5    12    13     0     1   -20.0  -33.297  -59.417      6.8   1015.5
     2     1    19     5    12    13     0     1   -20.0  -31.962  -60.079    244.8    981.8
     3     1    19     5    12    13     0     1   -20.0  -31.946  -61.005    428.0    966.9
     4     1    19     5    12    13     0     1   -20.0  -34.297  -62.122    712.9    926.0
     5     1    19     5    12    13     0     1   -20.0  -36.449  -59.571   1949.4    798.5
     1     1    19     5    12    12     0     0   -21.0  -33.240  -59.477      6.8   1015.6
     2     1    19     5    12    12     0     0   -21.0  -31.890  -60.130    243.6    982.5
     3     1    19     5    12    12     0     0   -21.0  -31.840  -61.061    425.8    965.9
     4     1    19     5    12    12     0     0   -21.0  -34.235  -62.301    713.9    924.9
     5     1    19     5    12    12     0     0   -21.0  -36.579  -59.734   1971.4    793.4
     1     1    19     5    12    11     0     1   -22.0  -33.187  -59.534      6.8   1015.5
     2     1    19     5    12    11     0     1   -22.0  -31.822  -60.190    241.3    983.3
     3     1    19     5    12    11     0     1   -22.0  -31.739  -61.127    422.1    965.3
     4     1    19     5    12    11     0     1   -22.0  -34.174  -62.474    715.6    924.0
     5     1    19     5    12    11     0     1   -22.0  -36.716  -59.912   1987.9    788.3
     1     1    19     5    12    10     0     2   -23.0  -33.137  -59.587      6.8   1015.5
     2     1    19     5    12    10     0     2   -23.0  -31.756  -60.257    238.6    984.0
     3     1    19     5    12    10     0     2   -23.0  -31.643  -61.203    418.7    964.7
     4     1    19     5    12    10     0     2   -23.0  -34.115  -62.638    717.1    923.1
     5     1    19     5    12    10     0     2   -23.0  -36.857  -60.102   1991.8    785.9
     1     1    19     5    12     9     0     3   -24.0  -33.089  -59.637      6.8   1015.5
     2     1    19     5    12     9     0     3   -24.0  -31.694  -60.335    236.4    984.6
     3     1    19     5    12     9     0     3   -24.0  -31.554  -61.289    417.3    963.9
     4     1    19     5    12     9     0     3   -24.0  -34.055  -62.796    717.7    922.4
     5     1    19     5    12     9     0     3   -24.0  -36.994  -60.307   1984.8    785.4
     1     1    19     5    12     8     0     2   -25.0  -33.041  -59.682      6.8   1015.7
     2     1    19     5    12     8     0     2   -25.0  -31.636  -60.413    234.8    985.5
     3     1    19     5    12     8     0     2   -25.0  -31.472  -61.376    418.7    963.2
     4     1    19     5    12     8     0     2   -25.0  -33.996  -62.955    717.5    922.0
     5     1    19     5    12     8     0     2   -25.0  -37.128  -60.522   1966.8    787.2
     1     1    19     5    12     7     0     1   -26.0  -32.993  -59.721      6.8   1015.9
     2     1    19     5    12     7     0     1   -26.0  -31.581  -60.481    233.8    986.1
     3     1    19     5    12     7     0     1   -26.0  -31.400  -61.453    424.1    962.5
     4     1    19     5    12     7     0     1   -26.0  -33.939  -63.120    717.3    921.1
     5     1    19     5    12     7     0     1   -26.0  -37.255  -60.744   1936.8    789.9
     1     1    19     5    12     6     0     0   -27.0  -32.944  -59.753      6.8   1015.7
     2     1    19     5    12     6     0     0   -27.0  -31.528  -60.539    233.4    986.6
     3     1    19     5    12     6     0     0   -27.0  -31.335  -61.522    436.2    961.1
     4     1    19     5    12     6     0     0   -27.0  -33.890  -63.288    717.0    919.7
     5     1    19     5    12     6     0     0   -27.0  -37.371  -60.973   1894.3    793.6
     1     1    19     5    12     5     0     1   -28.0  -32.896  -59.781      6.8   1015.4
     2     1    19     5    12     5     0     1   -28.0  -31.484  -60.586    233.4    986.6
     3     1    19     5    12     5     0     1   -28.0  -31.285  -61.574    453.4    958.3
     4     1    19     5    12     5     0     1   -28.0  -33.851  -63.453    717.8    918.2
     5     1    19     5    12     5     0     1   -28.0  -37.486  -61.210   1850.5    795.7
     1     1    19     5    12     4     0     2   -29.0  -32.850  -59.804      6.8   1015.0
     2     1    19     5    12     4     0     2   -29.0  -31.450  -60.618    233.5    986.6
     3     1    19     5    12     4     0     2   -29.0  -31.252  -61.603    470.6    955.8
     4     1    19     5    12     4     0     2   -29.0  -33.821  -63.610    721.4    916.3
     5     1    19     5    12     4     0     2   -29.0  -37.617  -61.456   1822.5    792.6
     1     1    19     5    12     3     0     3   -30.0  -32.806  -59.823      6.8   1014.6
     2     1    19     5    12     3     0     3   -30.0  -31.427  -60.634    233.5    986.5
     3     1    19     5    12     3     0     3   -30.0  -31.237  -61.608    486.0    953.8
     4     1    19     5    12     3     0     3   -30.0  -33.800  -63.763    729.7    913.9
     5     1    19     5    12     3     0     3   -30.0  -37.768  -61.708   1808.9    785.4
     1     1    19     5    12     2     0     2   -31.0  -32.767  -59.842      6.8   1014.1
     2     1    19     5    12     2     0     2   -31.0  -31.422  -60.644    233.5    986.3
     3     1    19     5    12     2     0     2   -31.0  -31.245  -61.601    501.6    952.1
     4     1    19     5    12     2     0     2   -31.0  -33.793  -63.909    740.6    910.7
     5     1    19     5    12     2     0     2   -31.0  -37.936  -61.969   1799.4    774.3
     1     1    19     5    12     1     0     1   -32.0  -32.734  -59.866      6.8   1013.8
     2     1    19     5    12     1     0     1   -32.0  -31.442  -60.657    233.5    986.0
     3     1    19     5    12     1     0     1   -32.0  -31.285  -61.596    519.9    949.7
     4     1    19     5    12     1     0     1   -32.0  -33.801  -64.052    749.3    907.2
     5     1    19     5    12     1     0     1   -32.0  -38.102  -62.244   1808.3    781.4
     1     1    19     5    12     0     0     0   -33.0  -32.709  -59.893      6.8   1013.5
     2     1    19     5    12     0     0     0   -33.0  -31.484  -60.675    233.5    985.7
     3     1    19     5    12     0     0     0   -33.0  -31.355  -61.597    541.6    947.0
     4     1    19     5    12     0     0     0   -33.0  -33.819  -64.195    752.4    902.9
     5     1    19     5    12     0     0     0   -33.0  -38.257  -62.532   1821.0    790.8
     1     1    19     5    11    23     0     1   -34.0  -32.697  -59.921      6.8   1013.2
     2     1    19     5    11    23     0     1   -34.0  -31.550  -60.700    233.5    985.3
     3     1    19     5    11    23     0     1   -34.0  -31.451  -61.610    565.6    943.6
     4     1    19     5    11    23     0     1   -34.0  -33.844  -64.339    742.0    900.0
     5     1    19     5    11    23     0     1   -34.0  -38.404  -62.828   1833.7    799.0
     1     1    19     5    11    22     0     2   -35.0  -32.703  -59.949      6.8   1013.2
     2     1    19     5    11    22     0     2   -35.0  -31.640  -60.732    233.5    984.9
     3     1    19     5    11    22     0     2   -35.0  -31.562  -61.638    592.6    940.3
     4     1    19     5    11    22     0     2   -35.0  -33.877  -64.484    714.8    900.6
     5     1    19     5    11    22     0     2   -35.0  -38.542  -63.137   1861.0    801.5
     1     1    19     5    11    21     0     3   -36.0  -32.728  -59.977      6.8   1013.2
     2     1    19     5    11    21     0     3   -36.0  -31.756  -60.771    233.5    984.8
     3     1    19     5    11    21     0     3   -36.0  -31.683  -61.679    628.7    936.0
     4     1    19     5    11    21     0     3   -36.0  -33.918  -64.633    679.6    903.3
     5     1    19     5    11    21     0     3   -36.0  -38.680  -63.461   1904.2    798.4
     1     1    19     5    11    20     0     2   -37.0  -32.767  -60.008      6.8   1013.3
     2     1    19     5    11    20     0     2   -37.0  -31.886  -60.821    233.6    985.2
     3     1    19     5    11    20     0     2   -37.0  -31.813  -61.733    668.0    929.8
     4     1    19     5    11    20     0     2   -37.0  -33.960  -64.785    654.9    906.7
     5     1    19     5    11    20     0     2   -37.0  -38.826  -63.798   1939.4    793.9
     1     1    19     5    11    19     0     1   -38.0  -32.818  -60.049      6.8   1013.5
     2     1    19     5    11    19     0     1   -38.0  -32.020  -60.883    233.8    985.8
     3     1    19     5    11    19     0     1   -38.0  -31.950  -61.800    696.2    925.3
     4     1    19     5    11    19     0     1   -38.0  -33.994  -64.939    647.0    906.5
     5     1    19     5    11    19     0     1   -38.0  -38.974  -64.143   1949.4    792.7
     1     1    19     5    11    18     0     0   -39.0  -32.880  -60.099      6.9   1013.8
     2     1    19     5    11    18     0     0   -39.0  -32.159  -60.957    234.2    985.9
     3     1    19     5    11    18     0     0   -39.0  -32.090  -61.877    706.6    923.0
     4     1    19     5    11    18     0     0   -39.0  -34.017  -65.097    649.4    903.2
     5     1    19     5    11    18     0     0   -39.0  -39.122  -64.493   1948.3    791.9
     1     1    19     5    11    17     0     1   -40.0  -32.947  -60.152      7.1   1014.3
     2     1    19     5    11    17     0     1   -40.0  -32.300  -61.036    234.9    985.5
     3     1    19     5    11    17     0     1   -40.0  -32.238  -61.956    712.9    924.1
     4     1    19     5    11    17     0     1   -40.0  -34.025  -65.259    663.8    898.3
     5     1    19     5    11    17     0     1   -40.0  -39.286  -64.841   1961.9    790.3
     1     1    19     5    11    16     0     2   -41.0  -33.012  -60.205      7.2   1014.4
     2     1    19     5    11    16     0     2   -41.0  -32.442  -61.111    235.6    984.6
     3     1    19     5    11    16     0     2   -41.0  -32.402  -62.036    733.0    922.2
     4     1    19     5    11    16     0     2   -41.0  -34.018  -65.423    690.8    891.3
     5     1    19     5    11    16     0     2   -41.0  -39.475  -65.183   2000.7    784.6
     1     1    19     5    11    15     0     3   -42.0  -33.078  -60.259      7.3   1013.8
     2     1    19     5    11    15     0     3   -42.0  -32.582  -61.182    235.9    984.0
     3     1    19     5    11    15     0     3   -42.0  -32.581  -62.121    768.0    918.8
     4     1    19     5    11    15     0     3   -42.0  -34.002  -65.593    726.5    883.2
     5     1    19     5    11    15     0     3   -42.0  -39.689  -65.508   2058.1    776.8
     1     1    19     5    11    14     0     2   -43.0  -33.147  -60.320      7.3   1013.3
     2     1    19     5    11    14     0     2   -43.0  -32.734  -61.258    235.2    982.8
     3     1    19     5    11    14     0     2   -43.0  -32.775  -62.219    810.1    913.4
     4     1    19     5    11    14     0     2   -43.0  -33.994  -65.762    769.0    874.0
     5     1    19     5    11    14     0     2   -43.0  -39.931  -65.821   2114.8    767.0
     1     1    19     5    11    13     0     1   -44.0  -33.220  -60.392      7.3   1012.7
     2     1    19     5    11    13     0     1   -44.0  -32.911  -61.349    234.2    981.9
     3     1    19     5    11    13     0     1   -44.0  -32.988  -62.336    853.2    909.0
     4     1    19     5    11    13     0     1   -44.0  -34.008  -65.923    816.2    865.5
     5     1    19     5    11    13     0     1   -44.0  -40.196  -66.135   2092.0    758.4
     1     1    19     5    11    12     0     0   -45.0  -33.299  -60.478      7.3   1012.0
     2     1    19     5    11    12     0     0   -45.0  -33.114  -61.458    233.9    980.8
     3     1    19     5    11    12     0     0   -45.0  -33.219  -62.476    894.9    903.1
     4     1    19     5    11    12     0     0   -45.0  -34.041  -66.078    864.3    860.2
     5     1    19     5    11    12     0     0   -45.0  -40.472  -66.443   1954.1    762.9
     1     1    19     5    11    11     0     1   -46.0  -33.379  -60.572      7.3   1010.8
     2     1    19     5    11    11     0     1   -46.0  -33.332  -61.581    233.8    979.8
     3     1    19     5    11    11     0     1   -46.0  -33.461  -62.629    928.3    898.5
     4     1    19     5    11    11     0     1   -46.0  -34.083  -66.225    910.9    857.8
     5     1    19     5    11    11     0     1   -46.0  -40.770  -66.782   1842.7    764.7
     1     1    19     5    11    10     0     2   -47.0  -33.458  -60.670      7.3   1009.7
     2     1    19     5    11    10     0     2   -47.0  -33.555  -61.713    233.8    979.1
     3     1    19     5    11    10     0     2   -47.0  -33.704  -62.789    953.3    895.2
     4     1    19     5    11    10     0     2   -47.0  -34.130  -66.366    955.8    855.8
     5     1    19     5    11    10     0     2   -47.0  -41.098  -67.210   1867.2    742.8
     1     1    19     5    11     9     0     3   -48.0  -33.534  -60.772      7.3   1008.5
     2     1    19     5    11     9     0     3   -48.0  -33.782  -61.851    233.8    978.5
     3     1    19     5    11     9     0     3   -48.0  -33.940  -62.955    970.4    892.5
     4     1    19     5    11     9     0     3   -48.0  -34.178  -66.508   1001.2    853.5
     5     1    19     5    11     9     0     3   -48.0  -41.432  -67.750   1981.4    713.3
     1     1    19     5    11     8     0     2   -49.0  -33.611  -60.878      7.2   1007.1
     2     1    19     5    11     8     0     2   -49.0  -34.016  -61.995    233.9    978.1
     3     1    19     5    11     8     0     2   -49.0  -34.176  -63.128    980.8    890.4
     4     1    19     5    11     8     0     2   -49.0  -34.220  -66.650   1047.7    850.6
     5     1    19     5    11     8     0     2   -49.0  -41.766  -68.382   2148.7    673.7
     1     1    19     5    11     7     0     1   -50.0  -33.694  -60.991      7.2   1005.7
     2     1    19     5    11     7     0     1   -50.0  -34.260  -62.146    234.0    977.1
     3     1    19     5    11     7     0     1   -50.0  -34.425  -63.307    989.8    888.5
     4     1    19     5    11     7     0     1   -50.0  -34.252  -66.789   1094.4    847.6
     5     1    19     5    11     7     0     1   -50.0  -42.115  -69.126   2299.9    648.7
     1     1    19     5    11     6     0     0   -51.0  -33.783  -61.109      7.2   1004.5
     2     1    19     5    11     6     0     0   -51.0  -34.517  -62.302    234.5    976.1
     3     1    19     5    11     6     0     0   -51.0  -34.685  -63.490   1004.4    886.5
     4     1    19     5    11     6     0     0   -51.0  -34.271  -66.928   1140.3    844.5
     5     1    19     5    11     6     0     0   -51.0  -42.444  -70.035   2457.2    662.0
     1     1    19     5    11     5     0     1   -52.0  -33.874  -61.230      8.0   1004.2
     2     1    19     5    11     5     0     1   -52.0  -34.783  -62.470    238.1    975.0
     3     1    19     5    11     5     0     1   -52.0  -34.952  -63.679   1040.2    882.3
     4     1    19     5    11     5     0     1   -52.0  -34.287  -67.070   1181.1    839.9
     5     1    19     5    11     5     0     1   -52.0  -42.691  -71.117   2778.0    639.0
     1     1    19     5    11     4     0     2   -53.0  -33.967  -61.352     10.2   1004.0
     2     1    19     5    11     4     0     2   -53.0  -35.056  -62.658    248.1    973.3
     3     1    19     5    11     4     0     2   -53.0  -35.222  -63.872   1104.9    874.9
     4     1    19     5    11     4     0     2   -53.0  -34.311  -67.218   1214.4    833.9
     5     1    19     5    11     4     0     2   -53.0  -42.882  -72.325   2978.4    631.0
     1     1    19     5    11     3     0     3   -54.0  -34.062  -61.476     14.6   1003.1
     2     1    19     5    11     3     0     3   -54.0  -35.338  -62.857    264.6    971.8
     3     1    19     5    11     3     0     3   -54.0  -35.492  -64.063   1187.5    864.9
     4     1    19     5    11     3     0     3   -54.0  -34.336  -67.375   1243.9    828.2
     5     1    19     5    11     3     0     3   -54.0  -42.903  -73.294   2758.6    718.7
     1     1    19     5    11     2     0     2   -55.0  -34.168  -61.609     22.1   1001.5
     2     1    19     5    11     2     0     2   -55.0  -35.626  -63.052    285.3    969.3
     3     1    19     5    11     2     0     2   -55.0  -35.768  -64.262   1267.0    853.2
     4     1    19     5    11     2     0     2   -55.0  -34.355  -67.539   1280.4    821.8
     5     1    19     5    11     2     0     2   -55.0  -42.829  -74.095   2400.5    746.7
     1     1    19     5    11     1     0     1   -56.0  -34.284  -61.750     31.9    999.8
     2     1    19     5    11     1     0     1   -56.0  -35.918  -63.242    309.2    965.8
     3     1    19     5    11     1     0     1   -56.0  -36.055  -64.474   1327.4    843.5
     4     1    19     5    11     1     0     1   -56.0  -34.360  -67.709   1327.8    813.9
     5     1    19     5    11     1     0     1   -56.0  -42.732  -74.792   2192.0    774.9
     1     1    19     5    11     0     0     0   -57.0  -34.410  -61.897     42.3    998.3
     2     1    19     5    11     0     0     0   -57.0  -36.227  -63.425    339.0    960.7
     3     1    19     5    11     0     0     0   -57.0  -36.343  -64.702   1365.5    834.9
     4     1    19     5    11     0     0     0   -57.0  -34.348  -67.888   1378.5    805.7
     5     1    19     5    11     0     0     0   -57.0  -42.631  -75.421   2026.3    797.2
     1     1    19     5    10    23     0     1   -58.0  -34.544  -62.048     50.6    996.8
     2     1    19     5    10    23     0     1   -58.0  -36.556  -63.613    372.7    954.5
     3     1    19     5    10    23     0     1   -58.0  -36.633  -64.955   1397.7    828.6
     4     1    19     5    10    23     0     1   -58.0  -34.323  -68.057   1436.5    795.3
     5     1    19     5    10    23     0     1   -58.0  -42.543  -76.029   1947.4    806.7
     1     1    19     5    10    22     0     2   -59.0  -34.686  -62.203     55.5    995.5
     2     1    19     5    10    22     0     2   -59.0  -36.895  -63.814    410.7    949.2
     3     1    19     5    10    22     0     2   -59.0  -36.926  -65.232   1446.0    822.9
     4     1    19     5    10    22     0     2   -59.0  -34.302  -68.209   1509.1    778.9
     5     1    19     5    10    22     0     2   -59.0  -42.473  -76.630   1933.0    803.6
     1     1    19     5    10    21     0     3   -60.0  -34.837  -62.361     58.4    994.2
     2     1    19     5    10    21     0     3   -60.0  -37.243  -64.027    451.6    942.8
     3     1    19     5    10    21     0     3   -60.0  -37.207  -65.514   1512.1    818.2
     4     1    19     5    10    21     0     3   -60.0  -34.293  -68.358   1591.0    761.2
     5     1    19     5    10    21     0     3   -60.0  -42.411  -77.228   1931.5    803.6
     1     1    19     5    10    20     0     2   -61.0  -35.002  -62.540     60.0    993.5
     2     1    19     5    10    20     0     2   -61.0  -37.581  -64.247    484.6    935.4
     3     1    19     5    10    20     0     2   -61.0  -37.467  -65.791   1589.3    812.6
     4     1    19     5    10    20     0     2   -61.0  -34.295  -68.515   1673.3    744.1
     5     1    19     5    10    20     0     2   -61.0  -42.362  -77.822   1929.2    802.9
     1     1    19     5    10    19     0     1   -62.0  -35.184  -62.754     62.2    993.4
     2     1    19     5    10    19     0     1   -62.0  -37.898  -64.472    506.1    931.1
     3     1    19     5    10    19     0     1   -62.0  -37.718  -66.069   1669.2    806.0
     4     1    19     5    10    19     0     1   -62.0  -34.304  -68.689   1750.3    726.6
     5     1    19     5    10    19     0     1   -62.0  -42.326  -78.404   1916.7    804.3
     1     1    19     5    10    18     0     0   -63.0  -35.395  -62.997     67.2    993.0
     2     1    19     5    10    18     0     0   -63.0  -38.204  -64.695    529.2    929.9
     3     1    19     5    10    18     0     0   -63.0  -37.961  -66.345   1737.5    797.6
     4     1    19     5    10    18     0     0   -63.0  -34.313  -68.873   1816.5    709.6
     5     1    19     5    10    18     0     0   -63.0  -42.291  -78.984   1907.1    806.5
     1     1    19     5    10    17     0     1   -64.0  -35.627  -63.243     75.8    991.0
     2     1    19     5    10    17     0     1   -64.0  -38.513  -64.897    570.4    927.0
     3     1    19     5    10    17     0     1   -64.0  -38.191  -66.603   1794.4    790.7
     4     1    19     5    10    17     0     1   -64.0  -34.320  -69.073   1872.4    686.0
     5     1    19     5    10    17     0     1   -64.0  -42.269  -79.570   1906.6    806.1
     1     1    19     5    10    16     0     2   -65.0  -35.863  -63.474     87.1    988.8
     2     1    19     5    10    16     0     2   -65.0  -38.835  -65.061    621.2    922.6
     3     1    19     5    10    16     0     2   -65.0  -38.419  -66.838   1852.1    784.2
     4     1    19     5    10    16     0     2   -65.0  -34.328  -69.307   1924.6    644.4
     5     1    19     5    10    16     0     2   -65.0  -42.275  -80.159   1909.5    806.0
     1     1    19     5    10    15     0     3   -66.0  -36.106  -63.696    100.1    986.1
     2     1    19     5    10    15     0     3   -66.0  -39.171  -65.187    664.3    917.8
     3     1    19     5    10    15     0     3   -66.0  -38.655  -67.046   1914.6    777.1
     4     1    19     5    10    15     0     3   -66.0  -34.334  -69.596   1988.1    592.8
     5     1    19     5    10    15     0     3   -66.0  -42.289  -80.748   1914.7    805.4
     1     1    19     5    10    14     0     2   -67.0  -36.357  -63.919    114.9    982.6
     2     1    19     5    10    14     0     2   -67.0  -39.532  -65.272    702.1    914.7
     3     1    19     5    10    14     0     2   -67.0  -38.903  -67.233   1977.2    770.4
     4     1    19     5    10    14     0     2   -67.0  -34.329  -69.966   2057.9    529.8
     5     1    19     5    10    14     0     2   -67.0  -42.309  -81.338   1919.9    804.6
     1     1    19     5    10    13     0     1   -68.0  -36.619  -64.160    136.4    977.3
     2     1    19     5    10    13     0     1   -68.0  -39.928  -65.311    751.2    910.1
     3     1    19     5    10    13     0     1   -68.0  -39.154  -67.403   2035.0    762.3
     4     1    19     5    10    13     0     1   -68.0  -34.288  -70.337   2258.4    570.0
     5     1    19     5    10    13     0     1   -68.0  -42.346  -81.931   1928.7    804.0
     1     1    19     5    10    12     0     0   -69.0  -36.897  -64.425    174.0    967.9
     2     1    19     5    10    12     0     0   -69.0  -40.364  -65.321    795.6    904.3
     3     1    19     5    10    12     0     0   -69.0  -39.408  -67.554   2089.6    751.7
     4     1    19     5    10    12     0     0   -69.0  -34.192  -70.621   2409.5    609.9
     5     1    19     5    10    12     0     0   -69.0  -42.397  -82.531   1936.1    802.1
     1     1    19     5    10    11     0     1   -70.0  -37.209  -64.710    218.9    956.4
     2     1    19     5    10    11     0     1   -70.0  -40.815  -65.333    805.2    904.4
     3     1    19     5    10    11     0     1   -70.0  -39.655  -67.698   2135.2    738.1
     4     1    19     5    10    11     0     1   -70.0  -34.054  -70.829   2485.1    638.5
     5     1    19     5    10    11     0     1   -70.0  -42.461  -83.152   1933.4    802.3
     1     1    19     5    10    10     0     2   -71.0  -37.555  -64.997    243.4    950.3
     2     1    19     5    10    10     0     2   -71.0  -41.253  -65.382    810.6    905.3
     3     1    19     5    10    10     0     2   -71.0  -39.886  -67.854   2156.2    724.5
     4     1    19     5    10    10     0     2   -71.0  -33.885  -70.977   2485.8    664.4
     5     1    19     5    10    10     0     2   -71.0  -42.542  -83.810   1926.4    803.4
     1     1    19     5    10     9     0     3   -72.0  -37.896  -65.245    232.7    953.9
     2     1    19     5    10     9     0     3   -72.0  -41.664  -65.490    849.3    896.5
     3     1    19     5    10     9     0     3   -72.0  -40.098  -68.026   2150.8    713.6
     4     1    19     5    10     9     0     3   -72.0  -33.706  -71.097   2436.2    681.5
     5     1    19     5    10     9     0     3   -72.0  -42.637  -84.514   1921.4    804.0
