     7     1
    GDAS    19    10    29     0     0
    GDAS    19    11     1     0     0
    GDAS    19    11     8     0     0
    GDAS    19    11    15     0     0
    GDAS    19    11    22     0     0
    GDAS    19    11    29     0     0
    GDAS    19    12     1     0     0
     5 BACKWARD OMEGA   
    19    11     2    21  -34.572  -58.513    10.0
    19    11     2    21  -34.572  -58.513   200.0
    19    11     2    21  -34.572  -58.513   500.0
    19    11     2    21  -34.572  -58.513  1000.0
    19    11     2    21  -34.572  -58.513  2000.0
     1 PRESSURE
     1     1    19    11     2    21     0     3     0.0  -34.572  -58.513     10.0   1007.1
     2     1    19    11     2    21     0     3     0.0  -34.572  -58.513    200.0    985.7
     3     1    19    11     2    21     0     3     0.0  -34.572  -58.513    500.0    951.9
     4     1    19    11     2    21     0     3     0.0  -34.572  -58.513   1000.0    897.6
     5     1    19    11     2    21     0     3     0.0  -34.572  -58.513   2000.0    796.9
     1     1    19    11     2    20     0     2    -1.0  -34.690  -58.592     11.9   1007.3
     2     1    19    11     2    20     0     2    -1.0  -34.779  -58.658    241.5    983.7
     3     1    19    11     2    20     0     2    -1.0  -34.815  -58.701    604.7    944.7
     4     1    19    11     2    20     0     2    -1.0  -34.824  -58.725   1161.0    884.7
     5     1    19    11     2    20     0     2    -1.0  -34.915  -58.922   2231.5    777.8
     1     1    19    11     2    19     0     1    -2.0  -34.816  -58.693     14.9   1007.3
     2     1    19    11     2    19     0     1    -2.0  -34.975  -58.828    304.0    978.0
     3     1    19    11     2    19     0     1    -2.0  -35.036  -58.898    750.1    929.0
     4     1    19    11     2    19     0     1    -2.0  -35.072  -58.944   1346.7    864.4
     5     1    19    11     2    19     0     1    -2.0  -35.283  -59.448   2426.2    753.0
     1     1    19    11     2    18     0     0    -3.0  -34.951  -58.818     19.8   1006.9
     2     1    19    11     2    18     0     0    -3.0  -35.169  -59.017    386.0    968.6
     3     1    19    11     2    18     0     0    -3.0  -35.253  -59.109    905.3    909.4
     4     1    19    11     2    18     0     0    -3.0  -35.338  -59.199   1488.1    844.0
     5     1    19    11     2    18     0     0    -3.0  -35.654  -60.086   2565.7    740.6
     1     1    19    11     2    17     0     1    -4.0  -35.094  -58.946     25.6   1006.0
     2     1    19    11     2    17     0     1    -4.0  -35.375  -59.203    455.8    957.3
     3     1    19    11     2    17     0     1    -4.0  -35.493  -59.328   1002.4    893.8
     4     1    19    11     2    17     0     1    -4.0  -35.625  -59.505   1534.9    838.1
     5     1    19    11     2    17     0     1    -4.0  -35.990  -60.843   2727.8    725.4
     1     1    19    11     2    16     0     2    -5.0  -35.238  -59.057     29.7   1005.4
     2     1    19    11     2    16     0     2    -5.0  -35.598  -59.371    484.3    952.5
     3     1    19    11     2    16     0     2    -5.0  -35.764  -59.566   1016.5    890.8
     4     1    19    11     2    16     0     2    -5.0  -35.919  -59.877   1535.7    837.7
     5     1    19    11     2    16     0     2    -5.0  -36.270  -61.666   2864.6    709.5
     1     1    19    11     2    15     0     3    -6.0  -35.386  -59.155     31.1   1004.9
     2     1    19    11     2    15     0     3    -6.0  -35.843  -59.545    471.9    953.6
     3     1    19    11     2    15     0     3    -6.0  -36.067  -59.850    966.1    894.9
     4     1    19    11     2    15     0     3    -6.0  -36.215  -60.320   1572.5    831.1
     5     1    19    11     2    15     0     3    -6.0  -36.497  -62.510   2954.3    701.4
     1     1    19    11     2    14     0     2    -7.0  -35.554  -59.256     32.1   1004.4
     2     1    19    11     2    14     0     2    -7.0  -36.141  -59.754    455.5    951.6
     3     1    19    11     2    14     0     2    -7.0  -36.392  -60.167    938.8    894.0
     4     1    19    11     2    14     0     2    -7.0  -36.516  -60.798   1657.0    819.6
     5     1    19    11     2    14     0     2    -7.0  -36.684  -63.354   3069.9    690.2
     1     1    19    11     2    13     0     1    -8.0  -35.765  -59.370     37.5   1003.0
     2     1    19    11     2    13     0     1    -8.0  -36.490  -60.011    488.4    940.0
     3     1    19    11     2    13     0     1    -8.0  -36.693  -60.530    975.5    886.5
     4     1    19    11     2    13     0     1    -8.0  -36.801  -61.319   1739.6    811.2
     5     1    19    11     2    13     0     1    -8.0  -36.841  -64.227   3222.8    672.4
     1     1    19    11     2    12     0     0    -9.0  -36.027  -59.504     53.6    999.8
     2     1    19    11     2    12     0     0    -9.0  -36.857  -60.342    560.1    927.7
     3     1    19    11     2    12     0     0    -9.0  -36.950  -60.995   1014.5    882.3
     4     1    19    11     2    12     0     0    -9.0  -37.069  -61.892   1903.9    793.0
     5     1    19    11     2    12     0     0    -9.0  -36.973  -65.175   3353.4    649.5
     1     1    19    11     2    11     0     1   -10.0  -36.311  -59.675     83.5    990.7
     2     1    19    11     2    11     0     1   -10.0  -37.238  -60.756    624.0    920.7
     3     1    19    11     2    11     0     1   -10.0  -37.204  -61.511   1100.4    870.7
     4     1    19    11     2    11     0     1   -10.0  -37.324  -62.558   2194.5    759.3
     5     1    19    11     2    11     0     1   -10.0  -37.064  -66.117   3496.8    642.3
     1     1    19    11     2    10     0     2   -11.0  -36.602  -59.900    131.6    979.0
     2     1    19    11     2    10     0     2   -11.0  -37.620  -61.250    685.2    910.3
     3     1    19    11     2    10     0     2   -11.0  -37.438  -62.042   1349.9    836.8
     4     1    19    11     2    10     0     2   -11.0  -37.523  -63.292   2440.9    739.2
     5     1    19    11     2    10     0     2   -11.0  -37.084  -66.989   3528.7    635.9
     1     1    19    11     2     9     0     3   -12.0  -36.973  -60.193    229.9    962.3
     2     1    19    11     2     9     0     3   -12.0  -37.909  -61.811    942.3    868.7
     3     1    19    11     2     9     0     3   -12.0  -37.564  -62.623   1677.9    803.6
     4     1    19    11     2     9     0     3   -12.0  -37.685  -64.073   2645.4    721.7
     5     1    19    11     2     9     0     3   -12.0  -37.020  -67.817   3533.3    617.7
     1     1    19    11     2     8     0     2   -13.0  -37.369  -60.599    315.0    951.5
     2     1    19    11     2     8     0     2   -13.0  -38.040  -62.387   1437.0    811.8
     3     1    19    11     2     8     0     2   -13.0  -37.651  -63.204   1859.4    792.5
     4     1    19    11     2     8     0     2   -13.0  -37.813  -64.898   2804.3    698.2
     5     1    19    11     2     8     0     2   -13.0  -36.873  -68.648   3737.7    559.4
     1     1    19    11     2     7     0     1   -14.0  -37.722  -61.118    354.9    945.6
     2     1    19    11     2     7     0     1   -14.0  -38.157  -62.966   1661.2    808.5
     3     1    19    11     2     7     0     1   -14.0  -37.762  -63.778   1994.1    782.9
     4     1    19    11     2     7     0     1   -14.0  -37.919  -65.735   3037.4    681.1
     5     1    19    11     2     7     0     1   -14.0  -36.733  -69.463   3469.7    537.1
     1     1    19    11     2     6     0     0   -15.0  -38.106  -61.710    552.4    912.6
     2     1    19    11     2     6     0     0   -15.0  -38.288  -63.590   1759.9    806.8
     3     1    19    11     2     6     0     0   -15.0  -37.860  -64.390   2176.1    762.1
     4     1    19    11     2     6     0     0   -15.0  -37.992  -66.546   3261.6    656.8
     5     1    19    11     2     6     0     0   -15.0  -36.597  -70.248   3220.4    536.9
     1     1    19    11     2     5     0     1   -16.0  -38.399  -62.298    898.7    879.6
     2     1    19    11     2     5     0     1   -16.0  -38.400  -64.225   1809.8    801.1
     3     1    19    11     2     5     0     1   -16.0  -37.952  -65.090   2414.8    733.1
     4     1    19    11     2     5     0     1   -16.0  -38.061  -67.365   3409.5    638.8
     5     1    19    11     2     5     0     1   -16.0  -36.458  -71.014   3427.5    530.9
     1     1    19    11     2     4     0     2   -17.0  -38.666  -62.853   1025.7    886.7
     2     1    19    11     2     4     0     2   -17.0  -38.549  -64.876   1978.3    786.0
     3     1    19    11     2     4     0     2   -17.0  -37.980  -65.817   2627.1    716.2
     4     1    19    11     2     4     0     2   -17.0  -38.150  -68.115   3397.5    641.3
     5     1    19    11     2     4     0     2   -17.0  -36.365  -71.673   3766.6    586.7
     1     1    19    11     2     3     0     3   -18.0  -38.957  -63.455   1131.7    882.2
     2     1    19    11     2     3     0     3   -18.0  -38.630  -65.582   2402.2    737.1
     3     1    19    11     2     3     0     3   -18.0  -37.986  -66.564   2771.5    702.5
     4     1    19    11     2     3     0     3   -18.0  -38.291  -68.783   3529.3    631.2
     5     1    19    11     2     3     0     3   -18.0  -36.344  -72.178   3992.0    612.3
     1     1    19    11     2     2     0     2   -19.0  -39.112  -64.110   1139.1    860.6
     2     1    19    11     2     2     0     2   -19.0  -38.627  -66.324   2580.6    704.5
     3     1    19    11     2     2     0     2   -19.0  -38.001  -67.290   2867.6    683.3
     4     1    19    11     2     2     0     2   -19.0  -38.474  -69.466   3610.9    580.8
     5     1    19    11     2     2     0     2   -19.0  -36.372  -72.682   4137.5    602.6
     1     1    19    11     2     1     0     1   -20.0  -39.209  -64.748   1376.6    876.1
     2     1    19    11     2     1     0     1   -20.0  -38.622  -67.103   2563.6    712.2
     3     1    19    11     2     1     0     1   -20.0  -37.966  -68.076   3044.1    688.9
     4     1    19    11     2     1     0     1   -20.0  -38.710  -70.165   3281.3    582.4
     5     1    19    11     2     1     0     1   -20.0  -36.446  -73.216   4210.4    597.2
     1     1    19    11     2     0     0     0   -21.0  -39.224  -65.380   1954.7    775.3
     2     1    19    11     2     0     0     0   -21.0  -38.633  -67.983   2713.2    705.9
     3     1    19    11     2     0     0     0   -21.0  -37.916  -68.914   3205.6    649.6
     4     1    19    11     2     0     0     0   -21.0  -38.914  -70.989   2933.6    591.6
     5     1    19    11     2     0     0     0   -21.0  -36.570  -73.761   4234.1    602.9
     1     1    19    11     1    23     0     1   -22.0  -39.202  -66.067   2012.7    769.5
     2     1    19    11     1    23     0     1   -22.0  -38.610  -68.886   2769.3    682.3
     3     1    19    11     1    23     0     1   -22.0  -37.885  -69.786   3354.2    599.9
     4     1    19    11     1    23     0     1   -22.0  -38.952  -71.824   2891.1    648.9
     5     1    19    11     1    23     0     1   -22.0  -36.734  -74.332   4321.9    597.5
     1     1    19    11     1    22     0     2   -23.0  -39.210  -66.806   2037.2    773.7
     2     1    19    11     1    22     0     2   -23.0  -38.514  -69.773   2749.8    655.6
     3     1    19    11     1    22     0     2   -23.0  -37.813  -70.943   4194.8    483.4
     4     1    19    11     1    22     0     2   -23.0  -38.922  -72.473   2763.2    692.5
     5     1    19    11     1    22     0     2   -23.0  -36.939  -74.939   4443.1    586.9
     1     1    19    11     1    21     0     3   -24.0  -39.128  -67.618   2279.3    732.5
     2     1    19    11     1    21     0     3   -24.0  -38.386  -70.759   3198.0    571.0
     3     1    19    11     1    21     0     3   -24.0  -37.708  -72.215   4900.0    501.5
     4     1    19    11     1    21     0     3   -24.0  -38.933  -73.064   2656.7    727.6
     5     1    19    11     1    21     0     3   -24.0  -37.205  -75.581   4571.1    576.3
     1     1    19    11     1    20     0     2   -25.0  -38.940  -68.475   2197.7    736.0
     2     1    19    11     1    20     0     2   -25.0  -38.213  -71.817   3732.8    557.6
     3     1    19    11     1    20     0     2   -25.0  -37.698  -73.159   4620.0    554.7
     4     1    19    11     1    20     0     2   -25.0  -38.988  -73.628   2607.6    736.0
     5     1    19    11     1    20     0     2   -25.0  -37.492  -76.255   4696.8    565.9
     1     1    19    11     1    19     0     1   -26.0  -38.666  -69.316   2052.1    736.9
     2     1    19    11     1    19     0     1   -26.0  -38.034  -72.613   3466.8    628.2
     3     1    19    11     1    19     0     1   -26.0  -37.714  -73.968   4572.0    574.1
     4     1    19    11     1    19     0     1   -26.0  -39.088  -74.129   2580.6    741.1
     5     1    19    11     1    19     0     1   -26.0  -37.768  -76.953   4838.8    555.5
     1     1    19    11     1    18     0     0   -27.0  -38.263  -70.107   2353.6    675.0
     2     1    19    11     1    18     0     0   -27.0  -37.907  -73.321   3411.5    648.5
     3     1    19    11     1    18     0     0   -27.0  -37.707  -74.703   4537.3    576.0
     4     1    19    11     1    18     0     0   -27.0  -39.233  -74.629   2598.9    738.9
     5     1    19    11     1    18     0     0   -27.0  -38.071  -77.655   5058.1    539.0
     1     1    19    11     1    17     0     1   -28.0  -37.670  -71.067   3052.3    558.9
     2     1    19    11     1    17     0     1   -28.0  -37.794  -73.965   3331.5    670.9
     3     1    19    11     1    17     0     1   -28.0  -37.704  -75.445   4552.2    574.9
     4     1    19    11     1    17     0     1   -28.0  -39.401  -75.158   2708.4    727.9
     5     1    19    11     1    17     0     1   -28.0  -38.440  -78.315   5313.8    518.7
     1     1    19    11     1    16     0     2   -29.0  -37.090  -71.942   3226.0    635.7
     2     1    19    11     1    16     0     2   -29.0  -37.704  -74.577   3214.3    685.2
     3     1    19    11     1    16     0     2   -29.0  -37.763  -76.191   4642.9    567.0
     4     1    19    11     1    16     0     2   -29.0  -39.556  -75.673   2844.1    713.1
     5     1    19    11     1    16     0     2   -29.0  -38.829  -78.901   5541.8    502.1
     1     1    19    11     1    15     0     3   -30.0  -36.593  -72.480   2792.4    712.8
     2     1    19    11     1    15     0     3   -30.0  -37.680  -75.217   3247.4    680.5
     3     1    19    11     1    15     0     3   -30.0  -37.860  -76.912   4752.5    556.8
     4     1    19    11     1    15     0     3   -30.0  -39.736  -76.141   2947.0    703.3
     5     1    19    11     1    15     0     3   -30.0  -39.276  -79.411   5760.2    486.1
     1     1    19    11     1    14     0     2   -31.0  -36.146  -72.966   2564.2    743.0
     2     1    19    11     1    14     0     2   -31.0  -37.693  -75.862   3332.1    671.0
     3     1    19    11     1    14     0     2   -31.0  -38.013  -77.598   4875.5    549.9
     4     1    19    11     1    14     0     2   -31.0  -39.919  -76.536   2954.8    694.3
     5     1    19    11     1    14     0     2   -31.0  -39.803  -79.859   5905.3    471.9
     1     1    19    11     1    13     0     1   -32.0  -35.762  -73.438   2383.1    764.7
     2     1    19    11     1    13     0     1   -32.0  -37.735  -76.501   3412.1    663.0
     3     1    19    11     1    13     0     1   -32.0  -38.200  -78.219   5012.3    534.9
     4     1    19    11     1    13     0     1   -32.0  -40.086  -76.853   2823.1    708.5
     5     1    19    11     1    13     0     1   -32.0  -40.355  -80.247   5991.1    468.7
     1     1    19    11     1    12     0     0   -33.0  -35.416  -73.896   2220.1    776.6
     2     1    19    11     1    12     0     0   -33.0  -37.843  -77.131   3508.9    655.7
     3     1    19    11     1    12     0     0   -33.0  -38.419  -78.795   5109.6    527.1
     4     1    19    11     1    12     0     0   -33.0  -40.265  -77.102   2645.2    729.7
     5     1    19    11     1    12     0     0   -33.0  -40.939  -80.573   6064.2    462.5
     1     1    19    11     1    11     0     1   -34.0  -35.094  -74.350   2076.0    793.6
     2     1    19    11     1    11     0     1   -34.0  -37.986  -77.732   3636.4    643.3
     3     1    19    11     1    11     0     1   -34.0  -38.687  -79.329   5218.1    522.1
     4     1    19    11     1    11     0     1   -34.0  -40.439  -77.317   2510.7    744.2
     5     1    19    11     1    11     0     1   -34.0  -41.530  -80.860   6115.2    457.9
     1     1    19    11     1    10     0     2   -35.0  -34.794  -74.821   1978.8    802.6
     2     1    19    11     1    10     0     2   -35.0  -38.123  -78.298   3775.0    630.3
     3     1    19    11     1    10     0     2   -35.0  -38.967  -79.807   5357.7    509.0
     4     1    19    11     1    10     0     2   -35.0  -40.586  -77.510   2427.9    750.3
     5     1    19    11     1    10     0     2   -35.0  -42.089  -81.151   6158.0    455.8
     1     1    19    11     1     9     0     3   -36.0  -34.509  -75.313   1905.0    807.8
     2     1    19    11     1     9     0     3   -36.0  -38.283  -78.827   3926.8    618.1
     3     1    19    11     1     9     0     3   -36.0  -39.252  -80.244   5482.1    498.5
     4     1    19    11     1     9     0     3   -36.0  -40.719  -77.661   2396.8    753.7
     5     1    19    11     1     9     0     3   -36.0  -42.657  -81.450   6228.2    451.5
     1     1    19    11     1     8     0     2   -37.0  -34.241  -75.822   1843.7    814.8
     2     1    19    11     1     8     0     2   -37.0  -38.440  -79.305   4051.2    603.6
     3     1    19    11     1     8     0     2   -37.0  -39.557  -80.633   5566.3    491.7
     4     1    19    11     1     8     0     2   -37.0  -40.827  -77.798   2436.0    750.3
     5     1    19    11     1     8     0     2   -37.0  -43.241  -81.774   6305.8    443.6
     1     1    19    11     1     7     0     1   -38.0  -33.990  -76.342   1800.8    818.7
     2     1    19    11     1     7     0     1   -38.0  -38.570  -79.725   4118.0    598.7
     3     1    19    11     1     7     0     1   -38.0  -39.832  -80.992   5613.5    488.7
     4     1    19    11     1     7     0     1   -38.0  -40.902  -77.959   2550.6    739.1
     5     1    19    11     1     7     0     1   -38.0  -43.798  -82.141   6382.2    439.7
     1     1    19    11     1     6     0     0   -39.0  -33.759  -76.876   1756.2    821.3
     2     1    19    11     1     6     0     0   -39.0  -38.694  -80.088   4157.9    596.6
     3     1    19    11     1     6     0     0   -39.0  -40.072  -81.349   5654.4    486.5
     4     1    19    11     1     6     0     0   -39.0  -40.946  -78.139   2715.7    720.9
     5     1    19    11     1     6     0     0   -39.0  -44.378  -82.520   6471.6    432.5
     1     1    19    11     1     5     0     1   -40.0  -33.544  -77.412   1725.2    827.9
     2     1    19    11     1     5     0     1   -40.0  -38.783  -80.426   4177.4    593.9
     3     1    19    11     1     5     0     1   -40.0  -40.313  -81.705   5698.7    482.7
     4     1    19    11     1     5     0     1   -40.0  -40.936  -78.354   2831.0    704.5
     5     1    19    11     1     5     0     1   -40.0  -44.960  -82.903   6557.6    426.3
     1     1    19    11     1     4     0     2   -41.0  -33.338  -77.954   1725.8    826.7
     2     1    19    11     1     4     0     2   -41.0  -38.823  -80.759   4117.9    594.8
     3     1    19    11     1     4     0     2   -41.0  -40.535  -82.068   5734.0    479.8
     4     1    19    11     1     4     0     2   -41.0  -40.869  -78.605   2842.5    704.3
     5     1    19    11     1     4     0     2   -41.0  -45.501  -83.317   6628.3    420.9
     1     1    19    11     1     3     0     3   -42.0  -33.150  -78.513   1719.6    825.4
     2     1    19    11     1     3     0     3   -42.0  -38.857  -81.046   3913.8    609.1
     3     1    19    11     1     3     0     3   -42.0  -40.728  -82.430   5753.5    477.7
     4     1    19    11     1     3     0     3   -42.0  -40.754  -78.853   2751.0    712.2
     5     1    19    11     1     3     0     3   -42.0  -46.068  -83.756   6694.5    417.1
     1     1    19    11     1     2     0     2   -43.0  -32.977  -79.087   1673.9    828.9
     2     1    19    11     1     2     0     2   -43.0  -38.880  -81.311   3702.9    640.8
     3     1    19    11     1     2     0     2   -43.0  -40.901  -82.801   5788.2    477.2
     4     1    19    11     1     2     0     2   -43.0  -40.608  -79.094   2595.4    730.4
     5     1    19    11     1     2     0     2   -43.0  -46.665  -84.221   6767.1    411.6
     1     1    19    11     1     1     0     1   -44.0  -32.810  -79.673   1639.3    837.9
     2     1    19    11     1     1     0     1   -44.0  -38.884  -81.604   3625.2    642.5
     3     1    19    11     1     1     0     1   -44.0  -41.062  -83.193   5864.8    471.0
     4     1    19    11     1     1     0     1   -44.0  -40.452  -79.355   2465.1    745.4
     5     1    19    11     1     1     0     1   -44.0  -47.246  -84.739   6834.3    406.4
     1     1    19    11     1     0     0     0   -45.0  -32.644  -80.265   1634.5    834.1
     2     1    19    11     1     0     0     0   -45.0  -38.891  -81.906   3565.1    641.2
     3     1    19    11     1     0     0     0   -45.0  -41.232  -83.583   5958.9    462.8
     4     1    19    11     1     0     0     0   -45.0  -40.276  -79.634   2376.7    751.9
     5     1    19    11     1     0     0     0   -45.0  -47.845  -85.309   6895.4    402.1
     1     1    19    10    31    23     0     1   -46.0  -32.473  -80.858   1606.0    835.3
     2     1    19    10    31    23     0     1   -46.0  -38.869  -82.218   3468.4    650.1
     3     1    19    10    31    23     0     1   -46.0  -41.429  -83.968   6052.9    456.1
     4     1    19    10    31    23     0     1   -46.0  -40.077  -79.918   2324.1    758.2
     5     1    19    10    31    23     0     1   -46.0  -48.475  -85.920   6934.9    398.0
     1     1    19    10    31    22     0     2   -47.0  -32.303  -81.461   1548.8    842.6
     2     1    19    10    31    22     0     2   -47.0  -38.780  -82.569   3378.1    661.4
     3     1    19    10    31    22     0     2   -47.0  -41.654  -84.359   6143.8    449.5
     4     1    19    10    31    22     0     2   -47.0  -39.854  -80.227   2295.3    758.4
     5     1    19    10    31    22     0     2   -47.0  -49.079  -86.602   6944.8    397.2
     1     1    19    10    31    21     0     3   -48.0  -32.168  -82.088   1480.3    849.9
     2     1    19    10    31    21     0     3   -48.0  -38.631  -82.972   3360.3    664.6
     3     1    19    10    31    21     0     3   -48.0  -41.921  -84.737   6209.2    443.5
     4     1    19    10    31    21     0     3   -48.0  -39.603  -80.584   2264.2    761.9
     5     1    19    10    31    21     0     3   -48.0  -49.662  -87.377   6944.2    397.0
     1     1    19    10    31    20     0     2   -49.0  -32.040  -82.718   1406.3    858.2
     2     1    19    10    31    20     0     2   -49.0  -38.436  -83.404   3335.0    660.9
     3     1    19    10    31    20     0     2   -49.0  -42.218  -85.100   6245.5    442.1
     4     1    19    10    31    20     0     2   -49.0  -39.329  -80.990   2236.9    763.9
     5     1    19    10    31    20     0     2   -49.0  -50.315  -88.220   6941.1    396.2
     1     1    19    10    31    19     0     1   -50.0  -31.895  -83.333   1369.6    862.7
     2     1    19    10    31    19     0     1   -50.0  -38.194  -83.822   3174.2    674.5
     3     1    19    10    31    19     0     1   -50.0  -42.506  -85.461   6307.6    437.4
     4     1    19    10    31    19     0     1   -50.0  -39.031  -81.416   2185.2    767.9
     5     1    19    10    31    19     0     1   -50.0  -50.989  -89.118   6944.8    394.8
     1     1    19    10    31    18     0     0   -51.0  -31.757  -83.946   1390.7    860.4
     2     1    19    10    31    18     0     0   -51.0  -37.915  -84.248   2929.9    699.9
     3     1    19    10    31    18     0     0   -51.0  -42.785  -85.801   6391.8    431.4
     4     1    19    10    31    18     0     0   -51.0  -38.708  -81.834   2086.3    778.8
     5     1    19    10    31    18     0     0   -51.0  -51.666  -90.073   6959.1    392.7
     1     1    19    10    31    17     0     1   -52.0  -31.630  -84.552   1440.9    854.9
     2     1    19    10    31    17     0     1   -52.0  -37.642  -84.723   2800.5    710.1
     3     1    19    10    31    17     0     1   -52.0  -43.072  -86.106   6487.4    424.6
     4     1    19    10    31    17     0     1   -52.0  -38.391  -82.292   2015.2    785.9
     5     1    19    10    31    17     0     1   -52.0  -52.411  -91.124   6952.4    392.4
     1     1    19    10    31    16     0     2   -53.0  -31.513  -85.145   1482.5    850.7
     2     1    19    10    31    16     0     2   -53.0  -37.384  -85.232   2647.3    722.9
     3     1    19    10    31    16     0     2   -53.0  -43.352  -86.413   6551.3    420.2
     4     1    19    10    31    16     0     2   -53.0  -38.097  -82.794   1934.4    793.8
     5     1    19    10    31    16     0     2   -53.0  -53.198  -92.252   6942.4    391.9
     1     1    19    10    31    15     0     3   -54.0  -31.401  -85.721   1507.8    849.0
     2     1    19    10    31    15     0     3   -54.0  -37.141  -85.781   2345.1    751.7
     3     1    19    10    31    15     0     3   -54.0  -43.619  -86.712   6574.0    418.3
     4     1    19    10    31    15     0     3   -54.0  -37.828  -83.331   1833.6    805.0
     5     1    19    10    31    15     0     3   -54.0  -54.007  -93.490   6911.1    392.6
     1     1    19    10    31    14     0     2   -55.0  -31.294  -86.286   1548.3    843.8
     2     1    19    10    31    14     0     2   -55.0  -36.925  -86.369   2082.7    782.2
     3     1    19    10    31    14     0     2   -55.0  -43.880  -86.988   6576.4    417.6
     4     1    19    10    31    14     0     2   -55.0  -37.579  -83.905   1739.9    814.6
     5     1    19    10    31    14     0     2   -55.0  -54.850  -94.808   6871.3    395.6
     1     1    19    10    31    13     0     1   -56.0  -31.206  -86.841   1585.4    840.2
     2     1    19    10    31    13     0     1   -56.0  -36.744  -87.006   1988.8    788.6
     3     1    19    10    31    13     0     1   -56.0  -44.125  -87.274   6585.6    416.4
     4     1    19    10    31    13     0     1   -56.0  -37.342  -84.490   1666.1    821.4
     5     1    19    10    31    13     0     1   -56.0  -55.697  -96.166   6885.2    393.4
     1     1    19    10    31    12     0     0   -57.0  -31.144  -87.393   1648.8    833.2
     2     1    19    10    31    12     0     0   -57.0  -36.608  -87.700   1914.8    793.6
     3     1    19    10    31    12     0     0   -57.0  -44.348  -87.599   6620.5    413.3
     4     1    19    10    31    12     0     0   -57.0  -37.100  -85.083   1664.1    823.9
     5     1    19    10    31    12     0     0   -57.0  -56.535  -97.647   6871.2    394.1
     1     1    19    10    31    11     0     1   -58.0  -31.121  -87.934   1706.7    826.4
     2     1    19    10    31    11     0     1   -58.0  -36.498  -88.433   1798.0    809.0
     3     1    19    10    31    11     0     1   -58.0  -44.561  -87.944   6669.0    409.7
     4     1    19    10    31    11     0     1   -58.0  -36.870  -85.698   1726.7    813.3
     5     1    19    10    31    11     0     1   -58.0  -57.380  -99.166   6907.2    391.4
     1     1    19    10    31    10     0     2   -59.0  -31.122  -88.474   1742.7    822.6
     2     1    19    10    31    10     0     2   -59.0  -36.417  -89.176   1754.3    811.2
     3     1    19    10    31    10     0     2   -59.0  -44.777  -88.294   6712.1    406.5
     4     1    19    10    31    10     0     2   -59.0  -36.673  -86.346   1717.2    816.6
     5     1    19    10    31    10     0     2   -59.0  -58.198 -100.679   6945.7    389.0
     1     1    19    10    31     9     0     3   -60.0  -31.134  -89.010   1779.4    819.0
     2     1    19    10    31     9     0     3   -60.0  -36.389  -89.939   1686.2    820.4
     3     1    19    10    31     9     0     3   -60.0  -44.987  -88.645   6742.9    404.0
     4     1    19    10    31     9     0     3   -60.0  -36.511  -87.012   1733.8    814.8
     5     1    19    10    31     9     0     3   -60.0  -58.968 -102.214   6938.0    389.4
     1     1    19    10    31     8     0     2   -61.0  -31.146  -89.539   1816.0    815.4
     2     1    19    10    31     8     0     2   -61.0  -36.380  -90.711   1655.2    822.6
     3     1    19    10    31     8     0     2   -61.0  -45.179  -89.003   6785.5    401.2
     4     1    19    10    31     8     0     2   -61.0  -36.369  -87.689   1707.6    817.3
     5     1    19    10    31     8     0     2   -61.0  -59.724 -103.753   6954.6    388.4
     1     1    19    10    31     7     0     1   -62.0  -31.142  -90.069   1867.8    810.8
     2     1    19    10    31     7     0     1   -62.0  -36.380  -91.460   1622.7    826.3
     3     1    19    10    31     7     0     1   -62.0  -45.360  -89.371   6849.2    396.8
     4     1    19    10    31     7     0     1   -62.0  -36.235  -88.368   1649.5    824.0
     5     1    19    10    31     7     0     1   -62.0  -60.444 -105.282   7011.8    385.0
     1     1    19    10    31     6     0     0   -63.0  -31.138  -90.611   1945.7    802.9
     2     1    19    10    31     6     0     0   -63.0  -36.392  -92.205   1613.0    827.4
     3     1    19    10    31     6     0     0   -63.0  -45.519  -89.755   6898.2    393.2
     4     1    19    10    31     6     0     0   -63.0  -36.120  -89.039   1640.5    825.8
     5     1    19    10    31     6     0     0   -63.0  -61.138 -106.850   7070.9    381.6
     1     1    19    10    31     5     0     1   -64.0  -31.151  -91.157   1991.8    798.6
     2     1    19    10    31     5     0     1   -64.0  -36.415  -92.933   1617.0    827.9
     3     1    19    10    31     5     0     1   -64.0  -45.657  -90.148   6925.9    391.4
     4     1    19    10    31     5     0     1   -64.0  -36.016  -89.706   1699.5    819.7
     5     1    19    10    31     5     0     1   -64.0  -61.856 -108.497   7142.3    377.9
     1     1    19    10    31     4     0     2   -65.0  -31.161  -91.695   2000.1    798.3
     2     1    19    10    31     4     0     2   -65.0  -36.482  -93.641   1644.6    825.6
     3     1    19    10    31     4     0     2   -65.0  -45.806  -90.523   6947.9    389.9
     4     1    19    10    31     4     0     2   -65.0  -35.927  -90.373   1723.0    817.9
     5     1    19    10    31     4     0     2   -65.0  -62.543 -110.213   7262.9    370.7
     1     1    19    10    31     3     0     3   -66.0  -31.161  -92.237   1997.8    799.0
     2     1    19    10    31     3     0     3   -66.0  -36.585  -94.339   1648.4    826.0
     3     1    19    10    31     3     0     3   -66.0  -45.922  -90.854   6977.8    387.9
     4     1    19    10    31     3     0     3   -66.0  -35.886  -91.044   1710.0    820.4
     5     1    19    10    31     3     0     3   -66.0  -63.177 -112.113   7329.9    367.1
     1     1    19    10    31     2     0     2   -67.0  -31.167  -92.779   1997.6    798.9
     2     1    19    10    31     2     0     2   -67.0  -36.702  -95.018   1648.3    825.8
     3     1    19    10    31     2     0     2   -67.0  -46.002  -91.178   7017.5    385.1
     4     1    19    10    31     2     0     2   -67.0  -35.873  -91.720   1714.9    819.7
     5     1    19    10    31     2     0     2   -67.0  -63.763 -114.197   7366.0    365.4
     1     1    19    10    31     1     0     1   -68.0  -31.183  -93.316   2003.6    798.1
     2     1    19    10    31     1     0     1   -68.0  -36.838  -95.695   1676.4    822.5
     3     1    19    10    31     1     0     1   -68.0  -46.088  -91.556   7040.9    383.2
     4     1    19    10    31     1     0     1   -68.0  -35.855  -92.409   1740.5    816.6
     5     1    19    10    31     1     0     1   -68.0  -64.259 -116.315   7377.3    364.7
     1     1    19    10    31     0     0     0   -69.0  -31.218  -93.851   1997.9    798.3
     2     1    19    10    31     0     0     0   -69.0  -36.985  -96.364   1717.2    817.4
     3     1    19    10    31     0     0     0   -69.0  -46.163  -91.973   7026.5    383.4
     4     1    19    10    31     0     0     0   -69.0  -35.860  -93.101   1745.7    815.9
     5     1    19    10    31     0     0     0   -69.0  -64.666 -118.505   7353.2    366.2
     1     1    19    10    30    23     0     1   -70.0  -31.265  -94.380   1986.2    799.9
     2     1    19    10    30    23     0     1   -70.0  -37.138  -97.026   1721.3    817.4
     3     1    19    10    30    23     0     1   -70.0  -46.246  -92.416   6993.2    385.3
     4     1    19    10    30    23     0     1   -70.0  -35.884  -93.786   1778.0    813.2
     5     1    19    10    30    23     0     1   -70.0  -65.026 -120.814   7368.1    365.5
     1     1    19    10    30    22     0     2   -71.0  -31.314  -94.904   2004.8    798.0
     2     1    19    10    30    22     0     2   -71.0  -37.311  -97.681   1724.5    817.4
     3     1    19    10    30    22     0     2   -71.0  -46.352  -92.878   6977.6    385.9
     4     1    19    10    30    22     0     2   -71.0  -35.902  -94.474   1846.0    806.2
     5     1    19    10    30    22     0     2   -71.0  -65.271 -123.040   7367.7    365.7
     1     1    19    10    30    21     0     3   -72.0  -31.378  -95.432   2041.9    794.1
     2     1    19    10    30    21     0     3   -72.0  -37.499  -98.323   1734.7    816.5
     3     1    19    10    30    21     0     3   -72.0  -46.442  -93.360   6974.3    385.8
     4     1    19    10    30    21     0     3   -72.0  -35.928  -95.170   1867.4    804.4
     5     1    19    10    30    21     0     3   -72.0  -65.421 -125.292   7367.0    365.8
