     7     1
    GDAS    19    11    29     0     0
    GDAS    19    12     1     0     0
    GDAS    19    12     8     0     0
    GDAS    19    12    15     0     0
    GDAS    19    12    22     0     0
    GDAS    19    12    29     0     0
    GDAS    20     1     1     0     0
     5 BACKWARD OMEGA   
    19    12    12     9  -34.572  -58.513    10.0
    19    12    12     9  -34.572  -58.513   200.0
    19    12    12     9  -34.572  -58.513   500.0
    19    12    12     9  -34.572  -58.513  1000.0
    19    12    12     9  -34.572  -58.513  2000.0
     1 PRESSURE
     1     1    19    12    12     9     0     3     0.0  -34.572  -58.513     10.0   1000.4
     2     1    19    12    12     9     0     3     0.0  -34.572  -58.513    200.0    979.4
     3     1    19    12    12     9     0     3     0.0  -34.572  -58.513    500.0    945.8
     4     1    19    12    12     9     0     3     0.0  -34.572  -58.513   1000.0    892.2
     5     1    19    12    12     9     0     3     0.0  -34.572  -58.513   2000.0    792.7
     1     1    19    12    12     8     0     2    -1.0  -34.607  -58.714     10.4   1000.7
     2     1    19    12    12     8     0     2    -1.0  -34.750  -58.971    218.8    977.6
     3     1    19    12    12     8     0     2    -1.0  -34.929  -59.050    545.4    937.5
     4     1    19    12    12     8     0     2    -1.0  -34.912  -59.026   1066.5    876.6
     5     1    19    12    12     8     0     2    -1.0  -34.670  -58.952   2045.7    779.9
     1     1    19    12    12     7     0     1    -2.0  -34.623  -58.915     10.4   1001.2
     2     1    19    12    12     7     0     1    -2.0  -34.878  -59.450    211.9    979.0
     3     1    19    12    12     7     0     1    -2.0  -35.278  -59.611    524.0    941.5
     4     1    19    12    12     7     0     1    -2.0  -35.275  -59.558   1017.1    888.2
     5     1    19    12    12     7     0     1    -2.0  -34.867  -59.367   1947.8    796.9
     1     1    19    12    12     6     0     0    -3.0  -34.624  -59.130     10.3   1001.1
     2     1    19    12    12     6     0     0    -3.0  -34.980  -59.917    212.1    981.9
     3     1    19    12    12     6     0     0    -3.0  -35.711  -60.187    517.5    941.6
     4     1    19    12    12     6     0     0    -3.0  -35.761  -60.097   1001.6    892.7
     5     1    19    12    12     6     0     0    -3.0  -35.139  -59.725   1887.5    813.3
     1     1    19    12    12     5     0     1    -4.0  -34.604  -59.321     10.0   1000.7
     2     1    19    12    12     5     0     1    -4.0  -35.122  -60.359    217.2    974.0
     3     1    19    12    12     5     0     1    -4.0  -36.235  -60.790    588.2    930.7
     4     1    19    12    12     5     0     1    -4.0  -36.277  -60.660   1094.4    875.6
     5     1    19    12    12     5     0     1    -4.0  -35.403  -60.099   1942.9    799.8
     1     1    19    12    12     4     0     2    -5.0  -34.558  -59.443      9.5   1000.5
     2     1    19    12    12     4     0     2    -5.0  -35.283  -60.729    209.5    972.0
     3     1    19    12    12     4     0     2    -5.0  -36.785  -61.394    697.8    910.3
     4     1    19    12    12     4     0     2    -5.0  -36.757  -61.228   1197.9    856.8
     5     1    19    12    12     4     0     2    -5.0  -35.659  -60.560   2029.6    784.6
     1     1    19    12    12     3     0     3    -6.0  -34.489  -59.494      8.8   1000.7
     2     1    19    12    12     3     0     3    -6.0  -35.436  -61.053    196.6    971.4
     3     1    19    12    12     3     0     3    -6.0  -37.317  -62.119    805.5    889.5
     4     1    19    12    12     3     0     3    -6.0  -37.233  -61.919   1299.5    842.5
     5     1    19    12    12     3     0     3    -6.0  -35.941  -61.044   2239.7    775.7
     1     1    19    12    12     2     0     2    -7.0  -34.431  -59.496      7.3   1000.5
     2     1    19    12    12     2     0     2    -7.0  -35.607  -61.351    167.0    972.7
     3     1    19    12    12     2     0     2    -7.0  -37.836  -62.934    799.4    890.2
     4     1    19    12    12     2     0     2    -7.0  -37.716  -62.718   1330.6    831.1
     5     1    19    12    12     2     0     2    -7.0  -36.175  -61.570   2413.6    729.9
     1     1    19    12    12     1     0     1    -8.0  -34.411  -59.477      4.5   1000.2
     2     1    19    12    12     1     0     1    -8.0  -35.814  -61.631    127.0    978.4
     3     1    19    12    12     1     0     1    -8.0  -38.317  -63.711    684.4    911.2
     4     1    19    12    12     1     0     1    -8.0  -38.183  -63.502   1240.3    852.0
     5     1    19    12    12     1     0     1    -8.0  -36.397  -62.154   2381.7    749.4
     1     1    19    12    12     0     0     0    -9.0  -34.427  -59.444      0.2    999.8
     2     1    19    12    12     0     0     0    -9.0  -36.072  -61.909    102.9    979.7
     3     1    19    12    12     0     0     0    -9.0  -38.722  -64.529    588.9    923.6
     4     1    19    12    12     0     0     0    -9.0  -38.603  -64.315   1156.7    865.7
     5     1    19    12    12     0     0     0    -9.0  -36.687  -62.763   2290.6    752.9
     1     1    19    12    11    23     0     1   -10.0  -34.458  -59.436      0.0    998.8
     2     1    19    12    11    23     0     1   -10.0  -36.347  -62.189    122.7    974.8
     3     1    19    12    11    23     0     1   -10.0  -39.078  -65.403    570.8    919.8
     4     1    19    12    11    23     0     1   -10.0  -38.993  -65.195   1152.0    860.1
     5     1    19    12    11    23     0     1   -10.0  -37.029  -63.336   2081.0    775.2
     1     1    19    12    11    22     0     2   -11.0  -34.495  -59.486      0.0    997.7
     2     1    19    12    11    22     0     2   -11.0  -36.596  -62.487    159.2    968.0
     3     1    19    12    11    22     0     2   -11.0  -39.389  -66.231    584.5    915.1
     4     1    19    12    11    22     0     2   -11.0  -39.322  -66.044   1146.7    858.4
     5     1    19    12    11    22     0     2   -11.0  -37.350  -63.933   2052.3    775.5
     1     1    19    12    11    21     0     3   -12.0  -34.550  -59.586      0.2    996.8
     2     1    19    12    11    21     0     3   -12.0  -36.845  -62.825    199.5    961.7
     3     1    19    12    11    21     0     3   -12.0  -39.649  -67.066    665.5    900.2
     4     1    19    12    11    21     0     3   -12.0  -39.587  -66.892   1222.7    843.4
     5     1    19    12    11    21     0     3   -12.0  -37.634  -64.559   2057.8    764.7
     1     1    19    12    11    20     0     2   -13.0  -34.583  -59.693      0.0    996.9
     2     1    19    12    11    20     0     2   -13.0  -37.095  -63.200    262.0    953.8
     3     1    19    12    11    20     0     2   -13.0  -39.871  -67.905    773.6    858.6
     4     1    19    12    11    20     0     2   -13.0  -39.811  -67.744   1226.5    821.0
     5     1    19    12    11    20     0     2   -13.0  -37.878  -65.246   1964.6    772.1
     1     1    19    12    11    19     0     1   -14.0  -34.539  -59.783      0.0    996.7
     2     1    19    12    11    19     0     1   -14.0  -37.305  -63.572    299.8    949.8
     3     1    19    12    11    19     0     1   -14.0  -40.070  -68.790    954.6    816.6
     4     1    19    12    11    19     0     1   -14.0  -40.016  -68.620   1369.7    782.0
     5     1    19    12    11    19     0     1   -14.0  -38.114  -65.977   1858.7    788.3
     1     1    19    12    11    18     0     0   -15.0  -34.420  -59.875      0.0    997.0
     2     1    19    12    11    18     0     0   -15.0  -37.520  -63.975    318.5    949.6
     3     1    19    12    11    18     0     0   -15.0  -40.224  -69.721    963.5    819.4
     4     1    19    12    11    18     0     0   -15.0  -40.197  -69.547   1390.0    774.1
     5     1    19    12    11    18     0     0   -15.0  -38.326  -66.720   1751.6    788.8
     1     1    19    12    11    17     0     1   -16.0  -34.264  -59.967      0.0    997.7
     2     1    19    12    11    17     0     1   -16.0  -37.751  -64.393    319.6    943.7
     3     1    19    12    11    17     0     1   -16.0  -40.306  -70.636   1135.0    800.7
     4     1    19    12    11    17     0     1   -16.0  -40.319  -70.477   1385.8    781.1
     5     1    19    12    11    17     0     1   -16.0  -38.516  -67.449   1703.6    797.0
     1     1    19    12    11    16     0     2   -17.0  -34.100  -60.046      0.0    997.9
     2     1    19    12    11    16     0     2   -17.0  -37.980  -64.793    299.2    942.1
     3     1    19    12    11    16     0     2   -17.0  -40.370  -71.502   1801.1    709.7
     4     1    19    12    11    16     0     2   -17.0  -40.425  -71.393   2073.6    688.1
     5     1    19    12    11    16     0     2   -17.0  -38.639  -68.185   1843.4    772.9
     1     1    19    12    11    15     0     3   -18.0  -33.932  -60.103      0.0    998.2
     2     1    19    12    11    15     0     3   -18.0  -38.206  -65.193    292.2    944.8
     3     1    19    12    11    15     0     3   -18.0  -40.421  -72.208   2031.0    710.4
     4     1    19    12    11    15     0     3   -18.0  -40.525  -72.217   2446.5    672.8
     5     1    19    12    11    15     0     3   -18.0  -38.705  -68.899   1756.7    774.3
     1     1    19    12    11    14     0     2   -19.0  -33.789  -60.158      0.0    999.7
     2     1    19    12    11    14     0     2   -19.0  -38.425  -65.551    315.5    945.3
     3     1    19    12    11    14     0     2   -19.0  -40.455  -72.798   1999.9    757.7
     4     1    19    12    11    14     0     2   -19.0  -40.604  -72.925   2442.7    725.5
     5     1    19    12    11    14     0     2   -19.0  -38.756  -69.620   1539.7    763.7
     1     1    19    12    11    13     0     1   -20.0  -33.672  -60.219      0.0   1000.7
     2     1    19    12    11    13     0     1   -20.0  -38.625  -65.863    336.2    942.6
     3     1    19    12    11    13     0     1   -20.0  -40.489  -73.304   1841.4    797.5
     4     1    19    12    11    13     0     1   -20.0  -40.677  -73.524   2263.7    764.6
     5     1    19    12    11    13     0     1   -20.0  -38.768  -70.394   1342.8    754.0
     1     1    19    12    11    12     0     0   -21.0  -33.575  -60.286      0.0   1001.5
     2     1    19    12    11    12     0     0   -21.0  -38.800  -66.120    321.2    944.2
     3     1    19    12    11    12     0     0   -21.0  -40.560  -73.783   1707.2    822.1
     4     1    19    12    11    12     0     0   -21.0  -40.777  -74.099   2163.7    781.3
     5     1    19    12    11    12     0     0   -21.0  -38.727  -71.234   1535.1    718.3
     1     1    19    12    11    11     0     1   -22.0  -33.482  -60.352      0.0   1001.2
     2     1    19    12    11    11     0     1   -22.0  -39.002  -66.394    289.6    946.7
     3     1    19    12    11    11     0     1   -22.0  -40.663  -74.224   1599.6    836.1
     4     1    19    12    11    11     0     1   -22.0  -40.890  -74.689   2107.7    785.1
     5     1    19    12    11    11     0     1   -22.0  -38.713  -71.939   1379.7    787.1
     1     1    19    12    11    10     0     2   -23.0  -33.386  -60.411      0.0   1001.1
     2     1    19    12    11    10     0     2   -23.0  -39.269  -66.751    304.0    944.6
     3     1    19    12    11    10     0     2   -23.0  -40.753  -74.656   1499.4    847.4
     4     1    19    12    11    10     0     2   -23.0  -40.992  -75.287   2062.9    789.2
     5     1    19    12    11    10     0     2   -23.0  -38.732  -72.367   1113.1    845.7
     1     1    19    12    11     9     0     3   -24.0  -33.286  -60.461      0.0   1001.2
     2     1    19    12    11     9     0     3   -24.0  -39.572  -67.154    412.1    932.7
     3     1    19    12    11     9     0     3   -24.0  -40.850  -75.123   1476.0    852.9
     4     1    19    12    11     9     0     3   -24.0  -41.094  -75.888   2016.3    791.8
     5     1    19    12    11     9     0     3   -24.0  -38.755  -72.674   1022.1    873.5
     1     1    19    12    11     8     0     2   -25.0  -33.184  -60.505      0.0   1001.0
     2     1    19    12    11     8     0     2   -25.0  -39.845  -67.667    563.7    889.0
     3     1    19    12    11     8     0     2   -25.0  -40.952  -75.655   1493.4    846.1
     4     1    19    12    11     8     0     2   -25.0  -41.197  -76.512   1971.0    798.8
     5     1    19    12    11     8     0     2   -25.0  -38.790  -72.953   1001.6    883.9
     1     1    19    12    11     7     0     1   -26.0  -33.080  -60.543      0.0   1000.7
     2     1    19    12    11     7     0     1   -26.0  -40.040  -68.307    696.5    854.3
     3     1    19    12    11     7     0     1   -26.0  -41.054  -76.241   1515.8    844.7
     4     1    19    12    11     7     0     1   -26.0  -41.300  -77.156   1948.0    800.7
     5     1    19    12    11     7     0     1   -26.0  -38.847  -73.240    976.5    892.9
     1     1    19    12    11     6     0     0   -27.0  -32.978  -60.571      0.0   1000.1
     2     1    19    12    11     6     0     0   -27.0  -40.173  -69.018    838.6    825.5
     3     1    19    12    11     6     0     0   -27.0  -41.150  -76.846   1544.0    840.6
     4     1    19    12    11     6     0     0   -27.0  -41.402  -77.816   1958.0    800.8
     5     1    19    12    11     6     0     0   -27.0  -38.925  -73.525    941.9    902.0
     1     1    19    12    11     5     0     1   -28.0  -32.871  -60.591      0.0   1000.7
     2     1    19    12    11     5     0     1   -28.0  -40.265  -69.747    985.2    818.2
     3     1    19    12    11     5     0     1   -28.0  -41.236  -77.475   1567.8    838.0
     4     1    19    12    11     5     0     1   -28.0  -41.486  -78.500   1995.7    795.4
     5     1    19    12    11     5     0     1   -28.0  -38.997  -73.804    887.9    910.4
     1     1    19    12    11     4     0     2   -29.0  -32.757  -60.607      0.0   1001.2
     2     1    19    12    11     4     0     2   -29.0  -40.304  -70.509   1085.7    795.5
     3     1    19    12    11     4     0     2   -29.0  -41.309  -78.134   1594.0    836.3
     4     1    19    12    11     4     0     2   -29.0  -41.557  -79.199   2035.2    790.8
     5     1    19    12    11     4     0     2   -29.0  -39.040  -74.082    797.8    922.2
     1     1    19    12    11     3     0     3   -30.0  -32.637  -60.616      0.0   1001.8
     2     1    19    12    11     3     0     3   -30.0  -40.250  -71.284   1188.9    778.5
     3     1    19    12    11     3     0     3   -30.0  -41.376  -78.809   1635.1    831.6
     4     1    19    12    11     3     0     3   -30.0  -41.631  -79.913   2071.1    787.6
     5     1    19    12    11     3     0     3   -30.0  -39.059  -74.391    712.8    934.8
     1     1    19    12    11     2     0     2   -31.0  -32.518  -60.605      0.0   1001.6
     2     1    19    12    11     2     0     2   -31.0  -40.163  -71.871   1192.9    773.6
     3     1    19    12    11     2     0     2   -31.0  -41.432  -79.506   1683.3    826.0
     4     1    19    12    11     2     0     2   -31.0  -41.713  -80.646   2106.8    783.6
     5     1    19    12    11     2     0     2   -31.0  -39.066  -74.752    690.8    938.2
     1     1    19    12    11     1     0     1   -32.0  -32.403  -60.562      0.0   1001.4
     2     1    19    12    11     1     0     1   -32.0  -40.089  -72.253   1040.4    804.4
     3     1    19    12    11     1     0     1   -32.0  -41.481  -80.217   1720.5    821.6
     4     1    19    12    11     1     0     1   -32.0  -41.797  -81.400   2133.9    780.3
     5     1    19    12    11     1     0     1   -32.0  -39.062  -75.156    765.1    933.5
     1     1    19    12    11     0     0     0   -33.0  -32.292  -60.490      0.2   1001.0
     2     1    19    12    11     0     0     0   -33.0  -40.052  -72.508    853.7    852.3
     3     1    19    12    11     0     0     0   -33.0  -41.535  -80.936   1745.8    818.7
     4     1    19    12    11     0     0     0   -33.0  -41.884  -82.184   2160.4    777.9
     5     1    19    12    11     0     0     0   -33.0  -39.045  -75.592    860.8    915.3
     1     1    19    12    10    23     0     1   -34.0  -32.186  -60.409      0.9    999.6
     2     1    19    12    10    23     0     1   -34.0  -40.045  -72.724    719.2    881.4
     3     1    19    12    10    23     0     1   -34.0  -41.576  -81.668   1766.7    817.1
     4     1    19    12    10    23     0     1   -34.0  -41.964  -82.988   2181.2    775.2
     5     1    19    12    10    23     0     1   -34.0  -39.011  -76.034    867.1    916.5
     1     1    19    12    10    22     0     2   -35.0  -32.082  -60.345      2.0    998.2
     2     1    19    12    10    22     0     2   -35.0  -40.045  -72.933    638.4    906.8
     3     1    19    12    10    22     0     2   -35.0  -41.611  -82.408   1786.5    814.4
     4     1    19    12    10    22     0     2   -35.0  -42.031  -83.786   2202.6    773.5
     5     1    19    12    10    22     0     2   -35.0  -38.964  -76.458    836.1    920.0
     1     1    19    12    10    21     0     3   -36.0  -31.978  -60.307      3.3    997.1
     2     1    19    12    10    21     0     3   -36.0  -40.033  -73.117    573.7    921.9
     3     1    19    12    10    21     0     3   -36.0  -41.652  -83.142   1784.7    814.3
     4     1    19    12    10    21     0     3   -36.0  -42.079  -84.578   2249.9    768.9
     5     1    19    12    10    21     0     3   -36.0  -38.892  -76.877    770.6    926.5
     1     1    19    12    10    20     0     2   -37.0  -31.871  -60.290      4.3    998.2
     2     1    19    12    10    20     0     2   -37.0  -40.001  -73.298    530.7    932.8
     3     1    19    12    10    20     0     2   -37.0  -41.672  -83.870   1779.7    815.0
     4     1    19    12    10    20     0     2   -37.0  -42.113  -85.366   2316.3    761.1
     5     1    19    12    10    20     0     2   -37.0  -38.784  -77.293    703.5    935.9
     1     1    19    12    10    19     0     1   -38.0  -31.759  -60.286      5.4    999.3
     2     1    19    12    10    19     0     1   -38.0  -39.962  -73.500    520.4    940.9
     3     1    19    12    10    19     0     1   -38.0  -41.680  -84.585   1786.3    814.3
     4     1    19    12    10    19     0     1   -38.0  -42.141  -86.132   2356.7    757.9
     5     1    19    12    10    19     0     1   -38.0  -38.658  -77.689    660.4    940.5
     1     1    19    12    10    18     0     0   -39.0  -31.643  -60.295      6.8   1000.5
     2     1    19    12    10    18     0     0   -39.0  -39.937  -73.719    524.2    947.6
     3     1    19    12    10    18     0     0   -39.0  -41.702  -85.285   1800.5    812.8
     4     1    19    12    10    18     0     0   -39.0  -42.164  -86.882   2397.6    753.5
     5     1    19    12    10    18     0     0   -39.0  -38.509  -78.056    612.7    946.5
     1     1    19    12    10    17     0     1   -40.0  -31.526  -60.318      8.6   1002.0
     2     1    19    12    10    17     0     1   -40.0  -39.945  -73.932    529.6    953.3
     3     1    19    12    10    17     0     1   -40.0  -41.726  -85.974   1839.0    810.3
     4     1    19    12    10    17     0     1   -40.0  -42.189  -87.621   2446.8    749.8
     5     1    19    12    10    17     0     1   -40.0  -38.359  -78.403    600.2    951.5
     1     1    19    12    10    16     0     2   -41.0  -31.410  -60.351     10.6   1003.4
     2     1    19    12    10    16     0     2   -41.0  -39.972  -74.122    545.6    954.6
     3     1    19    12    10    16     0     2   -41.0  -41.757  -86.667   1894.5    802.4
     4     1    19    12    10    16     0     2   -41.0  -42.224  -88.357   2504.5    742.7
     5     1    19    12    10    16     0     2   -41.0  -38.235  -78.761    632.5    946.5
     1     1    19    12    10    15     0     3   -42.0  -31.291  -60.391     12.9   1004.6
     2     1    19    12    10    15     0     3   -42.0  -39.997  -74.292    572.9    950.2
     3     1    19    12    10    15     0     3   -42.0  -41.797  -87.363   1949.3    796.8
     4     1    19    12    10    15     0     3   -42.0  -42.252  -89.092   2544.9    737.6
     5     1    19    12    10    15     0     3   -42.0  -38.129  -79.133    702.7    939.6
     1     1    19    12    10    14     0     2   -43.0  -31.174  -60.430     15.1   1005.2
     2     1    19    12    10    14     0     2   -43.0  -40.019  -74.447    596.1    946.8
     3     1    19    12    10    14     0     2   -43.0  -41.829  -88.057   1993.3    790.7
     4     1    19    12    10    14     0     2   -43.0  -42.278  -89.824   2587.4    735.9
     5     1    19    12    10    14     0     2   -43.0  -38.032  -79.500    793.7    925.9
     1     1    19    12    10    13     0     1   -44.0  -31.062  -60.460     16.7   1005.7
     2     1    19    12    10    13     0     1   -44.0  -40.039  -74.594    608.9    945.3
     3     1    19    12    10    13     0     1   -44.0  -41.858  -88.743   2036.3    787.9
     4     1    19    12    10    13     0     1   -44.0  -42.304  -90.562   2644.0    728.6
     5     1    19    12    10    13     0     1   -44.0  -37.934  -79.855    863.0    917.1
     1     1    19    12    10    12     0     0   -45.0  -30.956  -60.475     17.3   1006.0
     2     1    19    12    10    12     0     0   -45.0  -40.057  -74.737    611.5    944.9
     3     1    19    12    10    12     0     0   -45.0  -41.890  -89.425   2098.9    781.3
     4     1    19    12    10    12     0     0   -45.0  -42.330  -91.300   2697.2    723.2
     5     1    19    12    10    12     0     0   -45.0  -37.829  -80.200    884.4    912.8
     1     1    19    12    10    11     0     1   -46.0  -30.857  -60.478     17.5   1005.6
     2     1    19    12    10    11     0     1   -46.0  -40.079  -74.872    612.8    945.3
     3     1    19    12    10    11     0     1   -46.0  -41.911  -90.108   2150.6    773.1
     4     1    19    12    10    11     0     1   -46.0  -42.352  -92.021   2767.6    718.4
     5     1    19    12    10    11     0     1   -46.0  -37.731  -80.524    864.3    916.9
     1     1    19    12    10    10     0     2   -47.0  -30.769  -60.473     17.8   1005.0
     2     1    19    12    10    10     0     2   -47.0  -40.113  -74.994    617.7    944.1
     3     1    19    12    10    10     0     2   -47.0  -41.928  -90.789   2179.4    771.7
     4     1    19    12    10    10     0     2   -47.0  -42.353  -92.731   2857.2    708.0
     5     1    19    12    10    10     0     2   -47.0  -37.645  -80.829    839.7    921.0
     1     1    19    12    10     9     0     3   -48.0  -30.692  -60.461     18.4   1004.2
     2     1    19    12    10     9     0     3   -48.0  -40.165  -75.107    622.0    943.2
     3     1    19    12    10     9     0     3   -48.0  -41.934  -91.463   2201.9    769.4
     4     1    19    12    10     9     0     3   -48.0  -42.338  -93.438   2942.4    699.9
     5     1    19    12    10     9     0     3   -48.0  -37.558  -81.117    839.6    922.2
     1     1    19    12    10     8     0     2   -49.0  -30.618  -60.440     19.3   1004.0
     2     1    19    12    10     8     0     2   -49.0  -40.232  -75.239    609.2    943.3
     3     1    19    12    10     8     0     2   -49.0  -41.916  -92.117   2227.2    767.8
     4     1    19    12    10     8     0     2   -49.0  -42.316  -94.139   3011.5    692.9
     5     1    19    12    10     8     0     2   -49.0  -37.480  -81.381    864.5    918.6
     1     1    19    12    10     7     0     1   -50.0  -30.540  -60.408     20.3   1003.9
     2     1    19    12    10     7     0     1   -50.0  -40.299  -75.422    576.0    948.1
     3     1    19    12    10     7     0     1   -50.0  -41.879  -92.741   2242.0    764.5
     4     1    19    12    10     7     0     1   -50.0  -42.284  -94.823   3055.7    689.1
     5     1    19    12    10     7     0     1   -50.0  -37.414  -81.622    895.4    914.8
     1     1    19    12    10     6     0     0   -51.0  -30.458  -60.366     21.1   1003.8
     2     1    19    12    10     6     0     0   -51.0  -40.356  -75.662    541.3    953.2
     3     1    19    12    10     6     0     0   -51.0  -41.830  -93.331   2236.6    766.2
     4     1    19    12    10     6     0     0   -51.0  -42.249  -95.485   3098.8    687.3
     5     1    19    12    10     6     0     0   -51.0  -37.356  -81.848    918.5    911.5
     1     1    19    12    10     5     0     1   -52.0  -30.376  -60.312     22.1   1003.7
     2     1    19    12    10     5     0     1   -52.0  -40.395  -75.939    528.2    956.8
     3     1    19    12    10     5     0     1   -52.0  -41.777  -93.894   2250.1    767.9
     4     1    19    12    10     5     0     1   -52.0  -42.204  -96.134   3164.9    681.9
     5     1    19    12    10     5     0     1   -52.0  -37.304  -82.074    923.9    911.1
     1     1    19    12    10     4     0     2   -53.0  -30.297  -60.245     23.8   1003.6
     2     1    19    12    10     4     0     2   -53.0  -40.420  -76.220    536.4    954.7
     3     1    19    12    10     4     0     2   -53.0  -41.729  -94.441   2294.8    762.3
     4     1    19    12    10     4     0     2   -53.0  -42.133  -96.779   3232.7    673.9
     5     1    19    12    10     4     0     2   -53.0  -37.260  -82.314    917.0    913.2
     1     1    19    12    10     3     0     3   -54.0  -30.221  -60.162     26.6   1003.6
     2     1    19    12    10     3     0     3   -54.0  -40.433  -76.497    548.3    953.3
     3     1    19    12    10     3     0     3   -54.0  -41.678  -94.967   2348.2    756.7
     4     1    19    12    10     3     0     3   -54.0  -42.053  -97.419   3275.2    670.4
     5     1    19    12    10     3     0     3   -54.0  -37.222  -82.563    908.1    915.0
     1     1    19    12    10     2     0     2   -55.0  -30.147  -60.076     31.2   1003.6
     2     1    19    12    10     2     0     2   -55.0  -40.435  -76.776    556.0    951.9
     3     1    19    12    10     2     0     2   -55.0  -41.622  -95.487   2389.0    751.2
     4     1    19    12    10     2     0     2   -55.0  -41.981  -98.055   3278.0    668.7
     5     1    19    12    10     2     0     2   -55.0  -37.184  -82.820    911.1    915.8
     1     1    19    12    10     1     0     1   -56.0  -30.073  -60.003     39.0   1003.5
     2     1    19    12    10     1     0     1   -56.0  -40.434  -77.060    561.0    951.8
     3     1    19    12    10     1     0     1   -56.0  -41.569  -96.004   2407.4    749.4
     4     1    19    12    10     1     0     1   -56.0  -41.910  -98.676   3262.2    672.9
     5     1    19    12    10     1     0     1   -56.0  -37.144  -83.084    928.8    912.8
     1     1    19    12    10     0     0     0   -57.0  -29.995  -59.940     52.4   1002.6
     2     1    19    12    10     0     0     0   -57.0  -40.434  -77.358    572.7    950.7
     3     1    19    12    10     0     0     0   -57.0  -41.511  -96.508   2411.6    749.3
     4     1    19    12    10     0     0     0   -57.0  -41.838  -99.285   3267.3    672.5
     5     1    19    12    10     0     0     0   -57.0  -37.103  -83.357    943.8    910.0
     1     1    19    12     9    23     0     1   -58.0  -29.924  -59.879     64.2    999.3
     2     1    19    12     9    23     0     1   -58.0  -40.435  -77.674    594.4    948.3
     3     1    19    12     9    23     0     1   -58.0  -41.441  -96.995   2415.8    750.0
     4     1    19    12     9    23     0     1   -58.0  -41.765  -99.898   3307.8    670.0
     5     1    19    12     9    23     0     1   -58.0  -37.062  -83.643    944.0    909.6
     1     1    19    12     9    22     0     2   -59.0  -29.872  -59.824     63.8    998.3
     2     1    19    12     9    22     0     2   -59.0  -40.430  -78.010    628.3    945.0
     3     1    19    12     9    22     0     2   -59.0  -41.362  -97.469   2432.8    748.8
     4     1    19    12     9    22     0     2   -59.0  -41.679 -100.518   3366.5    662.6
     5     1    19    12     9    22     0     2   -59.0  -37.007  -83.945    927.6    911.6
     1     1    19    12     9    21     0     3   -60.0  -29.836  -59.778     54.5    999.2
     2     1    19    12     9    21     0     3   -60.0  -40.414  -78.358    669.1    939.3
     3     1    19    12     9    21     0     3   -60.0  -41.271  -97.940   2469.7    745.8
     4     1    19    12     9    21     0     3   -60.0  -41.583 -101.131   3412.3    658.3
     5     1    19    12     9    21     0     3   -60.0  -36.933  -84.264    919.4    915.2
     1     1    19    12     9    20     0     2   -61.0  -29.809  -59.736     44.3   1000.7
     2     1    19    12     9    20     0     2   -61.0  -40.389  -78.711    697.8    934.9
     3     1    19    12     9    20     0     2   -61.0  -41.173  -98.415   2513.1    740.2
     4     1    19    12     9    20     0     2   -61.0  -41.486 -101.736   3443.2    655.9
     5     1    19    12     9    20     0     2   -61.0  -36.850  -84.588    937.5    912.6
     1     1    19    12     9    19     0     1   -62.0  -29.787  -59.689     36.5   1001.9
     2     1    19    12     9    19     0     1   -62.0  -40.355  -79.073    713.7    934.3
     3     1    19    12     9    19     0     1   -62.0  -41.072  -98.898   2543.5    737.4
     4     1    19    12     9    19     0     1   -62.0  -41.383 -102.335   3462.3    654.6
     5     1    19    12     9    19     0     1   -62.0  -36.751  -84.908    958.8    908.8
     1     1    19    12     9    18     0     0   -63.0  -29.770  -59.636     30.7   1003.1
     2     1    19    12     9    18     0     0   -63.0  -40.310  -79.440    727.9    933.0
     3     1    19    12     9    18     0     0   -63.0  -40.962  -99.389   2549.8    736.1
     4     1    19    12     9    18     0     0   -63.0  -41.274 -102.931   3462.3    653.9
     5     1    19    12     9    18     0     0   -63.0  -36.631  -85.220    964.4    908.0
     1     1    19    12     9    17     0     1   -64.0  -29.751  -59.580     27.6   1003.2
     2     1    19    12     9    17     0     1   -64.0  -40.261  -79.802    744.5    931.3
     3     1    19    12     9    17     0     1   -64.0  -40.854  -99.873   2532.6    738.8
     4     1    19    12     9    17     0     1   -64.0  -41.163 -103.520   3447.5    656.4
     5     1    19    12     9    17     0     1   -64.0  -36.508  -85.510    967.4    909.4
     1     1    19    12     9    16     0     2   -65.0  -29.725  -59.521     27.7   1002.9
     2     1    19    12     9    16     0     2   -65.0  -40.218  -80.158    764.5    928.9
     3     1    19    12     9    16     0     2   -65.0  -40.756 -100.337   2513.9    741.7
     4     1    19    12     9    16     0     2   -65.0  -41.049 -104.100   3433.7    657.9
     5     1    19    12     9    16     0     2   -65.0  -36.386  -85.774    976.6    907.8
     1     1    19    12     9    15     0     3   -66.0  -29.694  -59.461     30.5   1002.3
     2     1    19    12     9    15     0     3   -66.0  -40.178  -80.512    758.9    926.4
     3     1    19    12     9    15     0     3   -66.0  -40.658 -100.791   2499.5    742.7
     4     1    19    12     9    15     0     3   -66.0  -40.934 -104.665   3417.7    658.8
     5     1    19    12     9    15     0     3   -66.0  -36.240  -86.012    977.5    906.8
     1     1    19    12     9    14     0     2   -67.0  -29.664  -59.396     34.0   1002.2
     2     1    19    12     9    14     0     2   -67.0  -40.138  -80.861    720.9    932.5
     3     1    19    12     9    14     0     2   -67.0  -40.556 -101.231   2487.5    744.1
     4     1    19    12     9    14     0     2   -67.0  -40.826 -105.220   3402.5    660.8
     5     1    19    12     9    14     0     2   -67.0  -36.099  -86.229    968.8    908.8
     1     1    19    12     9    13     0     1   -68.0  -29.638  -59.322     36.1   1002.3
     2     1    19    12     9    13     0     1   -68.0  -40.091  -81.197    698.1    938.9
     3     1    19    12     9    13     0     1   -68.0  -40.448 -101.655   2483.8    744.6
     4     1    19    12     9    13     0     1   -68.0  -40.727 -105.781   3399.8    661.4
     5     1    19    12     9    13     0     1   -68.0  -35.997  -86.434    963.8    909.4
     1     1    19    12     9    12     0     0   -69.0  -29.618  -59.245     36.2   1002.6
     2     1    19    12     9    12     0     0   -69.0  -40.037  -81.514    706.9    936.2
     3     1    19    12     9    12     0     0   -69.0  -40.331 -102.068   2486.7    744.0
     4     1    19    12     9    12     0     0   -69.0  -40.633 -106.353   3408.7    660.0
     5     1    19    12     9    12     0     0   -69.0  -35.920  -86.622    959.6    909.6
     1     1    19    12     9    11     0     1   -70.0  -29.602  -59.165     35.1   1002.5
     2     1    19    12     9    11     0     1   -70.0  -39.988  -81.825    718.7    932.9
     3     1    19    12     9    11     0     1   -70.0  -40.211 -102.475   2491.2    743.7
     4     1    19    12     9    11     0     1   -70.0  -40.538 -106.925   3417.4    658.9
     5     1    19    12     9    11     0     1   -70.0  -35.845  -86.807    954.4    910.3
     1     1    19    12     9    10     0     2   -71.0  -29.592  -59.081     34.1   1002.2
     2     1    19    12     9    10     0     2   -71.0  -39.951  -82.145    726.4    933.4
     3     1    19    12     9    10     0     2   -71.0  -40.096 -102.884   2503.6    743.4
     4     1    19    12     9    10     0     2   -71.0  -40.443 -107.492   3426.5    658.9
     5     1    19    12     9    10     0     2   -71.0  -35.750  -87.004    945.9    910.9
     1     1    19    12     9     9     0     3   -72.0  -29.590  -58.992     33.7   1002.0
     2     1    19    12     9     9     0     3   -72.0  -39.920  -82.467    740.6    931.6
     3     1    19    12     9     9     0     3   -72.0  -39.986 -103.301   2521.8    741.0
     4     1    19    12     9     9     0     3   -72.0  -40.344 -108.061   3438.2    657.8
     5     1    19    12     9     9     0     3   -72.0  -35.645  -87.215    933.5    912.6
