     5     1
    GDAS    19     6     1     0     0
    GDAS    19     6     8     0     0
    GDAS    19     6    15     0     0
    GDAS    19     6    22     0     0
    GDAS    19     6    29     0     0
     5 BACKWARD OMEGA   
    19     6    27     9  -34.572  -58.513    10.0
    19     6    27     9  -34.572  -58.513   200.0
    19     6    27     9  -34.572  -58.513   500.0
    19     6    27     9  -34.572  -58.513  1000.0
    19     6    27     9  -34.572  -58.513  2000.0
     1 PRESSURE
     1     1    19     6    27     9     0     3     0.0  -34.572  -58.513     10.0   1007.8
     2     1    19     6    27     9     0     3     0.0  -34.572  -58.513    200.0    985.3
     3     1    19     6    27     9     0     3     0.0  -34.572  -58.513    500.0    950.0
     4     1    19     6    27     9     0     3     0.0  -34.572  -58.513   1000.0    894.3
     5     1    19     6    27     9     0     3     0.0  -34.572  -58.513   2000.0    792.3
     1     1    19     6    27     8     0     2    -1.0  -34.414  -58.554     11.2   1007.5
     2     1    19     6    27     8     0     2    -1.0  -34.218  -58.643    201.0    985.3
     3     1    19     6    27     8     0     2    -1.0  -34.073  -58.778    496.8    952.2
     4     1    19     6    27     8     0     2    -1.0  -34.041  -58.846    980.0    898.9
     5     1    19     6    27     8     0     2    -1.0  -34.146  -58.852   1992.0    796.4
     1     1    19     6    27     7     0     1    -2.0  -34.246  -58.591     13.1   1007.2
     2     1    19     6    27     7     0     1    -2.0  -33.847  -58.748    210.8    985.2
     3     1    19     6    27     7     0     1    -2.0  -33.558  -58.981    525.3    952.1
     4     1    19     6    27     7     0     1    -2.0  -33.524  -59.098    990.3    899.8
     5     1    19     6    27     7     0     1    -2.0  -33.740  -59.151   2009.2    793.6
     1     1    19     6    27     6     0     0    -3.0  -34.069  -58.627     15.8   1006.9
     2     1    19     6    27     6     0     0    -3.0  -33.456  -58.833    236.4    985.0
     3     1    19     6    27     6     0     0    -3.0  -33.042  -59.122    605.5    945.1
     4     1    19     6    27     6     0     0    -3.0  -33.033  -59.281   1034.8    896.1
     5     1    19     6    27     6     0     0    -3.0  -33.356  -59.411   2023.7    792.9
     1     1    19     6    27     5     0     1    -4.0  -33.888  -58.659     19.0   1006.8
     2     1    19     6    27     5     0     1    -4.0  -33.029  -58.907    281.5    980.8
     3     1    19     6    27     5     0     1    -4.0  -32.551  -59.215    688.3    927.7
     4     1    19     6    27     5     0     1    -4.0  -32.579  -59.412   1077.1    886.1
     5     1    19     6    27     5     0     1    -4.0  -32.999  -59.633   2023.3    791.8
     1     1    19     6    27     4     0     2    -5.0  -33.708  -58.686     22.3   1007.1
     2     1    19     6    27     4     0     2    -5.0  -32.587  -58.967    322.3    974.1
     3     1    19     6    27     4     0     2    -5.0  -32.094  -59.265    736.1    925.5
     4     1    19     6    27     4     0     2    -5.0  -32.164  -59.500   1105.7    884.3
     5     1    19     6    27     4     0     2    -5.0  -32.673  -59.826   1994.8    793.1
     1     1    19     6    27     3     0     3    -6.0  -33.528  -58.707     25.3   1007.6
     2     1    19     6    27     3     0     3    -6.0  -32.158  -59.002    347.1    972.8
     3     1    19     6    27     3     0     3    -6.0  -31.681  -59.264    801.3    919.3
     4     1    19     6    27     3     0     3    -6.0  -31.787  -59.550   1151.6    879.6
     5     1    19     6    27     3     0     3    -6.0  -32.382  -60.004   1956.6    795.6
     1     1    19     6    27     2     0     2    -7.0  -33.349  -58.726     28.4   1007.5
     2     1    19     6    27     2     0     2    -7.0  -31.756  -59.011    380.7    968.8
     3     1    19     6    27     2     0     2    -7.0  -31.330  -59.230    890.6    907.1
     4     1    19     6    27     2     0     2    -7.0  -31.458  -59.584   1215.0    872.9
     5     1    19     6    27     2     0     2    -7.0  -32.117  -60.181   1951.5    798.0
     1     1    19     6    27     1     0     1    -8.0  -33.167  -58.747     32.3   1007.1
     2     1    19     6    27     1     0     1    -8.0  -31.394  -59.000    434.9    959.1
     3     1    19     6    27     1     0     1    -8.0  -31.048  -59.187    971.3    894.4
     4     1    19     6    27     1     0     1    -8.0  -31.184  -59.612   1283.1    865.5
     5     1    19     6    27     1     0     1    -8.0  -31.872  -60.373   1992.9    794.0
     1     1    19     6    27     0     0     0    -9.0  -32.981  -58.775     37.4   1006.4
     2     1    19     6    27     0     0     0    -9.0  -31.076  -58.977    490.9    948.1
     3     1    19     6    27     0     0     0    -9.0  -30.823  -59.131   1029.6    889.0
     4     1    19     6    27     0     0     0    -9.0  -30.961  -59.628   1347.2    859.4
     5     1    19     6    27     0     0     0    -9.0  -31.645  -60.575   2057.3    789.5
     1     1    19     6    26    23     0     1   -10.0  -32.793  -58.805     43.1   1006.1
     2     1    19     6    26    23     0     1   -10.0  -30.807  -58.937    538.5    944.1
     3     1    19     6    26    23     0     1   -10.0  -30.642  -59.067   1070.7    886.3
     4     1    19     6    26    23     0     1   -10.0  -30.776  -59.630   1399.7    853.9
     5     1    19     6    26    23     0     1   -10.0  -31.423  -60.780   2126.6    783.0
     1     1    19     6    26    22     0     2   -11.0  -32.610  -58.828     48.3   1005.7
     2     1    19     6    26    22     0     2   -11.0  -30.587  -58.878    575.7    941.5
     3     1    19     6    26    22     0     2   -11.0  -30.495  -59.001   1102.2    883.8
     4     1    19     6    26    22     0     2   -11.0  -30.620  -59.618   1435.4    850.4
     5     1    19     6    26    22     0     2   -11.0  -31.196  -60.988   2190.0    777.5
     1     1    19     6    26    21     0     3   -12.0  -32.439  -58.843     51.8   1005.2
     2     1    19     6    26    21     0     3   -12.0  -30.410  -58.812    596.8    939.9
     3     1    19     6    26    21     0     3   -12.0  -30.383  -58.935   1126.9    882.0
     4     1    19     6    26    21     0     3   -12.0  -30.496  -59.587   1455.4    848.4
     5     1    19     6    26    21     0     3   -12.0  -30.962  -61.199   2245.7    770.1
     1     1    19     6    26    20     0     2   -13.0  -32.281  -58.862     53.3   1005.9
     2     1    19     6    26    20     0     2   -13.0  -30.258  -58.747    609.4    940.6
     3     1    19     6    26    20     0     2   -13.0  -30.293  -58.877   1158.4    880.8
     4     1    19     6    26    20     0     2   -13.0  -30.402  -59.554   1474.7    848.2
     5     1    19     6    26    20     0     2   -13.0  -30.719  -61.408   2283.2    762.5
     1     1    19     6    26    19     0     1   -14.0  -32.133  -58.891     53.6   1006.8
     2     1    19     6    26    19     0     1   -14.0  -30.114  -58.683    629.4    939.9
     3     1    19     6    26    19     0     1   -14.0  -30.221  -58.836   1214.8    875.8
     4     1    19     6    26    19     0     1   -14.0  -30.331  -59.539   1509.6    845.6
     5     1    19     6    26    19     0     1   -14.0  -30.461  -61.608   2293.7    759.5
     1     1    19     6    26    18     0     0   -15.0  -31.988  -58.928     53.3   1007.6
     2     1    19     6    26    18     0     0   -15.0  -29.976  -58.623    670.8    935.9
     3     1    19     6    26    18     0     0   -15.0  -30.177  -58.820   1305.4    866.8
     4     1    19     6    26    18     0     0   -15.0  -30.280  -59.547   1567.0    840.1
     5     1    19     6    26    18     0     0   -15.0  -30.184  -61.785   2268.3    759.8
     1     1    19     6    26    17     0     1   -16.0  -31.847  -58.968     53.1   1006.8
     2     1    19     6    26    17     0     1   -16.0  -29.853  -58.552    717.0    926.5
     3     1    19     6    26    17     0     1   -16.0  -30.171  -58.836   1398.6    853.8
     4     1    19     6    26    17     0     1   -16.0  -30.236  -59.582   1632.9    832.2
     5     1    19     6    26    17     0     1   -16.0  -29.885  -61.936   2226.5    766.7
     1     1    19     6    26    16     0     2   -17.0  -31.711  -59.008     53.0   1005.9
     2     1    19     6    26    16     0     2   -17.0  -29.757  -58.450    740.2    922.8
     3     1    19     6    26    16     0     2   -17.0  -30.186  -58.884   1457.5    848.1
     4     1    19     6    26    16     0     2   -17.0  -30.190  -59.642   1695.7    826.7
     5     1    19     6    26    16     0     2   -17.0  -29.577  -62.074   2218.6    769.5
     1     1    19     6    26    15     0     3   -18.0  -31.582  -59.047     53.1   1005.2
     2     1    19     6    26    15     0     3   -18.0  -29.686  -58.318    742.8    921.9
     3     1    19     6    26    15     0     3   -18.0  -30.205  -58.963   1480.4    846.3
     4     1    19     6    26    15     0     3   -18.0  -30.141  -59.726   1764.8    821.0
     5     1    19     6    26    15     0     3   -18.0  -29.273  -62.203   2258.7    766.0
     1     1    19     6    26    14     0     2   -19.0  -31.461  -59.087     54.3   1004.7
     2     1    19     6    26    14     0     2   -19.0  -29.658  -58.168    745.3    922.7
     3     1    19     6    26    14     0     2   -19.0  -30.224  -59.043   1488.1    847.9
     4     1    19     6    26    14     0     2   -19.0  -30.091  -59.817   1842.3    813.1
     5     1    19     6    26    14     0     2   -19.0  -28.988  -62.317   2311.1    758.0
     1     1    19     6    26    13     0     1   -20.0  -31.357  -59.133     58.1   1004.1
     2     1    19     6    26    13     0     1   -20.0  -29.690  -58.013    767.9    919.5
     3     1    19     6    26    13     0     1   -20.0  -30.251  -59.102   1506.1    846.1
     4     1    19     6    26    13     0     1   -20.0  -30.045  -59.899   1917.3    805.2
     5     1    19     6    26    13     0     1   -20.0  -28.729  -62.411   2341.1    754.7
     1     1    19     6    26    12     0     0   -21.0  -31.273  -59.183     65.0   1003.1
     2     1    19     6    26    12     0     0   -21.0  -29.781  -57.857    814.4    914.5
     3     1    19     6    26    12     0     0   -21.0  -30.285  -59.143   1537.8    842.7
     4     1    19     6    26    12     0     0   -21.0  -30.006  -59.971   1982.9    798.5
     5     1    19     6    26    12     0     0   -21.0  -28.493  -62.492   2351.1    753.3
     1     1    19     6    26    11     0     1   -22.0  -31.216  -59.252     73.1   1001.2
     2     1    19     6    26    11     0     1   -22.0  -29.925  -57.724    879.8    906.1
     3     1    19     6    26    11     0     1   -22.0  -30.334  -59.182   1587.0    836.9
     4     1    19     6    26    11     0     1   -22.0  -29.984  -60.038   2041.8    792.3
     5     1    19     6    26    11     0     1   -22.0  -28.276  -62.559   2360.3    752.8
     1     1    19     6    26    10     0     2   -23.0  -31.191  -59.358     80.2   1000.2
     2     1    19     6    26    10     0     2   -23.0  -30.113  -57.646    946.2    897.0
     3     1    19     6    26    10     0     2   -23.0  -30.404  -59.235   1654.2    828.8
     4     1    19     6    26    10     0     2   -23.0  -29.989  -60.108   2095.2    785.6
     5     1    19     6    26    10     0     2   -23.0  -28.078  -62.612   2381.4    749.1
     1     1    19     6    26     9     0     3   -24.0  -31.191  -59.505     87.9    999.6
     2     1    19     6    26     9     0     3   -24.0  -30.330  -57.636    993.8    890.8
     3     1    19     6    26     9     0     3   -24.0  -30.505  -59.301   1732.0    819.4
     4     1    19     6    26     9     0     3   -24.0  -30.019  -60.182   2135.5    780.3
     5     1    19     6    26     9     0     3   -24.0  -27.894  -62.658   2402.5    745.4
     1     1    19     6    26     8     0     2   -25.0  -31.203  -59.681     96.2   1000.3
     2     1    19     6    26     8     0     2   -25.0  -30.578  -57.690   1023.8    889.9
     3     1    19     6    26     8     0     2   -25.0  -30.649  -59.380   1807.3    811.0
     4     1    19     6    26     8     0     2   -25.0  -30.089  -60.255   2162.2    777.9
     5     1    19     6    26     8     0     2   -25.0  -27.733  -62.695   2422.5    744.2
     1     1    19     6    26     7     0     1   -26.0  -31.214  -59.874    103.1   1001.4
     2     1    19     6    26     7     0     1   -26.0  -30.859  -57.805   1046.5    890.7
     3     1    19     6    26     7     0     1   -26.0  -30.853  -59.477   1877.7    804.3
     4     1    19     6    26     7     0     1   -26.0  -30.219  -60.325   2183.3    776.6
     5     1    19     6    26     7     0     1   -26.0  -27.607  -62.722   2449.3    742.1
     1     1    19     6    26     6     0     0   -27.0  -31.220  -60.083    107.3   1002.4
     2     1    19     6    26     6     0     0   -27.0  -31.171  -57.983   1065.7    893.0
     3     1    19     6    26     6     0     0   -27.0  -31.131  -59.607   1955.3    797.5
     4     1    19     6    26     6     0     0   -27.0  -30.416  -60.404   2210.4    775.0
     5     1    19     6    26     6     0     0   -27.0  -27.508  -62.741   2486.7    739.2
     1     1    19     6    26     5     0     1   -28.0  -31.218  -60.294    112.1   1002.9
     2     1    19     6    26     5     0     1   -28.0  -31.500  -58.206   1093.7    890.5
     3     1    19     6    26     5     0     1   -28.0  -31.473  -59.778   2051.2    787.8
     4     1    19     6    26     5     0     1   -28.0  -30.685  -60.508   2258.9    771.7
     5     1    19     6    26     5     0     1   -28.0  -27.450  -62.758   2544.5    734.8
     1     1    19     6    26     4     0     2   -29.0  -31.211  -60.499    121.2   1002.6
     2     1    19     6    26     4     0     2   -29.0  -31.841  -58.450   1145.7    885.5
     3     1    19     6    26     4     0     2   -29.0  -31.862  -59.998   2162.2    773.3
     4     1    19     6    26     4     0     2   -29.0  -31.021  -60.657   2329.1    765.5
     5     1    19     6    26     4     0     2   -29.0  -27.447  -62.783   2629.2    727.4
     1     1    19     6    26     3     0     3   -30.0  -31.194  -60.699    135.7   1002.1
     2     1    19     6    26     3     0     3   -30.0  -32.201  -58.720   1232.8    877.6
     3     1    19     6    26     3     0     3   -30.0  -32.294  -60.272   2275.2    763.0
     4     1    19     6    26     3     0     3   -30.0  -31.401  -60.863   2413.4    756.9
     5     1    19     6    26     3     0     3   -30.0  -27.505  -62.834   2733.8    717.7
     1     1    19     6    26     2     0     2   -31.0  -31.172  -60.887    155.7   1000.2
     2     1    19     6    26     2     0     2   -31.0  -32.574  -59.024   1354.3    862.8
     3     1    19     6    26     2     0     2   -31.0  -32.778  -60.587   2405.4    753.9
     4     1    19     6    26     2     0     2   -31.0  -31.809  -61.137   2523.1    746.5
     5     1    19     6    26     2     0     2   -31.0  -27.618  -62.950   2809.5    707.0
     1     1    19     6    26     1     0     1   -32.0  -31.162  -61.051    178.3    997.0
     2     1    19     6    26     1     0     1   -32.0  -32.961  -59.370   1463.7    848.1
     3     1    19     6    26     1     0     1   -32.0  -33.326  -60.970   2556.8    732.4
     4     1    19     6    26     1     0     1   -32.0  -32.244  -61.484   2663.8    729.3
     5     1    19     6    26     1     0     1   -32.0  -27.770  -63.136   2820.7    705.5
     1     1    19     6    26     0     0     0   -33.0  -31.173  -61.187    199.4    993.0
     2     1    19     6    26     0     0     0   -33.0  -33.358  -59.765   1561.0    841.1
     3     1    19     6    26     0     0     0   -33.0  -33.939  -61.453   2714.9    718.1
     4     1    19     6    26     0     0     0   -33.0  -32.704  -61.899   2823.9    710.0
     5     1    19     6    26     0     0     0   -33.0  -27.957  -63.352   2767.9    710.5
     1     1    19     6    25    23     0     1   -34.0  -31.224  -61.315    217.4    989.2
     2     1    19     6    25    23     0     1   -34.0  -33.761  -60.192   1691.0    825.5
     3     1    19     6    25    23     0     1   -34.0  -34.574  -62.032   2855.9    701.2
     4     1    19     6    25    23     0     1   -34.0  -33.191  -62.381   2980.8    691.6
     5     1    19     6    25    23     0     1   -34.0  -28.194  -63.557   2696.5    720.5
     1     1    19     6    25    22     0     2   -35.0  -31.322  -61.450    233.4    985.6
     2     1    19     6    25    22     0     2   -35.0  -34.173  -60.642   1828.7    803.8
     3     1    19     6    25    22     0     2   -35.0  -35.183  -62.694   2948.6    692.1
     4     1    19     6    25    22     0     2   -35.0  -33.716  -62.928   3132.6    675.3
     5     1    19     6    25    22     0     2   -35.0  -28.470  -63.782   2689.6    724.2
     1     1    19     6    25    21     0     3   -36.0  -31.466  -61.596    250.8    981.9
     2     1    19     6    25    21     0     3   -36.0  -34.606  -61.133   1905.8    788.2
     3     1    19     6    25    21     0     3   -36.0  -35.766  -63.447   3016.8    685.6
     4     1    19     6    25    21     0     3   -36.0  -34.286  -63.561   3285.7    658.7
     5     1    19     6    25    21     0     3   -36.0  -28.736  -64.112   2866.2    712.1
     1     1    19     6    25    20     0     2   -37.0  -31.656  -61.755    273.5    977.6
     2     1    19     6    25    20     0     2   -37.0  -35.060  -61.657   1934.9    789.3
     3     1    19     6    25    20     0     2   -37.0  -36.305  -64.251   3095.6    672.1
     4     1    19     6    25    20     0     2   -37.0  -34.858  -64.274   3453.4    643.4
     5     1    19     6    25    20     0     2   -37.0  -28.929  -64.588   3150.1    668.5
     1     1    19     6    25    19     0     1   -38.0  -31.887  -61.928    304.7    971.4
     2     1    19     6    25    19     0     1   -38.0  -35.547  -62.214   1971.1    785.3
     3     1    19     6    25    19     0     1   -38.0  -36.776  -65.086   3213.2    650.7
     4     1    19     6    25    19     0     1   -38.0  -35.392  -65.045   3655.2    618.6
     5     1    19     6    25    19     0     1   -38.0  -29.047  -65.118   3283.3    654.6
     1     1    19     6    25    18     0     0   -39.0  -32.150  -62.117    337.5    965.1
     2     1    19     6    25    18     0     0   -39.0  -36.065  -62.785   2014.5    781.0
     3     1    19     6    25    18     0     0   -39.0  -37.181  -65.910   3376.4    640.7
     4     1    19     6    25    18     0     0   -39.0  -35.882  -65.863   3901.0    594.2
     5     1    19     6    25    18     0     0   -39.0  -29.110  -65.652   3314.1    650.2
     1     1    19     6    25    17     0     1   -40.0  -32.453  -62.327    356.7    961.8
     2     1    19     6    25    17     0     1   -40.0  -36.620  -63.384   2086.4    768.4
     3     1    19     6    25    17     0     1   -40.0  -37.613  -66.625   3513.3    627.9
     4     1    19     6    25    17     0     1   -40.0  -36.323  -66.643   4096.2    578.9
     5     1    19     6    25    17     0     1   -40.0  -29.109  -66.175   3301.4    630.8
     1     1    19     6    25    16     0     2   -41.0  -32.802  -62.551    373.4    958.7
     2     1    19     6    25    16     0     2   -41.0  -37.195  -64.000   2139.3    761.9
     3     1    19     6    25    16     0     2   -41.0  -38.140  -67.220   3647.7    612.5
     4     1    19     6    25    16     0     2   -41.0  -36.715  -67.300   4156.2    568.2
     5     1    19     6    25    16     0     2   -41.0  -29.127  -66.797   3444.2    554.0
     1     1    19     6    25    15     0     3   -42.0  -33.181  -62.784    395.7    955.3
     2     1    19     6    25    15     0     3   -42.0  -37.805  -64.609   2133.3    751.0
     3     1    19     6    25    15     0     3   -42.0  -38.733  -67.756   3719.8    602.6
     4     1    19     6    25    15     0     3   -42.0  -37.084  -67.855   4016.8    554.6
     5     1    19     6    25    15     0     3   -42.0  -29.235  -67.506   3540.9    489.1
     1     1    19     6    25    14     0     2   -43.0  -33.583  -63.049    425.1    949.2
     2     1    19     6    25    14     0     2   -43.0  -38.436  -65.254   2119.1    759.5
     3     1    19     6    25    14     0     2   -43.0  -39.372  -68.297   3566.3    592.6
     4     1    19     6    25    14     0     2   -43.0  -37.526  -68.344   3868.9    585.6
     5     1    19     6    25    14     0     2   -43.0  -29.318  -68.208   2981.2    496.5
     1     1    19     6    25    13     0     1   -44.0  -34.020  -63.364    462.1    942.3
     2     1    19     6    25    13     0     1   -44.0  -39.067  -65.911   2173.9    756.0
     3     1    19     6    25    13     0     1   -44.0  -40.053  -68.927   3185.6    605.9
     4     1    19     6    25    13     0     1   -44.0  -38.125  -68.843   4009.2    594.6
     5     1    19     6    25    13     0     1   -44.0  -29.307  -68.875   2478.7    540.9
     1     1    19     6    25    12     0     0   -45.0  -34.524  -63.733    501.3    937.6
     2     1    19     6    25    12     0     0   -45.0  -39.736  -66.589   2329.9    741.8
     3     1    19     6    25    12     0     0   -45.0  -40.765  -69.684   3079.7    625.2
     4     1    19     6    25    12     0     0   -45.0  -38.839  -69.322   4187.4    542.0
     5     1    19     6    25    12     0     0   -45.0  -29.361  -69.558   2449.1    487.5
     1     1    19     6    25    11     0     1   -46.0  -35.080  -64.159    553.0    931.8
     2     1    19     6    25    11     0     1   -46.0  -40.432  -67.305   2446.8    687.6
     3     1    19     6    25    11     0     1   -46.0  -41.488  -70.442   3167.4    577.6
     4     1    19     6    25    11     0     1   -46.0  -39.581  -69.816   4159.3    540.0
     5     1    19     6    25    11     0     1   -46.0  -29.344  -70.187   2333.7    507.5
     1     1    19     6    25    10     0     2   -47.0  -35.658  -64.655    622.8    915.5
     2     1    19     6    25    10     0     2   -47.0  -41.128  -68.109   2548.2    650.0
     3     1    19     6    25    10     0     2   -47.0  -42.172  -71.317   3157.6    600.4
     4     1    19     6    25    10     0     2   -47.0  -40.342  -70.442   4066.2    533.8
     5     1    19     6    25    10     0     2   -47.0  -29.128  -70.588   1990.3    631.5
     1     1    19     6    25     9     0     3   -48.0  -36.275  -65.247    746.2    892.1
     2     1    19     6    25     9     0     3   -48.0  -41.832  -68.974   2725.3    603.7
     3     1    19     6    25     9     0     3   -48.0  -42.754  -72.361   3504.7    586.7
     4     1    19     6    25     9     0     3   -48.0  -41.116  -71.187   3859.9    540.2
     5     1    19     6    25     9     0     3   -48.0  -28.847  -70.776   1627.1    713.2
     1     1    19     6    25     8     0     2   -49.0  -36.896  -65.860    806.6    883.3
     2     1    19     6    25     8     0     2   -49.0  -42.528  -69.852   2858.5    615.4
     3     1    19     6    25     8     0     2   -49.0  -43.182  -73.239   3566.6    634.1
     4     1    19     6    25     8     0     2   -49.0  -41.843  -72.119   4244.3    526.1
     5     1    19     6    25     8     0     2   -49.0  -28.617  -70.863   1423.8    761.4
     1     1    19     6    25     7     0     1   -50.0  -37.467  -66.560    765.9    895.1
     2     1    19     6    25     7     0     1   -50.0  -43.139  -70.850   2990.3    616.2
     3     1    19     6    25     7     0     1   -50.0  -43.576  -74.053   3510.5    642.5
     4     1    19     6    25     7     0     1   -50.0  -42.465  -73.048   4621.3    552.4
     5     1    19     6    25     7     0     1   -50.0  -28.436  -70.912   1313.3    790.5
     1     1    19     6    25     6     0     0   -51.0  -37.997  -67.340    916.4    873.6
     2     1    19     6    25     6     0     0   -51.0  -43.724  -71.983   3187.7    585.4
     3     1    19     6    25     6     0     0   -51.0  -44.003  -74.866   3497.7    649.8
     4     1    19     6    25     6     0     0   -51.0  -42.995  -73.929   4480.5    556.6
     5     1    19     6    25     6     0     0   -51.0  -28.291  -70.948   1265.4    809.5
     1     1    19     6    25     5     0     1   -52.0  -38.526  -68.087   1194.9    837.5
     2     1    19     6    25     5     0     1   -52.0  -44.197  -73.018   3364.4    614.5
     3     1    19     6    25     5     0     1   -52.0  -44.426  -75.673   3470.1    652.0
     4     1    19     6    25     5     0     1   -52.0  -43.505  -74.797   4468.4    569.3
     5     1    19     6    25     5     0     1   -52.0  -28.189  -70.981   1232.2    822.8
     1     1    19     6    25     4     0     2   -53.0  -39.043  -68.805   1240.9    815.9
     2     1    19     6    25     4     0     2   -53.0  -44.556  -73.905   3422.0    637.5
     3     1    19     6    25     4     0     2   -53.0  -44.834  -76.463   3454.8    652.8
     4     1    19     6    25     4     0     2   -53.0  -43.964  -75.634   4429.6    573.9
     5     1    19     6    25     4     0     2   -53.0  -28.146  -71.016   1160.8    835.9
     1     1    19     6    25     3     0     3   -54.0  -39.584  -69.472   1218.0    796.3
     2     1    19     6    25     3     0     3   -54.0  -44.894  -74.744   3466.8    643.3
     3     1    19     6    25     3     0     3   -54.0  -45.272  -77.266   3445.7    653.3
     4     1    19     6    25     3     0     3   -54.0  -44.440  -76.472   4409.8    575.0
     5     1    19     6    25     3     0     3   -54.0  -28.153  -71.049   1020.4    851.2
     1     1    19     6    25     2     0     2   -55.0  -40.063  -70.167   1016.2    820.7
     2     1    19     6    25     2     0     2   -55.0  -45.246  -75.527   3448.6    649.2
     3     1    19     6    25     2     0     2   -55.0  -45.717  -78.071   3450.8    652.4
     4     1    19     6    25     2     0     2   -55.0  -44.908  -77.304   4394.3    575.9
     5     1    19     6    25     2     0     2   -55.0  -28.190  -71.067    904.7    865.3
     1     1    19     6    25     1     0     1   -56.0  -40.324  -70.936    959.5    801.9
     2     1    19     6    25     1     0     1   -56.0  -45.612  -76.274   3423.2    653.1
     3     1    19     6    25     1     0     1   -56.0  -46.162  -78.895   3460.4    651.5
     4     1    19     6    25     1     0     1   -56.0  -45.382  -78.132   4388.5    576.3
     5     1    19     6    25     1     0     1   -56.0  -28.259  -71.074    905.9    862.1
     1     1    19     6    25     0     0     0   -57.0  -40.559  -71.608   1029.9    784.7
     2     1    19     6    25     0     0     0   -57.0  -45.984  -77.018   3391.2    656.1
     3     1    19     6    25     0     0     0   -57.0  -46.617  -79.761   3453.2    651.9
     4     1    19     6    25     0     0     0   -57.0  -45.886  -78.973   4389.1    576.0
     5     1    19     6    25     0     0     0   -57.0  -28.361  -71.080    995.2    847.8
     1     1    19     6    24    23     0     1   -58.0  -40.735  -72.041    970.0    796.5
     2     1    19     6    24    23     0     1   -58.0  -46.386  -77.785   3377.3    656.8
     3     1    19     6    24    23     0     1   -58.0  -47.086  -80.652   3445.1    652.5
     4     1    19     6    24    23     0     1   -58.0  -46.416  -79.849   4385.3    575.8
     5     1    19     6    24    23     0     1   -58.0  -28.479  -71.089   1072.4    832.9
     1     1    19     6    24    22     0     2   -59.0  -40.884  -72.375    866.1    840.0
     2     1    19     6    24    22     0     2   -59.0  -46.832  -78.591   3367.4    656.7
     3     1    19     6    24    22     0     2   -59.0  -47.558  -81.541   3459.0    651.1
     4     1    19     6    24    22     0     2   -59.0  -46.957  -80.757   4371.5    576.5
     5     1    19     6    24    22     0     2   -59.0  -28.596  -71.100   1088.9    826.5
     1     1    19     6    24    21     0     3   -60.0  -41.102  -72.717    830.0    876.9
     2     1    19     6    24    21     0     3   -60.0  -47.313  -79.426   3349.1    658.3
     3     1    19     6    24    21     0     3   -60.0  -48.037  -82.430   3471.9    649.1
     4     1    19     6    24    21     0     3   -60.0  -47.504  -81.714   4354.5    577.4
     5     1    19     6    24    21     0     3   -60.0  -28.714  -71.112   1074.6    823.2
     1     1    19     6    24    20     0     2   -61.0  -41.382  -73.054    835.1    905.0
     2     1    19     6    24    20     0     2   -61.0  -47.803  -80.275   3344.9    658.3
     3     1    19     6    24    20     0     2   -61.0  -48.519  -83.325   3477.4    649.1
     4     1    19     6    24    20     0     2   -61.0  -48.040  -82.684   4335.7    578.8
     5     1    19     6    24    20     0     2   -61.0  -28.828  -71.130   1050.7    822.3
     1     1    19     6    24    19     0     1   -62.0  -41.659  -73.367    753.1    920.2
     2     1    19     6    24    19     0     1   -62.0  -48.296  -81.151   3349.0    657.5
     3     1    19     6    24    19     0     1   -62.0  -49.001  -84.235   3510.1    646.1
     4     1    19     6    24    19     0     1   -62.0  -48.566  -83.670   4331.1    579.4
     5     1    19     6    24    19     0     1   -62.0  -28.936  -71.158   1021.1    823.3
     1     1    19     6    24    18     0     0   -63.0  -41.937  -73.682    625.9    939.6
     2     1    19     6    24    18     0     0   -63.0  -48.804  -82.049   3347.7    657.8
     3     1    19     6    24    18     0     0   -63.0  -49.493  -85.164   3569.6    641.0
     4     1    19     6    24    18     0     0   -63.0  -49.078  -84.669   4363.1    576.4
     5     1    19     6    24    18     0     0   -63.0  -29.041  -71.200    987.0    828.9
     1     1    19     6    24    17     0     1   -64.0  -42.222  -74.003    537.4    944.0
     2     1    19     6    24    17     0     1   -64.0  -49.335  -82.959   3395.2    653.4
     3     1    19     6    24    17     0     1   -64.0  -49.991  -86.121   3618.1    635.6
     4     1    19     6    24    17     0     1   -64.0  -49.585  -85.705   4399.0    573.2
     5     1    19     6    24    17     0     1   -64.0  -29.145  -71.253    937.8    840.1
     1     1    19     6    24    16     0     2   -65.0  -42.528  -74.321    493.5    944.8
     2     1    19     6    24    16     0     2   -65.0  -49.888  -83.884   3429.5    649.5
     3     1    19     6    24    16     0     2   -65.0  -50.480  -87.116   3644.4    633.7
     4     1    19     6    24    16     0     2   -65.0  -50.079  -86.770   4419.2    572.2
     5     1    19     6    24    16     0     2   -65.0  -29.256  -71.313    856.8    855.6
     1     1    19     6    24    15     0     3   -66.0  -42.868  -74.635    480.8    946.5
     2     1    19     6    24    15     0     3   -66.0  -50.452  -84.860   3463.3    647.5
     3     1    19     6    24    15     0     3   -66.0  -50.960  -88.148   3611.8    635.9
     4     1    19     6    24    15     0     3   -66.0  -50.559  -87.854   4430.1    570.7
     5     1    19     6    24    15     0     3   -66.0  -29.387  -71.380    741.9    874.9
     1     1    19     6    24    14     0     2   -67.0  -43.234  -74.958    488.2    952.0
     2     1    19     6    24    14     0     2   -67.0  -51.030  -85.887   3507.1    641.8
     3     1    19     6    24    14     0     2   -67.0  -51.424  -89.198   3565.3    640.4
     4     1    19     6    24    14     0     2   -67.0  -51.019  -88.922   4404.3    573.3
     5     1    19     6    24    14     0     2   -67.0  -29.555  -71.442    634.7    894.8
     1     1    19     6    24    13     0     1   -68.0  -43.617  -75.288    494.7    951.3
     2     1    19     6    24    13     0     1   -68.0  -51.608  -86.946   3510.4    642.0
     3     1    19     6    24    13     0     1   -68.0  -51.868  -90.254   3524.0    644.1
     4     1    19     6    24    13     0     1   -68.0  -51.462  -89.994   4387.6    574.5
     5     1    19     6    24    13     0     1   -68.0  -29.748  -71.490    574.6    906.7
     1     1    19     6    24    12     0     0   -69.0  -44.024  -75.630    500.8    950.6
     2     1    19     6    24    12     0     0   -69.0  -52.176  -88.037   3525.0    640.7
     3     1    19     6    24    12     0     0   -69.0  -52.294  -91.324   3483.5    646.9
     4     1    19     6    24    12     0     0   -69.0  -51.890  -91.058   4373.1    575.9
     5     1    19     6    24    12     0     0   -69.0  -29.950  -71.522    561.2    912.4
     1     1    19     6    24    11     0     1   -70.0  -44.438  -75.984    512.3    948.2
     2     1    19     6    24    11     0     1   -70.0  -52.727  -89.164   3519.9    640.4
     3     1    19     6    24    11     0     1   -70.0  -52.702  -92.395   3432.2    652.3
     4     1    19     6    24    11     0     1   -70.0  -52.309  -92.122   4362.8    576.3
     5     1    19     6    24    11     0     1   -70.0  -30.159  -71.557    563.8    912.1
     1     1    19     6    24    10     0     2   -71.0  -44.835  -76.329    513.2    947.5
     2     1    19     6    24    10     0     2   -71.0  -53.258  -90.293   3509.6    641.8
     3     1    19     6    24    10     0     2   -71.0  -53.101  -93.476   3406.0    654.7
     4     1    19     6    24    10     0     2   -71.0  -52.722  -93.203   4350.3    578.2
     5     1    19     6    24    10     0     2   -71.0  -30.395  -71.607    549.7    915.0
     1     1    19     6    24     9     0     3   -72.0  -45.224  -76.679    502.7    948.6
     2     1    19     6    24     9     0     3   -72.0  -53.782  -91.432   3519.6    641.1
     3     1    19     6    24     9     0     3   -72.0  -53.489  -94.553   3411.7    654.5
     4     1    19     6    24     9     0     3   -72.0  -53.137  -94.307   4362.8    576.8
     5     1    19     6    24     9     0     3   -72.0  -30.668  -71.664    522.0    920.4
