     7     1
    GDAS    19    10    29     0     0
    GDAS    19    11     1     0     0
    GDAS    19    11     8     0     0
    GDAS    19    11    15     0     0
    GDAS    19    11    22     0     0
    GDAS    19    11    29     0     0
    GDAS    19    12     1     0     0
     5 BACKWARD OMEGA   
    19    11    10     3  -34.572  -58.513    10.0
    19    11    10     3  -34.572  -58.513   200.0
    19    11    10     3  -34.572  -58.513   500.0
    19    11    10     3  -34.572  -58.513  1000.0
    19    11    10     3  -34.572  -58.513  2000.0
     1 PRESSURE
     1     1    19    11    10     3     0     3     0.0  -34.572  -58.513     10.0   1014.7
     2     1    19    11    10     3     0     3     0.0  -34.572  -58.513    200.0    992.7
     3     1    19    11    10     3     0     3     0.0  -34.572  -58.513    500.0    958.3
     4     1    19    11    10     3     0     3     0.0  -34.572  -58.513   1000.0    903.2
     5     1    19    11    10     3     0     3     0.0  -34.572  -58.513   2000.0    801.3
     1     1    19    11    10     2     0     2    -1.0  -34.612  -58.333     12.4   1013.9
     2     1    19    11    10     2     0     2    -1.0  -34.592  -58.105    212.3    988.8
     3     1    19    11    10     2     0     2    -1.0  -34.537  -58.061    521.9    951.3
     4     1    19    11    10     2     0     2    -1.0  -34.611  -58.252   1035.0    897.8
     5     1    19    11    10     2     0     2    -1.0  -34.732  -58.632   1970.5    806.2
     1     1    19    11    10     1     0     1    -2.0  -34.662  -58.142     14.6   1013.2
     2     1    19    11    10     1     0     1    -2.0  -34.633  -57.680    209.8    988.3
     3     1    19    11    10     1     0     1    -2.0  -34.533  -57.609    521.8    951.4
     4     1    19    11    10     1     0     1    -2.0  -34.661  -58.026   1059.3    895.0
     5     1    19    11    10     1     0     1    -2.0  -34.869  -58.761   1969.7    807.2
     1     1    19    11    10     0     0     0    -3.0  -34.724  -57.940     15.4   1013.2
     2     1    19    11    10     0     0     0    -3.0  -34.697  -57.230    196.3    989.9
     3     1    19    11    10     0     0     0    -3.0  -34.553  -57.132    511.9    950.8
     4     1    19    11    10     0     0     0    -3.0  -34.723  -57.828   1072.9    893.5
     5     1    19    11    10     0     0     0    -3.0  -34.984  -58.913   2015.1    804.1
     1     1    19    11     9    23     0     1    -4.0  -34.796  -57.714     13.9   1012.8
     2     1    19    11     9    23     0     1    -4.0  -34.781  -56.771    181.3    993.1
     3     1    19    11     9    23     0     1    -4.0  -34.598  -56.650    497.6    954.1
     4     1    19    11     9    23     0     1    -4.0  -34.784  -57.652   1081.6    893.2
     5     1    19    11     9    23     0     1    -4.0  -35.080  -59.091   2092.7    793.4
     1     1    19    11     9    22     0     2    -5.0  -34.885  -57.447     11.9   1013.5
     2     1    19    11     9    22     0     2    -5.0  -34.884  -56.319    160.8    996.1
     3     1    19    11     9    22     0     2    -5.0  -34.678  -56.189    478.8    957.2
     4     1    19    11     9    22     0     2    -5.0  -34.837  -57.504   1092.7    891.9
     5     1    19    11     9    22     0     2    -5.0  -35.161  -59.281   2171.8    785.0
     1     1    19    11     9    21     0     3    -6.0  -35.008  -57.126     10.7   1015.5
     2     1    19    11     9    21     0     3    -6.0  -35.004  -55.860    127.3   1001.7
     3     1    19    11     9    21     0     3    -6.0  -34.789  -55.735    448.8    961.3
     4     1    19    11     9    21     0     3    -6.0  -34.885  -57.386   1103.3    890.5
     5     1    19    11     9    21     0     3    -6.0  -35.226  -59.471   2256.9    776.7
     1     1    19    11     9    20     0     2    -7.0  -35.152  -56.779     10.2   1016.2
     2     1    19    11     9    20     0     2    -7.0  -35.132  -55.445    106.3   1006.3
     3     1    19    11     9    20     0     2    -7.0  -34.915  -55.294    430.8    967.2
     4     1    19    11     9    20     0     2    -7.0  -34.928  -57.282   1089.7    890.2
     5     1    19    11     9    20     0     2    -7.0  -35.287  -59.673   2320.7    766.8
     1     1    19    11     9    19     0     1    -8.0  -35.289  -56.457      9.8   1016.4
     2     1    19    11     9    19     0     1    -8.0  -35.263  -55.097    105.0   1005.3
     3     1    19    11     9    19     0     1    -8.0  -35.036  -54.888    451.3    967.5
     4     1    19    11     9    19     0     1    -8.0  -34.969  -57.143   1035.8    897.3
     5     1    19    11     9    19     0     1    -8.0  -35.356  -59.880   2340.4    765.0
     1     1    19    11     9    18     0     0    -9.0  -35.432  -56.164     10.2   1016.6
     2     1    19    11     9    18     0     0    -9.0  -35.400  -54.793    107.3   1004.3
     3     1    19    11     9    18     0     0    -9.0  -35.151  -54.531    496.9    959.5
     4     1    19    11     9    18     0     0    -9.0  -35.017  -56.947    967.9    906.9
     5     1    19    11     9    18     0     0    -9.0  -35.434  -60.082   2329.1    765.3
     1     1    19    11     9    17     0     1   -10.0  -35.582  -55.901     11.1   1016.3
     2     1    19    11     9    17     0     1   -10.0  -35.526  -54.529    105.7   1004.8
     3     1    19    11     9    17     0     1   -10.0  -35.258  -54.225    536.1    954.2
     4     1    19    11     9    17     0     1   -10.0  -35.073  -56.726    925.7    914.4
     5     1    19    11     9    17     0     1   -10.0  -35.515  -60.278   2312.1    767.5
     1     1    19    11     9    16     0     2   -11.0  -35.729  -55.680     10.6   1016.1
     2     1    19    11     9    16     0     2   -11.0  -35.615  -54.298    101.9   1005.3
     3     1    19    11     9    16     0     2   -11.0  -35.353  -53.964    552.9    951.9
     4     1    19    11     9    16     0     2   -11.0  -35.127  -56.536    933.4    914.0
     5     1    19    11     9    16     0     2   -11.0  -35.592  -60.475   2310.1    766.7
     1     1    19    11     9    15     0     3   -12.0  -35.868  -55.518      8.4   1016.3
     2     1    19    11     9    15     0     3   -12.0  -35.658  -54.085     94.5   1005.9
     3     1    19    11     9    15     0     3   -12.0  -35.432  -53.742    543.9    953.4
     4     1    19    11     9    15     0     3   -12.0  -35.179  -56.399    982.8    907.9
     5     1    19    11     9    15     0     3   -12.0  -35.669  -60.672   2326.8    764.6
     1     1    19    11     9    14     0     2   -13.0  -35.956  -55.390      6.0   1016.5
     2     1    19    11     9    14     0     2   -13.0  -35.665  -53.903     90.6   1007.6
     3     1    19    11     9    14     0     2   -13.0  -35.481  -53.559    545.8    957.4
     4     1    19    11     9    14     0     2   -13.0  -35.208  -56.333   1067.8    899.0
     5     1    19    11     9    14     0     2   -13.0  -35.747  -60.881   2356.5    760.3
     1     1    19    11     9    13     0     1   -14.0  -35.951  -55.249      6.0   1016.7
     2     1    19    11     9    13     0     1   -14.0  -35.648  -53.763     96.8   1007.1
     3     1    19    11     9    13     0     1   -14.0  -35.508  -53.410    584.7    952.5
     4     1    19    11     9    13     0     1   -14.0  -35.198  -56.365   1197.1    886.3
     5     1    19    11     9    13     0     1   -14.0  -35.827  -61.112   2394.2    756.6
     1     1    19    11     9    12     0     0   -15.0  -35.873  -55.079      8.7   1016.9
     2     1    19    11     9    12     0     0   -15.0  -35.608  -53.654    113.6   1005.7
     3     1    19    11     9    12     0     0   -15.0  -35.523  -53.286    649.3    945.2
     4     1    19    11     9    12     0     0   -15.0  -35.146  -56.517   1414.4    866.8
     5     1    19    11     9    12     0     0   -15.0  -35.912  -61.362   2431.5    752.3
     1     1    19    11     9    11     0     1   -16.0  -35.791  -54.903     13.2   1016.1
     2     1    19    11     9    11     0     1   -16.0  -35.556  -53.545    134.7   1002.4
     3     1    19    11     9    11     0     1   -16.0  -35.527  -53.184    706.7    934.7
     4     1    19    11     9    11     0     1   -16.0  -35.096  -56.739   1769.4    829.2
     5     1    19    11     9    11     0     1   -16.0  -35.998  -61.621   2426.0    749.3
     1     1    19    11     9    10     0     2   -17.0  -35.738  -54.751     18.6   1014.9
     2     1    19    11     9    10     0     2   -17.0  -35.498  -53.423    148.8    999.8
     3     1    19    11     9    10     0     2   -17.0  -35.500  -53.090    733.0    931.6
     4     1    19    11     9    10     0     2   -17.0  -35.122  -56.964   2242.1    785.7
     5     1    19    11     9    10     0     2   -17.0  -36.078  -61.864   2367.6    755.9
     1     1    19    11     9     9     0     3   -18.0  -35.699  -54.615     24.5   1013.8
     2     1    19    11     9     9     0     3   -18.0  -35.427  -53.294    151.9    998.6
     3     1    19    11     9     9     0     3   -18.0  -35.429  -52.994    726.5    931.3
     4     1    19    11     9     9     0     3   -18.0  -35.219  -57.244   2672.6    729.0
     5     1    19    11     9     9     0     3   -18.0  -36.155  -62.090   2291.6    763.3
     1     1    19    11     9     8     0     2   -19.0  -35.658  -54.475     31.1   1013.2
     2     1    19    11     9     8     0     2   -19.0  -35.350  -53.153    146.9    999.7
     3     1    19    11     9     8     0     2   -19.0  -35.339  -52.882    681.9    936.3
     4     1    19    11     9     8     0     2   -19.0  -35.326  -57.583   2823.6    711.9
     5     1    19    11     9     8     0     2   -19.0  -36.214  -62.327   2177.9    770.5
     1     1    19    11     9     7     0     1   -20.0  -35.601  -54.316     40.4   1012.3
     2     1    19    11     9     7     0     1   -20.0  -35.282  -52.993    135.4   1000.9
     3     1    19    11     9     7     0     1   -20.0  -35.261  -52.738    616.6    945.3
     4     1    19    11     9     7     0     1   -20.0  -35.418  -57.932   2736.5    725.5
     5     1    19    11     9     7     0     1   -20.0  -36.237  -62.579   2022.6    787.9
     1     1    19    11     9     6     0     0   -21.0  -35.534  -54.135     56.1   1011.1
     2     1    19    11     9     6     0     0   -21.0  -35.226  -52.816    120.4   1002.9
     3     1    19    11     9     6     0     0   -21.0  -35.201  -52.569    549.7    953.3
     4     1    19    11     9     6     0     0   -21.0  -35.495  -58.273   2666.1    748.0
     5     1    19    11     9     6     0     0   -21.0  -36.231  -62.825   1874.9    804.2
     1     1    19    11     9     5     0     1   -22.0  -35.465  -53.928     75.3   1007.7
     2     1    19    11     9     5     0     1   -22.0  -35.183  -52.621    109.6   1004.5
     3     1    19    11     9     5     0     1   -22.0  -35.156  -52.375    499.9    960.7
     4     1    19    11     9     5     0     1   -22.0  -35.589  -58.648   2810.4    732.7
     5     1    19    11     9     5     0     1   -22.0  -36.186  -63.023   1722.4    816.1
     1     1    19    11     9     4     0     2   -23.0  -35.406  -53.703     85.8   1006.0
     2     1    19    11     9     4     0     2   -23.0  -35.149  -52.407    104.5   1005.0
     3     1    19    11     9     4     0     2   -23.0  -35.117  -52.156    473.9    963.3
     4     1    19    11     9     4     0     2   -23.0  -35.675  -59.132   3087.9    704.0
     5     1    19    11     9     4     0     2   -23.0  -36.075  -63.118   1530.1    834.9
     1     1    19    11     9     3     0     3   -24.0  -35.362  -53.472     86.6   1006.5
     2     1    19    11     9     3     0     3   -24.0  -35.122  -52.170    103.1   1005.1
     3     1    19    11     9     3     0     3   -24.0  -35.085  -51.910    463.1    964.1
     4     1    19    11     9     3     0     3   -24.0  -35.784  -59.713   3583.3    670.0
     5     1    19    11     9     3     0     3   -24.0  -35.909  -63.074   1350.5    859.7
     1     1    19    11     9     2     0     2   -25.0  -35.326  -53.237     85.5   1007.2
     2     1    19    11     9     2     0     2   -25.0  -35.098  -51.910    103.0   1005.0
     3     1    19    11     9     2     0     2   -25.0  -35.056  -51.643    462.8    964.2
     4     1    19    11     9     2     0     2   -25.0  -35.987  -60.420   4153.0    591.8
     5     1    19    11     9     2     0     2   -25.0  -35.733  -62.913   1219.0    874.2
     1     1    19    11     9     1     0     1   -26.0  -35.289  -52.992     84.3   1007.2
     2     1    19    11     9     1     0     1   -26.0  -35.078  -51.636    105.0   1005.2
     3     1    19    11     9     1     0     1   -26.0  -35.037  -51.366    482.3    962.9
     4     1    19    11     9     1     0     1   -26.0  -36.234  -61.201   4226.9    593.6
     5     1    19    11     9     1     0     1   -26.0  -35.568  -62.679   1118.7    879.7
     1     1    19    11     9     0     0     0   -27.0  -35.252  -52.729     81.9   1007.7
     2     1    19    11     9     0     0     0   -27.0  -35.071  -51.354    115.0   1004.3
     3     1    19    11     9     0     0     0   -27.0  -35.037  -51.092    542.0    955.4
     4     1    19    11     9     0     0     0   -27.0  -36.358  -61.964   3601.8    639.0
     5     1    19    11     9     0     0     0   -27.0  -35.434  -62.378   1025.1    888.9
     1     1    19    11     8    23     0     1   -28.0  -35.226  -52.457     80.4   1007.6
     2     1    19    11     8    23     0     1   -28.0  -35.089  -51.080    133.3   1001.8
     3     1    19    11     8    23     0     1   -28.0  -35.065  -50.838    626.1    944.5
     4     1    19    11     8    23     0     1   -28.0  -36.309  -62.568   2821.5    720.3
     5     1    19    11     8    23     0     1   -28.0  -35.317  -62.034    972.4    895.2
     1     1    19    11     8    22     0     2   -29.0  -35.225  -52.195     79.9   1007.4
     2     1    19    11     8    22     0     2   -29.0  -35.136  -50.827    147.4    999.1
     3     1    19    11     8    22     0     2   -29.0  -35.117  -50.614    688.4    935.7
     4     1    19    11     8    22     0     2   -29.0  -36.198  -62.984   2448.4    761.7
     5     1    19    11     8    22     0     2   -29.0  -35.206  -61.701    960.2    893.6
     1     1    19    11     8    21     0     3   -30.0  -35.251  -51.951     79.8   1007.1
     2     1    19    11     8    21     0     3   -30.0  -35.209  -50.599    153.5    997.9
     3     1    19    11     8    21     0     3   -30.0  -35.189  -50.418    729.1    930.7
     4     1    19    11     8    21     0     3   -30.0  -36.063  -63.292   2204.5    766.0
     5     1    19    11     8    21     0     3   -30.0  -35.114  -61.395    880.5    895.9
     1     1    19    11     8    20     0     2   -31.0  -35.300  -51.728     79.8   1007.3
     2     1    19    11     8    20     0     2   -31.0  -35.301  -50.395    155.4    998.1
     3     1    19    11     8    20     0     2   -31.0  -35.278  -50.251    759.0    928.5
     4     1    19    11     8    20     0     2   -31.0  -35.898  -63.484   1976.0    789.5
     5     1    19    11     8    20     0     2   -31.0  -35.036  -61.096    718.4    916.6
     1     1    19    11     8    19     0     1   -32.0  -35.369  -51.531     79.8   1007.5
     2     1    19    11     8    19     0     1   -32.0  -35.409  -50.218    157.0    998.0
     3     1    19    11     8    19     0     1   -32.0  -35.380  -50.115    789.1    925.4
     4     1    19    11     8    19     0     1   -32.0  -35.699  -63.604   1794.9    809.6
     5     1    19    11     8    19     0     1   -32.0  -34.957  -60.794    556.7    943.1
     1     1    19    11     8    18     0     0   -33.0  -35.454  -51.359     79.8   1007.7
     2     1    19    11     8    18     0     0   -33.0  -35.533  -50.065    158.7    997.9
     3     1    19    11     8    18     0     0   -33.0  -35.492  -50.008    821.7    921.9
     4     1    19    11     8    18     0     0   -33.0  -35.465  -63.686   1679.4    820.0
     5     1    19    11     8    18     0     0   -33.0  -34.876  -60.500    452.0    958.8
     1     1    19    11     8    17     0     1   -34.0  -35.552  -51.201     79.8   1007.8
     2     1    19    11     8    17     0     1   -34.0  -35.665  -49.925    160.3    997.8
     3     1    19    11     8    17     0     1   -34.0  -35.609  -49.918    854.3    918.2
     4     1    19    11     8    17     0     1   -34.0  -35.183  -63.728   1575.3    824.9
     5     1    19    11     8    17     0     1   -34.0  -34.798  -60.217    395.0    967.0
     1     1    19    11     8    16     0     2   -35.0  -35.656  -51.047     79.8   1007.8
     2     1    19    11     8    16     0     2   -35.0  -35.799  -49.789    161.8    997.7
     3     1    19    11     8    16     0     2   -35.0  -35.725  -49.837    886.7    915.0
     4     1    19    11     8    16     0     2   -35.0  -34.845  -63.715   1433.5    838.8
     5     1    19    11     8    16     0     2   -35.0  -34.723  -59.937    367.1    971.9
     1     1    19    11     8    15     0     3   -36.0  -35.765  -50.893     79.8   1007.9
     2     1    19    11     8    15     0     3   -36.0  -35.935  -49.657    163.4    997.6
     3     1    19    11     8    15     0     3   -36.0  -35.840  -49.769    922.2    911.1
     4     1    19    11     8    15     0     3   -36.0  -34.457  -63.670   1292.9    853.8
     5     1    19    11     8    15     0     3   -36.0  -34.645  -59.663    356.0    973.4
     1     1    19    11     8    14     0     2   -37.0  -35.887  -50.750     79.8   1007.3
     2     1    19    11     8    14     0     2   -37.0  -36.084  -49.537    164.9    997.1
     3     1    19    11     8    14     0     2   -37.0  -35.964  -49.728    954.5    906.3
     4     1    19    11     8    14     0     2   -37.0  -34.022  -63.601   1205.9    862.5
     5     1    19    11     8    14     0     2   -37.0  -34.578  -59.374    360.1    973.4
     1     1    19    11     8    13     0     1   -38.0  -36.032  -50.627     79.7   1006.7
     2     1    19    11     8    13     0     1   -38.0  -36.255  -49.439    167.0    996.6
     3     1    19    11     8    13     0     1   -38.0  -36.106  -49.717    975.3    903.6
     4     1    19    11     8    13     0     1   -38.0  -33.563  -63.503   1183.3    861.8
     5     1    19    11     8    13     0     1   -38.0  -34.533  -59.057    383.3    971.1
     1     1    19    11     8    12     0     0   -39.0  -36.202  -50.528     79.7   1006.2
     2     1    19    11     8    12     0     0   -39.0  -36.442  -49.366    173.5    995.8
     3     1    19    11     8    12     0     0   -39.0  -36.266  -49.732    986.6    902.4
     4     1    19    11     8    12     0     0   -39.0  -33.110  -63.354   1204.8    858.6
     5     1    19    11     8    12     0     0   -39.0  -34.512  -58.717    419.4    965.5
     1     1    19    11     8    11     0     1   -40.0  -36.393  -50.457     80.3   1005.9
     2     1    19    11     8    11     0     1   -40.0  -36.644  -49.318    183.6    993.7
     3     1    19    11     8    11     0     1   -40.0  -36.439  -49.776    996.3    901.4
     4     1    19    11     8    11     0     1   -40.0  -32.708  -63.165   1228.8    856.3
     5     1    19    11     8    11     0     1   -40.0  -34.519  -58.360    460.0    958.9
     1     1    19    11     8    10     0     2   -41.0  -36.602  -50.413     81.6   1005.5
     2     1    19    11     8    10     0     2   -41.0  -36.857  -49.294    192.5    991.9
     3     1    19    11     8    10     0     2   -41.0  -36.619  -49.851   1006.8    899.6
     4     1    19    11     8    10     0     2   -41.0  -32.385  -62.945   1234.7    860.4
     5     1    19    11     8    10     0     2   -41.0  -34.558  -58.001    509.9    952.4
     1     1    19    11     8     9     0     3   -42.0  -36.829  -50.394     82.8   1005.1
     2     1    19    11     8     9     0     3   -42.0  -37.086  -49.292    196.8    990.7
     3     1    19    11     8     9     0     3   -42.0  -36.808  -49.944   1014.3    898.2
     4     1    19    11     8     9     0     3   -42.0  -32.137  -62.685   1251.3    862.0
     5     1    19    11     8     9     0     3   -42.0  -34.623  -57.660    565.2    944.8
     1     1    19    11     8     8     0     2   -43.0  -37.064  -50.395     83.2   1004.3
     2     1    19    11     8     8     0     2   -43.0  -37.324  -49.310    199.7    990.2
     3     1    19    11     8     8     0     2   -43.0  -37.003  -50.047   1025.6    897.3
     4     1    19    11     8     8     0     2   -43.0  -31.954  -62.402   1290.8    859.1
     5     1    19    11     8     8     0     2   -43.0  -34.714  -57.347    606.6    939.7
     1     1    19    11     8     7     0     1   -44.0  -37.297  -50.410     82.7   1003.8
     2     1    19    11     8     7     0     1   -44.0  -37.562  -49.344    203.8    988.9
     3     1    19    11     8     7     0     1   -44.0  -37.193  -50.169   1048.3    894.2
     4     1    19    11     8     7     0     1   -44.0  -31.819  -62.126   1338.3    855.9
     5     1    19    11     8     7     0     1   -44.0  -34.835  -57.061    635.6    939.2
     1     1    19    11     8     6     0     0   -45.0  -37.531  -50.435     81.7   1003.4
     2     1    19    11     8     6     0     0   -45.0  -37.800  -49.383    206.2    987.8
     3     1    19    11     8     6     0     0   -45.0  -37.375  -50.308   1076.3    890.1
     4     1    19    11     8     6     0     0   -45.0  -31.714  -61.869   1370.6    852.9
     5     1    19    11     8     6     0     0   -45.0  -34.984  -56.796    663.7    938.2
     1     1    19    11     8     5     0     1   -46.0  -37.766  -50.464     80.7   1003.6
     2     1    19    11     8     5     0     1   -46.0  -38.039  -49.424    203.9    987.9
     3     1    19    11     8     5     0     1   -46.0  -37.552  -50.451   1101.1    887.3
     4     1    19    11     8     5     0     1   -46.0  -31.637  -61.626   1384.2    855.3
     5     1    19    11     8     5     0     1   -46.0  -35.144  -56.541    681.4    935.3
     1     1    19    11     8     4     0     2   -47.0  -38.006  -50.496     81.1   1003.7
     2     1    19    11     8     4     0     2   -47.0  -38.286  -49.470    197.4    988.9
     3     1    19    11     8     4     0     2   -47.0  -37.734  -50.585   1123.7    885.5
     4     1    19    11     8     4     0     2   -47.0  -31.587  -61.392   1404.4    856.9
     5     1    19    11     8     4     0     2   -47.0  -35.309  -56.289    681.5    935.9
     1     1    19    11     8     3     0     3   -48.0  -38.255  -50.535     83.8   1003.6
     2     1    19    11     8     3     0     3   -48.0  -38.541  -49.521    190.4    990.0
     3     1    19    11     8     3     0     3   -48.0  -37.927  -50.711   1154.0    883.1
     4     1    19    11     8     3     0     3   -48.0  -31.557  -61.166   1452.3    855.5
     5     1    19    11     8     3     0     3   -48.0  -35.486  -56.043    676.5    937.3
     1     1    19    11     8     2     0     2   -49.0  -38.514  -50.590     88.0   1002.6
     2     1    19    11     8     2     0     2   -49.0  -38.809  -49.580    188.4    990.5
     3     1    19    11     8     2     0     2   -49.0  -38.136  -50.854   1189.5    878.2
     4     1    19    11     8     2     0     2   -49.0  -31.544  -60.943   1507.5    848.3
     5     1    19    11     8     2     0     2   -49.0  -35.689  -55.823    678.2    937.6
     1     1    19    11     8     1     0     1   -50.0  -38.788  -50.657     91.5   1001.7
     2     1    19    11     8     1     0     1   -50.0  -39.083  -49.656    193.6    989.4
     3     1    19    11     8     1     0     1   -50.0  -38.360  -51.030   1219.7    874.2
     4     1    19    11     8     1     0     1   -50.0  -31.559  -60.726   1542.9    843.9
     5     1    19    11     8     1     0     1   -50.0  -35.925  -55.643    688.3    936.1
     1     1    19    11     8     0     0     0   -51.0  -39.075  -50.724     94.0   1001.0
     2     1    19    11     8     0     0     0   -51.0  -39.358  -49.746    201.0    987.7
     3     1    19    11     8     0     0     0   -51.0  -38.598  -51.225   1247.4    871.7
     4     1    19    11     8     0     0     0   -51.0  -31.611  -60.522   1568.3    840.7
     5     1    19    11     8     0     0     0   -51.0  -36.186  -55.494    705.2    934.3
     1     1    19    11     7    23     0     1   -52.0  -39.360  -50.814     93.0   1000.0
     2     1    19    11     7    23     0     1   -52.0  -39.625  -49.861    202.5    986.2
     3     1    19    11     7    23     0     1   -52.0  -38.841  -51.463   1277.2    867.5
     4     1    19    11     7    23     0     1   -52.0  -31.684  -60.336   1592.7    837.1
     5     1    19    11     7    23     0     1   -52.0  -36.475  -55.378    731.7    930.6
     1     1    19    11     7    22     0     2   -53.0  -39.637  -50.951     85.4   1000.3
     2     1    19    11     7    22     0     2   -53.0  -39.892  -50.008    198.7    986.4
     3     1    19    11     7    22     0     2   -53.0  -39.080  -51.778   1301.3    863.7
     4     1    19    11     7    22     0     2   -53.0  -31.754  -60.169   1631.6    832.7
     5     1    19    11     7    22     0     2   -53.0  -36.794  -55.322    767.0    925.7
     1     1    19    11     7    21     0     3   -54.0  -39.921  -51.124     72.3   1001.7
     2     1    19    11     7    21     0     3   -54.0  -40.171  -50.189    193.9    986.3
     3     1    19    11     7    21     0     3   -54.0  -39.328  -52.151   1311.2    861.9
     4     1    19    11     7    21     0     3   -54.0  -31.816  -60.013   1705.8    824.7
     5     1    19    11     7    21     0     3   -54.0  -37.143  -55.346    807.0    920.6
     1     1    19    11     7    20     0     2   -55.0  -40.205  -51.311     62.1   1003.5
     2     1    19    11     7    20     0     2   -55.0  -40.456  -50.392    189.0    986.5
     3     1    19    11     7    20     0     2   -55.0  -39.586  -52.529   1330.3    862.3
     4     1    19    11     7    20     0     2   -55.0  -31.878  -59.865   1789.8    813.8
     5     1    19    11     7    20     0     2   -55.0  -37.497  -55.423    851.5    915.8
     1     1    19    11     7    19     0     1   -56.0  -40.481  -51.496     57.1   1003.0
     2     1    19    11     7    19     0     1   -56.0  -40.741  -50.595    185.0    986.4
     3     1    19    11     7    19     0     1   -56.0  -39.838  -52.917   1365.3    856.6
     4     1    19    11     7    19     0     1   -56.0  -31.950  -59.728   1858.5    808.9
     5     1    19    11     7    19     0     1   -56.0  -37.828  -55.533    898.3    910.1
     1     1    19    11     7    18     0     0   -57.0  -40.755  -51.667     53.3   1002.6
     2     1    19    11     7    18     0     0   -57.0  -41.037  -50.779    177.4    986.3
     3     1    19    11     7    18     0     0   -57.0  -40.086  -53.322   1384.3    852.4
     4     1    19    11     7    18     0     0   -57.0  -32.026  -59.611   1926.0    804.1
     5     1    19    11     7    18     0     0   -57.0  -38.137  -55.689    933.4    904.7
     1     1    19    11     7    17     0     1   -58.0  -41.020  -51.847     47.6   1002.4
     2     1    19    11     7    17     0     1   -58.0  -41.320  -50.982    164.8    987.7
     3     1    19    11     7    17     0     1   -58.0  -40.338  -53.749   1397.6    853.8
     4     1    19    11     7    17     0     1   -58.0  -32.110  -59.508   1991.8    798.5
     5     1    19    11     7    17     0     1   -58.0  -38.439  -55.874    947.0    902.9
     1     1    19    11     7    16     0     2   -59.0  -41.276  -52.063     40.0   1002.9
     2     1    19    11     7    16     0     2   -59.0  -41.581  -51.232    151.8    989.3
     3     1    19    11     7    16     0     2   -59.0  -40.584  -54.219   1440.1    849.8
     4     1    19    11     7    16     0     2   -59.0  -32.209  -59.408   2055.7    793.8
     5     1    19    11     7    16     0     2   -59.0  -38.752  -56.082    944.8    903.5
     1     1    19    11     7    15     0     3   -60.0  -41.541  -52.286     33.2   1003.6
     2     1    19    11     7    15     0     3   -60.0  -41.855  -51.493    145.9    990.0
     3     1    19    11     7    15     0     3   -60.0  -40.833  -54.699   1521.7    841.6
     4     1    19    11     7    15     0     3   -60.0  -32.318  -59.306   2129.1    788.5
     5     1    19    11     7    15     0     3   -60.0  -39.074  -56.339    943.1    904.4
     1     1    19    11     7    14     0     2   -61.0  -41.805  -52.509     27.8   1003.5
     2     1    19    11     7    14     0     2   -61.0  -42.125  -51.756    145.5    988.9
     3     1    19    11     7    14     0     2   -61.0  -41.090  -55.202   1646.2    828.2
     4     1    19    11     7    14     0     2   -61.0  -32.435  -59.204   2221.5    781.1
     5     1    19    11     7    14     0     2   -61.0  -39.402  -56.622    971.1    903.1
     1     1    19    11     7    13     0     1   -62.0  -42.055  -52.765     21.7   1003.4
     2     1    19    11     7    13     0     1   -62.0  -42.361  -52.050    136.2    988.6
     3     1    19    11     7    13     0     1   -62.0  -41.337  -55.756   1852.7    810.8
     4     1    19    11     7    13     0     1   -62.0  -32.566  -59.106   2336.5    771.0
     5     1    19    11     7    13     0     1   -62.0  -39.734  -56.924   1038.4    894.2
     1     1    19    11     7    12     0     0   -63.0  -42.328  -53.065     16.1   1003.5
     2     1    19    11     7    12     0     0   -63.0  -42.605  -52.382    117.6    990.9
     3     1    19    11     7    12     0     0   -63.0  -41.598  -56.368   2151.7    777.3
     4     1    19    11     7    12     0     0   -63.0  -32.729  -59.008   2480.8    758.4
     5     1    19    11     7    12     0     0   -63.0  -40.080  -57.267   1110.2    883.5
     1     1    19    11     7    11     0     1   -64.0  -42.596  -53.386     13.3   1003.2
     2     1    19    11     7    11     0     1   -64.0  -42.869  -52.750    110.4    992.3
     3     1    19    11     7    11     0     1   -64.0  -41.891  -57.106   2377.7    743.3
     4     1    19    11     7    11     0     1   -64.0  -32.914  -58.948   2625.5    741.5
     5     1    19    11     7    11     0     1   -64.0  -40.428  -57.642   1166.2    877.6
     1     1    19    11     7    10     0     2   -65.0  -42.789  -53.743     11.7   1001.9
     2     1    19    11     7    10     0     2   -65.0  -43.099  -53.191    122.0    989.3
     3     1    19    11     7    10     0     2   -65.0  -42.195  -57.964   2482.5    740.8
     4     1    19    11     7    10     0     2   -65.0  -33.096  -58.955   2709.1    731.3
     5     1    19    11     7    10     0     2   -65.0  -40.762  -58.050   1188.8    872.0
     1     1    19    11     7     9     0     3   -66.0  -42.868  -54.147      8.8   1001.3
     2     1    19    11     7     9     0     3   -66.0  -43.246  -53.717    125.4    986.8
     3     1    19    11     7     9     0     3   -66.0  -42.529  -58.891   2631.2    730.6
     4     1    19    11     7     9     0     3   -66.0  -33.283  -59.009   2712.4    733.6
     5     1    19    11     7     9     0     3   -66.0  -41.095  -58.499   1249.2    869.5
     1     1    19    11     7     8     0     2   -67.0  -42.914  -54.592      5.6   1002.3
     2     1    19    11     7     8     0     2   -67.0  -43.345  -54.251    102.6    989.8
     3     1    19    11     7     8     0     2   -67.0  -42.886  -59.913   3039.4    693.2
     4     1    19    11     7     8     0     2   -67.0  -33.468  -59.093   2705.7    735.3
     5     1    19    11     7     8     0     2   -67.0  -41.444  -59.003   1381.8    852.7
     1     1    19    11     7     7     0     1   -68.0  -42.994  -55.033      3.6   1003.3
     2     1    19    11     7     7     0     1   -68.0  -43.453  -54.774     83.3    992.2
     3     1    19    11     7     7     0     1   -68.0  -43.265  -61.113   3395.7    654.5
     4     1    19    11     7     7     0     1   -68.0  -33.638  -59.212   2741.1    732.3
     5     1    19    11     7     7     0     1   -68.0  -41.816  -59.517   1459.7    843.6
     1     1    19    11     7     6     0     0   -69.0  -43.092  -55.423      4.2   1002.9
     2     1    19    11     7     6     0     0   -69.0  -43.510  -55.276     73.7    992.8
     3     1    19    11     7     6     0     0   -69.0  -43.695  -62.421   3545.6    643.7
     4     1    19    11     7     6     0     0   -69.0  -33.815  -59.362   2823.2    725.0
     5     1    19    11     7     6     0     0   -69.0  -42.196  -60.003   1493.2    839.4
     1     1    19    11     7     5     0     1   -70.0  -43.142  -55.763      6.0   1002.7
     2     1    19    11     7     5     0     1   -70.0  -43.517  -55.742     63.9    994.4
     3     1    19    11     7     5     0     1   -70.0  -44.136  -63.816   3631.3    639.7
     4     1    19    11     7     5     0     1   -70.0  -34.025  -59.520   2922.8    715.5
     5     1    19    11     7     5     0     1   -70.0  -42.589  -60.575   1495.8    840.2
     1     1    19    11     7     4     0     2   -71.0  -43.113  -56.071      7.5   1002.8
     2     1    19    11     7     4     0     2   -71.0  -43.484  -56.160     54.1    996.4
     3     1    19    11     7     4     0     2   -71.0  -44.523  -65.155   3806.1    621.0
     4     1    19    11     7     4     0     2   -71.0  -34.263  -59.693   2997.3    709.3
     5     1    19    11     7     4     0     2   -71.0  -42.969  -61.283   1578.6    830.7
     1     1    19    11     7     3     0     3   -72.0  -43.029  -56.373      7.0   1002.9
     2     1    19    11     7     3     0     3   -72.0  -43.425  -56.537     45.0    997.7
     3     1    19    11     7     3     0     3   -72.0  -44.881  -66.493   3939.4    592.7
     4     1    19    11     7     3     0     3   -72.0  -34.540  -59.904   3099.0    701.7
     5     1    19    11     7     3     0     3   -72.0  -43.303  -62.066   1673.2    819.9
