     7     1
    GDAS    19    12    29     0     0
    GDAS    20     1     1     0     0
    GDAS    20     1     8     0     0
    GDAS    20     1    15     0     0
    GDAS    20     1    22     0     0
    GDAS    20     1    29     0     0
    GDAS    20     2     1     0     0
     5 BACKWARD OMEGA   
    20     1    14     3  -34.572  -58.513    10.0
    20     1    14     3  -34.572  -58.513   200.0
    20     1    14     3  -34.572  -58.513   500.0
    20     1    14     3  -34.572  -58.513  1000.0
    20     1    14     3  -34.572  -58.513  2000.0
     1 PRESSURE
     1     1    20     1    14     3     0     3     0.0  -34.572  -58.513     10.0   1007.0
     2     1    20     1    14     3     0     3     0.0  -34.572  -58.513    200.0    985.7
     3     1    20     1    14     3     0     3     0.0  -34.572  -58.513    500.0    952.5
     4     1    20     1    14     3     0     3     0.0  -34.572  -58.513   1000.0    899.5
     5     1    20     1    14     3     0     3     0.0  -34.572  -58.513   2000.0    800.6
     1     1    20     1    14     2     0     2    -1.0  -34.525  -58.331      9.9   1006.7
     2     1    20     1    14     2     0     2    -1.0  -34.372  -58.143    208.9    981.7
     3     1    20     1    14     2     0     2    -1.0  -34.220  -58.131    540.1    944.1
     4     1    20     1    14     2     0     2    -1.0  -34.197  -58.341   1042.6    891.4
     5     1    20     1    14     2     0     2    -1.0  -34.238  -58.634   1990.8    797.9
     1     1    20     1    14     1     0     1    -2.0  -34.486  -58.152      9.2   1006.5
     2     1    20     1    14     1     0     1    -2.0  -34.160  -57.786    187.2    977.3
     3     1    20     1    14     1     0     1    -2.0  -33.910  -57.777    543.3    936.5
     4     1    20     1    14     1     0     1    -2.0  -33.886  -58.149   1093.8    887.0
     5     1    20     1    14     1     0     1    -2.0  -33.901  -58.678   1954.9    804.7
     1     1    20     1    14     0     0     0    -3.0  -34.460  -57.981      7.1   1006.3
     2     1    20     1    14     0     0     0    -3.0  -33.986  -57.483    110.4    982.6
     3     1    20     1    14     0     0     0    -3.0  -33.662  -57.428    456.5    944.3
     4     1    20     1    14     0     0     0    -3.0  -33.625  -57.937   1187.1    880.3
     5     1    20     1    14     0     0     0    -3.0  -33.576  -58.642   1972.9    808.3
     1     1    20     1    13    23     0     1    -4.0  -34.435  -57.811      4.0   1005.1
     2     1    20     1    13    23     0     1    -4.0  -33.904  -57.279     58.6    995.3
     3     1    20     1    13    23     0     1    -4.0  -33.490  -57.083    353.5    964.5
     4     1    20     1    13    23     0     1    -4.0  -33.393  -57.741   1244.2    865.6
     5     1    20     1    13    23     0     1    -4.0  -33.268  -58.573   1994.5    798.7
     1     1    20     1    13    22     0     2    -5.0  -34.401  -57.629      0.5   1003.8
     2     1    20     1    13    22     0     2    -5.0  -33.848  -57.107     37.3    993.8
     3     1    20     1    13    22     0     2    -5.0  -33.372  -56.787    324.8    967.6
     4     1    20     1    13    22     0     2    -5.0  -33.199  -57.552   1239.5    872.3
     5     1    20     1    13    22     0     2    -5.0  -32.990  -58.466   1923.3    804.9
     1     1    20     1    13    21     0     3    -6.0  -34.363  -57.435      0.0   1002.4
     2     1    20     1    13    21     0     3    -6.0  -33.797  -56.944     34.2    993.0
     3     1    20     1    13    21     0     3    -6.0  -33.293  -56.558    321.9    962.0
     4     1    20     1    13    21     0     3    -6.0  -33.051  -57.376   1299.0    872.6
     5     1    20     1    13    21     0     3    -6.0  -32.763  -58.309   1706.6    823.0
     1     1    20     1    13    20     0     2    -7.0  -34.333  -57.230      0.0   1002.1
     2     1    20     1    13    20     0     2    -7.0  -33.746  -56.784     39.6    993.8
     3     1    20     1    13    20     0     2    -7.0  -33.235  -56.368    286.0    965.9
     4     1    20     1    13    20     0     2    -7.0  -32.921  -57.232   1442.6    854.5
     5     1    20     1    13    20     0     2    -7.0  -32.578  -58.116   1407.5    862.4
     1     1    20     1    13    19     0     1    -8.0  -34.325  -57.016      0.0   1002.4
     2     1    20     1    13    19     0     1    -8.0  -33.699  -56.624     42.6    995.3
     3     1    20     1    13    19     0     1    -8.0  -33.185  -56.182    216.7    977.0
     4     1    20     1    13    19     0     1    -8.0  -32.785  -57.123   1605.3    833.3
     5     1    20     1    13    19     0     1    -8.0  -32.413  -57.911   1186.9    890.0
     1     1    20     1    13    18     0     0    -9.0  -34.340  -56.801      0.0   1004.4
     2     1    20     1    13    18     0     0    -9.0  -33.660  -56.468     42.0    997.0
     3     1    20     1    13    18     0     0    -9.0  -33.146  -56.006    153.8    987.8
     4     1    20     1    13    18     0     0    -9.0  -32.651  -57.043   1735.6    818.0
     5     1    20     1    13    18     0     0    -9.0  -32.264  -57.701   1100.3    896.7
     1     1    20     1    13    17     0     1   -10.0  -34.356  -56.592      0.0   1006.3
     2     1    20     1    13    17     0     1   -10.0  -33.625  -56.311     40.2    998.7
     3     1    20     1    13    17     0     1   -10.0  -33.116  -55.839    114.2    990.7
     4     1    20     1    13    17     0     1   -10.0  -32.522  -56.978   1831.6    808.8
     5     1    20     1    13    17     0     1   -10.0  -32.115  -57.490   1109.3    888.0
     1     1    20     1    13    16     0     2   -11.0  -34.358  -56.390      0.5   1007.9
     2     1    20     1    13    16     0     2   -11.0  -33.589  -56.155     39.5   1000.0
     3     1    20     1    13    16     0     2   -11.0  -33.090  -55.674     93.5    990.3
     4     1    20     1    13    16     0     2   -11.0  -32.399  -56.914   1898.2    801.1
     5     1    20     1    13    16     0     2   -11.0  -31.963  -57.279   1134.2    878.6
     1     1    20     1    13    15     0     3   -12.0  -34.346  -56.201      1.9   1009.3
     2     1    20     1    13    15     0     3   -12.0  -33.552  -56.003     39.3   1001.2
     3     1    20     1    13    15     0     3   -12.0  -33.070  -55.512     80.8    989.7
     4     1    20     1    13    15     0     3   -12.0  -32.285  -56.850   1931.6    797.9
     5     1    20     1    13    15     0     3   -12.0  -31.813  -57.064   1131.0    875.3
     1     1    20     1    13    14     0     2   -13.0  -34.320  -56.024      3.4   1009.9
     2     1    20     1    13    14     0     2   -13.0  -33.512  -55.850     38.5    999.6
     3     1    20     1    13    14     0     2   -13.0  -33.055  -55.344     71.2    988.7
     4     1    20     1    13    14     0     2   -13.0  -32.182  -56.782   1938.2    797.0
     5     1    20     1    13    14     0     2   -13.0  -31.654  -56.842   1121.0    877.4
     1     1    20     1    13    13     0     1   -14.0  -34.279  -55.857      4.2   1008.7
     2     1    20     1    13    13     0     1   -14.0  -33.469  -55.685     36.5    997.9
     3     1    20     1    13    13     0     1   -14.0  -33.044  -55.167     62.6    987.5
     4     1    20     1    13    13     0     1   -14.0  -32.088  -56.709   1924.1    798.2
     5     1    20     1    13    13     0     1   -14.0  -31.481  -56.614   1126.9    874.6
     1     1    20     1    13    12     0     0   -15.0  -34.225  -55.699      4.0   1006.9
     2     1    20     1    13    12     0     0   -15.0  -33.425  -55.513     33.0    996.2
     3     1    20     1    13    12     0     0   -15.0  -33.036  -54.990     54.2    986.8
     4     1    20     1    13    12     0     0   -15.0  -32.007  -56.631   1895.7    800.8
     5     1    20     1    13    12     0     0   -15.0  -31.304  -56.375   1126.7    870.0
     1     1    20     1    13    11     0     1   -16.0  -34.176  -55.552      3.4   1004.4
     2     1    20     1    13    11     0     1   -16.0  -33.396  -55.342     29.8    994.1
     3     1    20     1    13    11     0     1   -16.0  -33.046  -54.822     47.8    991.0
     4     1    20     1    13    11     0     1   -16.0  -31.939  -56.545   1862.1    804.0
     5     1    20     1    13    11     0     1   -16.0  -31.142  -56.122   1122.9    867.7
     1     1    20     1    13    10     0     2   -17.0  -34.146  -55.420      3.3   1002.3
     2     1    20     1    13    10     0     2   -17.0  -33.394  -55.182     28.1    991.9
     3     1    20     1    13    10     0     2   -17.0  -33.082  -54.669     44.4    994.2
     4     1    20     1    13    10     0     2   -17.0  -31.882  -56.453   1833.4    806.0
     5     1    20     1    13    10     0     2   -17.0  -31.013  -55.861   1137.8    864.8
     1     1    20     1    13     9     0     3   -18.0  -34.134  -55.303      3.7   1000.7
     2     1    20     1    13     9     0     3   -18.0  -33.418  -55.028     27.6    989.8
     3     1    20     1    13     9     0     3   -18.0  -33.143  -54.539     43.9    996.3
     4     1    20     1    13     9     0     3   -18.0  -31.840  -56.353   1813.5    807.0
     5     1    20     1    13     9     0     3   -18.0  -30.911  -55.600   1157.6    864.9
     1     1    20     1    13     8     0     2   -19.0  -34.139  -55.197      4.2    999.6
     2     1    20     1    13     8     0     2   -19.0  -33.459  -54.885     27.6    991.1
     3     1    20     1    13     8     0     2   -19.0  -33.214  -54.428     44.5    998.1
     4     1    20     1    13     8     0     2   -19.0  -31.798  -56.242   1799.0    807.2
     5     1    20     1    13     8     0     2   -19.0  -30.820  -55.330   1159.7    868.1
     1     1    20     1    13     7     0     1   -20.0  -34.160  -55.096      4.3    999.1
     2     1    20     1    13     7     0     1   -20.0  -33.505  -54.758     27.1    993.4
     3     1    20     1    13     7     0     1   -20.0  -33.284  -54.332     43.7    999.8
     4     1    20     1    13     7     0     1   -20.0  -31.746  -56.116   1785.7    807.6
     5     1    20     1    13     7     0     1   -20.0  -30.735  -55.044   1143.8    874.2
     1     1    20     1    13     6     0     0   -21.0  -34.195  -55.000      4.1    999.1
     2     1    20     1    13     6     0     0   -21.0  -33.557  -54.647     25.9    995.4
     3     1    20     1    13     6     0     0   -21.0  -33.356  -54.247     41.2   1001.5
     4     1    20     1    13     6     0     0   -21.0  -31.691  -55.979   1776.0    807.5
     5     1    20     1    13     6     0     0   -21.0  -30.671  -54.743   1149.1    874.5
     1     1    20     1    13     5     0     1   -22.0  -34.241  -54.899      3.7   1001.0
     2     1    20     1    13     5     0     1   -22.0  -33.616  -54.541     24.4    997.7
     3     1    20     1    13     5     0     1   -22.0  -33.433  -54.167     38.5   1003.3
     4     1    20     1    13     5     0     1   -22.0  -31.645  -55.834   1779.6    808.3
     5     1    20     1    13     5     0     1   -22.0  -30.654  -54.451   1199.4    864.3
     1     1    20     1    13     4     0     2   -23.0  -34.294  -54.786      3.2   1003.0
     2     1    20     1    13     4     0     2   -23.0  -33.684  -54.430     23.8    999.8
     3     1    20     1    13     4     0     2   -23.0  -33.517  -54.085     38.0   1004.6
     4     1    20     1    13     4     0     2   -23.0  -31.614  -55.688   1797.3    806.8
     5     1    20     1    13     4     0     2   -23.0  -30.681  -54.183   1277.6    853.0
     1     1    20     1    13     3     0     3   -24.0  -34.353  -54.666      2.9   1005.1
     2     1    20     1    13     3     0     3   -24.0  -33.760  -54.319     25.0   1001.4
     3     1    20     1    13     3     0     3   -24.0  -33.610  -54.002     41.3   1005.5
     4     1    20     1    13     3     0     3   -24.0  -31.593  -55.539   1815.4    805.2
     5     1    20     1    13     3     0     3   -24.0  -30.742  -53.955   1383.7    839.4
     1     1    20     1    13     2     0     2   -25.0  -34.433  -54.541      3.2   1007.6
     2     1    20     1    13     2     0     2   -25.0  -33.854  -54.206     29.6   1002.7
     3     1    20     1    13     2     0     2   -25.0  -33.724  -53.908     48.9   1005.0
     4     1    20     1    13     2     0     2   -25.0  -31.592  -55.391   1811.6    805.1
     5     1    20     1    13     2     0     2   -25.0  -30.825  -53.773   1463.2    827.5
     1     1    20     1    13     1     0     1   -26.0  -34.543  -54.417      4.2   1010.3
     2     1    20     1    13     1     0     1   -26.0  -33.978  -54.089     39.7   1002.9
     3     1    20     1    13     1     0     1   -26.0  -33.869  -53.798     61.1   1004.0
     4     1    20     1    13     1     0     1   -26.0  -31.626  -55.242   1795.5    810.1
     5     1    20     1    13     1     0     1   -26.0  -30.914  -53.613   1453.1    829.6
     1     1    20     1    13     0     0     0   -27.0  -34.684  -54.302      5.5   1013.1
     2     1    20     1    13     0     0     0   -27.0  -34.141  -53.965     56.4   1003.8
     3     1    20     1    13     0     0     0   -27.0  -34.056  -53.680     80.8   1002.4
     4     1    20     1    13     0     0     0   -27.0  -31.688  -55.100   1826.9    810.9
     5     1    20     1    13     0     0     0   -27.0  -31.004  -53.457   1356.2    840.5
     1     1    20     1    12    23     0     1   -28.0  -34.858  -54.200      6.8   1015.1
     2     1    20     1    12    23     0     1   -28.0  -34.348  -53.845     77.1   1002.8
     3     1    20     1    12    23     0     1   -28.0  -34.287  -53.567    104.2   1000.6
     4     1    20     1    12    23     0     1   -28.0  -31.771  -54.990   1906.1    800.7
     5     1    20     1    12    23     0     1   -28.0  -31.109  -53.292   1259.9    862.0
     1     1    20     1    12    22     0     2   -29.0  -35.070  -54.116      7.9   1016.8
     2     1    20     1    12    22     0     2   -29.0  -34.597  -53.743     97.7   1001.9
     3     1    20     1    12    22     0     2   -29.0  -34.554  -53.476    124.0    999.7
     4     1    20     1    12    22     0     2   -29.0  -31.866  -54.917   1995.8    790.3
     5     1    20     1    12    22     0     2   -29.0  -31.233  -53.152   1254.4    866.4
     1     1    20     1    12    21     0     3   -30.0  -35.312  -54.054      8.8   1016.8
     2     1    20     1    12    21     0     3   -30.0  -34.874  -53.670    115.3   1001.7
     3     1    20     1    12    21     0     3   -30.0  -34.843  -53.414    142.4    999.1
     4     1    20     1    12    21     0     3   -30.0  -31.979  -54.872   2090.1    781.9
     5     1    20     1    12    21     0     3   -30.0  -31.365  -53.055   1338.9    859.3
     1     1    20     1    12    20     0     2   -31.0  -35.566  -54.029      9.7   1017.1
     2     1    20     1    12    20     0     2   -31.0  -35.158  -53.638    130.2   1001.4
     3     1    20     1    12    20     0     2   -31.0  -35.134  -53.396    161.5    997.5
     4     1    20     1    12    20     0     2   -31.0  -32.106  -54.860   2207.5    772.3
     5     1    20     1    12    20     0     2   -31.0  -31.495  -53.011   1462.7    845.1
     1     1    20     1    12    19     0     1   -32.0  -35.812  -54.043     10.6   1017.3
     2     1    20     1    12    19     0     1   -32.0  -35.433  -53.650    142.6   1000.4
     3     1    20     1    12    19     0     1   -32.0  -35.413  -53.421    177.5    995.5
     4     1    20     1    12    19     0     1   -32.0  -32.241  -54.898   2357.6    758.6
     5     1    20     1    12    19     0     1   -32.0  -31.627  -53.016   1581.7    833.3
     1     1    20     1    12    18     0     0   -33.0  -36.051  -54.090     11.6   1017.4
     2     1    20     1    12    18     0     0   -33.0  -35.702  -53.699    153.0    999.4
     3     1    20     1    12    18     0     0   -33.0  -35.687  -53.483    188.6    994.6
     4     1    20     1    12    18     0     0   -33.0  -32.373  -55.012   2552.0    740.6
     5     1    20     1    12    18     0     0   -33.0  -31.771  -53.057   1681.8    824.6
     1     1    20     1    12    17     0     1   -34.0  -36.286  -54.158     12.9   1017.1
     2     1    20     1    12    17     0     1   -34.0  -35.964  -53.771    166.4    998.1
     3     1    20     1    12    17     0     1   -34.0  -35.955  -53.567    199.9    993.6
     4     1    20     1    12    17     0     1   -34.0  -32.479  -55.203   2716.6    719.3
     5     1    20     1    12    17     0     1   -34.0  -31.931  -53.119   1759.0    817.6
     1     1    20     1    12    16     0     2   -35.0  -36.520  -54.237     14.6   1016.7
     2     1    20     1    12    16     0     2   -35.0  -36.222  -53.858    187.9    995.1
     3     1    20     1    12    16     0     2   -35.0  -36.218  -53.664    217.3    991.5
     4     1    20     1    12    16     0     2   -35.0  -32.557  -55.419   2801.7    715.3
     5     1    20     1    12    16     0     2   -35.0  -32.106  -53.189   1822.4    813.6
     1     1    20     1    12    15     0     3   -36.0  -36.753  -54.333     16.1   1016.3
     2     1    20     1    12    15     0     3   -36.0  -36.477  -53.964    214.1    991.3
     3     1    20     1    12    15     0     3   -36.0  -36.480  -53.780    239.0    988.4
     4     1    20     1    12    15     0     3   -36.0  -32.617  -55.646   2821.0    715.1
     5     1    20     1    12    15     0     3   -36.0  -32.300  -53.268   1875.3    809.1
     1     1    20     1    12    14     0     2   -37.0  -36.979  -54.450     17.0   1015.4
     2     1    20     1    12    14     0     2   -37.0  -36.729  -54.096    236.1    988.2
     3     1    20     1    12    14     0     2   -37.0  -36.737  -53.922    258.5    985.9
     4     1    20     1    12    14     0     2   -37.0  -32.670  -55.865   2799.2    721.0
     5     1    20     1    12    14     0     2   -37.0  -32.506  -53.366   1922.6    807.3
     1     1    20     1    12    13     0     1   -38.0  -37.191  -54.587     17.3   1014.5
     2     1    20     1    12    13     0     1   -38.0  -36.970  -54.253    251.2    986.7
     3     1    20     1    12    13     0     1   -38.0  -36.984  -54.089    273.8    984.0
     4     1    20     1    12    13     0     1   -38.0  -32.713  -56.066   2772.8    725.0
     5     1    20     1    12    13     0     1   -38.0  -32.714  -53.485   1994.7    803.7
     1     1    20     1    12    12     0     0   -39.0  -37.382  -54.742     17.4   1013.8
     2     1    20     1    12    12     0     0   -39.0  -37.194  -54.435    268.2    985.5
     3     1    20     1    12    12     0     0   -39.0  -37.213  -54.282    293.4    982.4
     4     1    20     1    12    12     0     0   -39.0  -32.747  -56.250   2753.5    727.2
     5     1    20     1    12    12     0     0   -39.0  -32.920  -53.628   2114.7    795.0
     1     1    20     1    12    11     0     1   -40.0  -37.548  -54.910     17.6   1013.4
     2     1    20     1    12    11     0     1   -40.0  -37.397  -54.637    288.0    981.3
     3     1    20     1    12    11     0     1   -40.0  -37.423  -54.494    317.6    977.5
     4     1    20     1    12    11     0     1   -40.0  -32.780  -56.415   2736.8    727.3
     5     1    20     1    12    11     0     1   -40.0  -33.127  -53.800   2259.4    778.6
     1     1    20     1    12    10     0     2   -41.0  -37.691  -55.087     18.0   1013.0
     2     1    20     1    12    10     0     2   -41.0  -37.578  -54.849    301.1    978.3
     3     1    20     1    12    10     0     2   -41.0  -37.610  -54.716    333.5    974.3
     4     1    20     1    12    10     0     2   -41.0  -32.827  -56.563   2705.6    729.4
     5     1    20     1    12    10     0     2   -41.0  -33.334  -53.995   2394.3    762.9
     1     1    20     1    12     9     0     3   -42.0  -37.812  -55.274     18.5   1012.6
     2     1    20     1    12     9     0     3   -42.0  -37.733  -55.064    303.7    977.0
     3     1    20     1    12     9     0     3   -42.0  -37.772  -54.938    335.2    972.8
     4     1    20     1    12     9     0     3   -42.0  -32.894  -56.693   2647.7    733.9
     5     1    20     1    12     9     0     3   -42.0  -33.548  -54.219   2501.9    746.5
     1     1    20     1    12     8     0     2   -43.0  -37.925  -55.454     18.9   1012.0
     2     1    20     1    12     8     0     2   -43.0  -37.877  -55.271    302.4    978.0
     3     1    20     1    12     8     0     2   -43.0  -37.923  -55.149    329.9    974.5
     4     1    20     1    12     8     0     2   -43.0  -32.980  -56.811   2598.7    742.2
     5     1    20     1    12     8     0     2   -43.0  -33.783  -54.488   2537.1    735.2
     1     1    20     1    12     7     0     1   -44.0  -38.045  -55.609     19.1   1011.7
     2     1    20     1    12     7     0     1   -44.0  -38.028  -55.455    303.5    977.8
     3     1    20     1    12     7     0     1   -44.0  -38.081  -55.340    328.2    975.0
     4     1    20     1    12     7     0     1   -44.0  -33.072  -56.921   2604.7    742.2
     5     1    20     1    12     7     0     1   -44.0  -34.024  -54.772   2453.7    737.7
     1     1    20     1    12     6     0     0   -45.0  -38.176  -55.738     19.5   1011.4
     2     1    20     1    12     6     0     0   -45.0  -38.193  -55.614    312.3    977.2
     3     1    20     1    12     6     0     0   -45.0  -38.255  -55.507    337.0    974.2
     4     1    20     1    12     6     0     0   -45.0  -33.164  -57.025   2672.2    735.3
     5     1    20     1    12     6     0     0   -45.0  -34.239  -55.005   2274.7    757.6
     1     1    20     1    12     5     0     1   -46.0  -38.321  -55.853     20.4   1010.2
     2     1    20     1    12     5     0     1   -46.0  -38.392  -55.765    323.6    974.1
     3     1    20     1    12     5     0     1   -46.0  -38.463  -55.668    350.9    971.0
     4     1    20     1    12     5     0     1   -46.0  -33.268  -57.129   2762.2    724.2
     5     1    20     1    12     5     0     1   -46.0  -34.426  -55.188   2112.5    786.4
     1     1    20     1    12     4     0     2   -47.0  -38.488  -55.970     21.4   1009.0
     2     1    20     1    12     4     0     2   -47.0  -38.640  -55.926    334.0    973.0
     3     1    20     1    12     4     0     2   -47.0  -38.722  -55.843    368.3    969.3
     4     1    20     1    12     4     0     2   -47.0  -33.390  -57.237   2826.8    718.2
     5     1    20     1    12     4     0     2   -47.0  -34.616  -55.374   2015.0    796.8
     1     1    20     1    12     3     0     3   -48.0  -38.695  -56.095     22.8   1008.0
     2     1    20     1    12     3     0     3   -48.0  -38.952  -56.111    360.5    970.6
     3     1    20     1    12     3     0     3   -48.0  -39.043  -56.046    409.8    965.6
     4     1    20     1    12     3     0     3   -48.0  -33.519  -57.349   2856.6    715.1
     5     1    20     1    12     3     0     3   -48.0  -34.821  -55.544   1927.3    805.6
     1     1    20     1    12     2     0     2   -49.0  -38.941  -56.248     26.5   1007.8
     2     1    20     1    12     2     0     2   -49.0  -39.308  -56.347    415.9    964.3
     3     1    20     1    12     2     0     2   -49.0  -39.404  -56.299    475.6    956.7
     4     1    20     1    12     2     0     2   -49.0  -33.649  -57.476   2850.4    715.8
     5     1    20     1    12     2     0     2   -49.0  -35.035  -55.691   1867.1    818.3
     1     1    20     1    12     1     0     1   -50.0  -39.204  -56.445     34.3   1006.9
     2     1    20     1    12     1     0     1   -50.0  -39.674  -56.639    491.4    955.0
     3     1    20     1    12     1     0     1   -50.0  -39.771  -56.606    556.0    947.5
     4     1    20     1    12     1     0     1   -50.0  -33.776  -57.625   2813.7    719.4
     5     1    20     1    12     1     0     1   -50.0  -35.254  -55.846   1895.8    817.6
     1     1    20     1    12     0     0     0   -51.0  -39.474  -56.683     44.3   1005.9
     2     1    20     1    12     0     0     0   -51.0  -40.045  -56.982    601.8    944.2
     3     1    20     1    12     0     0     0   -51.0  -40.144  -56.961    665.9    936.6
     4     1    20     1    12     0     0     0   -51.0  -33.896  -57.782   2752.2    725.1
     5     1    20     1    12     0     0     0   -51.0  -35.507  -56.026   2032.8    803.5
     1     1    20     1    11    23     0     1   -52.0  -39.742  -56.982     54.3   1004.1
     2     1    20     1    11    23     0     1   -52.0  -40.417  -57.406    712.7    924.4
     3     1    20     1    11    23     0     1   -52.0  -40.521  -57.394    765.7    918.4
     4     1    20     1    11    23     0     1   -52.0  -34.009  -57.939   2683.2    732.3
     5     1    20     1    11    23     0     1   -52.0  -35.828  -56.286   2183.8    780.4
     1     1    20     1    11    22     0     2   -53.0  -40.001  -57.355     64.8   1002.1
     2     1    20     1    11    22     0     2   -53.0  -40.786  -57.901    769.3    919.1
     3     1    20     1    11    22     0     2   -53.0  -40.890  -57.895    812.8    914.6
     4     1    20     1    11    22     0     2   -53.0  -34.127  -58.106   2644.5    738.8
     5     1    20     1    11    22     0     2   -53.0  -36.173  -56.648   2285.2    771.6
     1     1    20     1    11    21     0     3   -54.0  -40.255  -57.786     77.0    999.5
     2     1    20     1    11    21     0     3   -54.0  -41.153  -58.430    802.6    916.1
     3     1    20     1    11    21     0     3   -54.0  -41.255  -58.419    841.1    912.1
     4     1    20     1    11    21     0     3   -54.0  -34.271  -58.296   2674.6    739.1
     5     1    20     1    11    21     0     3   -54.0  -36.488  -57.071   2384.0    764.7
     1     1    20     1    11    20     0     2   -55.0  -40.491  -58.232     88.6    997.6
     2     1    20     1    11    20     0     2   -55.0  -41.495  -58.945    815.2    913.6
     3     1    20     1    11    20     0     2   -55.0  -41.593  -58.926    851.5    909.7
     4     1    20     1    11    20     0     2   -55.0  -34.441  -58.540   2763.1    730.7
     5     1    20     1    11    20     0     2   -55.0  -36.772  -57.534   2477.4    753.7
     1     1    20     1    11    19     0     1   -56.0  -40.702  -58.662     97.2    996.2
     2     1    20     1    11    19     0     1   -56.0  -41.794  -59.449    813.5    915.1
     3     1    20     1    11    19     0     1   -56.0  -41.888  -59.431    847.4    911.4
     4     1    20     1    11    19     0     1   -56.0  -34.633  -58.843   2872.1    722.5
     5     1    20     1    11    19     0     1   -56.0  -37.063  -58.040   2554.9    747.0
     1     1    20     1    11    18     0     0   -57.0  -40.903  -59.079    101.2    995.5
     2     1    20     1    11    18     0     0   -57.0  -42.064  -59.977    811.3    915.2
     3     1    20     1    11    18     0     0   -57.0  -42.160  -59.954    842.6    911.8
     4     1    20     1    11    18     0     0   -57.0  -34.842  -59.187   2994.9    712.3
     5     1    20     1    11    18     0     0   -57.0  -37.345  -58.610   2662.9    733.7
     1     1    20     1    11    17     0     1   -58.0  -41.095  -59.480    104.4    995.3
     2     1    20     1    11    17     0     1   -58.0  -42.320  -60.470    815.4    915.1
     3     1    20     1    11    17     0     1   -58.0  -42.418  -60.434    844.3    912.1
     4     1    20     1    11    17     0     1   -58.0  -35.042  -59.575   3127.1    700.4
     5     1    20     1    11    17     0     1   -58.0  -37.576  -59.234   2774.2    712.2
     1     1    20     1    11    16     0     2   -59.0  -41.285  -59.863    108.0    994.1
     2     1    20     1    11    16     0     2   -59.0  -42.568  -60.890    835.6    913.2
     3     1    20     1    11    16     0     2   -59.0  -42.665  -60.849    865.1    910.2
     4     1    20     1    11    16     0     2   -59.0  -35.237  -59.995   3271.2    686.9
     5     1    20     1    11    16     0     2   -59.0  -37.768  -59.852   2809.7    704.5
     1     1    20     1    11    15     0     3   -60.0  -41.483  -60.231    110.2    993.4
     2     1    20     1    11    15     0     3   -60.0  -42.808  -61.287    879.6    907.9
     3     1    20     1    11    15     0     3   -60.0  -42.902  -61.253    915.7    904.2
     4     1    20     1    11    15     0     3   -60.0  -35.440  -60.432   3435.1    670.1
     5     1    20     1    11    15     0     3   -60.0  -37.947  -60.479   2841.7    705.7
     1     1    20     1    11    14     0     2   -61.0  -41.677  -60.600    112.7    993.2
     2     1    20     1    11    14     0     2   -61.0  -43.055  -61.669    928.8    900.3
     3     1    20     1    11    14     0     2   -61.0  -43.147  -61.641    966.3    895.1
     4     1    20     1    11    14     0     2   -61.0  -35.639  -60.895   3591.1    652.5
     5     1    20     1    11    14     0     2   -61.0  -38.092  -61.134   2891.7    697.3
     1     1    20     1    11    13     0     1   -62.0  -41.878  -60.978    123.6    992.8
     2     1    20     1    11    13     0     1   -62.0  -43.322  -62.012    961.1    896.5
     3     1    20     1    11    13     0     1   -62.0  -43.412  -61.984    993.1    893.1
     4     1    20     1    11    13     0     1   -62.0  -35.842  -61.371   3710.1    642.9
     5     1    20     1    11    13     0     1   -62.0  -38.225  -61.808   2936.4    686.6
     1     1    20     1    11    12     0     0   -63.0  -42.120  -61.369    143.3    989.9
     2     1    20     1    11    12     0     0   -63.0  -43.611  -62.339    996.7    894.5
     3     1    20     1    11    12     0     0   -63.0  -43.698  -62.320   1028.2    891.3
     4     1    20     1    11    12     0     0   -63.0  -36.045  -61.843   3793.6    636.1
     5     1    20     1    11    12     0     0   -63.0  -38.371  -62.524   3029.7    688.6
     1     1    20     1    11    11     0     1   -64.0  -42.344  -61.790    148.9    987.1
     2     1    20     1    11    11     0     1   -64.0  -43.915  -62.692   1044.2    887.3
     3     1    20     1    11    11     0     1   -64.0  -43.995  -62.683   1078.5    883.6
     4     1    20     1    11    11     0     1   -64.0  -36.237  -62.336   3831.0    630.6
     5     1    20     1    11    11     0     1   -64.0  -38.501  -63.236   3113.9    686.7
     1     1    20     1    11    10     0     2   -65.0  -42.502  -62.237    140.3    989.1
     2     1    20     1    11    10     0     2   -65.0  -44.227  -63.059   1081.6    881.7
     3     1    20     1    11    10     0     2   -65.0  -44.303  -63.055   1121.8    877.8
     4     1    20     1    11    10     0     2   -65.0  -36.425  -62.859   3839.8    630.2
     5     1    20     1    11    10     0     2   -65.0  -38.626  -63.905   3167.1    683.7
     1     1    20     1    11     9     0     3   -66.0  -42.635  -62.713    135.0    989.5
     2     1    20     1    11     9     0     3   -66.0  -44.576  -63.457   1106.5    878.7
     3     1    20     1    11     9     0     3   -66.0  -44.649  -63.460   1161.3    873.5
     4     1    20     1    11     9     0     3   -66.0  -36.627  -63.395   3829.1    627.4
     5     1    20     1    11     9     0     3   -66.0  -38.764  -64.568   3176.3    675.9
     1     1    20     1    11     8     0     2   -67.0  -42.776  -63.209    133.6    989.4
     2     1    20     1    11     8     0     2   -67.0  -44.983  -63.923   1141.5    876.7
     3     1    20     1    11     8     0     2   -67.0  -45.048  -63.926   1208.8    868.9
     4     1    20     1    11     8     0     2   -67.0  -36.839  -63.943   3804.3    629.6
     5     1    20     1    11     8     0     2   -67.0  -38.889  -65.223   3160.1    679.0
     1     1    20     1    11     7     0     1   -68.0  -42.919  -63.715    126.4    990.0
     2     1    20     1    11     7     0     1   -68.0  -45.401  -64.421   1179.7    869.7
     3     1    20     1    11     7     0     1   -68.0  -45.450  -64.417   1246.8    862.5
     4     1    20     1    11     7     0     1   -68.0  -37.036  -64.524   3775.8    624.9
     5     1    20     1    11     7     0     1   -68.0  -39.000  -65.882   3211.0    676.4
     1     1    20     1    11     6     0     0   -69.0  -43.043  -64.247    124.1    989.6
     2     1    20     1    11     6     0     0   -69.0  -45.798  -64.980   1251.6    867.7
     3     1    20     1    11     6     0     0   -69.0  -45.834  -64.965   1315.5    860.4
     4     1    20     1    11     6     0     0   -69.0  -37.195  -65.146   3719.9    620.0
     5     1    20     1    11     6     0     0   -69.0  -39.098  -66.589   3285.3    658.9
     1     1    20     1    11     5     0     1   -70.0  -43.165  -64.831    151.8    983.7
     2     1    20     1    11     5     0     1   -70.0  -46.188  -65.589   1339.8    850.2
     3     1    20     1    11     5     0     1   -70.0  -46.215  -65.558   1396.0    844.4
     4     1    20     1    11     5     0     1   -70.0  -37.313  -65.770   3696.0    631.9
     5     1    20     1    11     5     0     1   -70.0  -39.149  -67.308   3243.1    655.1
     1     1    20     1    11     4     0     2   -71.0  -43.327  -65.473    219.2    968.4
     2     1    20     1    11     4     0     2   -71.0  -46.600  -66.227   1412.2    845.4
     3     1    20     1    11     4     0     2   -71.0  -46.625  -66.181   1459.8    840.9
     4     1    20     1    11     4     0     2   -71.0  -37.420  -66.383   3713.4    628.9
     5     1    20     1    11     4     0     2   -71.0  -39.109  -67.995   3151.7    665.4
     1     1    20     1    11     3     0     3   -72.0  -43.518  -66.189    314.6    947.3
     2     1    20     1    11     3     0     3   -72.0  -47.029  -66.947   1606.9    823.0
     3     1    20     1    11     3     0     3   -72.0  -47.053  -66.881   1626.1    819.9
     4     1    20     1    11     3     0     3   -72.0  -37.537  -67.000   3786.7    623.0
     5     1    20     1    11     3     0     3   -72.0  -38.970  -68.673   3097.0    661.4
