     5     1
    GDAS    19     7    15     0     0
    GDAS    19     7    22     0     0
    GDAS    19     7    29     0     0
    GDAS    19     8     1     0     0
    GDAS    19     8     8     0     0
     3 BACKWARD OMEGA   
    19     8     2     3  -34.572  -58.513    10.0
    19     8     2     3  -34.572  -58.513   200.0
    19     8     2     3  -34.572  -58.513   500.0
     1 PRESSURE
     1     1    19     8     2     3     0     3     0.0  -34.572  -58.513     10.0   1014.5
     2     1    19     8     2     3     0     3     0.0  -34.572  -58.513    200.0    992.5
     3     1    19     8     2     3     0     3     0.0  -34.572  -58.513    500.0    956.3
     1     1    19     8     2     2     0     2    -1.0  -34.642  -58.696      8.2   1013.5
     2     1    19     8     2     2     0     2    -1.0  -34.774  -58.891    195.4    995.6
     3     1    19     8     2     2     0     2    -1.0  -34.937  -58.987    497.4    959.3
     1     1    19     8     2     1     0     1    -2.0  -34.699  -58.862      7.9   1012.7
     2     1    19     8     2     1     0     1    -2.0  -34.949  -59.270    201.3    992.9
     3     1    19     8     2     1     0     1    -2.0  -35.294  -59.486    506.1    955.7
     1     1    19     8     2     0     0     0    -3.0  -34.741  -59.015      8.1   1012.1
     2     1    19     8     2     0     0     0    -3.0  -35.120  -59.646    203.4    992.0
     3     1    19     8     2     0     0     0    -3.0  -35.686  -59.981    564.4    948.0
     1     1    19     8     1    23     0     1    -4.0  -34.783  -59.169      8.3   1010.5
     2     1    19     8     1    23     0     1    -4.0  -35.331  -60.013    214.1    988.1
     3     1    19     8     1    23     0     1    -4.0  -36.112  -60.473    683.8    924.6
     1     1    19     8     1    22     0     2    -5.0  -34.841  -59.336      8.3   1009.0
     2     1    19     8     1    22     0     2    -5.0  -35.593  -60.381    238.8    979.0
     3     1    19     8     1    22     0     2    -5.0  -36.551  -60.972    764.9    906.0
     1     1    19     8     1    21     0     3    -6.0  -34.917  -59.514      8.2   1007.4
     2     1    19     8     1    21     0     3    -6.0  -35.867  -60.759    269.9    971.6
     3     1    19     8     1    21     0     3    -6.0  -36.995  -61.468    831.1    902.9
     1     1    19     8     1    20     0     2    -7.0  -35.021  -59.716      8.2   1006.8
     2     1    19     8     1    20     0     2    -7.0  -36.158  -61.164    302.6    965.9
     3     1    19     8     1    20     0     2    -7.0  -37.447  -61.991    968.2    874.3
     1     1    19     8     1    19     0     1    -8.0  -35.160  -59.959      8.4   1006.0
     2     1    19     8     1    19     0     1    -8.0  -36.487  -61.589    341.9    959.6
     3     1    19     8     1    19     0     1    -8.0  -37.909  -62.559   1143.8    845.0
     1     1    19     8     1    18     0     0    -9.0  -35.341  -60.257      8.6   1004.3
     2     1    19     8     1    18     0     0    -9.0  -36.814  -62.025    397.9    951.3
     3     1    19     8     1    18     0     0    -9.0  -38.378  -63.119   1253.3    851.8
     1     1    19     8     1    17     0     1   -10.0  -35.543  -60.598      9.6   1003.3
     2     1    19     8     1    17     0     1   -10.0  -37.139  -62.480    448.9    937.9
     3     1    19     8     1    17     0     1   -10.0  -38.856  -63.650   1354.3    855.4
     1     1    19     8     1    16     0     2   -11.0  -35.737  -60.955     13.0   1002.2
     2     1    19     8     1    16     0     2   -11.0  -37.505  -62.939    461.1    933.6
     3     1    19     8     1    16     0     2   -11.0  -39.361  -64.155   1476.5    833.6
     1     1    19     8     1    15     0     3   -12.0  -35.922  -61.325     19.5   1000.7
     2     1    19     8     1    15     0     3   -12.0  -37.892  -63.379    431.4    938.4
     3     1    19     8     1    15     0     3   -12.0  -39.912  -64.589   1566.5    823.4
     1     1    19     8     1    14     0     2   -13.0  -36.094  -61.702     29.2    998.1
     2     1    19     8     1    14     0     2   -13.0  -38.270  -63.856    369.2    951.6
     3     1    19     8     1    14     0     2   -13.0  -40.527  -64.973   1556.4    821.0
     1     1    19     8     1    13     0     1   -14.0  -36.242  -62.081     41.7    995.6
     2     1    19     8     1    13     0     1   -14.0  -38.645  -64.387    324.6    961.2
     3     1    19     8     1    13     0     1   -14.0  -41.192  -65.368   1394.4    832.3
     1     1    19     8     1    12     0     0   -15.0  -36.348  -62.466     56.1    993.3
     2     1    19     8     1    12     0     0   -15.0  -39.024  -64.938    331.4    956.9
     3     1    19     8     1    12     0     0   -15.0  -41.924  -65.828   1327.9    835.5
     1     1    19     8     1    11     0     1   -16.0  -36.428  -62.839     69.7    991.4
     2     1    19     8     1    11     0     1   -16.0  -39.387  -65.503    355.8    949.7
     3     1    19     8     1    11     0     1   -16.0  -42.675  -66.330   1385.3    822.4
     1     1    19     8     1    10     0     2   -17.0  -36.507  -63.199     82.8    987.9
     2     1    19     8     1    10     0     2   -17.0  -39.766  -66.081    361.8    939.8
     3     1    19     8     1    10     0     2   -17.0  -43.343  -66.812   1389.7    833.0
     1     1    19     8     1     9     0     3   -18.0  -36.585  -63.576     91.2    983.5
     2     1    19     8     1     9     0     3   -18.0  -40.193  -66.656    438.1    933.8
     3     1    19     8     1     9     0     3   -18.0  -43.980  -67.260   1370.6    815.8
     1     1    19     8     1     8     0     2   -19.0  -36.678  -63.953     95.3    982.7
     2     1    19     8     1     8     0     2   -19.0  -40.746  -67.314    801.6    861.4
     3     1    19     8     1     8     0     2   -19.0  -44.618  -67.690   1378.6    810.1
     1     1    19     8     1     7     0     1   -20.0  -36.806  -64.333    118.8    975.4
     2     1    19     8     1     7     0     1   -20.0  -41.420  -67.986   1363.7    753.0
     3     1    19     8     1     7     0     1   -20.0  -45.272  -68.121   1471.1    794.1
     1     1    19     8     1     6     0     0   -21.0  -37.007  -64.829    226.3    955.7
     2     1    19     8     1     6     0     0   -21.0  -42.077  -68.593   2206.1    665.4
     3     1    19     8     1     6     0     0   -21.0  -45.920  -68.526   1562.2    776.3
     1     1    19     8     1     5     0     1   -22.0  -37.297  -65.557    403.1    926.1
     2     1    19     8     1     5     0     1   -22.0  -42.651  -69.151   2861.0    573.2
     3     1    19     8     1     5     0     1   -22.0  -46.552  -68.899   1609.0    771.4
     1     1    19     8     1     4     0     2   -23.0  -37.564  -66.356    451.0    927.3
     2     1    19     8     1     4     0     2   -23.0  -43.181  -69.661   2850.4    618.2
     3     1    19     8     1     4     0     2   -23.0  -47.183  -69.246   1656.2    754.0
     1     1    19     8     1     3     0     3   -24.0  -37.749  -67.183    412.7    923.9
     2     1    19     8     1     3     0     3   -24.0  -43.731  -70.132   2894.2    603.6
     3     1    19     8     1     3     0     3   -24.0  -47.777  -69.609   1714.1    746.2
     1     1    19     8     1     2     0     2   -25.0  -37.849  -68.024    456.5    916.3
     2     1    19     8     1     2     0     2   -25.0  -44.268  -70.561   2876.2    613.3
     3     1    19     8     1     2     0     2   -25.0  -48.299  -69.974   1771.3    748.7
     1     1    19     8     1     1     0     1   -26.0  -37.812  -68.920    277.6    919.3
     2     1    19     8     1     1     0     1   -26.0  -44.769  -70.972   2654.9    641.3
     3     1    19     8     1     1     0     1   -26.0  -48.769  -70.302   1913.7    743.1
     1     1    19     8     1     0     0     0   -27.0  -37.653  -69.718    457.6    851.7
     2     1    19     8     1     0     0     0   -27.0  -45.242  -71.347   2466.4    657.7
     3     1    19     8     1     0     0     0   -27.0  -49.193  -70.619   2087.3    726.1
     1     1    19     7    31    23     0     1   -28.0  -37.650  -70.723   1870.2    642.5
     2     1    19     7    31    23     0     1   -28.0  -45.676  -71.726   2529.5    639.9
     3     1    19     7    31    23     0     1   -28.0  -49.568  -70.918   2224.7    701.8
     1     1    19     7    31    22     0     2   -29.0  -37.806  -71.615   2915.2    602.1
     2     1    19     7    31    22     0     2   -29.0  -46.063  -72.030   2767.0    605.7
     3     1    19     7    31    22     0     2   -29.0  -49.889  -71.197   2341.9    684.0
     1     1    19     7    31    21     0     3   -30.0  -37.918  -72.315   2909.7    664.8
     2     1    19     7    31    21     0     3   -30.0  -46.399  -72.297   3004.4    585.3
     3     1    19     7    31    21     0     3   -30.0  -50.157  -71.461   2421.8    685.7
     1     1    19     7    31    20     0     2   -31.0  -38.040  -72.962   3051.1    685.3
     2     1    19     7    31    20     0     2   -31.0  -46.681  -72.571   3101.5    577.0
     3     1    19     7    31    20     0     2   -31.0  -50.388  -71.703   2459.9    690.5
     1     1    19     7    31    19     0     1   -32.0  -38.227  -73.607   3233.3    654.8
     2     1    19     7    31    19     0     1   -32.0  -46.916  -72.789   3046.9    588.7
     3     1    19     7    31    19     0     1   -32.0  -50.585  -71.930   2471.9    694.5
     1     1    19     7    31    18     0     0   -33.0  -38.391  -74.231   3165.1    678.0
     2     1    19     7    31    18     0     0   -33.0  -47.113  -72.912   2931.0    607.7
     3     1    19     7    31    18     0     0   -33.0  -50.750  -72.151   2466.4    694.4
     1     1    19     7    31    17     0     1   -34.0  -38.562  -74.862   3044.5    698.9
     2     1    19     7    31    17     0     1   -34.0  -47.277  -73.037   2889.8    626.1
     3     1    19     7    31    17     0     1   -34.0  -50.881  -72.383   2465.8    691.8
     1     1    19     7    31    16     0     2   -35.0  -38.767  -75.516   2989.2    703.0
     2     1    19     7    31    16     0     2   -35.0  -47.409  -73.254   2951.7    629.6
     3     1    19     7    31    16     0     2   -35.0  -50.965  -72.637   2475.3    687.9
     1     1    19     7    31    15     0     3   -36.0  -38.971  -76.218   2995.9    702.3
     2     1    19     7    31    15     0     3   -36.0  -47.512  -73.539   3036.3    634.3
     3     1    19     7    31    15     0     3   -36.0  -50.994  -72.907   2490.4    682.2
     1     1    19     7    31    14     0     2   -37.0  -39.190  -76.958   3021.8    695.3
     2     1    19     7    31    14     0     2   -37.0  -47.565  -73.867   3121.5    643.6
     3     1    19     7    31    14     0     2   -37.0  -50.968  -73.188   2500.8    681.2
     1     1    19     7    31    13     0     1   -38.0  -39.453  -77.719   3023.3    695.0
     2     1    19     7    31    13     0     1   -38.0  -47.550  -74.210   3212.3    646.8
     3     1    19     7    31    13     0     1   -38.0  -50.896  -73.472   2476.4    686.5
     1     1    19     7    31    12     0     0   -39.0  -39.749  -78.535   3001.5    697.3
     2     1    19     7    31    12     0     0   -39.0  -47.478  -74.560   3324.6    642.5
     3     1    19     7    31    12     0     0   -39.0  -50.773  -73.754   2395.8    698.4
     1     1    19     7    31    11     0     1   -40.0  -40.054  -79.417   3012.7    696.3
     2     1    19     7    31    11     0     1   -40.0  -47.373  -74.910   3427.2    640.4
     3     1    19     7    31    11     0     1   -40.0  -50.590  -74.049   2261.9    715.2
     1     1    19     7    31    10     0     2   -41.0  -40.389  -80.318   3062.2    691.1
     2     1    19     7    31    10     0     2   -41.0  -47.256  -75.253   3544.4    633.3
     3     1    19     7    31    10     0     2   -41.0  -50.365  -74.379   2125.2    736.3
     1     1    19     7    31     9     0     3   -42.0  -40.733  -81.278   3133.9    684.2
     2     1    19     7    31     9     0     3   -42.0  -47.141  -75.611   3680.0    622.4
     3     1    19     7    31     9     0     3   -42.0  -50.107  -74.716   2019.5    759.5
     1     1    19     7    31     8     0     2   -43.0  -41.087  -82.292   3223.5    675.3
     2     1    19     7    31     8     0     2   -43.0  -47.012  -76.000   3750.0    615.2
     3     1    19     7    31     8     0     2   -43.0  -49.799  -75.027   1951.5    774.3
     1     1    19     7    31     7     0     1   -44.0  -41.456  -83.316   3290.7    668.9
     2     1    19     7    31     7     0     1   -44.0  -46.877  -76.420   3708.5    619.4
     3     1    19     7    31     7     0     1   -44.0  -49.471  -75.315   1802.5    782.4
     1     1    19     7    31     6     0     0   -45.0  -41.839  -84.354   3340.1    664.3
     2     1    19     7    31     6     0     0   -45.0  -46.744  -76.881   3614.6    627.2
     3     1    19     7    31     6     0     0   -45.0  -49.135  -75.556   1504.1    812.8
     1     1    19     7    31     5     0     1   -46.0  -42.237  -85.417   3397.8    658.5
     2     1    19     7    31     5     0     1   -46.0  -46.607  -77.378   3535.8    635.5
     3     1    19     7    31     5     0     1   -46.0  -48.801  -75.770   1234.8    849.7
     1     1    19     7    31     4     0     2   -47.0  -42.628  -86.450   3452.7    653.5
     2     1    19     7    31     4     0     2   -47.0  -46.458  -77.903   3528.8    635.3
     3     1    19     7    31     4     0     2   -47.0  -48.466  -76.015   1102.8    869.9
     1     1    19     7    31     3     0     3   -48.0  -43.032  -87.481   3536.4    644.7
     2     1    19     7    31     3     0     3   -48.0  -46.303  -78.510   3517.3    635.6
     3     1    19     7    31     3     0     3   -48.0  -48.124  -76.301   1062.8    873.1
     1     1    19     7    31     2     0     2   -49.0  -43.446  -88.525   3594.6    639.8
     2     1    19     7    31     2     0     2   -49.0  -46.138  -79.213   3488.9    638.7
     3     1    19     7    31     2     0     2   -49.0  -47.801  -76.683   1042.0    874.5
     1     1    19     7    31     1     0     1   -50.0  -43.863  -89.548   3662.3    632.6
     2     1    19     7    31     1     0     1   -50.0  -45.987  -79.947   3467.0    639.6
     3     1    19     7    31     1     0     1   -50.0  -47.520  -77.185    997.4    879.4
     1     1    19     7    31     0     0     0   -51.0  -44.307  -90.570   3720.8    627.7
     2     1    19     7    31     0     0     0   -51.0  -45.864  -80.729   3424.2    643.3
     3     1    19     7    31     0     0     0   -51.0  -47.258  -77.744    945.8    885.9
     1     1    19     7    30    23     0     1   -52.0  -44.750  -91.575   3791.6    619.7
     2     1    19     7    30    23     0     1   -52.0  -45.739  -81.539   3398.7    646.3
     3     1    19     7    30    23     0     1   -52.0  -47.012  -78.403    918.9    888.0
     1     1    19     7    30    22     0     2   -53.0  -45.169  -92.559   3830.9    615.2
     2     1    19     7    30    22     0     2   -53.0  -45.602  -82.375   3400.1    644.7
     3     1    19     7    30    22     0     2   -53.0  -46.778  -79.181    895.2    890.1
     1     1    19     7    30    21     0     3   -54.0  -45.561  -93.525   3841.4    614.4
     2     1    19     7    30    21     0     3   -54.0  -45.482  -83.250   3374.5    648.0
     3     1    19     7    30    21     0     3   -54.0  -46.527  -80.016    856.4    894.3
     1     1    19     7    30    20     0     2   -55.0  -45.955  -94.508   3879.5    609.8
     2     1    19     7    30    20     0     2   -55.0  -45.355  -84.158   3392.0    646.2
     3     1    19     7    30    20     0     2   -55.0  -46.286  -80.904    841.7    896.8
     1     1    19     7    30    19     0     1   -56.0  -46.319  -95.465   3908.6    607.0
     2     1    19     7    30    19     0     1   -56.0  -45.222  -85.076   3405.3    644.2
     3     1    19     7    30    19     0     1   -56.0  -46.063  -81.823    840.0    895.2
     1     1    19     7    30    18     0     0   -57.0  -46.645  -96.398   3944.7    604.0
     2     1    19     7    30    18     0     0   -57.0  -45.112  -86.022   3397.0    646.5
     3     1    19     7    30    18     0     0   -57.0  -45.803  -82.700    781.0    902.8
     1     1    19     7    30    17     0     1   -58.0  -46.951  -97.344   3994.6    598.7
     2     1    19     7    30    17     0     1   -58.0  -45.021  -86.942   3460.6    640.3
     3     1    19     7    30    17     0     1   -58.0  -45.562  -83.600    727.1    910.4
     1     1    19     7    30    16     0     2   -59.0  -47.222  -98.301   4063.8    592.6
     2     1    19     7    30    16     0     2   -59.0  -44.938  -87.871   3479.6    637.0
     3     1    19     7    30    16     0     2   -59.0  -45.369  -84.552    698.9    913.2
     1     1    19     7    30    15     0     3   -60.0  -47.470  -99.234   4141.2    585.3
     2     1    19     7    30    15     0     3   -60.0  -44.869  -88.857   3467.1    640.5
     3     1    19     7    30    15     0     3   -60.0  -45.120  -85.509    652.9    919.4
     1     1    19     7    30    14     0     2   -61.0  -47.713 -100.142   4213.6    579.0
     2     1    19     7    30    14     0     2   -61.0  -44.815  -89.858   3504.2    636.2
     3     1    19     7    30    14     0     2   -61.0  -44.864  -86.514    626.9    922.8
     1     1    19     7    30    13     0     1   -62.0  -47.899 -101.040   4302.9    571.7
     2     1    19     7    30    13     0     1   -62.0  -44.753  -90.876   3516.6    633.9
     3     1    19     7    30    13     0     1   -62.0  -44.653  -87.565    623.2    922.9
     1     1    19     7    30    12     0     0   -63.0  -48.070 -101.938   4410.6    561.6
     2     1    19     7    30    12     0     0   -63.0  -44.694  -91.898   3505.4    635.3
     3     1    19     7    30    12     0     0   -63.0  -44.423  -88.608    615.9    924.5
     1     1    19     7    30    11     0     1   -64.0  -48.257 -102.819   4487.5    555.5
     2     1    19     7    30    11     0     1   -64.0  -44.642  -92.934   3532.4    633.3
     3     1    19     7    30    11     0     1   -64.0  -44.230  -89.690    637.0    921.2
     1     1    19     7    30    10     0     2   -65.0  -48.391 -103.660   4565.8    549.2
     2     1    19     7    30    10     0     2   -65.0  -44.588  -93.977   3521.0    633.1
     3     1    19     7    30    10     0     2   -65.0  -44.057  -90.812    645.2    921.3
     1     1    19     7    30     9     0     3   -66.0  -48.589 -104.498   4628.2    543.3
     2     1    19     7    30     9     0     3   -66.0  -44.536  -95.001   3533.8    634.2
     3     1    19     7    30     9     0     3   -66.0  -43.822  -91.918    643.5    920.8
     1     1    19     7    30     8     0     2   -67.0  -48.754 -105.297   4662.6    541.1
     2     1    19     7    30     8     0     2   -67.0  -44.487  -96.023   3620.8    625.6
     3     1    19     7    30     8     0     2   -67.0  -43.622  -93.045    619.6    925.3
     1     1    19     7    30     7     0     1   -68.0  -48.923 -106.075   4713.2    535.6
     2     1    19     7    30     7     0     1   -68.0  -44.435  -97.023   3691.3    618.3
     3     1    19     7    30     7     0     1   -68.0  -43.490  -94.206    629.8    923.9
     1     1    19     7    30     6     0     0   -69.0  -49.136 -106.851   4727.5    534.1
     2     1    19     7    30     6     0     0   -69.0  -44.367  -97.991   3713.0    616.6
     3     1    19     7    30     6     0     0   -69.0  -43.311  -95.337    634.6    922.6
     1     1    19     7    30     5     0     1   -70.0  -49.330 -107.649   4745.7    532.4
     2     1    19     7    30     5     0     1   -70.0  -44.335  -98.997   3739.8    615.3
     3     1    19     7    30     5     0     1   -70.0  -43.196  -96.478    627.1    925.2
     1     1    19     7    30     4     0     2   -71.0  -49.518 -108.465   4778.4    529.4
     2     1    19     7    30     4     0     2   -71.0  -44.336 -100.067   3775.8    612.3
     3     1    19     7    30     4     0     2   -71.0  -43.143  -97.618    651.5    920.5
     1     1    19     7    30     3     0     3   -72.0  -49.752 -109.303   4833.5    525.1
     2     1    19     7    30     3     0     3   -72.0  -44.322 -101.157   3821.5    608.3
     3     1    19     7    30     3     0     3   -72.0  -43.062  -98.765    611.7    925.1
