     5     1
    GDAS    19     5     1     0     0
    GDAS    19     5     8     0     0
    GDAS    19     5    15     0     0
    GDAS    19     5    22     0     0
    GDAS    19     5    29     0     0
     5 BACKWARD OMEGA   
    19     5    31     3  -34.572  -58.513    10.0
    19     5    31     3  -34.572  -58.513   200.0
    19     5    31     3  -34.572  -58.513   500.0
    19     5    31     3  -34.572  -58.513  1000.0
    19     5    31     3  -34.572  -58.513  2000.0
     1 PRESSURE
     1     1    19     5    31     3     0     3     0.0  -34.572  -58.513     10.0   1014.2
     2     1    19     5    31     3     0     3     0.0  -34.572  -58.513    200.0    991.0
     3     1    19     5    31     3     0     3     0.0  -34.572  -58.513    500.0    955.8
     4     1    19     5    31     3     0     3     0.0  -34.572  -58.513   1000.0    899.5
     5     1    19     5    31     3     0     3     0.0  -34.572  -58.513   2000.0    795.6
     1     1    19     5    31     2     0     2    -1.0  -34.630  -58.393     10.5   1014.2
     2     1    19     5    31     2     0     2    -1.0  -34.646  -58.218    204.9    989.8
     3     1    19     5    31     2     0     2    -1.0  -34.584  -58.159    514.1    953.2
     4     1    19     5    31     2     0     2    -1.0  -34.503  -58.268    994.7    899.5
     5     1    19     5    31     2     0     2    -1.0  -34.482  -58.513   1997.9    796.4
     1     1    19     5    31     1     0     1    -2.0  -34.695  -58.274     10.6   1014.3
     2     1    19     5    31     1     0     1    -2.0  -34.732  -57.935    198.7    990.6
     3     1    19     5    31     1     0     1    -2.0  -34.613  -57.814    523.1    952.3
     4     1    19     5    31     1     0     1    -2.0  -34.454  -58.013    989.7    899.5
     5     1    19     5    31     1     0     1    -2.0  -34.394  -58.489   2007.9    795.0
     1     1    19     5    31     0     0     0    -3.0  -34.763  -58.155     10.1   1014.7
     2     1    19     5    31     0     0     0    -3.0  -34.821  -57.663    186.3    993.4
     3     1    19     5    31     0     0     0    -3.0  -34.656  -57.479    536.3    951.4
     4     1    19     5    31     0     0     0    -3.0  -34.425  -57.750    991.7    899.2
     5     1    19     5    31     0     0     0    -3.0  -34.309  -58.446   2024.7    792.8
     1     1    19     5    30    23     0     1    -4.0  -34.830  -58.027      9.0   1015.3
     2     1    19     5    30    23     0     1    -4.0  -34.905  -57.382    175.8    996.0
     3     1    19     5    30    23     0     1    -4.0  -34.711  -57.147    556.6    949.2
     4     1    19     5    30    23     0     1    -4.0  -34.407  -57.482   1004.6    896.4
     5     1    19     5    30    23     0     1    -4.0  -34.225  -58.396   2041.1    790.3
     1     1    19     5    30    22     0     2    -5.0  -34.896  -57.870      7.5   1015.9
     2     1    19     5    30    22     0     2    -5.0  -34.986  -57.076    171.4    998.5
     3     1    19     5    30    22     0     2    -5.0  -34.779  -56.814    582.5    947.5
     4     1    19     5    30    22     0     2    -5.0  -34.399  -57.214   1026.2    893.0
     5     1    19     5    30    22     0     2    -5.0  -34.141  -58.349   2051.5    788.7
     1     1    19     5    30    21     0     3    -6.0  -34.961  -57.671      5.9   1016.6
     2     1    19     5    30    21     0     3    -6.0  -35.068  -56.748    173.5    998.4
     3     1    19     5    30    21     0     3    -6.0  -34.856  -56.478    617.6    945.2
     4     1    19     5    30    21     0     3    -6.0  -34.400  -56.951   1057.9    889.1
     5     1    19     5    30    21     0     3    -6.0  -34.053  -58.307   2053.2    787.9
     1     1    19     5    30    20     0     2    -7.0  -35.025  -57.433      4.6   1017.0
     2     1    19     5    30    20     0     2    -7.0  -35.152  -56.424    176.9    997.8
     3     1    19     5    30    20     0     2    -7.0  -34.936  -56.156    661.6    940.9
     4     1    19     5    30    20     0     2    -7.0  -34.403  -56.701   1096.4    885.0
     5     1    19     5    30    20     0     2    -7.0  -33.953  -58.254   2036.8    788.3
     1     1    19     5    30    19     0     1    -8.0  -35.090  -57.163      4.0   1017.7
     2     1    19     5    30    19     0     1    -8.0  -35.242  -56.118    180.3    997.5
     3     1    19     5    30    19     0     1    -8.0  -35.018  -55.860    708.6    935.5
     4     1    19     5    30    19     0     1    -8.0  -34.400  -56.464   1129.7    881.2
     5     1    19     5    30    19     0     1    -8.0  -33.844  -58.166   2003.7    792.4
     1     1    19     5    30    18     0     0    -9.0  -35.159  -56.872      3.8   1018.4
     2     1    19     5    30    18     0     0    -9.0  -35.345  -55.830    183.8    997.0
     3     1    19     5    30    18     0     0    -9.0  -35.105  -55.583    752.1    929.9
     4     1    19     5    30    18     0     0    -9.0  -34.397  -56.232   1144.9    879.4
     5     1    19     5    30    18     0     0    -9.0  -33.730  -58.047   1974.6    796.2
     1     1    19     5    30    17     0     1   -10.0  -35.234  -56.580      3.8   1018.6
     2     1    19     5    30    17     0     1   -10.0  -35.456  -55.555    186.5    997.0
     3     1    19     5    30    17     0     1   -10.0  -35.191  -55.319    787.7    926.3
     4     1    19     5    30    17     0     1   -10.0  -34.407  -56.004   1146.5    881.2
     5     1    19     5    30    17     0     1   -10.0  -33.621  -57.920   1939.6    797.8
     1     1    19     5    30    16     0     2   -11.0  -35.314  -56.295      3.8   1018.8
     2     1    19     5    30    16     0     2   -11.0  -35.573  -55.296    188.6    997.3
     3     1    19     5    30    16     0     2   -11.0  -35.278  -55.075    818.0    923.6
     4     1    19     5    30    16     0     2   -11.0  -34.436  -55.793   1148.6    880.8
     5     1    19     5    30    16     0     2   -11.0  -33.515  -57.788   1875.9    804.4
     1     1    19     5    30    15     0     3   -12.0  -35.397  -56.020      3.8   1019.0
     2     1    19     5    30    15     0     3   -12.0  -35.699  -55.058    191.6    997.6
     3     1    19     5    30    15     0     3   -12.0  -35.371  -54.854    846.0    921.0
     4     1    19     5    30    15     0     3   -12.0  -34.485  -55.602   1156.2    880.0
     5     1    19     5    30    15     0     3   -12.0  -33.407  -57.640   1792.6    813.6
     1     1    19     5    30    14     0     2   -13.0  -35.491  -55.758      3.8   1019.5
     2     1    19     5    30    14     0     2   -13.0  -35.843  -54.846    196.0    997.0
     3     1    19     5    30    14     0     2   -13.0  -35.474  -54.658    870.8    918.0
     4     1    19     5    30    14     0     2   -13.0  -34.556  -55.439   1165.6    878.7
     5     1    19     5    30    14     0     2   -13.0  -33.297  -57.473   1718.6    822.7
     1     1    19     5    30    13     0     1   -14.0  -35.606  -55.516      3.8   1019.9
     2     1    19     5    30    13     0     1   -14.0  -36.013  -54.661    200.7    996.3
     3     1    19     5    30    13     0     1   -14.0  -35.593  -54.486    889.5    915.7
     4     1    19     5    30    13     0     1   -14.0  -34.654  -55.304   1172.8    878.8
     5     1    19     5    30    13     0     1   -14.0  -33.189  -57.294   1668.8    827.2
     1     1    19     5    30    12     0     0   -15.0  -35.741  -55.296      3.8   1020.4
     2     1    19     5    30    12     0     0   -15.0  -36.207  -54.506    203.3    995.8
     3     1    19     5    30    12     0     0   -15.0  -35.728  -54.339    900.9    914.1
     4     1    19     5    30    12     0     0   -15.0  -34.779  -55.197   1180.0    880.0
     5     1    19     5    30    12     0     0   -15.0  -33.084  -57.105   1633.1    830.2
     1     1    19     5    30    11     0     1   -16.0  -35.892  -55.107      3.8   1020.4
     2     1    19     5    30    11     0     1   -16.0  -36.422  -54.385    207.3    996.0
     3     1    19     5    30    11     0     1   -16.0  -35.884  -54.226    909.3    913.9
     4     1    19     5    30    11     0     1   -16.0  -34.924  -55.118   1196.7    881.5
     5     1    19     5    30    11     0     1   -16.0  -32.983  -56.888   1604.5    832.5
     1     1    19     5    30    10     0     2   -17.0  -36.056  -54.955      3.9   1020.4
     2     1    19     5    30    10     0     2   -17.0  -36.657  -54.303    219.0    994.9
     3     1    19     5    30    10     0     2   -17.0  -36.066  -54.161    923.2    912.6
     4     1    19     5    30    10     0     2   -17.0  -35.082  -55.072   1222.6    879.5
     5     1    19     5    30    10     0     2   -17.0  -32.887  -56.642   1578.9    832.9
     1     1    19     5    30     9     0     3   -18.0  -36.235  -54.839      4.0   1020.5
     2     1    19     5    30     9     0     3   -18.0  -36.912  -54.259    240.8    992.6
     3     1    19     5    30     9     0     3   -18.0  -36.278  -54.145    947.7    910.0
     4     1    19     5    30     9     0     3   -18.0  -35.251  -55.057   1249.6    876.3
     5     1    19     5    30     9     0     3   -18.0  -32.801  -56.382   1560.3    833.5
     1     1    19     5    30     8     0     2   -19.0  -36.431  -54.752      4.4   1020.9
     2     1    19     5    30     8     0     2   -19.0  -37.177  -54.258    270.6    988.9
     3     1    19     5    30     8     0     2   -19.0  -36.506  -54.167    987.0    905.7
     4     1    19     5    30     8     0     2   -19.0  -35.430  -55.077   1267.8    873.4
     5     1    19     5    30     8     0     2   -19.0  -32.724  -56.125   1548.1    832.6
     1     1    19     5    30     7     0     1   -20.0  -36.642  -54.691      5.1   1021.3
     2     1    19     5    30     7     0     1   -20.0  -37.440  -54.305    305.0    984.4
     3     1    19     5    30     7     0     1   -20.0  -36.736  -54.223   1044.0    899.3
     4     1    19     5    30     7     0     1   -20.0  -35.608  -55.129   1277.0    873.1
     5     1    19     5    30     7     0     1   -20.0  -32.653  -55.881   1537.1    832.3
     1     1    19     5    30     6     0     0   -21.0  -36.865  -54.667      6.1   1021.7
     2     1    19     5    30     6     0     0   -21.0  -37.693  -54.391    345.8    979.6
     3     1    19     5    30     6     0     0   -21.0  -36.968  -54.321   1121.0    891.0
     4     1    19     5    30     6     0     0   -21.0  -35.784  -55.212   1290.0    872.3
     5     1    19     5    30     6     0     0   -21.0  -32.588  -55.651   1526.2    832.3
     1     1    19     5    30     5     0     1   -22.0  -37.090  -54.676      7.4   1021.8
     2     1    19     5    30     5     0     1   -22.0  -37.939  -54.502    392.6    974.1
     3     1    19     5    30     5     0     1   -22.0  -37.204  -54.453   1211.7    880.2
     4     1    19     5    30     5     0     1   -22.0  -35.953  -55.325   1322.1    870.0
     5     1    19     5    30     5     0     1   -22.0  -32.536  -55.443   1514.5    833.2
     1     1    19     5    30     4     0     2   -23.0  -37.314  -54.707      8.7   1022.0
     2     1    19     5    30     4     0     2   -23.0  -38.183  -54.629    439.8    968.5
     3     1    19     5    30     4     0     2   -23.0  -37.446  -54.603   1303.8    869.6
     4     1    19     5    30     4     0     2   -23.0  -36.112  -55.470   1382.2    863.5
     5     1    19     5    30     4     0     2   -23.0  -32.507  -55.261   1502.0    834.2
     1     1    19     5    30     3     0     3   -24.0  -37.536  -54.754     10.2   1022.0
     2     1    19     5    30     3     0     3   -24.0  -38.426  -54.770    486.8    963.0
     3     1    19     5    30     3     0     3   -24.0  -37.697  -54.764   1389.7    859.9
     4     1    19     5    30     3     0     3   -24.0  -36.264  -55.652   1466.4    854.7
     5     1    19     5    30     3     0     3   -24.0  -32.505  -55.107   1488.0    835.4
     1     1    19     5    30     2     0     2   -25.0  -37.762  -54.819     11.8   1021.0
     2     1    19     5    30     2     0     2   -25.0  -38.668  -54.924    541.1    956.8
     3     1    19     5    30     2     0     2   -25.0  -37.958  -54.945   1473.1    851.7
     4     1    19     5    30     2     0     2   -25.0  -36.414  -55.857   1560.6    843.3
     5     1    19     5    30     2     0     2   -25.0  -32.531  -54.979   1478.6    836.6
     1     1    19     5    30     1     0     1   -26.0  -38.002  -54.905     13.9   1019.9
     2     1    19     5    30     1     0     1   -26.0  -38.911  -55.090    610.3    948.9
     3     1    19     5    30     1     0     1   -26.0  -38.230  -55.162   1566.3    841.8
     4     1    19     5    30     1     0     1   -26.0  -36.570  -56.065   1654.6    833.2
     5     1    19     5    30     1     0     1   -26.0  -32.583  -54.878   1482.2    837.2
     1     1    19     5    30     0     0     0   -27.0  -38.251  -55.008     16.6   1018.7
     2     1    19     5    30     0     0     0   -27.0  -39.155  -55.264    694.9    938.4
     3     1    19     5    30     0     0     0   -27.0  -38.514  -55.408   1669.8    830.0
     4     1    19     5    30     0     0     0   -27.0  -36.738  -56.281   1750.7    822.8
     5     1    19     5    30     0     0     0   -27.0  -32.662  -54.808   1500.5    835.5
     1     1    19     5    29    23     0     1   -28.0  -38.499  -55.125     19.8   1018.1
     2     1    19     5    29    23     0     1   -28.0  -39.402  -55.454    778.0    926.6
     3     1    19     5    29    23     0     1   -28.0  -38.812  -55.685   1771.5    818.3
     4     1    19     5    29    23     0     1   -28.0  -36.920  -56.522   1833.9    812.1
     5     1    19     5    29    23     0     1   -28.0  -32.759  -54.789   1529.0    832.0
     1     1    19     5    29    22     0     2   -29.0  -38.746  -55.259     23.4   1017.4
     2     1    19     5    29    22     0     2   -29.0  -39.657  -55.660    845.7    919.2
     3     1    19     5    29    22     0     2   -29.0  -39.128  -56.007   1858.6    808.8
     4     1    19     5    29    22     0     2   -29.0  -37.108  -56.793   1891.8    805.8
     5     1    19     5    29    22     0     2   -29.0  -32.862  -54.828   1560.8    827.3
     1     1    19     5    29    21     0     3   -30.0  -39.002  -55.414     27.9   1016.7
     2     1    19     5    29    21     0     3   -30.0  -39.933  -55.874    905.1    912.6
     3     1    19     5    29    21     0     3   -30.0  -39.453  -56.368   1925.4    801.5
     4     1    19     5    29    21     0     3   -30.0  -37.300  -57.093   1936.0    801.7
     5     1    19     5    29    21     0     3   -30.0  -32.966  -54.925   1593.5    821.5
     1     1    19     5    29    20     0     2   -31.0  -39.261  -55.582     32.8   1015.7
     2     1    19     5    29    20     0     2   -31.0  -40.223  -56.107    966.3    905.6
     3     1    19     5    29    20     0     2   -31.0  -39.773  -56.763   1976.4    796.5
     4     1    19     5    29    20     0     2   -31.0  -37.498  -57.417   1983.4    795.8
     5     1    19     5    29    20     0     2   -31.0  -33.072  -55.068   1630.2    817.1
     1     1    19     5    29    19     0     1   -32.0  -39.515  -55.751     37.5   1014.7
     2     1    19     5    29    19     0     1   -32.0  -40.508  -56.372   1036.2    897.5
     3     1    19     5    29    19     0     1   -32.0  -40.083  -57.192   2019.7    792.0
     4     1    19     5    29    19     0     1   -32.0  -37.697  -57.757   2038.9    786.3
     5     1    19     5    29    19     0     1   -32.0  -33.182  -55.240   1674.5    814.6
     1     1    19     5    29    18     0     0   -33.0  -39.771  -55.921     42.3   1013.3
     2     1    19     5    29    18     0     0   -33.0  -40.790  -56.659   1132.4    888.3
     3     1    19     5    29    18     0     0   -33.0  -40.379  -57.638   2069.4    787.9
     4     1    19     5    29    18     0     0   -33.0  -37.889  -58.110   2096.9    776.1
     5     1    19     5    29    18     0     0   -33.0  -33.295  -55.441   1724.4    811.8
     1     1    19     5    29    17     0     1   -34.0  -40.032  -56.100     48.2   1013.4
     2     1    19     5    29    17     0     1   -34.0  -41.068  -56.972   1258.8    872.9
     3     1    19     5    29    17     0     1   -34.0  -40.655  -58.094   2140.8    781.3
     4     1    19     5    29    17     0     1   -34.0  -38.079  -58.468   2162.4    770.3
     5     1    19     5    29    17     0     1   -34.0  -33.408  -55.667   1779.9    809.0
     1     1    19     5    29    16     0     2   -35.0  -40.286  -56.297     55.2   1013.8
     2     1    19     5    29    16     0     2   -35.0  -41.328  -57.310   1371.3    857.3
     3     1    19     5    29    16     0     2   -35.0  -40.910  -58.558   2226.2    771.9
     4     1    19     5    29    16     0     2   -35.0  -38.279  -58.831   2240.3    765.3
     5     1    19     5    29    16     0     2   -35.0  -33.520  -55.916   1846.0    805.9
     1     1    19     5    29    15     0     3   -36.0  -40.526  -56.509     62.9   1013.3
     2     1    19     5    29    15     0     3   -36.0  -41.564  -57.643   1467.5    850.4
     3     1    19     5    29    15     0     3   -36.0  -41.156  -59.028   2315.6    763.1
     4     1    19     5    29    15     0     3   -36.0  -38.491  -59.197   2323.9    758.6
     5     1    19     5    29    15     0     3   -36.0  -33.627  -56.190   1922.6    799.1
     1     1    19     5    29    14     0     2   -37.0  -40.762  -56.718     72.2   1011.1
     2     1    19     5    29    14     0     2   -37.0  -41.800  -57.968   1561.3    837.9
     3     1    19     5    29    14     0     2   -37.0  -41.408  -59.492   2394.0    753.4
     4     1    19     5    29    14     0     2   -37.0  -38.708  -59.556   2413.6    752.0
     5     1    19     5    29    14     0     2   -37.0  -33.734  -56.484   1997.2    790.7
     1     1    19     5    29    13     0     1   -38.0  -41.004  -56.909     84.8   1008.9
     2     1    19     5    29    13     0     1   -38.0  -42.055  -58.281   1627.2    829.1
     3     1    19     5    29    13     0     1   -38.0  -41.676  -59.945   2439.1    748.0
     4     1    19     5    29    13     0     1   -38.0  -38.930  -59.897   2520.9    745.0
     5     1    19     5    29    13     0     1   -38.0  -33.849  -56.786   2059.8    783.7
     1     1    19     5    29    12     0     0   -39.0  -41.252  -57.084     99.3   1006.0
     2     1    19     5    29    12     0     0   -39.0  -42.325  -58.578   1660.8    825.8
     3     1    19     5    29    12     0     0   -39.0  -41.956  -60.392   2441.8    747.1
     4     1    19     5    29    12     0     0   -39.0  -39.169  -60.228   2656.2    733.2
     5     1    19     5    29    12     0     0   -39.0  -33.974  -57.090   2107.3    778.2
     1     1    19     5    29    11     0     1   -40.0  -41.510  -57.258    111.7   1004.3
     2     1    19     5    29    11     0     1   -40.0  -42.604  -58.879   1699.4    824.7
     3     1    19     5    29    11     0     1   -40.0  -42.243  -60.827   2443.8    751.0
     4     1    19     5    29    11     0     1   -40.0  -39.433  -60.591   2785.3    716.5
     5     1    19     5    29    11     0     1   -40.0  -34.096  -57.399   2146.9    777.3
     1     1    19     5    29    10     0     2   -41.0  -41.781  -57.441    122.4   1003.1
     2     1    19     5    29    10     0     2   -41.0  -42.882  -59.203   1764.4    817.0
     3     1    19     5    29    10     0     2   -41.0  -42.541  -61.257   2485.9    746.6
     4     1    19     5    29    10     0     2   -41.0  -39.713  -60.991   2863.1    709.2
     5     1    19     5    29    10     0     2   -41.0  -34.211  -57.723   2184.9    776.0
     1     1    19     5    29     9     0     3   -42.0  -42.064  -57.632    135.5   1001.8
     2     1    19     5    29     9     0     3   -42.0  -43.156  -59.548   1848.7    808.2
     3     1    19     5    29     9     0     3   -42.0  -42.856  -61.695   2568.4    738.6
     4     1    19     5    29     9     0     3   -42.0  -39.998  -61.406   2894.7    706.8
     5     1    19     5    29     9     0     3   -42.0  -34.327  -58.064   2221.0    773.9
     1     1    19     5    29     8     0     2   -43.0  -42.347  -57.826    153.5    999.3
     2     1    19     5    29     8     0     2   -43.0  -43.418  -59.910   1926.8    797.2
     3     1    19     5    29     8     0     2   -43.0  -43.187  -62.147   2661.8    726.6
     4     1    19     5    29     8     0     2   -43.0  -40.284  -61.826   2916.5    707.9
     5     1    19     5    29     8     0     2   -43.0  -34.438  -58.418   2246.0    771.9
     1     1    19     5    29     7     0     1   -44.0  -42.617  -58.025    173.7    995.8
     2     1    19     5    29     7     0     1   -44.0  -43.667  -60.276   1981.1    792.1
     3     1    19     5    29     7     0     1   -44.0  -43.522  -62.598   2737.6    719.7
     4     1    19     5    29     7     0     1   -44.0  -40.577  -62.258   2975.3    702.4
     5     1    19     5    29     7     0     1   -44.0  -34.539  -58.772   2260.6    771.8
     1     1    19     5    29     6     0     0   -45.0  -42.875  -58.223    190.5    993.1
     2     1    19     5    29     6     0     0   -45.0  -43.908  -60.649   2031.6    788.1
     3     1    19     5    29     6     0     0   -45.0  -43.859  -63.043   2799.8    713.5
     4     1    19     5    29     6     0     0   -45.0  -40.877  -62.698   3094.7    691.7
     5     1    19     5    29     6     0     0   -45.0  -34.636  -59.128   2274.1    771.0
     1     1    19     5    29     5     0     1   -46.0  -43.129  -58.403    208.0    991.8
     2     1    19     5    29     5     0     1   -46.0  -44.136  -61.044   2083.9    782.2
     3     1    19     5    29     5     0     1   -46.0  -44.194  -63.498   2850.6    709.1
     4     1    19     5    29     5     0     1   -46.0  -41.180  -63.141   3245.6    674.2
     5     1    19     5    29     5     0     1   -46.0  -34.723  -59.477   2288.1    768.7
     1     1    19     5    29     4     0     2   -47.0  -43.391  -58.550    231.8    988.8
     2     1    19     5    29     4     0     2   -47.0  -44.352  -61.427   2122.3    777.6
     3     1    19     5    29     4     0     2   -47.0  -44.527  -63.959   2895.4    705.2
     4     1    19     5    29     4     0     2   -47.0  -41.477  -63.593   3374.1    662.0
     5     1    19     5    29     4     0     2   -47.0  -34.790  -59.811   2302.5    766.6
     1     1    19     5    29     3     0     3   -48.0  -43.662  -58.655    259.2    985.7
     2     1    19     5    29     3     0     3   -48.0  -44.557  -61.772   2137.1    776.1
     3     1    19     5    29     3     0     3   -48.0  -44.861  -64.403   2934.4    701.5
     4     1    19     5    29     3     0     3   -48.0  -41.763  -64.061   3470.2    654.5
     5     1    19     5    29     3     0     3   -48.0  -34.835  -60.132   2319.7    764.4
     1     1    19     5    29     2     0     2   -49.0  -43.940  -58.728    286.0    981.3
     2     1    19     5    29     2     0     2   -49.0  -44.752  -62.098   2136.5    777.0
     3     1    19     5    29     2     0     2   -49.0  -45.198  -64.836   2971.0    698.3
     4     1    19     5    29     2     0     2   -49.0  -42.036  -64.526   3539.3    649.7
     5     1    19     5    29     2     0     2   -49.0  -34.870  -60.437   2336.3    761.8
     1     1    19     5    29     1     0     1   -50.0  -44.221  -58.788    311.4    977.6
     2     1    19     5    29     1     0     1   -50.0  -44.945  -62.403   2140.2    777.2
     3     1    19     5    29     1     0     1   -50.0  -45.536  -65.274   3010.8    694.2
     4     1    19     5    29     1     0     1   -50.0  -42.308  -64.976   3593.5    644.5
     5     1    19     5    29     1     0     1   -50.0  -34.907  -60.724   2347.7    760.4
     1     1    19     5    29     0     0     0   -51.0  -44.508  -58.835    340.0    973.7
     2     1    19     5    29     0     0     0   -51.0  -45.135  -62.678   2147.5    775.1
     3     1    19     5    29     0     0     0   -51.0  -45.867  -65.718   3057.0    689.9
     4     1    19     5    29     0     0     0   -51.0  -42.598  -65.421   3619.7    631.5
     5     1    19     5    29     0     0     0   -51.0  -34.950  -60.996   2355.6    759.5
