     7     1
    GDAS    19    10    29     0     0
    GDAS    19    11     1     0     0
    GDAS    19    11     8     0     0
    GDAS    19    11    15     0     0
    GDAS    19    11    22     0     0
    GDAS    19    11    29     0     0
    GDAS    19    12     1     0     0
     5 BACKWARD OMEGA   
    19    11    12     9  -34.572  -58.513    10.0
    19    11    12     9  -34.572  -58.513   200.0
    19    11    12     9  -34.572  -58.513   500.0
    19    11    12     9  -34.572  -58.513  1000.0
    19    11    12     9  -34.572  -58.513  2000.0
     1 PRESSURE
     1     1    19    11    12     9     0     3     0.0  -34.572  -58.513     10.0   1011.3
     2     1    19    11    12     9     0     3     0.0  -34.572  -58.513    200.0    990.0
     3     1    19    11    12     9     0     3     0.0  -34.572  -58.513    500.0    955.8
     4     1    19    11    12     9     0     3     0.0  -34.572  -58.513   1000.0    901.0
     5     1    19    11    12     9     0     3     0.0  -34.572  -58.513   2000.0    800.0
     1     1    19    11    12     8     0     2    -1.0  -34.475  -58.406     11.4   1010.4
     2     1    19    11    12     8     0     2    -1.0  -34.313  -58.296    208.7    986.7
     3     1    19    11    12     8     0     2    -1.0  -34.207  -58.362    518.0    950.1
     4     1    19    11    12     8     0     2    -1.0  -34.275  -58.546    999.8    898.0
     5     1    19    11    12     8     0     2    -1.0  -34.493  -58.532   1950.8    803.4
     1     1    19    11    12     7     0     1    -2.0  -34.358  -58.282     15.0   1008.9
     2     1    19    11    12     7     0     1    -2.0  -33.994  -58.023    243.8    979.4
     3     1    19    11    12     7     0     1    -2.0  -33.799  -58.171    545.2    947.3
     4     1    19    11    12     7     0     1    -2.0  -33.957  -58.561    976.1    900.6
     5     1    19    11    12     7     0     1    -2.0  -34.405  -58.561   1881.4    810.4
     1     1    19    11    12     6     0     0    -3.0  -34.205  -58.122     25.8   1005.7
     2     1    19    11    12     6     0     0    -3.0  -33.621  -57.678    309.1    970.7
     3     1    19    11    12     6     0     0    -3.0  -33.372  -57.920    595.8    943.4
     4     1    19    11    12     6     0     0    -3.0  -33.606  -58.541    949.1    905.7
     5     1    19    11    12     6     0     0    -3.0  -34.301  -58.600   1800.2    818.5
     1     1    19    11    12     5     0     1    -4.0  -34.000  -57.886     59.0   1000.2
     2     1    19    11    12     5     0     1    -4.0  -33.257  -57.275    366.7    962.9
     3     1    19    11    12     5     0     1    -4.0  -32.961  -57.593    639.6    936.9
     4     1    19    11    12     5     0     1    -4.0  -33.235  -58.444    938.0    909.9
     5     1    19    11    12     5     0     1    -4.0  -34.168  -58.640   1742.3    827.2
     1     1    19    11    12     4     0     2    -5.0  -33.765  -57.569    110.1    992.4
     2     1    19    11    12     4     0     2    -5.0  -32.914  -56.795    407.5    958.4
     3     1    19    11    12     4     0     2    -5.0  -32.581  -57.200    679.6    929.6
     4     1    19    11    12     4     0     2    -5.0  -32.876  -58.261    948.2    909.8
     5     1    19    11    12     4     0     2    -5.0  -34.023  -58.663   1738.0    827.7
     1     1    19    11    12     3     0     3    -6.0  -33.538  -57.194    152.2    986.8
     2     1    19    11    12     3     0     3    -6.0  -32.593  -56.268    442.2    953.7
     3     1    19    11    12     3     0     3    -6.0  -32.235  -56.801    748.2    918.5
     4     1    19    11    12     3     0     3    -6.0  -32.542  -58.018    972.6    907.5
     5     1    19    11    12     3     0     3    -6.0  -33.882  -58.672   1783.6    823.6
     1     1    19    11    12     2     0     2    -7.0  -33.322  -56.759    178.5    983.8
     2     1    19    11    12     2     0     2    -7.0  -32.315  -55.721    445.5    946.6
     3     1    19    11    12     2     0     2    -7.0  -31.941  -56.402    820.8    905.6
     4     1    19    11    12     2     0     2    -7.0  -32.247  -57.738   1006.4    900.0
     5     1    19    11    12     2     0     2    -7.0  -33.757  -58.673   1850.5    815.4
     1     1    19    11    12     1     0     1    -8.0  -33.134  -56.291    198.1    984.6
     2     1    19    11    12     1     0     1    -8.0  -32.112  -55.138    396.2    952.5
     3     1    19    11    12     1     0     1    -8.0  -31.704  -55.962    849.0    898.1
     4     1    19    11    12     1     0     1    -8.0  -32.006  -57.433   1052.5    890.6
     5     1    19    11    12     1     0     1    -8.0  -33.638  -58.666   1913.0    809.8
     1     1    19    11    12     0     0     0    -9.0  -32.982  -55.790    224.5    979.5
     2     1    19    11    12     0     0     0    -9.0  -31.969  -54.550    336.0    963.2
     3     1    19    11    12     0     0     0    -9.0  -31.517  -55.476    813.7    902.7
     4     1    19    11    12     0     0     0    -9.0  -31.816  -57.100   1117.6    879.1
     5     1    19    11    12     0     0     0    -9.0  -33.521  -58.654   1977.4    804.3
     1     1    19    11    11    23     0     1   -10.0  -32.870  -55.280    235.6    969.2
     2     1    19    11    11    23     0     1   -10.0  -31.872  -53.990    291.0    966.5
     3     1    19    11    11    23     0     1   -10.0  -31.384  -54.972    739.7    915.9
     4     1    19    11    11    23     0     1   -10.0  -31.667  -56.765   1184.8    867.2
     5     1    19    11    11    23     0     1   -10.0  -33.413  -58.648   2051.5    797.6
     1     1    19    11    11    22     0     2   -11.0  -32.805  -54.818    219.7    972.8
     2     1    19    11    11    22     0     2   -11.0  -31.816  -53.486    243.0    973.4
     3     1    19    11    11    22     0     2   -11.0  -31.304  -54.472    702.2    918.6
     4     1    19    11    11    22     0     2   -11.0  -31.557  -56.442   1236.9    860.3
     5     1    19    11    11    22     0     2   -11.0  -33.316  -58.658   2135.3    789.6
     1     1    19    11    11    21     0     3   -12.0  -32.778  -54.404    185.3    984.2
     2     1    19    11    11    21     0     3   -12.0  -31.788  -53.054    169.2    986.1
     3     1    19    11    11    21     0     3   -12.0  -31.256  -53.973    741.2    905.1
     4     1    19    11    11    21     0     3   -12.0  -31.485  -56.119   1288.6    853.0
     5     1    19    11    11    21     0     3   -12.0  -33.227  -58.687   2224.2    781.3
     1     1    19    11    11    20     0     2   -13.0  -32.765  -54.047    138.5    998.2
     2     1    19    11    11    20     0     2   -13.0  -31.775  -52.685    105.7   1001.1
     3     1    19    11    11    20     0     2   -13.0  -31.223  -53.485    784.6    902.6
     4     1    19    11    11    20     0     2   -13.0  -31.430  -55.804   1341.9    847.3
     5     1    19    11    11    20     0     2   -13.0  -33.144  -58.722   2327.3    773.4
     1     1    19    11    11    19     0     1   -14.0  -32.747  -53.738     98.2   1004.6
     2     1    19    11    11    19     0     1   -14.0  -31.768  -52.338     72.5   1009.1
     3     1    19    11    11    19     0     1   -14.0  -31.201  -53.010    788.3    913.3
     4     1    19    11    11    19     0     1   -14.0  -31.384  -55.506   1383.7    845.3
     5     1    19    11    11    19     0     1   -14.0  -33.070  -58.751   2448.3    762.2
     1     1    19    11    11    18     0     0   -15.0  -32.726  -53.456     65.9   1009.4
     2     1    19    11    11    18     0     0   -15.0  -31.769  -51.992     61.6   1013.8
     3     1    19    11    11    18     0     0   -15.0  -31.184  -52.545    774.7    922.4
     4     1    19    11    11    18     0     0   -15.0  -31.351  -55.216   1416.0    845.6
     5     1    19    11    11    18     0     0   -15.0  -33.007  -58.779   2578.6    750.5
     1     1    19    11    11    17     0     1   -16.0  -32.703  -53.192     38.5   1013.8
     2     1    19    11    11    17     0     1   -16.0  -31.776  -51.632     60.4   1014.4
     3     1    19    11    11    17     0     1   -16.0  -31.166  -52.085    733.9    933.0
     4     1    19    11    11    17     0     1   -16.0  -31.317  -54.920   1441.8    843.7
     5     1    19    11    11    17     0     1   -16.0  -32.963  -58.802   2678.4    738.5
     1     1    19    11    11    16     0     2   -17.0  -32.675  -52.936     20.7   1017.8
     2     1    19    11    11    16     0     2   -17.0  -31.783  -51.253     62.8   1015.4
     3     1    19    11    11    16     0     2   -17.0  -31.153  -51.620    695.9    943.8
     4     1    19    11    11    16     0     2   -17.0  -31.269  -54.614   1465.0    837.9
     5     1    19    11    11    16     0     2   -17.0  -32.940  -58.812   2717.4    735.3
     1     1    19    11    11    15     0     3   -18.0  -32.645  -52.667      9.5   1019.2
     2     1    19    11    11    15     0     3   -18.0  -31.793  -50.856     71.4   1014.7
     3     1    19    11    11    15     0     3   -18.0  -31.151  -51.141    715.7    943.4
     4     1    19    11    11    15     0     3   -18.0  -31.208  -54.301   1509.8    829.5
     5     1    19    11    11    15     0     3   -18.0  -32.933  -58.798   2698.6    737.3
     1     1    19    11    11    14     0     2   -19.0  -32.622  -52.370      5.3   1020.7
     2     1    19    11    11    14     0     2   -19.0  -31.820  -50.443     80.1   1013.0
     3     1    19    11    11    14     0     2   -19.0  -31.157  -50.660    785.2    932.9
     4     1    19    11    11    14     0     2   -19.0  -31.157  -54.001   1587.0    816.3
     5     1    19    11    11    14     0     2   -19.0  -32.943  -58.765   2666.4    744.0
     1     1    19    11    11    13     0     1   -20.0  -32.617  -52.035      4.2   1022.5
     2     1    19    11    11    13     0     1   -20.0  -31.874  -50.021     81.0   1013.2
     3     1    19    11    11    13     0     1   -20.0  -31.171  -50.201    863.0    923.9
     4     1    19    11    11    13     0     1   -20.0  -31.127  -53.723   1681.5    809.8
     5     1    19    11    11    13     0     1   -20.0  -32.976  -58.732   2657.3    744.7
     1     1    19    11    11    12     0     0   -21.0  -32.630  -51.674      4.8   1023.0
     2     1    19    11    11    12     0     0   -21.0  -31.960  -49.597     80.8   1014.4
     3     1    19    11    11    12     0     0   -21.0  -31.199  -49.775    934.9    915.8
     4     1    19    11    11    12     0     0   -21.0  -31.105  -53.460   1759.0    805.7
     5     1    19    11    11    12     0     0   -21.0  -33.033  -58.707   2667.8    743.7
     1     1    19    11    11    11     0     1   -22.0  -32.656  -51.313      5.2   1022.5
     2     1    19    11    11    11     0     1   -22.0  -32.072  -49.180     85.8   1013.2
     3     1    19    11    11    11     0     1   -22.0  -31.245  -49.389    997.0    908.0
     4     1    19    11    11    11     0     1   -22.0  -31.079  -53.205   1807.5    804.6
     5     1    19    11    11    11     0     1   -22.0  -33.103  -58.695   2695.5    740.7
     1     1    19    11    11    10     0     2   -23.0  -32.695  -50.951      5.2   1022.0
     2     1    19    11    11    10     0     2   -23.0  -32.196  -48.777     92.9   1011.5
     3     1    19    11    11    10     0     2   -23.0  -31.308  -49.042   1050.1    901.8
     4     1    19    11    11    10     0     2   -23.0  -31.040  -52.950   1832.9    806.3
     5     1    19    11    11    10     0     2   -23.0  -33.177  -58.703   2740.2    736.1
     1     1    19    11    11     9     0     3   -24.0  -32.752  -50.581      5.1   1021.5
     2     1    19    11    11     9     0     3   -24.0  -32.332  -48.384    100.3   1010.3
     3     1    19    11    11     9     0     3   -24.0  -31.383  -48.726   1089.2    896.2
     4     1    19    11    11     9     0     3   -24.0  -30.997  -52.686   1864.4    808.6
     5     1    19    11    11     9     0     3   -24.0  -33.256  -58.732   2801.3    730.2
     1     1    19    11    11     8     0     2   -25.0  -32.824  -50.209      5.0   1021.6
     2     1    19    11    11     8     0     2   -25.0  -32.484  -48.003    108.1   1009.1
     3     1    19    11    11     8     0     2   -25.0  -31.467  -48.429   1103.9    894.2
     4     1    19    11    11     8     0     2   -25.0  -30.968  -52.415   1919.7    806.6
     5     1    19    11    11     8     0     2   -25.0  -33.351  -58.777   2852.0    723.2
     1     1    19    11    11     7     0     1   -26.0  -32.909  -49.846      4.9   1021.9
     2     1    19    11    11     7     0     1   -26.0  -32.648  -47.642    112.3   1008.4
     3     1    19    11    11     7     0     1   -26.0  -31.563  -48.137   1102.7    895.5
     4     1    19    11    11     7     0     1   -26.0  -30.959  -52.133   1988.7    803.4
     5     1    19    11    11     7     0     1   -26.0  -33.460  -58.818   2868.6    721.9
     1     1    19    11    11     6     0     0   -27.0  -33.011  -49.494      4.8   1022.4
     2     1    19    11    11     6     0     0   -27.0  -32.821  -47.305    112.8   1008.7
     3     1    19    11    11     6     0     0   -27.0  -31.676  -47.852   1101.3    895.8
     4     1    19    11    11     6     0     0   -27.0  -30.964  -51.841   2057.6    797.6
     5     1    19    11    11     6     0     0   -27.0  -33.578  -58.846   2851.3    723.2
     1     1    19    11    11     5     0     1   -28.0  -33.127  -49.154      4.9   1022.4
     2     1    19    11    11     5     0     1   -28.0  -32.996  -46.981    114.2   1009.2
     3     1    19    11    11     5     0     1   -28.0  -31.796  -47.585   1095.1    895.7
     4     1    19    11    11     5     0     1   -28.0  -30.986  -51.563   2128.9    792.2
     5     1    19    11    11     5     0     1   -28.0  -33.702  -58.883   2824.5    728.2
     1     1    19    11    11     4     0     2   -29.0  -33.254  -48.831      5.3   1022.3
     2     1    19    11    11     4     0     2   -29.0  -33.181  -46.662    118.8   1008.6
     3     1    19    11    11     4     0     2   -29.0  -31.918  -47.332   1081.7    897.9
     4     1    19    11    11     4     0     2   -29.0  -31.033  -51.329   2222.8    783.7
     5     1    19    11    11     4     0     2   -29.0  -33.844  -58.964   2821.8    729.2
     1     1    19    11    11     3     0     3   -30.0  -33.390  -48.521      5.8   1022.2
     2     1    19    11    11     3     0     3   -30.0  -33.382  -46.348    126.4   1007.9
     3     1    19    11    11     3     0     3   -30.0  -32.041  -47.081   1060.5    899.4
     4     1    19    11    11     3     0     3   -30.0  -31.104  -51.163   2335.2    772.8
     5     1    19    11    11     3     0     3   -30.0  -34.012  -59.099   2849.1    727.4
     1     1    19    11    11     2     0     2   -31.0  -33.534  -48.216      6.3   1022.6
     2     1    19    11    11     2     0     2   -31.0  -33.596  -46.047    137.4   1007.1
     3     1    19    11    11     2     0     2   -31.0  -32.168  -46.836   1040.4    903.4
     4     1    19    11    11     2     0     2   -31.0  -31.188  -51.065   2430.1    761.2
     5     1    19    11    11     2     0     2   -31.0  -34.179  -59.276   2886.5    722.5
     1     1    19    11    11     1     0     1   -32.0  -33.685  -47.913      6.9   1023.1
     2     1    19    11    11     1     0     1   -32.0  -33.816  -45.774    150.5   1005.8
     3     1    19    11    11     1     0     1   -32.0  -32.296  -46.620   1033.6    904.4
     4     1    19    11    11     1     0     1   -32.0  -31.275  -51.005   2487.6    756.8
     5     1    19    11    11     1     0     1   -32.0  -34.319  -59.462   2918.2    720.2
     1     1    19    11    11     0     0     0   -33.0  -33.841  -47.620      7.6   1023.6
     2     1    19    11    11     0     0     0   -33.0  -34.039  -45.527    165.3   1004.2
     3     1    19    11    11     0     0     0   -33.0  -32.425  -46.428   1042.3    904.0
     4     1    19    11    11     0     0     0   -33.0  -31.361  -50.968   2521.1    754.7
     5     1    19    11    11     0     0     0   -33.0  -34.438  -59.664   2939.5    717.8
     1     1    19    11    10    23     0     1   -34.0  -34.006  -47.339      8.6   1022.4
     2     1    19    11    10    23     0     1   -34.0  -34.266  -45.308    178.5   1001.4
     3     1    19    11    10    23     0     1   -34.0  -32.551  -46.252   1045.0    900.5
     4     1    19    11    10    23     0     1   -34.0  -31.441  -50.953   2540.2    752.7
     5     1    19    11    10    23     0     1   -34.0  -34.550  -59.876   2948.8    717.0
     1     1    19    11    10    22     0     2   -35.0  -34.188  -47.073      9.6   1021.3
     2     1    19    11    10    22     0     2   -35.0  -34.506  -45.122    186.6    999.6
     3     1    19    11    10    22     0     2   -35.0  -32.676  -46.074   1018.5    902.7
     4     1    19    11    10    22     0     2   -35.0  -31.514  -50.959   2544.6    751.4
     5     1    19    11    10    22     0     2   -35.0  -34.669  -60.086   2952.2    715.6
     1     1    19    11    10    21     0     3   -36.0  -34.390  -46.823     10.3   1020.0
     2     1    19    11    10    21     0     3   -36.0  -34.756  -44.966    189.4    998.7
     3     1    19    11    10    21     0     3   -36.0  -32.802  -45.896    967.0    908.2
     4     1    19    11    10    21     0     3   -36.0  -31.580  -50.976   2529.4    752.1
     5     1    19    11    10    21     0     3   -36.0  -34.787  -60.288   2953.7    713.9
     1     1    19    11    10    20     0     2   -37.0  -34.598  -46.593     10.5   1020.2
     2     1    19    11    10    20     0     2   -37.0  -35.005  -44.837    191.1    998.8
     3     1    19    11    10    20     0     2   -37.0  -32.929  -45.722    925.2    916.2
     4     1    19    11    10    20     0     2   -37.0  -31.641  -50.997   2509.5    755.5
     5     1    19    11    10    20     0     2   -37.0  -34.898  -60.481   2969.3    712.2
     1     1    19    11    10    19     0     1   -38.0  -34.798  -46.384     10.3   1020.5
     2     1    19    11    10    19     0     1   -38.0  -35.244  -44.734    196.4    998.0
     3     1    19    11    10    19     0     1   -38.0  -33.051  -45.565    917.6    916.5
     4     1    19    11    10    19     0     1   -38.0  -31.693  -51.027   2500.5    756.4
     5     1    19    11    10    19     0     1   -38.0  -35.009  -60.669   3002.8    707.3
     1     1    19    11    10    18     0     0   -39.0  -34.989  -46.192     10.1   1020.8
     2     1    19    11    10    18     0     0   -39.0  -35.478  -44.661    203.3    996.7
     3     1    19    11    10    18     0     0   -39.0  -33.160  -45.432    931.4    914.0
     4     1    19    11    10    18     0     0   -39.0  -31.733  -51.071   2503.1    756.3
     5     1    19    11    10    18     0     0   -39.0  -35.130  -60.857   3058.3    701.9
     1     1    19    11    10    17     0     1   -40.0  -35.184  -46.019     10.0   1021.0
     2     1    19    11    10    17     0     1   -40.0  -35.716  -44.609    209.5    995.9
     3     1    19    11    10    17     0     1   -40.0  -33.263  -45.318    951.3    910.7
     4     1    19    11    10    17     0     1   -40.0  -31.764  -51.114   2522.7    754.8
     5     1    19    11    10    17     0     1   -40.0  -35.257  -61.073   3134.5    693.3
     1     1    19    11    10    16     0     2   -41.0  -35.395  -45.870     10.0   1021.2
     2     1    19    11    10    16     0     2   -41.0  -35.970  -44.574    218.8    995.1
     3     1    19    11    10    16     0     2   -41.0  -33.368  -45.218    967.2    908.5
     4     1    19    11    10    16     0     2   -41.0  -31.792  -51.143   2562.2    750.9
     5     1    19    11    10    16     0     2   -41.0  -35.373  -61.322   3215.2    686.3
     1     1    19    11    10    15     0     3   -42.0  -35.622  -45.736     10.2   1021.4
     2     1    19    11    10    15     0     3   -42.0  -36.230  -44.554    232.9    993.3
     3     1    19    11    10    15     0     3   -42.0  -33.476  -45.132    979.6    907.3
     4     1    19    11    10    15     0     3   -42.0  -31.820  -51.157   2620.1    745.6
     5     1    19    11    10    15     0     3   -42.0  -35.481  -61.580   3309.2    679.0
     1     1    19    11    10    14     0     2   -43.0  -35.859  -45.626     10.9   1021.1
     2     1    19    11    10    14     0     2   -43.0  -36.487  -44.563    247.7    991.5
     3     1    19    11    10    14     0     2   -43.0  -33.591  -45.067   1017.7    906.2
     4     1    19    11    10    14     0     2   -43.0  -31.860  -51.164   2686.8    738.8
     5     1    19    11    10    14     0     2   -43.0  -35.588  -61.832   3425.0    668.8
     1     1    19    11    10    13     0     1   -44.0  -36.099  -45.553     12.5   1020.7
     2     1    19    11    10    13     0     1   -44.0  -36.742  -44.610    259.8    990.2
     3     1    19    11    10    13     0     1   -44.0  -33.715  -45.048   1124.6    896.8
     4     1    19    11    10    13     0     1   -44.0  -31.927  -51.175   2750.0    733.1
     5     1    19    11    10    13     0     1   -44.0  -35.700  -62.082   3540.3    657.7
     1     1    19    11    10    12     0     0   -45.0  -36.341  -45.517     14.7   1020.0
     2     1    19    11    10    12     0     0   -45.0  -37.002  -44.683    267.6    989.2
     3     1    19    11    10    12     0     0   -45.0  -33.839  -45.095   1353.4    876.2
     4     1    19    11    10    12     0     0   -45.0  -32.024  -51.195   2810.9    727.7
     5     1    19    11    10    12     0     0   -45.0  -35.822  -62.326   3630.0    649.7
     1     1    19    11    10    11     0     1   -46.0  -36.584  -45.509     16.7   1019.0
     2     1    19    11    10    11     0     1   -46.0  -37.267  -44.783    273.2    988.1
     3     1    19    11    10    11     0     1   -46.0  -33.930  -45.225   1634.2    834.9
     4     1    19    11    10    11     0     1   -46.0  -32.136  -51.242   2860.3    721.8
     5     1    19    11    10    11     0     1   -46.0  -35.958  -62.558   3678.6    644.7
     1     1    19    11    10    10     0     2   -47.0  -36.830  -45.519     18.2   1018.2
     2     1    19    11    10    10     0     2   -47.0  -37.536  -44.914    277.8    986.7
     3     1    19    11    10    10     0     2   -47.0  -33.988  -45.421   1789.9    816.5
     4     1    19    11    10    10     0     2   -47.0  -32.244  -51.323   2890.2    718.9
     5     1    19    11    10    10     0     2   -47.0  -36.111  -62.772   3678.2    643.8
     1     1    19    11    10     9     0     3   -48.0  -37.077  -45.550     19.4   1017.5
     2     1    19    11    10     9     0     3   -48.0  -37.807  -45.069    281.0    985.9
     3     1    19    11    10     9     0     3   -48.0  -34.032  -45.645   1797.7    815.2
     4     1    19    11    10     9     0     3   -48.0  -32.352  -51.432   2906.4    717.2
     5     1    19    11    10     9     0     3   -48.0  -36.292  -62.961   3642.8    646.2
     1     1    19    11    10     8     0     2   -49.0  -37.322  -45.609     20.9   1017.2
     2     1    19    11    10     8     0     2   -49.0  -38.073  -45.255    289.0    985.4
     3     1    19    11    10     8     0     2   -49.0  -34.077  -45.853   1726.7    828.0
     4     1    19    11    10     8     0     2   -49.0  -32.456  -51.566   2929.6    716.7
     5     1    19    11    10     8     0     2   -49.0  -36.512  -63.146   3605.9    649.4
     1     1    19    11    10     7     0     1   -50.0  -37.565  -45.703     23.2   1016.8
     2     1    19    11    10     7     0     1   -50.0  -38.328  -45.471    306.0    983.0
     3     1    19    11    10     7     0     1   -50.0  -34.129  -46.048   1661.2    836.0
     4     1    19    11    10     7     0     1   -50.0  -32.554  -51.722   2969.9    712.6
     5     1    19    11    10     7     0     1   -50.0  -36.785  -63.368   3594.8    649.3
     1     1    19    11    10     6     0     0   -51.0  -37.801  -45.828     26.1   1016.8
     2     1    19    11    10     6     0     0   -51.0  -38.564  -45.704    326.7    979.8
     3     1    19    11    10     6     0     0   -51.0  -34.180  -46.242   1621.3    840.9
     4     1    19    11    10     6     0     0   -51.0  -32.639  -51.888   3013.3    708.3
     5     1    19    11    10     6     0     0   -51.0  -37.121  -63.658   3635.6    646.0
     1     1    19    11    10     5     0     1   -52.0  -38.030  -45.967     30.1   1016.6
     2     1    19    11    10     5     0     1   -52.0  -38.790  -45.941    338.2    977.3
     3     1    19    11    10     5     0     1   -52.0  -34.216  -46.430   1594.4    841.6
     4     1    19    11    10     5     0     1   -52.0  -32.701  -52.050   3077.1    704.7
     5     1    19    11    10     5     0     1   -52.0  -37.487  -64.019   3693.1    637.8
     1     1    19    11    10     4     0     2   -53.0  -38.257  -46.107     35.0   1015.8
     2     1    19    11    10     4     0     2   -53.0  -39.023  -46.179    330.7    977.8
     3     1    19    11    10     4     0     2   -53.0  -34.229  -46.592   1555.7    845.2
     4     1    19    11    10     4     0     2   -53.0  -32.743  -52.209   3177.0    695.1
     5     1    19    11    10     4     0     2   -53.0  -37.814  -64.426   3737.3    631.1
     1     1    19    11    10     3     0     3   -54.0  -38.489  -46.250     39.0   1015.0
     2     1    19    11    10     3     0     3   -54.0  -39.269  -46.425    325.8    980.9
     3     1    19    11    10     3     0     3   -54.0  -34.224  -46.723   1495.6    850.9
     4     1    19    11    10     3     0     3   -54.0  -32.783  -52.369   3281.4    684.1
     5     1    19    11    10     3     0     3   -54.0  -38.072  -64.892   3758.6    622.4
     1     1    19    11    10     2     0     2   -55.0  -38.729  -46.404     40.3   1014.2
     2     1    19    11    10     2     0     2   -55.0  -39.521  -46.684    342.3    978.4
     3     1    19    11    10     2     0     2   -55.0  -34.220  -46.821   1452.6    859.9
     4     1    19    11    10     2     0     2   -55.0  -32.834  -52.528   3347.5    676.7
     5     1    19    11    10     2     0     2   -55.0  -38.284  -65.396   3751.6    628.2
     1     1    19    11    10     1     0     1   -56.0  -38.976  -46.570     39.9   1013.7
     2     1    19    11    10     1     0     1   -56.0  -39.775  -46.954    363.8    974.6
     3     1    19    11    10     1     0     1   -56.0  -34.235  -46.894   1466.1    858.7
     4     1    19    11    10     1     0     1   -56.0  -32.897  -52.686   3371.6    676.5
     5     1    19    11    10     1     0     1   -56.0  -38.473  -65.888   3750.8    629.7
     1     1    19    11    10     0     0     0   -57.0  -39.232  -46.747     39.6   1013.1
     2     1    19    11    10     0     0     0   -57.0  -40.039  -47.228    376.8    973.1
     3     1    19    11    10     0     0     0   -57.0  -34.267  -46.947   1535.3    851.9
     4     1    19    11    10     0     0     0   -57.0  -32.969  -52.842   3389.5    676.9
     5     1    19    11    10     0     0     0   -57.0  -38.655  -66.341   3739.7    627.3
     1     1    19    11     9    23     0     1   -58.0  -39.491  -46.954     39.5   1012.7
     2     1    19    11     9    23     0     1   -58.0  -40.310  -47.520    387.9    972.0
     3     1    19    11     9    23     0     1   -58.0  -34.309  -47.018   1600.8    838.7
     4     1    19    11     9    23     0     1   -58.0  -33.040  -53.019   3414.8    674.4
     5     1    19    11     9    23     0     1   -58.0  -38.839  -66.761   3711.6    626.6
     1     1    19    11     9    22     0     2   -59.0  -39.751  -47.200     39.7   1012.4
     2     1    19    11     9    22     0     2   -59.0  -40.586  -47.845    395.9    969.4
     3     1    19    11     9    22     0     2   -59.0  -34.358  -47.120   1604.7    837.3
     4     1    19    11     9    22     0     2   -59.0  -33.108  -53.240   3431.5    671.4
     5     1    19    11     9    22     0     2   -59.0  -39.027  -67.175   3702.9    628.3
     1     1    19    11     9    21     0     3   -60.0  -40.014  -47.476     39.9   1011.9
     2     1    19    11     9    21     0     3   -60.0  -40.881  -48.197    396.5    969.4
     3     1    19    11     9    21     0     3   -60.0  -34.416  -47.229   1538.8    843.3
     4     1    19    11     9    21     0     3   -60.0  -33.175  -53.506   3436.6    670.9
     5     1    19    11     9    21     0     3   -60.0  -39.226  -67.618   3764.3    619.6
     1     1    19    11     9    20     0     2   -61.0  -40.276  -47.775     39.3   1011.8
     2     1    19    11     9    20     0     2   -61.0  -41.175  -48.579    403.1    969.2
     3     1    19    11     9    20     0     2   -61.0  -34.484  -47.330   1456.4    857.7
     4     1    19    11     9    20     0     2   -61.0  -33.236  -53.799   3446.5    670.1
     5     1    19    11     9    20     0     2   -61.0  -39.435  -68.116   3883.6    596.1
     1     1    19    11     9    19     0     1   -62.0  -40.532  -48.100     37.9   1012.2
     2     1    19    11     9    19     0     1   -62.0  -41.462  -48.996    423.2    966.8
     3     1    19    11     9    19     0     1   -62.0  -34.562  -47.444   1430.9    862.1
     4     1    19    11     9    19     0     1   -62.0  -33.282  -54.100   3462.7    666.3
     5     1    19    11     9    19     0     1   -62.0  -39.649  -68.623   3994.2    574.2
     1     1    19    11     9    18     0     0   -63.0  -40.779  -48.457     36.8   1012.5
     2     1    19    11     9    18     0     0   -63.0  -41.758  -49.441    459.3    962.7
     3     1    19    11     9    18     0     0   -63.0  -34.652  -47.581   1498.4    857.2
     4     1    19    11     9    18     0     0   -63.0  -33.318  -54.414   3462.2    660.0
     5     1    19    11     9    18     0     0   -63.0  -39.867  -69.101   4118.1    561.2
     1     1    19    11     9    17     0     1   -64.0  -41.015  -48.833     35.7   1012.5
     2     1    19    11     9    17     0     1   -64.0  -42.040  -49.897    500.4    956.1
     3     1    19    11     9    17     0     1   -64.0  -34.739  -47.737   1634.8    838.3
     4     1    19    11     9    17     0     1   -64.0  -33.343  -54.725   3458.1    657.8
     5     1    19    11     9    17     0     1   -64.0  -40.097  -69.583   4232.4    547.7
     1     1    19    11     9    16     0     2   -65.0  -41.239  -49.211     34.5   1012.6
     2     1    19    11     9    16     0     2   -65.0  -42.293  -50.360    519.3    952.1
     3     1    19    11     9    16     0     2   -65.0  -34.814  -47.897   1738.0    823.7
     4     1    19    11     9    16     0     2   -65.0  -33.333  -55.020   3483.2    651.9
     5     1    19    11     9    16     0     2   -65.0  -40.331  -70.077   4235.7    543.9
     1     1    19    11     9    15     0     3   -66.0  -41.443  -49.596     35.2   1012.6
     2     1    19    11     9    15     0     3   -66.0  -42.537  -50.830    521.9    954.2
     3     1    19    11     9    15     0     3   -66.0  -34.892  -48.041   1724.8    821.2
     4     1    19    11     9    15     0     3   -66.0  -33.269  -55.298   3561.7    649.8
     5     1    19    11     9    15     0     3   -66.0  -40.561  -70.582   4206.3    536.0
     1     1    19    11     9    14     0     2   -67.0  -41.621  -49.992     37.3   1012.3
     2     1    19    11     9    14     0     2   -67.0  -42.781  -51.308    541.7    953.5
     3     1    19    11     9    14     0     2   -67.0  -34.967  -48.167   1660.1    837.0
     4     1    19    11     9    14     0     2   -67.0  -33.182  -55.590   3666.4    642.2
     5     1    19    11     9    14     0     2   -67.0  -40.804  -71.114   4279.5    528.8
     1     1    19    11     9    13     0     1   -68.0  -41.795  -50.393     37.4   1012.3
     2     1    19    11     9    13     0     1   -68.0  -43.019  -51.806    575.7    947.5
     3     1    19    11     9    13     0     1   -68.0  -35.025  -48.292   1626.1    840.9
     4     1    19    11     9    13     0     1   -68.0  -33.120  -55.913   3787.6    637.8
     5     1    19    11     9    13     0     1   -68.0  -41.078  -71.681   4453.4    514.6
     1     1    19    11     9    12     0     0   -69.0  -41.987  -50.794     34.4   1012.8
     2     1    19    11     9    12     0     0   -69.0  -43.261  -52.314    593.6    944.1
     3     1    19    11     9    12     0     0   -69.0  -35.068  -48.425   1622.9    840.9
     4     1    19    11     9    12     0     0   -69.0  -33.068  -56.275   3922.0    626.4
     5     1    19    11     9    12     0     0   -69.0  -41.362  -72.239   4644.0    516.1
     1     1    19    11     9    11     0     1   -70.0  -42.192  -51.195     31.4   1013.1
     2     1    19    11     9    11     0     1   -70.0  -43.507  -52.810    607.7    944.5
     3     1    19    11     9    11     0     1   -70.0  -35.103  -48.563   1646.9    837.8
     4     1    19    11     9    11     0     1   -70.0  -33.004  -56.669   3971.5    616.7
     5     1    19    11     9    11     0     1   -70.0  -41.636  -72.785   4875.6    537.9
     1     1    19    11     9    10     0     2   -71.0  -42.394  -51.597     31.4   1012.5
     2     1    19    11     9    10     0     2   -71.0  -43.750  -53.297    625.4    940.5
     3     1    19    11     9    10     0     2   -71.0  -35.134  -48.698   1695.8    832.3
     4     1    19    11     9    10     0     2   -71.0  -32.924  -57.044   3915.1    624.2
     5     1    19    11     9    10     0     2   -71.0  -41.896  -73.351   5058.7    541.8
     1     1    19    11     9     9     0     3   -72.0  -42.581  -51.998     33.9   1012.1
     2     1    19    11     9     9     0     3   -72.0  -44.008  -53.783    622.0    939.3
     3     1    19    11     9     9     0     3   -72.0  -35.162  -48.830   1769.8    824.4
     4     1    19    11     9     9     0     3   -72.0  -32.835  -57.356   3844.9    634.2
     5     1    19    11     9     9     0     3   -72.0  -42.119  -73.949   5133.0    531.5
