     7     1
    GDAS    19    11    29     0     0
    GDAS    19    12     1     0     0
    GDAS    19    12     8     0     0
    GDAS    19    12    15     0     0
    GDAS    19    12    22     0     0
    GDAS    19    12    29     0     0
    GDAS    20     1     1     0     0
     5 BACKWARD OMEGA   
    19    12    27     9  -34.572  -58.513    10.0
    19    12    27     9  -34.572  -58.513   200.0
    19    12    27     9  -34.572  -58.513   500.0
    19    12    27     9  -34.572  -58.513  1000.0
    19    12    27     9  -34.572  -58.513  2000.0
     1 PRESSURE
     1     1    19    12    27     9     0     3     0.0  -34.572  -58.513     10.0   1007.4
     2     1    19    12    27     9     0     3     0.0  -34.572  -58.513    200.0    987.1
     3     1    19    12    27     9     0     3     0.0  -34.572  -58.513    500.0    953.6
     4     1    19    12    27     9     0     3     0.0  -34.572  -58.513   1000.0    900.1
     5     1    19    12    27     9     0     3     0.0  -34.572  -58.513   2000.0    801.0
     1     1    19    12    27     8     0     2    -1.0  -34.534  -58.449     14.1   1006.4
     2     1    19    12    27     8     0     2    -1.0  -34.429  -58.430    225.5    983.4
     3     1    19    12    27     8     0     2    -1.0  -34.341  -58.533    517.1    951.1
     4     1    19    12    27     8     0     2    -1.0  -34.304  -58.661    943.9    906.5
     5     1    19    12    27     8     0     2    -1.0  -34.384  -58.797   1843.7    815.4
     1     1    19    12    27     7     0     1    -2.0  -34.491  -58.378     20.8   1005.0
     2     1    19    12    27     7     0     1    -2.0  -34.244  -58.313    261.8    977.6
     3     1    19    12    27     7     0     1    -2.0  -34.071  -58.518    528.6    946.6
     4     1    19    12    27     7     0     1    -2.0  -34.007  -58.766    863.2    910.8
     5     1    19    12    27     7     0     1    -2.0  -34.134  -59.058   1625.2    833.3
     1     1    19    12    27     6     0     0    -3.0  -34.442  -58.296     31.1   1003.2
     2     1    19    12    27     6     0     0    -3.0  -33.998  -58.155    312.5    968.4
     3     1    19    12    27     6     0     0    -3.0  -33.751  -58.452    531.2    947.3
     4     1    19    12    27     6     0     0    -3.0  -33.673  -58.780    772.8    924.9
     5     1    19    12    27     6     0     0    -3.0  -33.807  -59.262   1336.0    864.8
     1     1    19    12    27     5     0     1    -4.0  -34.386  -58.187     47.9   1001.3
     2     1    19    12    27     5     0     1    -4.0  -33.704  -57.968    378.7    962.2
     3     1    19    12    27     5     0     1    -4.0  -33.399  -58.341    533.0    948.4
     4     1    19    12    27     5     0     1    -4.0  -33.298  -58.728    712.4    932.4
     5     1    19    12    27     5     0     1    -4.0  -33.465  -59.344   1129.2    896.4
     1     1    19    12    27     4     0     2    -5.0  -34.317  -58.029     79.0    997.3
     2     1    19    12    27     4     0     2    -5.0  -33.396  -57.734    413.8    955.1
     3     1    19    12    27     4     0     2    -5.0  -33.046  -58.164    489.1    951.1
     4     1    19    12    27     4     0     2    -5.0  -32.907  -58.619    636.1    937.5
     5     1    19    12    27     4     0     2    -5.0  -33.124  -59.327    996.9    902.8
     1     1    19    12    27     3     0     3    -6.0  -34.219  -57.812    130.0    989.9
     2     1    19    12    27     3     0     3    -6.0  -33.082  -57.388    400.6    958.6
     3     1    19    12    27     3     0     3    -6.0  -32.726  -57.850    405.1    963.3
     4     1    19    12    27     3     0     3    -6.0  -32.552  -58.403    531.3    950.6
     5     1    19    12    27     3     0     3    -6.0  -32.770  -59.211    856.2    915.7
     1     1    19    12    27     2     0     2    -7.0  -34.106  -57.563    174.3    979.0
     2     1    19    12    27     2     0     2    -7.0  -32.783  -56.999    418.9    957.8
     3     1    19    12    27     2     0     2    -7.0  -32.458  -57.481    377.3    967.5
     4     1    19    12    27     2     0     2    -7.0  -32.269  -58.094    445.7    964.2
     5     1    19    12    27     2     0     2    -7.0  -32.440  -59.040    736.3    932.9
     1     1    19    12    27     1     0     1    -8.0  -34.014  -57.331    187.4    974.1
     2     1    19    12    27     1     0     1    -8.0  -32.546  -56.676    488.1    945.6
     3     1    19    12    27     1     0     1    -8.0  -32.222  -57.160    444.6    954.4
     4     1    19    12    27     1     0     1    -8.0  -32.039  -57.771    422.0    963.9
     5     1    19    12    27     1     0     1    -8.0  -32.164  -58.858    665.8    939.0
     1     1    19    12    27     0     0     0    -9.0  -33.956  -57.125    181.0    974.5
     2     1    19    12    27     0     0     0    -9.0  -32.381  -56.415    565.5    934.7
     3     1    19    12    27     0     0     0    -9.0  -32.016  -56.918    593.6    932.8
     4     1    19    12    27     0     0     0    -9.0  -31.836  -57.486    467.9    953.8
     5     1    19    12    27     0     0     0    -9.0  -31.934  -58.646    631.8    941.2
     1     1    19    12    26    23     0     1   -10.0  -33.905  -56.945    176.9    976.2
     2     1    19    12    26    23     0     1   -10.0  -32.248  -56.207    632.9    926.1
     3     1    19    12    26    23     0     1   -10.0  -31.845  -56.800    684.7    908.7
     4     1    19    12    26    23     0     1   -10.0  -31.664  -57.295    481.8    938.3
     5     1    19    12    26    23     0     1   -10.0  -31.727  -58.445    624.9    940.8
     1     1    19    12    26    22     0     2   -11.0  -33.836  -56.784    187.9    976.2
     2     1    19    12    26    22     0     2   -11.0  -32.113  -56.063    713.6    919.1
     3     1    19    12    26    22     0     2   -11.0  -31.699  -56.734    601.5    917.4
     4     1    19    12    26    22     0     2   -11.0  -31.524  -57.156    357.1    945.8
     5     1    19    12    26    22     0     2   -11.0  -31.531  -58.306    645.2    938.5
     1     1    19    12    26    21     0     3   -12.0  -33.757  -56.642    214.3    974.3
     2     1    19    12    26    21     0     3   -12.0  -31.958  -56.024    839.6    905.5
     3     1    19    12    26    21     0     3   -12.0  -31.591  -56.649    409.6    941.7
     4     1    19    12    26    21     0     3   -12.0  -31.431  -57.033    165.5    971.3
     5     1    19    12    26    21     0     3   -12.0  -31.335  -58.255    695.6    932.5
     1     1    19    12    26    20     0     2   -13.0  -33.655  -56.513    261.9    971.7
     2     1    19    12    26    20     0     2   -13.0  -31.777  -56.086    945.0    885.6
     3     1    19    12    26    20     0     2   -13.0  -31.515  -56.556    276.4    967.4
     4     1    19    12    26    20     0     2   -13.0  -31.364  -56.967     71.4    994.9
     5     1    19    12    26    20     0     2   -13.0  -31.114  -58.279    764.6    923.9
     1     1    19    12    26    19     0     1   -14.0  -33.521  -56.385    338.5    964.8
     2     1    19    12    26    19     0     1   -14.0  -31.582  -56.178    991.7    882.3
     3     1    19    12    26    19     0     1   -14.0  -31.431  -56.506    228.8    968.1
     4     1    19    12    26    19     0     1   -14.0  -31.273  -56.966     42.1    994.5
     5     1    19    12    26    19     0     1   -14.0  -30.854  -58.341    865.5    914.7
     1     1    19    12    26    18     0     0   -15.0  -33.365  -56.252    448.9    954.9
     2     1    19    12    26    18     0     0   -15.0  -31.363  -56.309   1067.6    879.7
     3     1    19    12    26    18     0     0   -15.0  -31.331  -56.511    236.5    966.7
     4     1    19    12    26    18     0     0   -15.0  -31.148  -57.036     44.1    994.5
     5     1    19    12    26    18     0     0   -15.0  -30.556  -58.413   1046.0    898.1
     1     1    19    12    26    17     0     1   -16.0  -33.206  -56.111    573.4    938.9
     2     1    19    12    26    17     0     1   -16.0  -31.106  -56.479   1160.2    862.6
     3     1    19    12    26    17     0     1   -16.0  -31.204  -56.537    261.5    959.0
     4     1    19    12    26    17     0     1   -16.0  -30.990  -57.136     63.7    991.7
     5     1    19    12    26    17     0     1   -16.0  -30.204  -58.500   1234.6    868.4
     1     1    19    12    26    16     0     2   -17.0  -33.050  -55.949    700.9    926.3
     2     1    19    12    26    16     0     2   -17.0  -30.829  -56.624   1180.1    862.2
     3     1    19    12    26    16     0     2   -17.0  -31.048  -56.539    246.2    959.0
     4     1    19    12    26    16     0     2   -17.0  -30.822  -57.201     79.8    990.1
     5     1    19    12    26    16     0     2   -17.0  -29.834  -58.621   1276.6    860.0
     1     1    19    12    26    15     0     3   -18.0  -32.871  -55.776    803.0    908.0
     2     1    19    12    26    15     0     3   -18.0  -30.539  -56.722   1132.7    873.4
     3     1    19    12    26    15     0     3   -18.0  -30.876  -56.515    193.2    965.7
     4     1    19    12    26    15     0     3   -18.0  -30.653  -57.231     87.0    990.0
     5     1    19    12    26    15     0     3   -18.0  -29.493  -58.778   1292.1    873.0
     1     1    19    12    26    14     0     2   -19.0  -32.672  -55.632    862.6    902.6
     2     1    19    12    26    14     0     2   -19.0  -30.229  -56.798   1095.6    884.3
     3     1    19    12    26    14     0     2   -19.0  -30.719  -56.452    146.9    976.3
     4     1    19    12    26    14     0     2   -19.0  -30.482  -57.227     88.4    990.4
     5     1    19    12    26    14     0     2   -19.0  -29.143  -58.920   1476.1    858.5
     1     1    19    12    26    13     0     1   -20.0  -32.460  -55.529    912.5    896.9
     2     1    19    12    26    13     0     1   -20.0  -29.879  -56.857   1140.4    883.8
     3     1    19    12    26    13     0     1   -20.0  -30.596  -56.338    126.4    977.5
     4     1    19    12    26    13     0     1   -20.0  -30.299  -57.177     89.1    990.6
     5     1    19    12    26    13     0     1   -20.0  -28.770  -59.001   1672.4    819.4
     1     1    19    12    26    12     0     0   -21.0  -32.223  -55.423    942.6    891.8
     2     1    19    12    26    12     0     0   -21.0  -29.497  -56.880   1273.2    869.9
     3     1    19    12    26    12     0     0   -21.0  -30.507  -56.177    126.6    976.7
     4     1    19    12    26    12     0     0   -21.0  -30.085  -57.080     94.0    990.4
     5     1    19    12    26    12     0     0   -21.0  -28.395  -59.078   1691.8    822.3
     1     1    19    12    26    11     0     1   -22.0  -31.973  -55.278    930.8    891.6
     2     1    19    12    26    11     0     1   -22.0  -29.151  -56.878   1457.5    849.6
     3     1    19    12    26    11     0     1   -22.0  -30.455  -55.983    132.7    973.3
     4     1    19    12    26    11     0     1   -22.0  -29.883  -56.961     92.1    989.3
     5     1    19    12    26    11     0     1   -22.0  -28.047  -59.187   1654.6    837.3
     1     1    19    12    26    10     0     2   -23.0  -31.745  -55.101    888.5    897.6
     2     1    19    12    26    10     0     2   -23.0  -28.889  -56.873   1631.0    829.3
     3     1    19    12    26    10     0     2   -23.0  -30.435  -55.773    131.1    975.5
     4     1    19    12    26    10     0     2   -23.0  -29.762  -56.840     76.1    991.3
     5     1    19    12    26    10     0     2   -23.0  -27.760  -59.283   1629.3    833.5
     1     1    19    12    26     9     0     3   -24.0  -31.554  -54.907    829.4    903.0
     2     1    19    12    26     9     0     3   -24.0  -28.693  -56.873   1732.1    813.2
     3     1    19    12    26     9     0     3   -24.0  -30.448  -55.552    126.0    978.2
     4     1    19    12    26     9     0     3   -24.0  -29.725  -56.712     55.8    994.4
     5     1    19    12    26     9     0     3   -24.0  -27.518  -59.352   1565.3    834.8
     1     1    19    12    26     8     0     2   -25.0  -31.395  -54.697    765.3    907.9
     2     1    19    12    26     8     0     2   -25.0  -28.516  -56.865   1723.7    816.3
     3     1    19    12    26     8     0     2   -25.0  -30.488  -55.328    124.2    980.3
     4     1    19    12    26     8     0     2   -25.0  -29.719  -56.574     39.8    994.6
     5     1    19    12    26     8     0     2   -25.0  -27.270  -59.410   1445.8    845.4
     1     1    19    12    26     7     0     1   -26.0  -31.249  -54.490    718.1    909.4
     2     1    19    12    26     7     0     1   -26.0  -28.325  -56.837   1652.6    825.4
     3     1    19    12    26     7     0     1   -26.0  -30.537  -55.109    127.6    981.6
     4     1    19    12    26     7     0     1   -26.0  -29.697  -56.425     30.7    993.4
     5     1    19    12    26     7     0     1   -26.0  -26.971  -59.451   1289.1    861.1
     1     1    19    12    26     6     0     0   -27.0  -31.115  -54.286    694.2    906.6
     2     1    19    12    26     6     0     0   -27.0  -28.118  -56.789   1579.1    834.7
     3     1    19    12    26     6     0     0   -27.0  -30.579  -54.892    135.2    980.2
     4     1    19    12    26     6     0     0   -27.0  -29.671  -56.261     24.7    992.0
     5     1    19    12    26     6     0     0   -27.0  -26.635  -59.446   1180.6    877.0
     1     1    19    12    26     5     0     1   -28.0  -31.004  -54.093    703.0    901.4
     2     1    19    12    26     5     0     1   -28.0  -27.911  -56.723   1518.2    838.9
     3     1    19    12    26     5     0     1   -28.0  -30.608  -54.668    137.9    976.1
     4     1    19    12    26     5     0     1   -28.0  -29.661  -56.091     21.2    991.8
     5     1    19    12    26     5     0     1   -28.0  -26.292  -59.408   1145.0    878.7
     1     1    19    12    26     4     0     2   -29.0  -30.919  -53.924    754.2    897.7
     2     1    19    12    26     4     0     2   -29.0  -27.722  -56.638   1461.0    844.9
     3     1    19    12    26     4     0     2   -29.0  -30.631  -54.443    135.8    974.2
     4     1    19    12    26     4     0     2   -29.0  -29.677  -55.923     19.9    991.2
     5     1    19    12    26     4     0     2   -29.0  -25.951  -59.346   1134.7    877.6
     1     1    19    12    26     3     0     3   -30.0  -30.853  -53.774    848.1    892.7
     2     1    19    12    26     3     0     3   -30.0  -27.552  -56.538   1411.2    849.0
     3     1    19    12    26     3     0     3   -30.0  -30.645  -54.216    142.2    971.2
     4     1    19    12    26     3     0     3   -30.0  -29.711  -55.767     19.1    990.9
     5     1    19    12    26     3     0     3   -30.0  -25.618  -59.239   1132.5    879.0
     1     1    19    12    26     2     0     2   -31.0  -30.807  -53.658    956.5    881.7
     2     1    19    12    26     2     0     2   -31.0  -27.402  -56.430   1399.1    852.6
     3     1    19    12    26     2     0     2   -31.0  -30.651  -53.998    157.3    965.4
     4     1    19    12    26     2     0     2   -31.0  -29.748  -55.642     16.6    991.1
     5     1    19    12    26     2     0     2   -31.0  -25.314  -59.093   1105.7    877.8
     1     1    19    12    26     1     0     1   -32.0  -30.783  -53.576   1056.4    874.3
     2     1    19    12    26     1     0     1   -32.0  -27.272  -56.313   1482.4    846.0
     3     1    19    12    26     1     0     1   -32.0  -30.667  -53.811    165.2    965.7
     4     1    19    12    26     1     0     1   -32.0  -29.775  -55.556     13.3    992.1
     5     1    19    12    26     1     0     1   -32.0  -25.052  -58.921    939.3    886.5
     1     1    19    12    26     0     0     0   -33.0  -30.782  -53.525   1161.7    865.5
     2     1    19    12    26     0     0     0   -33.0  -27.175  -56.180   1737.7    824.9
     3     1    19    12    26     0     0     0   -33.0  -30.707  -53.658    162.3    968.3
     4     1    19    12    26     0     0     0   -33.0  -29.792  -55.499     11.0    992.8
     5     1    19    12    26     0     0     0   -33.0  -24.846  -58.713    695.6    923.6
     1     1    19    12    25    23     0     1   -34.0  -30.788  -53.515   1285.3    853.4
     2     1    19    12    25    23     0     1   -34.0  -27.115  -56.085   2114.0    778.5
     3     1    19    12    25    23     0     1   -34.0  -30.752  -53.552    161.3    969.6
     4     1    19    12    25    23     0     1   -34.0  -29.798  -55.464     10.3    992.5
     5     1    19    12    25    23     0     1   -34.0  -24.681  -58.505    604.6    947.2
     1     1    19    12    25    22     0     2   -35.0  -30.784  -53.551   1420.1    839.3
     2     1    19    12    25    22     0     2   -35.0  -27.051  -56.069   2431.1    745.3
     3     1    19    12    25    22     0     2   -35.0  -30.786  -53.516    165.9    968.4
     4     1    19    12    25    22     0     2   -35.0  -29.792  -55.447     11.8    991.8
     5     1    19    12    25    22     0     2   -35.0  -24.510  -58.340    731.5    922.5
     1     1    19    12    25    21     0     3   -36.0  -30.777  -53.616   1550.1    824.0
     2     1    19    12    25    21     0     3   -36.0  -26.970  -56.117   2659.2    725.1
     3     1    19    12    25    21     0     3   -36.0  -30.807  -53.559    169.8    965.7
     4     1    19    12    25    21     0     3   -36.0  -29.774  -55.448     16.2    990.6
     5     1    19    12    25    21     0     3   -36.0  -24.345  -58.209    921.2    897.4
     1     1    19    12    25    20     0     2   -37.0  -30.759  -53.703   1599.5    812.0
     2     1    19    12    25    20     0     2   -37.0  -26.872  -56.203   2818.1    713.1
     3     1    19    12    25    20     0     2   -37.0  -30.820  -53.647    156.5    964.3
     4     1    19    12    25    20     0     2   -37.0  -29.742  -55.472     23.7    989.5
     5     1    19    12    25    20     0     2   -37.0  -24.179  -58.107   1036.7    878.0
     1     1    19    12    25    19     0     1   -38.0  -30.722  -53.813   1508.3    820.6
     2     1    19    12    25    19     0     1   -38.0  -26.767  -56.313   2936.2    703.8
     3     1    19    12    25    19     0     1   -38.0  -30.824  -53.744    130.3    966.5
     4     1    19    12    25    19     0     1   -38.0  -29.695  -55.524     32.6    988.6
     5     1    19    12    25    19     0     1   -38.0  -23.998  -58.028   1015.6    884.1
     1     1    19    12    25    18     0     0   -39.0  -30.672  -53.941   1303.1    841.2
     2     1    19    12    25    18     0     0   -39.0  -26.654  -56.444   3026.3    696.7
     3     1    19    12    25    18     0     0   -39.0  -30.815  -53.848    103.1    968.1
     4     1    19    12    25    18     0     0   -39.0  -29.629  -55.602     41.6    988.0
     5     1    19    12    25    18     0     0   -39.0  -23.797  -57.962    990.2    896.0
     1     1    19    12    25    17     0     1   -40.0  -30.618  -54.083   1086.5    872.2
     2     1    19    12    25    17     0     1   -40.0  -26.540  -56.586   3086.4    691.5
     3     1    19    12    25    17     0     1   -40.0  -30.794  -53.961     81.8    969.8
     4     1    19    12    25    17     0     1   -40.0  -29.545  -55.695     47.9    988.0
     5     1    19    12    25    17     0     1   -40.0  -23.567  -57.909   1074.7    888.5
     1     1    19    12    25    16     0     2   -41.0  -30.564  -54.237    953.2    890.2
     2     1    19    12    25    16     0     2   -41.0  -26.429  -56.728   3121.3    690.0
     3     1    19    12    25    16     0     2   -41.0  -30.760  -54.084     68.6    973.3
     4     1    19    12    25    16     0     2   -41.0  -29.443  -55.785     48.9    989.0
     5     1    19    12    25    16     0     2   -41.0  -23.310  -57.875   1232.3    868.4
     1     1    19    12    25    15     0     3   -42.0  -30.504  -54.404    893.5    897.7
     2     1    19    12    25    15     0     3   -42.0  -26.320  -56.867   3149.3    688.8
     3     1    19    12    25    15     0     3   -42.0  -30.716  -54.219     63.2    977.1
     4     1    19    12    25    15     0     3   -42.0  -29.324  -55.864     44.9    991.0
     5     1    19    12    25    15     0     3   -42.0  -23.033  -57.856   1364.0    850.7
     1     1    19    12    25    14     0     2   -43.0  -30.419  -54.590    882.9    901.1
     2     1    19    12    25    14     0     2   -43.0  -26.215  -57.005   3157.0    686.2
     3     1    19    12    25    14     0     2   -43.0  -30.654  -54.340     62.6    979.9
     4     1    19    12    25    14     0     2   -43.0  -29.192  -55.916     39.7    993.4
     5     1    19    12    25    14     0     2   -43.0  -22.723  -57.855   1447.9    845.0
     1     1    19    12    25    13     0     1   -44.0  -30.293  -54.807    903.5    900.5
     2     1    19    12    25    13     0     1   -44.0  -26.125  -57.144   3119.2    688.9
     3     1    19    12    25    13     0     1   -44.0  -30.570  -54.423     63.2    982.3
     4     1    19    12    25    13     0     1   -44.0  -29.053  -55.933     35.1    995.1
     5     1    19    12    25    13     0     1   -44.0  -22.363  -57.884   1512.0    837.1
     1     1    19    12    25    12     0     0   -45.0  -30.128  -55.048    922.1    898.0
     2     1    19    12    25    12     0     0   -45.0  -26.047  -57.293   3040.7    696.1
     3     1    19    12    25    12     0     0   -45.0  -30.469  -54.475     64.2    984.6
     4     1    19    12    25    12     0     0   -45.0  -28.907  -55.916     30.6    995.1
     5     1    19    12    25    12     0     0   -45.0  -21.958  -57.941   1534.6    833.8
     1     1    19    12    25    11     0     1   -46.0  -29.934  -55.279    928.5    896.4
     2     1    19    12    25    11     0     1   -46.0  -25.957  -57.452   2962.7    705.4
     3     1    19    12    25    11     0     1   -46.0  -30.365  -54.498     65.3    986.2
     4     1    19    12    25    11     0     1   -46.0  -28.767  -55.878     27.5    993.2
     5     1    19    12    25    11     0     1   -46.0  -21.528  -58.015   1529.0    837.2
     1     1    19    12    25    10     0     2   -47.0  -29.721  -55.475    926.8    893.0
     2     1    19    12    25    10     0     2   -47.0  -25.837  -57.604   2900.3    710.1
     3     1    19    12    25    10     0     2   -47.0  -30.272  -54.485     65.8    987.5
     4     1    19    12    25    10     0     2   -47.0  -28.643  -55.830     27.3    991.2
     5     1    19    12    25    10     0     2   -47.0  -21.089  -58.086   1508.5    837.8
     1     1    19    12    25     9     0     3   -48.0  -29.477  -55.645    914.9    893.3
     2     1    19    12    25     9     0     3   -48.0  -25.686  -57.764   2849.8    715.2
     3     1    19    12    25     9     0     3   -48.0  -30.189  -54.432     64.9    988.9
     4     1    19    12    25     9     0     3   -48.0  -28.536  -55.776     30.5    989.4
     5     1    19    12    25     9     0     3   -48.0  -20.648  -58.141   1468.7    841.5
     1     1    19    12    25     8     0     2   -49.0  -29.203  -55.785    897.0    896.0
     2     1    19    12    25     8     0     2   -49.0  -25.503  -57.936   2796.1    718.3
     3     1    19    12    25     8     0     2   -49.0  -30.121  -54.350     64.1    989.5
     4     1    19    12    25     8     0     2   -49.0  -28.434  -55.723     36.2    987.3
     5     1    19    12    25     8     0     2   -49.0  -20.224  -58.189   1413.0    846.6
     1     1    19    12    25     7     0     1   -50.0  -28.909  -55.899    866.5    899.9
     2     1    19    12    25     7     0     1   -50.0  -25.287  -58.128   2723.2    725.1
     3     1    19    12    25     7     0     1   -50.0  -30.072  -54.251     65.4    989.5
     4     1    19    12    25     7     0     1   -50.0  -28.323  -55.676     42.8    985.4
     5     1    19    12    25     7     0     1   -50.0  -19.818  -58.228   1323.7    853.1
     1     1    19    12    25     6     0     0   -51.0  -28.600  -55.990    808.9    903.9
     2     1    19    12    25     6     0     0   -51.0  -25.036  -58.341   2651.5    732.0
     3     1    19    12    25     6     0     0   -51.0  -30.040  -54.132     69.0    989.0
     4     1    19    12    25     6     0     0   -51.0  -28.201  -55.633     49.9    983.6
     5     1    19    12    25     6     0     0   -51.0  -19.428  -58.251   1190.7    865.5
     1     1    19    12    25     5     0     1   -52.0  -28.280  -56.032    747.8    911.3
     2     1    19    12    25     5     0     1   -52.0  -24.754  -58.544   2613.4    737.3
     3     1    19    12    25     5     0     1   -52.0  -30.015  -53.986     73.5    989.3
     4     1    19    12    25     5     0     1   -52.0  -28.071  -55.588     57.4    982.9
     5     1    19    12    25     5     0     1   -52.0  -19.055  -58.255   1044.7    882.0
     1     1    19    12    25     4     0     2   -53.0  -27.960  -56.027    697.7    914.2
     2     1    19    12    25     4     0     2   -53.0  -24.458  -58.709   2617.7    736.4
     3     1    19    12    25     4     0     2   -53.0  -29.990  -53.816     77.1    990.5
     4     1    19    12    25     4     0     2   -53.0  -27.945  -55.538     64.4    981.7
     5     1    19    12    25     4     0     2   -53.0  -18.693  -58.244    920.9    891.4
     1     1    19    12    25     3     0     3   -54.0  -27.654  -55.987    661.5    919.0
     2     1    19    12    25     3     0     3   -54.0  -24.158  -58.846   2649.1    733.7
     3     1    19    12    25     3     0     3   -54.0  -29.963  -53.628     82.2    990.8
     4     1    19    12    25     3     0     3   -54.0  -27.825  -55.483     71.6    980.1
     5     1    19    12    25     3     0     3   -54.0  -18.348  -58.241    812.6    895.5
     1     1    19    12    25     2     0     2   -55.0  -27.368  -55.929    679.2    920.2
     2     1    19    12    25     2     0     2   -55.0  -23.856  -58.959   2685.7    729.1
     3     1    19    12    25     2     0     2   -55.0  -29.938  -53.441     87.1    990.6
     4     1    19    12    25     2     0     2   -55.0  -27.714  -55.429     80.3    978.2
     5     1    19    12    25     2     0     2   -55.0  -18.033  -58.250    731.2    901.0
     1     1    19    12    25     1     0     1   -56.0  -27.108  -55.879    790.7    908.3
     2     1    19    12    25     1     0     1   -56.0  -23.551  -59.045   2711.8    726.5
     3     1    19    12    25     1     0     1   -56.0  -29.926  -53.272     88.0    991.6
     4     1    19    12    25     1     0     1   -56.0  -27.607  -55.384     89.2    975.9
     5     1    19    12    25     1     0     1   -56.0  -17.759  -58.255    725.5    906.6
     1     1    19    12    25     0     0     0   -57.0  -26.882  -55.843    990.4    885.2
     2     1    19    12    25     0     0     0   -57.0  -23.243  -59.113   2732.0    724.8
     3     1    19    12    25     0     0     0   -57.0  -29.930  -53.110     86.1    993.5
     4     1    19    12    25     0     0     0   -57.0  -27.505  -55.352     93.8    974.0
     5     1    19    12    25     0     0     0   -57.0  -17.528  -58.250    796.9    902.9
     1     1    19    12    24    23     0     1   -58.0  -26.677  -55.820   1205.5    856.8
     2     1    19    12    24    23     0     1   -58.0  -22.942  -59.183   2760.3    722.3
     3     1    19    12    24    23     0     1   -58.0  -29.948  -52.964     85.8    995.3
     4     1    19    12    24    23     0     1   -58.0  -27.406  -55.337     94.1    973.1
     5     1    19    12    24    23     0     1   -58.0  -17.343  -58.249    913.9    891.2
     1     1    19    12    24    22     0     2   -59.0  -26.476  -55.819   1385.6    837.9
     2     1    19    12    24    22     0     2   -59.0  -22.656  -59.258   2806.9    717.8
     3     1    19    12    24    22     0     2   -59.0  -29.981  -52.845     88.1    995.9
     4     1    19    12    24    22     0     2   -59.0  -27.304  -55.339     94.5    972.3
     5     1    19    12    24    22     0     2   -59.0  -17.201  -58.258   1031.6    879.8
     1     1    19    12    24    21     0     3   -60.0  -26.283  -55.850   1534.1    823.2
     2     1    19    12    24    21     0     3   -60.0  -22.387  -59.332   2879.2    711.5
     3     1    19    12    24    21     0     3   -60.0  -30.029  -52.759     90.2    995.7
     4     1    19    12    24    21     0     3   -60.0  -27.202  -55.354     99.8    971.2
     5     1    19    12    24    21     0     3   -60.0  -17.097  -58.268   1131.0    870.7
     1     1    19    12    24    20     0     2   -61.0  -26.091  -55.923   1656.0    811.0
     2     1    19    12    24    20     0     2   -61.0  -22.133  -59.404   2972.1    702.7
     3     1    19    12    24    20     0     2   -61.0  -30.074  -52.700     92.6    995.3
     4     1    19    12    24    20     0     2   -61.0  -27.091  -55.376    103.5    969.4
     5     1    19    12    24    20     0     2   -61.0  -17.010  -58.278   1214.9    865.1
     1     1    19    12    24    19     0     1   -62.0  -25.893  -56.037   1746.8    801.2
     2     1    19    12    24    19     0     1   -62.0  -21.893  -59.480   3065.7    694.3
     3     1    19    12    24    19     0     1   -62.0  -30.106  -52.656     96.2    995.1
     4     1    19    12    24    19     0     1   -62.0  -26.971  -55.401     95.2    970.1
     5     1    19    12    24    19     0     1   -62.0  -16.918  -58.290   1287.3    858.0
     1     1    19    12    24    18     0     0   -63.0  -25.688  -56.173   1804.5    795.7
     2     1    19    12    24    18     0     0   -63.0  -21.669  -59.569   3133.3    687.1
     3     1    19    12    24    18     0     0   -63.0  -30.124  -52.629    101.5    994.8
     4     1    19    12    24    18     0     0   -63.0  -26.847  -55.429     77.8    973.2
     5     1    19    12    24    18     0     0   -63.0  -16.818  -58.305   1354.4    851.6
     1     1    19    12    24    17     0     1   -64.0  -25.479  -56.302   1850.7    793.4
     2     1    19    12    24    17     0     1   -64.0  -21.463  -59.649   3174.1    685.3
     3     1    19    12    24    17     0     1   -64.0  -30.126  -52.609    109.4    994.9
     4     1    19    12    24    17     0     1   -64.0  -26.726  -55.450     61.4    977.0
     5     1    19    12    24    17     0     1   -64.0  -16.715  -58.326   1410.9    844.5
     1     1    19    12    24    16     0     2   -65.0  -25.272  -56.418   1908.0    789.5
     2     1    19    12    24    16     0     2   -65.0  -21.271  -59.705   3224.5    682.3
     3     1    19    12    24    16     0     2   -65.0  -30.109  -52.590    120.6    995.0
     4     1    19    12    24    16     0     2   -65.0  -26.611  -55.461     52.8    978.6
     5     1    19    12    24    16     0     2   -65.0  -16.612  -58.353   1451.1    840.5
     1     1    19    12    24    15     0     3   -66.0  -25.071  -56.535   1978.9    784.4
     2     1    19    12    24    15     0     3   -66.0  -21.097  -59.744   3311.8    676.3
     3     1    19    12    24    15     0     3   -66.0  -30.074  -52.571    136.0    995.1
     4     1    19    12    24    15     0     3   -66.0  -26.496  -55.466     50.7    979.2
     5     1    19    12    24    15     0     3   -66.0  -16.507  -58.390   1485.2    836.8
     1     1    19    12    24    14     0     2   -67.0  -24.884  -56.647   2042.9    780.0
     2     1    19    12    24    14     0     2   -67.0  -20.954  -59.766   3407.4    665.1
     3     1    19    12    24    14     0     2   -67.0  -30.023  -52.545    154.2    994.0
     4     1    19    12    24    14     0     2   -67.0  -26.388  -55.457     55.5    979.3
     5     1    19    12    24    14     0     2   -67.0  -16.394  -58.435   1512.3    832.3
     1     1    19    12    24    13     0     1   -68.0  -24.719  -56.746   2087.0    779.1
     2     1    19    12    24    13     0     1   -68.0  -20.843  -59.767   3468.3    660.3
     3     1    19    12    24    13     0     1   -68.0  -29.956  -52.504    172.8    990.2
     4     1    19    12    24    13     0     1   -68.0  -26.290  -55.426     67.4    978.3
     5     1    19    12    24    13     0     1   -68.0  -16.272  -58.479   1522.6    829.7
     1     1    19    12    24    12     0     0   -69.0  -24.576  -56.836   2119.2    778.9
     2     1    19    12    24    12     0     0   -69.0  -20.754  -59.749   3496.3    658.4
     3     1    19    12    24    12     0     0   -69.0  -29.868  -52.451    191.6    984.2
     4     1    19    12    24    12     0     0   -69.0  -26.203  -55.366     85.0    976.6
     5     1    19    12    24    12     0     0   -69.0  -16.144  -58.514   1507.4    829.5
     1     1    19    12    24    11     0     1   -70.0  -24.452  -56.921   2137.4    778.0
     2     1    19    12    24    11     0     1   -70.0  -20.689  -59.737   3524.7    658.3
     3     1    19    12    24    11     0     1   -70.0  -29.764  -52.383    211.7    976.6
     4     1    19    12    24    11     0     1   -70.0  -26.126  -55.281    103.8    974.2
     5     1    19    12    24    11     0     1   -70.0  -16.024  -58.540   1475.4    832.0
     1     1    19    12    24    10     0     2   -71.0  -24.341  -56.999   2131.2    779.0
     2     1    19    12    24    10     0     2   -71.0  -20.659  -59.748   3581.6    653.1
     3     1    19    12    24    10     0     2   -71.0  -29.652  -52.301    233.5    968.5
     4     1    19    12    24    10     0     2   -71.0  -26.060  -55.182    118.9    972.6
     5     1    19    12    24    10     0     2   -71.0  -15.924  -58.561   1438.9    832.5
     1     1    19    12    24     9     0     3   -72.0  -24.245  -57.071   2093.6    782.0
     2     1    19    12    24     9     0     3   -72.0  -20.667  -59.778   3663.2    646.0
     3     1    19    12    24     9     0     3   -72.0  -29.531  -52.206    258.9    959.5
     4     1    19    12    24     9     0     3   -72.0  -26.010  -55.073    127.8    971.8
     5     1    19    12    24     9     0     3   -72.0  -15.845  -58.576   1395.6    833.9
