     7     1
    GDAS    19     9    29     0     0
    GDAS    19    10     1     0     0
    GDAS    19    10     8     0     0
    GDAS    19    10    15     0     0
    GDAS    19    10    22     0     0
    GDAS    19    10    29     0     0
    GDAS    19    11     1     0     0
     5 BACKWARD OMEGA   
    19    10    31     9  -34.572  -58.513    10.0
    19    10    31     9  -34.572  -58.513   200.0
    19    10    31     9  -34.572  -58.513   500.0
    19    10    31     9  -34.572  -58.513  1000.0
    19    10    31     9  -34.572  -58.513  2000.0
     1 PRESSURE
     1     1    19    10    31     9     0     3     0.0  -34.572  -58.513     10.0   1015.0
     2     1    19    10    31     9     0     3     0.0  -34.572  -58.513    200.0    993.1
     3     1    19    10    31     9     0     3     0.0  -34.572  -58.513    500.0    958.6
     4     1    19    10    31     9     0     3     0.0  -34.572  -58.513   1000.0    903.0
     5     1    19    10    31     9     0     3     0.0  -34.572  -58.513   2000.0    800.1
     1     1    19    10    31     8     0     2    -1.0  -34.623  -58.404     12.7   1014.3
     2     1    19    10    31     8     0     2    -1.0  -34.669  -58.201    229.8    989.4
     3     1    19    10    31     8     0     2    -1.0  -34.685  -58.133    560.4    951.3
     4     1    19    10    31     8     0     2    -1.0  -34.748  -58.279   1075.2    894.8
     5     1    19    10    31     8     0     2    -1.0  -34.766  -58.399   2051.1    795.9
     1     1    19    10    31     7     0     1    -2.0  -34.680  -58.283     16.4   1013.6
     2     1    19    10    31     7     0     1    -2.0  -34.796  -57.873    258.6    986.7
     3     1    19    10    31     7     0     1    -2.0  -34.837  -57.769    618.8    945.5
     4     1    19    10    31     7     0     1    -2.0  -34.950  -58.096   1140.8    889.3
     5     1    19    10    31     7     0     1    -2.0  -34.977  -58.325   2103.9    791.8
     1     1    19    10    31     6     0     0    -3.0  -34.745  -58.150     21.1   1013.2
     2     1    19    10    31     6     0     0    -3.0  -34.952  -57.547    284.7    985.2
     3     1    19    10    31     6     0     0    -3.0  -35.017  -57.437    671.6    941.2
     4     1    19    10    31     6     0     0    -3.0  -35.168  -57.973   1205.3    883.9
     5     1    19    10    31     6     0     0    -3.0  -35.204  -58.303   2176.4    786.9
     1     1    19    10    31     5     0     1    -4.0  -34.825  -58.010     26.6   1013.7
     2     1    19    10    31     5     0     1    -4.0  -35.138  -57.238    304.7    983.0
     3     1    19    10    31     5     0     1    -4.0  -35.224  -57.146    709.9    936.1
     4     1    19    10    31     5     0     1    -4.0  -35.384  -57.897   1274.4    875.9
     5     1    19    10    31     5     0     1    -4.0  -35.440  -58.337   2281.9    776.2
     1     1    19    10    31     4     0     2    -5.0  -34.930  -57.864     30.7   1014.5
     2     1    19    10    31     4     0     2    -5.0  -35.354  -56.953    312.9    982.2
     3     1    19    10    31     4     0     2    -5.0  -35.461  -56.883    724.6    934.6
     4     1    19    10    31     4     0     2    -5.0  -35.588  -57.844   1338.7    869.2
     5     1    19    10    31     4     0     2    -5.0  -35.678  -58.413   2395.5    764.1
     1     1    19    10    31     3     0     3    -6.0  -35.065  -57.706     31.9   1015.6
     2     1    19    10    31     3     0     3    -6.0  -35.592  -56.686    310.3    982.8
     3     1    19    10    31     3     0     3    -6.0  -35.723  -56.633    718.4    935.8
     4     1    19    10    31     3     0     3    -6.0  -35.772  -57.815   1392.3    863.6
     5     1    19    10    31     3     0     3    -6.0  -35.925  -58.522   2488.3    754.2
     1     1    19    10    31     2     0     2    -7.0  -35.221  -57.535     32.4   1015.3
     2     1    19    10    31     2     0     2    -7.0  -35.839  -56.448    295.9    984.1
     3     1    19    10    31     2     0     2    -7.0  -36.004  -56.408    695.9    938.2
     4     1    19    10    31     2     0     2    -7.0  -35.944  -57.801   1457.4    859.4
     5     1    19    10    31     2     0     2    -7.0  -36.174  -58.670   2580.1    747.7
     1     1    19    10    31     1     0     1    -8.0  -35.392  -57.354     33.4   1015.0
     2     1    19    10    31     1     0     1    -8.0  -36.089  -56.246    256.4    987.1
     3     1    19    10    31     1     0     1    -8.0  -36.307  -56.234    636.1    942.3
     4     1    19    10    31     1     0     1    -8.0  -36.109  -57.808   1571.3    847.8
     5     1    19    10    31     1     0     1    -8.0  -36.421  -58.862   2679.3    733.9
     1     1    19    10    31     0     0     0    -9.0  -35.593  -57.167     34.3   1015.2
     2     1    19    10    31     0     0     0    -9.0  -36.333  -56.083    190.0    995.1
     3     1    19    10    31     0     0     0    -9.0  -36.648  -56.117    516.1    955.2
     4     1    19    10    31     0     0     0    -9.0  -36.256  -57.858   1732.7    830.1
     5     1    19    10    31     0     0     0    -9.0  -36.674  -59.095   2724.3    723.1
     1     1    19    10    30    23     0     1   -10.0  -35.820  -56.967     37.5   1014.7
     2     1    19    10    30    23     0     1   -10.0  -36.558  -55.962    139.8   1004.6
     3     1    19    10    30    23     0     1   -10.0  -36.997  -56.061    408.0    973.9
     4     1    19    10    30    23     0     1   -10.0  -36.371  -57.962   1890.5    808.8
     5     1    19    10    30    23     0     1   -10.0  -36.908  -59.375   2723.9    721.2
     1     1    19    10    30    22     0     2   -11.0  -36.042  -56.770     44.5   1013.3
     2     1    19    10    30    22     0     2   -11.0  -36.755  -55.869    119.4   1005.1
     3     1    19    10    30    22     0     2   -11.0  -37.319  -56.077    357.8    978.9
     4     1    19    10    30    22     0     2   -11.0  -36.457  -58.085   2000.2    798.6
     5     1    19    10    30    22     0     2   -11.0  -37.093  -59.704   2757.7    715.2
     1     1    19    10    30    21     0     3   -12.0  -36.250  -56.604     54.5   1011.6
     2     1    19    10    30    21     0     3   -12.0  -36.908  -55.785    120.7   1003.6
     3     1    19    10    30    21     0     3   -12.0  -37.621  -56.177    349.3    976.6
     4     1    19    10    30    21     0     3   -12.0  -36.518  -58.204   2092.8    790.5
     5     1    19    10    30    21     0     3   -12.0  -37.242  -60.068   2866.9    702.5
     1     1    19    10    30    20     0     2   -13.0  -36.437  -56.474     66.0   1008.8
     2     1    19    10    30    20     0     2   -13.0  -37.054  -55.719    133.7   1000.9
     3     1    19    10    30    20     0     2   -13.0  -37.908  -56.368    351.7    975.0
     4     1    19    10    30    20     0     2   -13.0  -36.563  -58.319   2100.9    780.6
     5     1    19    10    30    20     0     2   -13.0  -37.385  -60.455   3009.5    685.8
     1     1    19    10    30    19     0     1   -14.0  -36.610  -56.382     75.4   1006.6
     2     1    19    10    30    19     0     1   -14.0  -37.227  -55.703    145.3    998.6
     3     1    19    10    30    19     0     1   -14.0  -38.153  -56.627    357.0    974.8
     4     1    19    10    30    19     0     1   -14.0  -36.606  -58.395   1957.8    796.0
     5     1    19    10    30    19     0     1   -14.0  -37.523  -60.858   3103.7    678.8
     1     1    19    10    30    18     0     0   -15.0  -36.795  -56.338     79.6   1005.3
     2     1    19    10    30    18     0     0   -15.0  -37.405  -55.752    151.8    997.7
     3     1    19    10    30    18     0     0   -15.0  -38.348  -56.917    363.9    973.0
     4     1    19    10    30    18     0     0   -15.0  -36.666  -58.413   1712.6    822.4
     5     1    19    10    30    18     0     0   -15.0  -37.656  -61.285   3172.1    669.9
     1     1    19    10    30    17     0     1   -16.0  -36.974  -56.333     81.4   1006.2
     2     1    19    10    30    17     0     1   -16.0  -37.554  -55.848    158.1    997.6
     3     1    19    10    30    17     0     1   -16.0  -38.487  -57.222    382.4    970.7
     4     1    19    10    30    17     0     1   -16.0  -36.748  -58.394   1488.4    854.8
     5     1    19    10    30    17     0     1   -16.0  -37.792  -61.769   3210.8    654.7
     1     1    19    10    30    16     0     2   -17.0  -37.095  -56.338     89.5   1006.0
     2     1    19    10    30    16     0     2   -17.0  -37.652  -55.967    168.6    996.6
     3     1    19    10    30    16     0     2   -17.0  -38.576  -57.545    423.8    963.7
     4     1    19    10    30    16     0     2   -17.0  -36.820  -58.356   1332.3    866.5
     5     1    19    10    30    16     0     2   -17.0  -37.923  -62.319   3228.8    652.6
     1     1    19    10    30    15     0     3   -18.0  -37.146  -56.337    108.9   1004.2
     2     1    19    10    30    15     0     3   -18.0  -37.698  -56.090    187.9    994.7
     3     1    19    10    30    15     0     3   -18.0  -38.633  -57.894    457.5    955.7
     4     1    19    10    30    15     0     3   -18.0  -36.863  -58.288   1178.7    881.6
     5     1    19    10    30    15     0     3   -18.0  -38.037  -62.917   3223.9    663.9
     1     1    19    10    30    14     0     2   -19.0  -37.159  -56.303    138.7   1000.0
     2     1    19    10    30    14     0     2   -19.0  -37.696  -56.182    215.2    990.5
     3     1    19    10    30    14     0     2   -19.0  -38.686  -58.256    463.5    955.2
     4     1    19    10    30    14     0     2   -19.0  -36.908  -58.179   1064.4    898.5
     5     1    19    10    30    14     0     2   -19.0  -38.143  -63.542   3216.9    675.3
     1     1    19    10    30    13     0     1   -20.0  -37.161  -56.217    179.3    994.7
     2     1    19    10    30    13     0     1   -20.0  -37.658  -56.218    245.1    986.8
     3     1    19    10    30    13     0     1   -20.0  -38.751  -58.616    488.1    957.4
     4     1    19    10    30    13     0     1   -20.0  -36.985  -58.039   1008.8    904.3
     5     1    19    10    30    13     0     1   -20.0  -38.261  -64.204   3260.2    669.7
     1     1    19    10    30    12     0     0   -21.0  -37.140  -56.060    242.4    987.3
     2     1    19    10    30    12     0     0   -21.0  -37.593  -56.184    278.0    982.5
     3     1    19    10    30    12     0     0   -21.0  -38.830  -58.963    652.1    947.6
     4     1    19    10    30    12     0     0   -21.0  -37.095  -57.878    986.6    903.1
     5     1    19    10    30    12     0     0   -21.0  -38.386  -64.885   3319.3    657.7
     1     1    19    10    30    11     0     1   -22.0  -37.100  -55.851    329.3    975.8
     2     1    19    10    30    11     0     1   -22.0  -37.515  -56.091    303.9    977.8
     3     1    19    10    30    11     0     1   -22.0  -38.886  -59.290    926.8    900.1
     4     1    19    10    30    11     0     1   -22.0  -37.217  -57.717    970.3    901.6
     5     1    19    10    30    11     0     1   -22.0  -38.495  -65.596   3414.4    650.4
     1     1    19    10    30    10     0     2   -23.0  -37.055  -55.636    412.4    965.2
     2     1    19    10    30    10     0     2   -23.0  -37.430  -55.969    312.5    976.4
     3     1    19    10    30    10     0     2   -23.0  -38.914  -59.632   1004.9    884.0
     4     1    19    10    30    10     0     2   -23.0  -37.335  -57.578    946.2    902.7
     5     1    19    10    30    10     0     2   -23.0  -38.575  -66.360   3528.9    636.0
     1     1    19    10    30     9     0     3   -24.0  -37.002  -55.422    469.2    958.5
     2     1    19    10    30     9     0     3   -24.0  -37.338  -55.829    304.4    977.9
     3     1    19    10    30     9     0     3   -24.0  -38.920  -59.991    890.1    908.6
     4     1    19    10    30     9     0     3   -24.0  -37.454  -57.466    907.1    906.8
     5     1    19    10    30     9     0     3   -24.0  -38.647  -67.154   3660.8    619.1
     1     1    19    10    30     8     0     2   -25.0  -36.962  -55.200    520.5    953.1
     2     1    19    10    30     8     0     2   -25.0  -37.255  -55.663    304.8    978.1
     3     1    19    10    30     8     0     2   -25.0  -38.912  -60.372    760.6    924.0
     4     1    19    10    30     8     0     2   -25.0  -37.582  -57.372    867.2    911.2
     5     1    19    10    30     8     0     2   -25.0  -38.710  -67.911   3727.1    610.1
     1     1    19    10    30     7     0     1   -26.0  -36.964  -54.966    596.3    944.3
     2     1    19    10    30     7     0     1   -26.0  -37.200  -55.464    332.4    974.2
     3     1    19    10    30     7     0     1   -26.0  -38.891  -60.800    684.6    931.9
     4     1    19    10    30     7     0     1   -26.0  -37.723  -57.297    849.7    912.6
     5     1    19    10    30     7     0     1   -26.0  -38.758  -68.629   3772.1    602.0
     1     1    19    10    30     6     0     0   -27.0  -37.018  -54.738    689.3    933.9
     2     1    19    10    30     6     0     0   -27.0  -37.181  -55.242    373.9    969.3
     3     1    19    10    30     6     0     0   -27.0  -38.839  -61.266    675.2    934.1
     4     1    19    10    30     6     0     0   -27.0  -37.889  -57.259    844.7    912.5
     5     1    19    10    30     6     0     0   -27.0  -38.830  -69.321   3921.8    574.4
     1     1    19    10    30     5     0     1   -28.0  -37.123  -54.542    749.2    923.2
     2     1    19    10    30     5     0     1   -28.0  -37.198  -55.018    405.4    964.9
     3     1    19    10    30     5     0     1   -28.0  -38.806  -61.663    714.1    922.7
     4     1    19    10    30     5     0     1   -28.0  -38.073  -57.283    841.0    912.2
     5     1    19    10    30     5     0     1   -28.0  -38.950  -69.965   4027.4    535.7
     1     1    19    10    30     4     0     2   -29.0  -37.248  -54.373    762.7    924.1
     2     1    19    10    30     4     0     2   -29.0  -37.240  -54.808    426.3    963.9
     3     1    19    10    30     4     0     2   -29.0  -38.805  -61.940    757.3    917.2
     4     1    19    10    30     4     0     2   -29.0  -38.238  -57.373    831.9    912.8
     5     1    19    10    30     4     0     2   -29.0  -39.132  -70.586   4029.4    521.8
     1     1    19    10    30     3     0     3   -30.0  -37.383  -54.221    775.8    925.2
     2     1    19    10    30     3     0     3   -30.0  -37.303  -54.608    453.0    961.5
     3     1    19    10    30     3     0     3   -30.0  -38.803  -62.135    771.5    911.3
     4     1    19    10    30     3     0     3   -30.0  -38.357  -57.508    807.4    914.2
     5     1    19    10    30     3     0     3   -30.0  -39.381  -71.233   3998.0    531.5
     1     1    19    10    30     2     0     2   -31.0  -37.543  -54.092    795.8    921.0
     2     1    19    10    30     2     0     2   -31.0  -37.393  -54.415    479.5    956.4
     3     1    19    10    30     2     0     2   -31.0  -38.802  -62.313    759.8    916.1
     4     1    19    10    30     2     0     2   -31.0  -38.435  -57.661    789.9    917.8
     5     1    19    10    30     2     0     2   -31.0  -39.607  -71.945   4136.7    547.4
     1     1    19    10    30     1     0     1   -32.0  -37.734  -53.990    812.2    919.3
     2     1    19    10    30     1     0     1   -32.0  -37.518  -54.225    495.3    954.4
     3     1    19    10    30     1     0     1   -32.0  -38.815  -62.505    731.5    920.6
     4     1    19    10    30     1     0     1   -32.0  -38.500  -57.824    800.8    915.3
     5     1    19    10    30     1     0     1   -32.0  -39.777  -72.674   4432.6    543.0
     1     1    19    10    30     0     0     0   -33.0  -37.957  -53.912    828.2    917.1
     2     1    19    10    30     0     0     0   -33.0  -37.685  -54.035    507.8    953.1
     3     1    19    10    30     0     0     0   -33.0  -38.839  -62.673    709.0    925.6
     4     1    19    10    30     0     0     0   -33.0  -38.568  -58.012    837.0    910.6
     5     1    19    10    30     0     0     0   -33.0  -39.946  -73.329   4576.9    551.2
     1     1    19    10    29    23     0     1   -34.0  -38.192  -53.892    864.6    915.1
     2     1    19    10    29    23     0     1   -34.0  -37.887  -53.888    531.5    950.8
     3     1    19    10    29    23     0     1   -34.0  -38.872  -62.841    708.4    926.5
     4     1    19    10    29    23     0     1   -34.0  -38.633  -58.228    875.3    905.1
     5     1    19    10    29    23     0     1   -34.0  -40.113  -73.937   4662.3    560.9
     1     1    19    10    29    22     0     2   -35.0  -38.417  -53.973    941.6    905.5
     2     1    19    10    29    22     0     2   -35.0  -38.105  -53.828    575.9    945.2
     3     1    19    10    29    22     0     2   -35.0  -38.914  -63.048    739.4    925.5
     4     1    19    10    29    22     0     2   -35.0  -38.684  -58.446    907.8    903.1
     5     1    19    10    29    22     0     2   -35.0  -40.251  -74.517   4726.2    555.5
     1     1    19    10    29    21     0     3   -36.0  -38.618  -54.147   1038.3    892.6
     2     1    19    10    29    21     0     3   -36.0  -38.327  -53.862    640.3    937.7
     3     1    19    10    29    21     0     3   -36.0  -38.965  -63.332    855.0    914.1
     4     1    19    10    29    21     0     3   -36.0  -38.723  -58.663    954.3    899.0
     5     1    19    10    29    21     0     3   -36.0  -40.380  -75.072   4758.6    551.1
     1     1    19    10    29    20     0     2   -37.0  -38.785  -54.374   1122.4    882.4
     2     1    19    10    29    20     0     2   -37.0  -38.537  -53.963    712.9    927.5
     3     1    19    10    29    20     0     2   -37.0  -39.022  -63.723   1055.4    885.8
     4     1    19    10    29    20     0     2   -37.0  -38.748  -58.887   1002.7    892.1
     5     1    19    10    29    20     0     2   -37.0  -40.521  -75.610   4764.9    551.7
     1     1    19    10    29    19     0     1   -38.0  -38.922  -54.613   1192.2    875.5
     2     1    19    10    29    19     0     1   -38.0  -38.722  -54.102    777.2    919.8
     3     1    19    10    29    19     0     1   -38.0  -39.082  -64.201   1350.6    856.1
     4     1    19    10    29    19     0     1   -38.0  -38.765  -59.115   1038.2    888.6
     5     1    19    10    29    19     0     1   -38.0  -40.673  -76.141   4778.7    551.0
     1     1    19    10    29    18     0     0   -39.0  -39.029  -54.846   1259.2    868.3
     2     1    19    10    29    18     0     0   -39.0  -38.885  -54.271    833.2    913.9
     3     1    19    10    29    18     0     0   -39.0  -39.136  -64.736   1833.5    807.9
     4     1    19    10    29    18     0     0   -39.0  -38.784  -59.340   1066.8    886.0
     5     1    19    10    29    18     0     0   -39.0  -40.838  -76.665   4818.4    547.9
     1     1    19    10    29    17     0     1   -40.0  -39.110  -55.053   1308.5    861.1
     2     1    19    10    29    17     0     1   -40.0  -39.027  -54.440    883.6    908.4
     3     1    19    10    29    17     0     1   -40.0  -39.132  -65.360   2380.4    734.3
     4     1    19    10    29    17     0     1   -40.0  -38.806  -59.562   1099.4    883.4
     5     1    19    10    29    17     0     1   -40.0  -41.014  -77.180   4887.6    542.2
     1     1    19    10    29    16     0     2   -41.0  -39.175  -55.226   1324.5    859.8
     2     1    19    10    29    16     0     2   -41.0  -39.148  -54.580    921.3    903.3
     3     1    19    10    29    16     0     2   -41.0  -39.074  -66.032   2700.0    691.9
     4     1    19    10    29    16     0     2   -41.0  -38.827  -59.793   1130.8    879.0
     5     1    19    10    29    16     0     2   -41.0  -41.192  -77.699   4970.9    534.7
     1     1    19    10    29    15     0     3   -42.0  -39.228  -55.368   1315.5    861.1
     2     1    19    10    29    15     0     3   -42.0  -39.250  -54.687    940.2    901.2
     3     1    19    10    29    15     0     3   -42.0  -39.017  -66.695   2782.8    686.0
     4     1    19    10    29    15     0     3   -42.0  -38.840  -60.033   1136.2    877.2
     5     1    19    10    29    15     0     3   -42.0  -41.368  -78.233   5041.3    528.1
     1     1    19    10    29    14     0     2   -43.0  -39.279  -55.478   1321.2    864.3
     2     1    19    10    29    14     0     2   -43.0  -39.352  -54.769    963.4    901.1
     3     1    19    10    29    14     0     2   -43.0  -38.960  -67.392   2824.7    693.3
     4     1    19    10    29    14     0     2   -43.0  -38.852  -60.276   1113.1    880.6
     5     1    19    10    29    14     0     2   -43.0  -41.571  -78.767   5091.0    524.3
     1     1    19    10    29    13     0     1   -44.0  -39.343  -55.555   1373.0    858.3
     2     1    19    10    29    13     0     1   -44.0  -39.468  -54.835   1015.2    895.4
     3     1    19    10    29    13     0     1   -44.0  -38.884  -68.072   3103.0    672.3
     4     1    19    10    29    13     0     1   -44.0  -38.872  -60.520   1082.3    885.6
     5     1    19    10    29    13     0     1   -44.0  -41.809  -79.286   5128.1    521.1
     1     1    19    10    29    12     0     0   -45.0  -39.419  -55.606   1467.7    848.5
     2     1    19    10    29    12     0     0   -45.0  -39.590  -54.882   1094.0    886.6
     3     1    19    10    29    12     0     0   -45.0  -38.792  -68.747   3023.2    608.6
     4     1    19    10    29    12     0     0   -45.0  -38.893  -60.769   1071.5    888.7
     5     1    19    10    29    12     0     0   -45.0  -42.055  -79.781   5169.1    518.3
     1     1    19    10    29    11     0     1   -46.0  -39.534  -55.673   1559.5    833.6
     2     1    19    10    29    11     0     1   -46.0  -39.728  -54.929   1160.8    875.1
     3     1    19    10    29    11     0     1   -46.0  -38.723  -69.516   2410.8    701.3
     4     1    19    10    29    11     0     1   -46.0  -38.905  -61.015   1102.8    886.2
     5     1    19    10    29    11     0     1   -46.0  -42.319  -80.272   5215.2    513.7
     1     1    19    10    29    10     0     2   -47.0  -39.703  -55.774   1589.1    831.9
     2     1    19    10    29    10     0     2   -47.0  -39.900  -54.985   1170.1    875.3
     3     1    19    10    29    10     0     2   -47.0  -38.577  -70.319   2258.5    667.6
     4     1    19    10    29    10     0     2   -47.0  -38.912  -61.247   1150.9    877.5
     5     1    19    10    29    10     0     2   -47.0  -42.613  -80.779   5250.8    511.0
     1     1    19    10    29     9     0     3   -48.0  -39.904  -55.878   1549.1    835.6
     2     1    19    10    29     9     0     3   -48.0  -40.107  -55.038   1120.7    880.8
     3     1    19    10    29     9     0     3   -48.0  -38.393  -71.219   2952.5    585.3
     4     1    19    10    29     9     0     3   -48.0  -38.904  -61.462   1161.7    874.7
     5     1    19    10    29     9     0     3   -48.0  -42.910  -81.293   5282.5    508.5
     1     1    19    10    29     8     0     2   -49.0  -40.109  -55.957   1508.5    841.4
     2     1    19    10    29     8     0     2   -49.0  -40.319  -55.094   1098.8    883.3
     3     1    19    10    29     8     0     2   -49.0  -38.152  -72.064   3287.7    605.7
     4     1    19    10    29     8     0     2   -49.0  -38.877  -61.659   1118.8    877.7
     5     1    19    10    29     8     0     2   -49.0  -43.238  -81.785   5328.8    504.6
     1     1    19    10    29     7     0     1   -50.0  -40.321  -56.035   1533.7    837.8
     2     1    19    10    29     7     0     1   -50.0  -40.526  -55.155   1107.9    881.1
     3     1    19    10    29     7     0     1   -50.0  -37.853  -72.676   2894.8    671.1
     4     1    19    10    29     7     0     1   -50.0  -38.844  -61.833   1041.3    883.9
     5     1    19    10    29     7     0     1   -50.0  -43.598  -82.251   5362.9    501.6
     1     1    19    10    29     6     0     0   -51.0  -40.550  -56.129   1599.1    831.3
     2     1    19    10    29     6     0     0   -51.0  -40.742  -55.219   1081.4    880.4
     3     1    19    10    29     6     0     0   -51.0  -37.591  -73.212   2624.9    721.6
     4     1    19    10    29     6     0     0   -51.0  -38.797  -61.969    962.4    890.3
     5     1    19    10    29     6     0     0   -51.0  -43.957  -82.707   5376.5    499.9
     1     1    19    10    29     5     0     1   -52.0  -40.768  -56.260   1701.6    822.2
     2     1    19    10    29     5     0     1   -52.0  -40.934  -55.270   1034.2    890.8
     3     1    19    10    29     5     0     1   -52.0  -37.354  -73.693   2492.1    742.5
     4     1    19    10    29     5     0     1   -52.0  -38.738  -62.051    920.4    894.4
     5     1    19    10    29     5     0     1   -52.0  -44.328  -83.132   5391.6    499.9
     1     1    19    10    29     4     0     2   -53.0  -40.954  -56.427   1858.4    807.9
     2     1    19    10    29     4     0     2   -53.0  -41.076  -55.286   1040.6    893.1
     3     1    19    10    29     4     0     2   -53.0  -37.137  -74.144   2409.3    754.3
     4     1    19    10    29     4     0     2   -53.0  -38.688  -62.076    927.2    891.0
     5     1    19    10    29     4     0     2   -53.0  -44.717  -83.510   5421.1    497.6
     1     1    19    10    29     3     0     3   -54.0  -41.111  -56.604   2050.8    786.4
     2     1    19    10    29     3     0     3   -54.0  -41.181  -55.275   1113.4    885.3
     3     1    19    10    29     3     0     3   -54.0  -36.964  -74.598   2350.7    762.1
     4     1    19    10    29     3     0     3   -54.0  -38.667  -62.050    979.2    883.9
     5     1    19    10    29     3     0     3   -54.0  -45.084  -83.876   5449.9    494.4
     1     1    19    10    29     2     0     2   -55.0  -41.232  -56.794   2199.9    766.8
     2     1    19    10    29     2     0     2   -55.0  -41.275  -55.263   1193.9    870.6
     3     1    19    10    29     2     0     2   -55.0  -36.829  -75.084   2328.3    762.0
     4     1    19    10    29     2     0     2   -55.0  -38.687  -62.007   1063.5    874.2
     5     1    19    10    29     2     0     2   -55.0  -45.442  -84.234   5486.6    493.0
     1     1    19    10    29     1     0     1   -56.0  -41.315  -56.994   2278.0    761.5
     2     1    19    10    29     1     0     1   -56.0  -41.366  -55.232   1221.1    867.6
     3     1    19    10    29     1     0     1   -56.0  -36.714  -75.611   2321.8    761.7
     4     1    19    10    29     1     0     1   -56.0  -38.740  -61.982   1171.4    866.2
     5     1    19    10    29     1     0     1   -56.0  -45.820  -84.566   5544.2    487.7
     1     1    19    10    29     0     0     0   -57.0  -41.363  -57.210   2308.2    758.7
     2     1    19    10    29     0     0     0   -57.0  -41.453  -55.168   1198.7    870.3
     3     1    19    10    29     0     0     0   -57.0  -36.634  -76.179   2338.5    760.4
     4     1    19    10    29     0     0     0   -57.0  -38.831  -61.983   1319.3    855.9
     5     1    19    10    29     0     0     0   -57.0  -46.193  -84.891   5592.0    482.9
     1     1    19    10    28    23     0     1   -58.0  -41.385  -57.422   2301.3    760.2
     2     1    19    10    28    23     0     1   -58.0  -41.529  -55.077   1177.6    877.7
     3     1    19    10    28    23     0     1   -58.0  -36.566  -76.774   2368.8    755.2
     4     1    19    10    28    23     0     1   -58.0  -38.968  -62.031   1509.3    841.3
     5     1    19    10    28    23     0     1   -58.0  -46.566  -85.200   5626.5    481.2
     1     1    19    10    28    22     0     2   -59.0  -41.379  -57.598   2265.2    763.0
     2     1    19    10    28    22     0     2   -59.0  -41.579  -54.999   1211.0    875.2
     3     1    19    10    28    22     0     2   -59.0  -36.491  -77.389   2388.4    752.4
     4     1    19    10    28    22     0     2   -59.0  -39.128  -62.132   1690.8    820.9
     5     1    19    10    28    22     0     2   -59.0  -46.945  -85.485   5660.6    478.3
     1     1    19    10    28    21     0     3   -60.0  -41.343  -57.722   2196.5    769.1
     2     1    19    10    28    21     0     3   -60.0  -41.589  -54.949   1305.6    864.4
     3     1    19    10    28    21     0     3   -60.0  -36.446  -78.029   2364.9    751.4
     4     1    19    10    28    21     0     3   -60.0  -39.288  -62.281   1834.4    806.1
     5     1    19    10    28    21     0     3   -60.0  -47.316  -85.768   5691.2    475.8
     1     1    19    10    28    20     0     2   -61.0  -41.295  -57.794   2127.0    778.9
     2     1    19    10    28    20     0     2   -61.0  -41.550  -54.935   1330.6    848.7
     3     1    19    10    28    20     0     2   -61.0  -36.412  -78.701   2327.5    760.3
     4     1    19    10    28    20     0     2   -61.0  -39.427  -62.475   1941.4    795.5
     5     1    19    10    28    20     0     2   -61.0  -47.684  -86.038   5741.0    473.6
     1     1    19    10    28    19     0     1   -62.0  -41.252  -57.819   2080.8    783.4
     2     1    19    10    28    19     0     1   -62.0  -41.493  -54.913   1178.4    866.1
     3     1    19    10    28    19     0     1   -62.0  -36.367  -79.393   2336.9    759.6
     4     1    19    10    28    19     0     1   -62.0  -39.542  -62.717   2012.0    788.0
     5     1    19    10    28    19     0     1   -62.0  -48.049  -86.288   5820.5    467.1
     1     1    19    10    28    18     0     0   -63.0  -41.215  -57.797   2051.9    786.2
     2     1    19    10    28    18     0     0   -63.0  -41.448  -54.825    900.8    899.9
     3     1    19    10    28    18     0     0   -63.0  -36.338  -80.096   2391.3    753.2
     4     1    19    10    28    18     0     0   -63.0  -39.638  -63.004   2004.3    785.4
     5     1    19    10    28    18     0     0   -63.0  -48.410  -86.539   5898.0    460.3
     1     1    19    10    28    17     0     1   -64.0  -41.191  -57.744   2061.2    788.0
     2     1    19    10    28    17     0     1   -64.0  -41.451  -54.693    721.7    939.8
     3     1    19    10    28    17     0     1   -64.0  -36.328  -80.787   2444.6    744.2
     4     1    19    10    28    17     0     1   -64.0  -39.697  -63.270   1976.6    795.7
     5     1    19    10    28    17     0     1   -64.0  -48.784  -86.790   5949.2    456.3
     1     1    19    10    28    16     0     2   -65.0  -41.192  -57.672   2141.4    780.7
     2     1    19    10    28    16     0     2   -65.0  -41.463  -54.585    704.1    935.3
     3     1    19    10    28    16     0     2   -65.0  -36.334  -81.451   2466.8    742.6
     4     1    19    10    28    16     0     2   -65.0  -39.730  -63.501   2011.2    789.2
     5     1    19    10    28    16     0     2   -65.0  -49.178  -87.038   5977.7    454.7
     1     1    19    10    28    15     0     3   -66.0  -41.222  -57.576   2284.1    766.7
     2     1    19    10    28    15     0     3   -66.0  -41.464  -54.504    812.9    923.8
     3     1    19    10    28    15     0     3   -66.0  -36.367  -82.103   2484.8    742.2
     4     1    19    10    28    15     0     3   -66.0  -39.761  -63.738   2072.5    779.2
     5     1    19    10    28    15     0     3   -66.0  -49.596  -87.282   6015.3    453.2
     1     1    19    10    28    14     0     2   -67.0  -41.289  -57.503   2473.5    749.4
     2     1    19    10    28    14     0     2   -67.0  -41.458  -54.472   1014.0    896.0
     3     1    19    10    28    14     0     2   -67.0  -36.436  -82.753   2502.1    738.9
     4     1    19    10    28    14     0     2   -67.0  -39.811  -64.006   2150.3    770.9
     5     1    19    10    28    14     0     2   -67.0  -50.037  -87.517   6068.6    448.2
     1     1    19    10    28    13     0     1   -68.0  -41.399  -57.514   2732.0    726.3
     2     1    19    10    28    13     0     1   -68.0  -41.438  -54.519   1185.0    874.4
     3     1    19    10    28    13     0     1   -68.0  -36.524  -83.406   2502.1    737.9
     4     1    19    10    28    13     0     1   -68.0  -39.875  -64.338   2240.3    760.2
     5     1    19    10    28    13     0     1   -68.0  -50.489  -87.771   6116.1    444.2
     1     1    19    10    28    12     0     0   -69.0  -41.518  -57.636   3033.1    696.5
     2     1    19    10    28    12     0     0   -69.0  -41.393  -54.641   1262.3    863.5
     3     1    19    10    28    12     0     0   -69.0  -36.633  -84.079   2500.7    739.1
     4     1    19    10    28    12     0     0   -69.0  -39.922  -64.771   2313.8    752.9
     5     1    19    10    28    12     0     0   -69.0  -50.976  -88.069   6148.5    441.3
     1     1    19    10    28    11     0     1   -70.0  -41.631  -57.921   3323.6    667.6
     2     1    19    10    28    11     0     1   -70.0  -41.357  -54.801   1266.0    867.7
     3     1    19    10    28    11     0     1   -70.0  -36.771  -84.769   2513.0    737.4
     4     1    19    10    28    11     0     1   -70.0  -39.940  -65.318   2383.6    744.1
     5     1    19    10    28    11     0     1   -70.0  -51.496  -88.388   6200.8    439.8
     1     1    19    10    28    10     0     2   -71.0  -41.752  -58.400   3578.8    645.4
     2     1    19    10    28    10     0     2   -71.0  -41.363  -54.977   1209.0    871.1
     3     1    19    10    28    10     0     2   -71.0  -36.921  -85.459   2538.0    735.0
     4     1    19    10    28    10     0     2   -71.0  -39.912  -65.967   2529.9    727.3
     5     1    19    10    28    10     0     2   -71.0  -52.025  -88.721   6263.3    432.5
     1     1    19    10    28     9     0     3   -72.0  -41.900  -59.052   3823.3    629.9
     2     1    19    10    28     9     0     3   -72.0  -41.427  -55.145   1086.8    886.5
     3     1    19    10    28     9     0     3   -72.0  -37.068  -86.136   2582.8    730.8
     4     1    19    10    28     9     0     3   -72.0  -39.799  -66.742   2759.8    700.2
     5     1    19    10    28     9     0     3   -72.0  -52.573  -89.082   6279.7    430.4
