     5     1
    GDAS    19     4     1     0     0
    GDAS    19     4     8     0     0
    GDAS    19     4    15     0     0
    GDAS    19     4    22     0     0
    GDAS    19     4    29     0     0
     5 BACKWARD OMEGA   
    19     4     9    21  -34.572  -58.513    10.0
    19     4     9    21  -34.572  -58.513   200.0
    19     4     9    21  -34.572  -58.513   500.0
    19     4     9    21  -34.572  -58.513  1000.0
    19     4     9    21  -34.572  -58.513  2000.0
     1 PRESSURE
     1     1    19     4     9    21     0     3     0.0  -34.572  -58.513     10.0   1009.8
     2     1    19     4     9    21     0     3     0.0  -34.572  -58.513    200.0    987.3
     3     1    19     4     9    21     0     3     0.0  -34.572  -58.513    500.0    954.0
     4     1    19     4     9    21     0     3     0.0  -34.572  -58.513   1000.0    900.3
     5     1    19     4     9    21     0     3     0.0  -34.572  -58.513   2000.0    800.2
     1     1    19     4     9    20     0     2    -1.0  -34.488  -58.432     10.0   1009.6
     2     1    19     4     9    20     0     2    -1.0  -34.398  -58.379    197.6    987.3
     3     1    19     4     9    20     0     2    -1.0  -34.351  -58.379    500.8    953.5
     4     1    19     4     9    20     0     2    -1.0  -34.302  -58.400   1004.6    899.2
     5     1    19     4     9    20     0     2    -1.0  -34.255  -58.484   1987.6    801.0
     1     1    19     4     9    19     0     1    -2.0  -34.382  -58.364     10.0   1009.3
     2     1    19     4     9    19     0     1    -2.0  -34.216  -58.274    194.8    987.5
     3     1    19     4     9    19     0     1    -2.0  -34.132  -58.265    499.4    953.3
     4     1    19     4     9    19     0     1    -2.0  -34.047  -58.277   1002.8    898.8
     5     1    19     4     9    19     0     1    -2.0  -33.942  -58.409   1978.2    802.3
     1     1    19     4     9    18     0     0    -3.0  -34.253  -58.310     10.0   1008.8
     2     1    19     4     9    18     0     0    -3.0  -34.025  -58.196    193.9    987.4
     3     1    19     4     9    18     0     0    -3.0  -33.916  -58.171    498.1    953.7
     4     1    19     4     9    18     0     0    -3.0  -33.806  -58.150   1002.0    900.1
     5     1    19     4     9    18     0     0    -3.0  -33.637  -58.298   1985.9    802.9
     1     1    19     4     9    17     0     1    -4.0  -34.114  -58.269     10.0   1009.0
     2     1    19     4     9    17     0     1    -4.0  -33.834  -58.133    194.1    988.2
     3     1    19     4     9    17     0     1    -4.0  -33.708  -58.088    498.3    954.6
     4     1    19     4     9    17     0     1    -4.0  -33.570  -58.020   1005.3    900.3
     5     1    19     4     9    17     0     1    -4.0  -33.349  -58.160   2009.9    800.8
     1     1    19     4     9    16     0     2    -5.0  -33.976  -58.241     10.0   1009.7
     2     1    19     4     9    16     0     2    -5.0  -33.654  -58.075    194.1    989.5
     3     1    19     4     9    16     0     2    -5.0  -33.509  -58.013    498.5    955.8
     4     1    19     4     9    16     0     2    -5.0  -33.334  -57.885   1008.1    900.7
     5     1    19     4     9    16     0     2    -5.0  -33.084  -57.998   2036.1    798.7
     1     1    19     4     9    15     0     3    -6.0  -33.843  -58.220     10.0   1011.0
     2     1    19     4     9    15     0     3    -6.0  -33.482  -58.021    194.2    990.8
     3     1    19     4     9    15     0     3    -6.0  -33.320  -57.942    498.6    956.9
     4     1    19     4     9    15     0     3    -6.0  -33.099  -57.739   1009.5    901.4
     5     1    19     4     9    15     0     3    -6.0  -32.843  -57.812   2051.9    796.7
     1     1    19     4     9    14     0     2    -7.0  -33.719  -58.194     10.0   1011.5
     2     1    19     4     9    14     0     2    -7.0  -33.318  -57.961    195.7    991.3
     3     1    19     4     9    14     0     2    -7.0  -33.129  -57.863    499.1    957.3
     4     1    19     4     9    14     0     2    -7.0  -32.871  -57.574   1009.4    901.0
     5     1    19     4     9    14     0     2    -7.0  -32.631  -57.609   2061.2    795.5
     1     1    19     4     9    13     0     1    -8.0  -33.606  -58.155     10.0   1012.3
     2     1    19     4     9    13     0     1    -8.0  -33.159  -57.882    198.7    991.2
     3     1    19     4     9    13     0     1    -8.0  -32.929  -57.766    499.6    957.2
     4     1    19     4     9    13     0     1    -8.0  -32.654  -57.381   1008.7    899.4
     5     1    19     4     9    13     0     1    -8.0  -32.453  -57.396   2070.3    792.6
     1     1    19     4     9    12     0     0    -9.0  -33.508  -58.102     10.0   1013.3
     2     1    19     4     9    12     0     0    -9.0  -33.007  -57.784    200.4    991.3
     3     1    19     4     9    12     0     0    -9.0  -32.718  -57.650    499.9    956.3
     4     1    19     4     9    12     0     0    -9.0  -32.451  -57.157   1007.8    897.1
     5     1    19     4     9    12     0     0    -9.0  -32.308  -57.177   2074.2    790.0
     1     1    19     4     9    11     0     1   -10.0  -33.420  -58.042     10.2   1013.1
     2     1    19     4     9    11     0     1   -10.0  -32.858  -57.669    202.4    990.4
     3     1    19     4     9    11     0     1   -10.0  -32.509  -57.511    502.6    954.4
     4     1    19     4     9    11     0     1   -10.0  -32.270  -56.905   1008.6    894.2
     5     1    19     4     9    11     0     1   -10.0  -32.194  -56.959   2076.1    787.9
     1     1    19     4     9    10     0     2   -11.0  -33.342  -57.978     10.8   1012.4
     2     1    19     4     9    10     0     2   -11.0  -32.709  -57.537    209.6    988.4
     3     1    19     4     9    10     0     2   -11.0  -32.316  -57.348    510.3    951.4
     4     1    19     4     9    10     0     2   -11.0  -32.118  -56.632   1018.2    891.4
     5     1    19     4     9    10     0     2   -11.0  -32.106  -56.746   2082.2    785.9
     1     1    19     4     9     9     0     3   -12.0  -33.272  -57.913     11.8   1011.3
     2     1    19     4     9     9     0     3   -12.0  -32.559  -57.386    225.1    984.9
     3     1    19     4     9     9     0     3   -12.0  -32.140  -57.160    525.1    946.9
     4     1    19     4     9     9     0     3   -12.0  -31.995  -56.338   1040.7    887.1
     5     1    19     4     9     9     0     3   -12.0  -32.043  -56.538   2093.8    783.7
     1     1    19     4     9     8     0     2   -13.0  -33.206  -57.843     12.8   1011.1
     2     1    19     4     9     8     0     2   -13.0  -32.411  -57.208    250.9    980.3
     3     1    19     4     9     8     0     2   -13.0  -31.982  -56.945    550.1    941.8
     4     1    19     4     9     8     0     2   -13.0  -31.901  -56.019   1081.4    881.3
     5     1    19     4     9     8     0     2   -13.0  -32.000  -56.332   2113.4    781.3
     1     1    19     4     9     7     0     1   -14.0  -33.143  -57.766     13.6   1011.0
     2     1    19     4     9     7     0     1   -14.0  -32.268  -56.996    289.0    973.5
     3     1    19     4     9     7     0     1   -14.0  -31.844  -56.702    584.1    936.5
     4     1    19     4     9     7     0     1   -14.0  -31.839  -55.689   1132.9    875.4
     5     1    19     4     9     7     0     1   -14.0  -31.970  -56.129   2141.6    777.9
     1     1    19     4     9     6     0     0   -15.0  -33.083  -57.683     14.1   1010.9
     2     1    19     4     9     6     0     0   -15.0  -32.137  -56.758    333.8    965.7
     3     1    19     4     9     6     0     0   -15.0  -31.730  -56.441    623.3    930.2
     4     1    19     4     9     6     0     0   -15.0  -31.810  -55.364   1175.6    872.4
     5     1    19     4     9     6     0     0   -15.0  -31.953  -55.931   2177.1    774.3
     1     1    19     4     9     5     0     1   -16.0  -33.027  -57.594     14.3   1011.8
     2     1    19     4     9     5     0     1   -16.0  -32.028  -56.513    378.0    959.4
     3     1    19     4     9     5     0     1   -16.0  -31.646  -56.168    667.4    922.5
     4     1    19     4     9     5     0     1   -16.0  -31.812  -55.051   1204.8    870.9
     5     1    19     4     9     5     0     1   -16.0  -31.953  -55.732   2215.7    771.3
     1     1    19     4     9     4     0     2   -17.0  -32.977  -57.502     14.4   1012.5
     2     1    19     4     9     4     0     2   -17.0  -31.945  -56.270    419.6    953.7
     3     1    19     4     9     4     0     2   -17.0  -31.593  -55.891    715.2    915.9
     4     1    19     4     9     4     0     2   -17.0  -31.843  -54.752   1224.7    869.4
     5     1    19     4     9     4     0     2   -17.0  -31.974  -55.528   2254.0    768.9
     1     1    19     4     9     3     0     3   -18.0  -32.930  -57.406     14.8   1012.7
     2     1    19     4     9     3     0     3   -18.0  -31.891  -56.029    457.6    947.6
     3     1    19     4     9     3     0     3   -18.0  -31.566  -55.623    758.1    912.5
     4     1    19     4     9     3     0     3   -18.0  -31.900  -54.463   1244.4    867.6
     5     1    19     4     9     3     0     3   -18.0  -32.014  -55.322   2294.2    766.2
     1     1    19     4     9     2     0     2   -19.0  -32.888  -57.304     15.7   1010.9
     2     1    19     4     9     2     0     2   -19.0  -31.862  -55.796    491.6    944.1
     3     1    19     4     9     2     0     2   -19.0  -31.562  -55.375    792.0    911.2
     4     1    19     4     9     2     0     2   -19.0  -31.982  -54.187   1269.5    866.3
     5     1    19     4     9     2     0     2   -19.0  -32.074  -55.116   2331.8    762.3
     1     1    19     4     9     1     0     1   -20.0  -32.854  -57.193     17.2   1009.1
     2     1    19     4     9     1     0     1   -20.0  -31.853  -55.573    520.4    941.9
     3     1    19     4     9     1     0     1   -20.0  -31.581  -55.146    821.1    910.3
     4     1    19     4     9     1     0     1   -20.0  -32.087  -53.932   1303.0    863.8
     5     1    19     4     9     1     0     1   -20.0  -32.158  -54.913   2363.4    759.2
     1     1    19     4     9     0     0     0   -21.0  -32.827  -57.073     19.6   1007.2
     2     1    19     4     9     0     0     0   -21.0  -31.865  -55.366    543.3    940.6
     3     1    19     4     9     0     0     0   -21.0  -31.621  -54.934    850.3    908.6
     4     1    19     4     9     0     0     0   -21.0  -32.215  -53.700   1342.3    860.3
     5     1    19     4     9     0     0     0   -21.0  -32.264  -54.714   2393.8    756.8
     1     1    19     4     8    23     0     1   -22.0  -32.810  -56.951     22.2   1005.8
     2     1    19     4     8    23     0     1   -22.0  -31.898  -55.184    558.5    939.8
     3     1    19     4     8    23     0     1   -22.0  -31.679  -54.745    881.7    904.4
     4     1    19     4     8    23     0     1   -22.0  -32.366  -53.497   1383.0    857.0
     5     1    19     4     8    23     0     1   -22.0  -32.394  -54.527   2428.1    754.5
     1     1    19     4     8    22     0     2   -23.0  -32.803  -56.839     24.0   1004.9
     2     1    19     4     8    22     0     2   -23.0  -31.949  -55.037    565.5    939.9
     3     1    19     4     8    22     0     2   -23.0  -31.751  -54.585    914.1    900.5
     4     1    19     4     8    22     0     2   -23.0  -32.532  -53.329   1422.9    854.5
     5     1    19     4     8    22     0     2   -23.0  -32.545  -54.363   2468.6    752.2
     1     1    19     4     8    21     0     3   -24.0  -32.807  -56.741     24.6   1004.2
     2     1    19     4     8    21     0     3   -24.0  -32.013  -54.922    568.2    940.1
     3     1    19     4     8    21     0     3   -24.0  -31.835  -54.452    947.0    897.3
     4     1    19     4     8    21     0     3   -24.0  -32.713  -53.194   1462.7    852.6
     5     1    19     4     8    21     0     3   -24.0  -32.715  -54.224   2515.0    750.0
     1     1    19     4     8    20     0     2   -25.0  -32.817  -56.655     24.4   1004.5
     2     1    19     4     8    20     0     2   -25.0  -32.084  -54.828    570.8    939.7
     3     1    19     4     8    20     0     2   -25.0  -31.921  -54.339    976.8    894.8
     4     1    19     4     8    20     0     2   -25.0  -32.904  -53.082   1496.9    850.9
     5     1    19     4     8    20     0     2   -25.0  -32.899  -54.106   2559.6    748.1
     1     1    19     4     8    19     0     1   -26.0  -32.834  -56.578     23.7   1004.8
     2     1    19     4     8    19     0     1   -26.0  -32.157  -54.750    573.6    939.1
     3     1    19     4     8    19     0     1   -26.0  -32.007  -54.239    998.7    893.7
     4     1    19     4     8    19     0     1   -26.0  -33.097  -52.992   1516.8    850.1
     5     1    19     4     8    19     0     1   -26.0  -33.093  -54.003   2592.4    747.1
     1     1    19     4     8    18     0     0   -27.0  -32.857  -56.511     22.5   1005.2
     2     1    19     4     8    18     0     0   -27.0  -32.232  -54.689    574.0    939.0
     3     1    19     4     8    18     0     0   -27.0  -32.093  -54.154   1011.6    893.0
     4     1    19     4     8    18     0     0   -27.0  -33.288  -52.928   1522.5    850.3
     5     1    19     4     8    18     0     0   -27.0  -33.301  -53.920   2614.3    744.5
     1     1    19     4     8    17     0     1   -28.0  -32.880  -56.464     21.4   1005.5
     2     1    19     4     8    17     0     1   -28.0  -32.307  -54.648    572.6    939.5
     3     1    19     4     8    17     0     1   -28.0  -32.183  -54.078   1018.3    893.7
     4     1    19     4     8    17     0     1   -28.0  -33.477  -52.881   1522.1    851.5
     5     1    19     4     8    17     0     1   -28.0  -33.523  -53.855   2636.9    742.0
     1     1    19     4     8    16     0     2   -29.0  -32.896  -56.449     20.8   1005.9
     2     1    19     4     8    16     0     2   -29.0  -32.382  -54.632    571.8    939.8
     3     1    19     4     8    16     0     2   -29.0  -32.282  -54.009   1022.6    894.6
     4     1    19     4     8    16     0     2   -29.0  -33.666  -52.842   1521.8    852.0
     5     1    19     4     8    16     0     2   -29.0  -33.756  -53.811   2664.3    738.8
     1     1    19     4     8    15     0     3   -30.0  -32.903  -56.464     20.6   1006.3
     2     1    19     4     8    15     0     3   -30.0  -32.456  -54.639    571.3    939.8
     3     1    19     4     8    15     0     3   -30.0  -32.389  -53.948   1023.8    895.6
     4     1    19     4     8    15     0     3   -30.0  -33.851  -52.806   1521.7    852.4
     5     1    19     4     8    15     0     3   -30.0  -33.998  -53.790   2696.2    735.2
     1     1    19     4     8    14     0     2   -31.0  -32.901  -56.490     20.1   1006.3
     2     1    19     4     8    14     0     2   -31.0  -32.527  -54.666    571.1    939.2
     3     1    19     4     8    14     0     2   -31.0  -32.504  -53.896   1023.4    896.8
     4     1    19     4     8    14     0     2   -31.0  -34.035  -52.778   1522.0    852.6
     5     1    19     4     8    14     0     2   -31.0  -34.249  -53.797   2732.2    733.0
     1     1    19     4     8    13     0     1   -32.0  -32.889  -56.511     18.5   1006.4
     2     1    19     4     8    13     0     1   -32.0  -32.595  -54.707    570.7    938.4
     3     1    19     4     8    13     0     1   -32.0  -32.626  -53.853   1023.2    898.0
     4     1    19     4     8    13     0     1   -32.0  -34.221  -52.764   1522.3    852.4
     5     1    19     4     8    13     0     1   -32.0  -34.507  -53.835   2764.8    731.3
     1     1    19     4     8    12     0     0   -33.0  -32.866  -56.525     16.2   1006.6
     2     1    19     4     8    12     0     0   -33.0  -32.659  -54.762    570.2    937.3
     3     1    19     4     8    12     0     0   -33.0  -32.753  -53.818   1023.5    899.2
     4     1    19     4     8    12     0     0   -33.0  -34.412  -52.764   1522.2    852.2
     5     1    19     4     8    12     0     0   -33.0  -34.773  -53.902   2792.0    730.2
     1     1    19     4     8    11     0     1   -34.0  -32.836  -56.533     14.4   1006.6
     2     1    19     4     8    11     0     1   -34.0  -32.714  -54.826    569.6    935.7
     3     1    19     4     8    11     0     1   -34.0  -32.881  -53.796   1024.0    900.1
     4     1    19     4     8    11     0     1   -34.0  -34.604  -52.775   1521.6    851.9
     5     1    19     4     8    11     0     1   -34.0  -35.038  -53.999   2812.9    729.6
     1     1    19     4     8    10     0     2   -35.0  -32.806  -56.537     13.4   1006.2
     2     1    19     4     8    10     0     2   -35.0  -32.755  -54.891    569.2    934.0
     3     1    19     4     8    10     0     2   -35.0  -33.005  -53.789   1024.5    900.9
     4     1    19     4     8    10     0     2   -35.0  -34.795  -52.798   1521.3    851.5
     5     1    19     4     8    10     0     2   -35.0  -35.293  -54.127   2831.0    728.1
     1     1    19     4     8     9     0     3   -36.0  -32.776  -56.537     13.2   1005.7
     2     1    19     4     8     9     0     3   -36.0  -32.781  -54.957    568.8    932.3
     3     1    19     4     8     9     0     3   -36.0  -33.126  -53.797   1023.7    899.9
     4     1    19     4     8     9     0     3   -36.0  -34.984  -52.826   1521.5    851.1
     5     1    19     4     8     9     0     3   -36.0  -35.534  -54.289   2849.4    725.7
     1     1    19     4     8     8     0     2   -37.0  -32.745  -56.530     13.3   1005.8
     2     1    19     4     8     8     0     2   -37.0  -32.794  -55.018    571.5    931.7
     3     1    19     4     8     8     0     2   -37.0  -33.243  -53.822   1025.7    899.6
     4     1    19     4     8     8     0     2   -37.0  -35.167  -52.868   1522.3    851.1
     5     1    19     4     8     8     0     2   -37.0  -35.765  -54.475   2867.3    724.6
     1     1    19     4     8     7     0     1   -38.0  -32.715  -56.512     13.8   1005.8
     2     1    19     4     8     7     0     1   -38.0  -32.799  -55.066    579.9    931.3
     3     1    19     4     8     7     0     1   -38.0  -33.352  -53.863   1035.0    898.1
     4     1    19     4     8     7     0     1   -38.0  -35.342  -52.931   1523.5    851.1
     5     1    19     4     8     7     0     1   -38.0  -35.992  -54.675   2894.0    722.8
     1     1    19     4     8     6     0     0   -39.0  -32.686  -56.484     14.6   1005.6
     2     1    19     4     8     6     0     0   -39.0  -32.797  -55.100    593.4    930.2
     3     1    19     4     8     6     0     0   -39.0  -33.453  -53.917   1052.2    895.6
     4     1    19     4     8     6     0     0   -39.0  -35.511  -53.011   1524.5    851.1
     5     1    19     4     8     6     0     0   -39.0  -36.214  -54.891   2934.5    719.2
     1     1    19     4     8     5     0     1   -40.0  -32.660  -56.448     16.1   1004.9
     2     1    19     4     8     5     0     1   -40.0  -32.793  -55.122    609.5    928.6
     3     1    19     4     8     5     0     1   -40.0  -33.543  -53.978   1070.8    892.2
     4     1    19     4     8     5     0     1   -40.0  -35.672  -53.105   1525.0    851.0
     5     1    19     4     8     5     0     1   -40.0  -36.434  -55.124   2976.4    714.5
     1     1    19     4     8     4     0     2   -41.0  -32.641  -56.405     18.7   1004.0
     2     1    19     4     8     4     0     2   -41.0  -32.789  -55.134    625.9    927.2
     3     1    19     4     8     4     0     2   -41.0  -33.617  -54.042   1084.1    889.8
     4     1    19     4     8     4     0     2   -41.0  -35.820  -53.212   1525.3    851.0
     5     1    19     4     8     4     0     2   -41.0  -36.650  -55.371   3003.5    711.8
     1     1    19     4     8     3     0     3   -42.0  -32.629  -56.355     23.1   1003.0
     2     1    19     4     8     3     0     3   -42.0  -32.784  -55.137    642.6    925.5
     3     1    19     4     8     3     0     3   -42.0  -33.674  -54.106   1094.2    887.7
     4     1    19     4     8     3     0     3   -42.0  -35.953  -53.328   1525.3    851.0
     5     1    19     4     8     3     0     3   -42.0  -36.860  -55.629   3010.1    711.1
     1     1    19     4     8     2     0     2   -43.0  -32.626  -56.303     27.7   1002.0
     2     1    19     4     8     2     0     2   -43.0  -32.787  -55.135    653.5    923.6
     3     1    19     4     8     2     0     2   -43.0  -33.720  -54.171   1103.4    885.9
     4     1    19     4     8     2     0     2   -43.0  -36.075  -53.460   1517.7    851.0
     5     1    19     4     8     2     0     2   -43.0  -37.069  -55.901   3007.2    712.5
     1     1    19     4     8     1     0     1   -44.0  -32.635  -56.254     30.2   1001.5
     2     1    19     4     8     1     0     1   -44.0  -32.806  -55.139    652.3    923.6
     3     1    19     4     8     1     0     1   -44.0  -33.767  -54.237   1114.1    883.9
     4     1    19     4     8     1     0     1   -44.0  -36.190  -53.612   1497.1    853.4
     5     1    19     4     8     1     0     1   -44.0  -37.288  -56.193   3009.4    712.1
     1     1    19     4     8     0     0     0   -45.0  -32.656  -56.212     29.9   1001.4
     2     1    19     4     8     0     0     0   -45.0  -32.840  -55.148    639.3    925.0
     3     1    19     4     8     0     0     0   -45.0  -33.813  -54.306   1126.8    881.6
     4     1    19     4     8     0     0     0   -45.0  -36.296  -53.785   1469.2    856.6
     5     1    19     4     8     0     0     0   -45.0  -37.523  -56.508   3018.2    711.0
     1     1    19     4     7    23     0     1   -46.0  -32.683  -56.184     28.6   1001.3
     2     1    19     4     7    23     0     1   -46.0  -32.880  -55.171    611.5    927.4
     3     1    19     4     7    23     0     1   -46.0  -33.860  -54.376   1131.9    878.9
     4     1    19     4     7    23     0     1   -46.0  -36.388  -53.968   1445.3    859.5
     5     1    19     4     7    23     0     1   -46.0  -37.770  -56.851   3018.1    709.6
     1     1    19     4     7    22     0     2   -47.0  -32.705  -56.177     27.9   1001.0
     2     1    19     4     7    22     0     2   -47.0  -32.916  -55.210    569.1    931.8
     3     1    19     4     7    22     0     2   -47.0  -33.905  -54.448   1119.0    879.2
     4     1    19     4     7    22     0     2   -47.0  -36.465  -54.147   1432.9    860.4
     5     1    19     4     7    22     0     2   -47.0  -38.018  -57.227   3009.2    709.8
     1     1    19     4     7    21     0     3   -48.0  -32.723  -56.191     27.7   1000.8
     2     1    19     4     7    21     0     3   -48.0  -32.947  -55.265    518.0    937.7
     3     1    19     4     7    21     0     3   -48.0  -33.947  -54.520   1091.8    881.2
     4     1    19     4     7    21     0     3   -48.0  -36.528  -54.318   1429.4    860.4
     5     1    19     4     7    21     0     3   -48.0  -38.265  -57.653   3032.7    706.5
     1     1    19     4     7    20     0     2   -49.0  -32.733  -56.217     27.7   1001.4
     2     1    19     4     7    20     0     2   -49.0  -32.968  -55.329    477.7    944.8
     3     1    19     4     7    20     0     2   -49.0  -33.983  -54.595   1062.2    884.5
     4     1    19     4     7    20     0     2   -49.0  -36.580  -54.484   1429.4    860.2
     5     1    19     4     7    20     0     2   -49.0  -38.500  -58.131   3084.3    699.5
     1     1    19     4     7    19     0     1   -50.0  -32.733  -56.245     27.7   1001.9
     2     1    19     4     7    19     0     1   -50.0  -32.975  -55.389    457.6    947.5
     3     1    19     4     7    19     0     1   -50.0  -34.008  -54.671   1038.9    886.4
     4     1    19     4     7    19     0     1   -50.0  -36.623  -54.648   1429.4    860.3
     5     1    19     4     7    19     0     1   -50.0  -38.711  -58.640   3112.8    697.7
     1     1    19     4     7    18     0     0   -51.0  -32.724  -56.275     27.7   1002.4
     2     1    19     4     7    18     0     0   -51.0  -32.969  -55.446    451.6    948.7
     3     1    19     4     7    18     0     0   -51.0  -34.021  -54.750   1018.7    888.0
     4     1    19     4     7    18     0     0   -51.0  -36.656  -54.805   1429.4    860.4
     5     1    19     4     7    18     0     0   -51.0  -38.892  -59.165   3118.7    700.9
     1     1    19     4     7    17     0     1   -52.0  -32.718  -56.296     27.7   1002.9
     2     1    19     4     7    17     0     1   -52.0  -32.963  -55.489    451.5    948.7
     3     1    19     4     7    17     0     1   -52.0  -34.027  -54.825   1004.3    889.4
     4     1    19     4     7    17     0     1   -52.0  -36.684  -54.952   1429.4    860.5
     5     1    19     4     7    17     0     1   -52.0  -39.057  -59.700   3127.8    701.5
     1     1    19     4     7    16     0     2   -53.0  -32.726  -56.298     27.7   1003.3
     2     1    19     4     7    16     0     2   -53.0  -32.967  -55.510    451.1    949.2
     3     1    19     4     7    16     0     2   -53.0  -34.031  -54.890    998.6    889.3
     4     1    19     4     7    16     0     2   -53.0  -36.715  -55.087   1429.4    860.6
     5     1    19     4     7    16     0     2   -53.0  -39.218  -60.244   3136.2    700.1
     1     1    19     4     7    15     0     3   -54.0  -32.749  -56.284     27.7   1003.7
     2     1    19     4     7    15     0     3   -54.0  -32.981  -55.511    450.5    949.5
     3     1    19     4     7    15     0     3   -54.0  -34.033  -54.945    997.2    888.7
     4     1    19     4     7    15     0     3   -54.0  -36.748  -55.209   1429.4    860.7
     5     1    19     4     7    15     0     3   -54.0  -39.373  -60.792   3147.2    699.0
     1     1    19     4     7    14     0     2   -55.0  -32.784  -56.257     27.7   1003.7
     2     1    19     4     7    14     0     2   -55.0  -33.003  -55.502    450.8    949.4
     3     1    19     4     7    14     0     2   -55.0  -34.035  -54.989   1006.9    888.2
     4     1    19     4     7    14     0     2   -55.0  -36.787  -55.324   1428.5    860.7
     5     1    19     4     7    14     0     2   -55.0  -39.523  -61.344   3166.1    697.4
     1     1    19     4     7    13     0     1   -56.0  -32.828  -56.220     27.7   1003.6
     2     1    19     4     7    13     0     1   -56.0  -33.031  -55.489    452.7    949.2
     3     1    19     4     7    13     0     1   -56.0  -34.041  -55.024   1034.3    885.4
     4     1    19     4     7    13     0     1   -56.0  -36.834  -55.437   1425.9    860.9
     5     1    19     4     7    13     0     1   -56.0  -39.668  -61.898   3185.0    695.7
     1     1    19     4     7    12     0     0   -57.0  -32.882  -56.171     27.7   1003.4
     2     1    19     4     7    12     0     0   -57.0  -33.063  -55.475    457.1    948.7
     3     1    19     4     7    12     0     0   -57.0  -34.048  -55.047   1074.5    881.2
     4     1    19     4     7    12     0     0   -57.0  -36.889  -55.547   1422.0    861.3
     5     1    19     4     7    12     0     0   -57.0  -39.814  -62.454   3193.1    692.6
     1     1    19     4     7    11     0     1   -58.0  -32.941  -56.120     27.7   1003.2
     2     1    19     4     7    11     0     1   -58.0  -33.093  -55.467    463.6    947.4
     3     1    19     4     7    11     0     1   -58.0  -34.058  -55.066   1109.5    876.1
     4     1    19     4     7    11     0     1   -58.0  -36.945  -55.659   1418.4    861.6
     5     1    19     4     7    11     0     1   -58.0  -39.966  -63.021   3195.4    690.0
     1     1    19     4     7    10     0     2   -59.0  -32.999  -56.075     27.7   1003.0
     2     1    19     4     7    10     0     2   -59.0  -33.112  -55.471    470.0    946.4
     3     1    19     4     7    10     0     2   -59.0  -34.069  -55.094   1128.2    874.6
     4     1    19     4     7    10     0     2   -59.0  -36.996  -55.780   1416.7    861.6
     5     1    19     4     7    10     0     2   -59.0  -40.126  -63.613   3201.7    688.3
     1     1    19     4     7     9     0     3   -60.0  -33.055  -56.037     27.7   1002.7
     2     1    19     4     7     9     0     3   -60.0  -33.121  -55.486    475.4    945.5
     3     1    19     4     7     9     0     3   -60.0  -34.082  -55.130   1134.3    874.4
     4     1    19     4     7     9     0     3   -60.0  -37.043  -55.908   1415.5    861.4
     5     1    19     4     7     9     0     3   -60.0  -40.297  -64.236   3216.9    686.3
     1     1    19     4     7     8     0     2   -61.0  -33.101  -56.003     27.7   1002.7
     2     1    19     4     7     8     0     2   -61.0  -33.115  -55.496    479.1    945.2
     3     1    19     4     7     8     0     2   -61.0  -34.093  -55.169   1134.5    875.6
     4     1    19     4     7     8     0     2   -61.0  -37.087  -56.036   1413.5    861.5
     5     1    19     4     7     8     0     2   -61.0  -40.473  -64.887   3247.7    685.0
     1     1    19     4     7     7     0     1   -62.0  -33.131  -55.967     27.7   1002.5
     2     1    19     4     7     7     0     1   -62.0  -33.089  -55.487    481.0    944.8
     3     1    19     4     7     7     0     1   -62.0  -34.094  -55.197   1134.5    875.9
     4     1    19     4     7     7     0     1   -62.0  -37.127  -56.156   1411.1    861.6
     5     1    19     4     7     7     0     1   -62.0  -40.652  -65.588   3278.6    671.9
     1     1    19     4     7     6     0     0   -63.0  -33.147  -55.928     27.7   1002.1
     2     1    19     4     7     6     0     0   -63.0  -33.042  -55.455    481.5    944.3
     3     1    19     4     7     6     0     0   -63.0  -34.086  -55.214   1134.4    875.9
     4     1    19     4     7     6     0     0   -63.0  -37.165  -56.270   1408.7    861.6
     5     1    19     4     7     6     0     0   -63.0  -40.832  -66.375   3276.0    647.8
     1     1    19     4     7     5     0     1   -64.0  -33.157  -55.884     27.7   1001.6
     2     1    19     4     7     5     0     1   -64.0  -32.991  -55.397    481.3    943.6
     3     1    19     4     7     5     0     1   -64.0  -34.077  -55.221   1134.2    875.9
     4     1    19     4     7     5     0     1   -64.0  -37.207  -56.384   1402.3    862.0
     5     1    19     4     7     5     0     1   -64.0  -40.987  -67.196   3162.5    633.4
     1     1    19     4     7     4     0     2   -65.0  -33.169  -55.831     27.6   1001.0
     2     1    19     4     7     4     0     2   -65.0  -32.954  -55.310    481.0    943.0
     3     1    19     4     7     4     0     2   -65.0  -34.076  -55.219   1134.1    876.0
     4     1    19     4     7     4     0     2   -65.0  -37.257  -56.502   1391.0    863.0
     5     1    19     4     7     4     0     2   -65.0  -41.095  -67.994   3097.9    630.8
     1     1    19     4     7     3     0     3   -66.0  -33.185  -55.768     27.3   1000.3
     2     1    19     4     7     3     0     3   -66.0  -32.929  -55.193    480.4    942.2
     3     1    19     4     7     3     0     3   -66.0  -34.082  -55.209   1134.0    876.1
     4     1    19     4     7     3     0     3   -66.0  -37.314  -56.625   1379.5    864.1
     5     1    19     4     7     3     0     3   -66.0  -41.168  -68.789   3116.5    620.3
     1     1    19     4     7     2     0     2   -67.0  -33.206  -55.706     27.0    999.5
     2     1    19     4     7     2     0     2   -67.0  -32.917  -55.059    489.7    940.3
     3     1    19     4     7     2     0     2   -67.0  -34.092  -55.197   1137.9    875.9
     4     1    19     4     7     2     0     2   -67.0  -37.381  -56.761   1372.8    864.7
     5     1    19     4     7     2     0     2   -67.0  -41.224  -69.601   3143.1    610.8
     1     1    19     4     7     1     0     1   -68.0  -33.237  -55.655     26.6    998.9
     2     1    19     4     7     1     0     1   -68.0  -32.915  -54.920    522.7    937.5
     3     1    19     4     7     1     0     1   -68.0  -34.103  -55.187   1149.2    874.9
     4     1    19     4     7     1     0     1   -68.0  -37.460  -56.916   1370.8    864.8
     5     1    19     4     7     1     0     1   -68.0  -41.275  -70.431   3129.5    613.8
     1     1    19     4     7     0     0     0   -69.0  -33.275  -55.615     26.3    998.5
     2     1    19     4     7     0     0     0   -69.0  -32.915  -54.776    567.6    935.2
     3     1    19     4     7     0     0     0   -69.0  -34.114  -55.180   1166.8    873.3
     4     1    19     4     7     0     0     0   -69.0  -37.553  -57.089   1371.3    864.3
     5     1    19     4     7     0     0     0   -69.0  -41.330  -71.284   3122.6    618.9
     1     1    19     4     6    23     0     1   -70.0  -33.312  -55.581     26.1    998.1
     2     1    19     4     6    23     0     1   -70.0  -32.917  -54.636    598.5    934.1
     3     1    19     4     6    23     0     1   -70.0  -34.128  -55.174   1193.9    870.4
     4     1    19     4     6    23     0     1   -70.0  -37.648  -57.288   1381.3    861.6
     5     1    19     4     6    23     0     1   -70.0  -41.398  -72.195   3244.9    625.6
     1     1    19     4     6    22     0     2   -71.0  -33.339  -55.548     26.0    997.6
     2     1    19     4     6    22     0     2   -71.0  -32.934  -54.508    601.5    936.1
     3     1    19     4     6    22     0     2   -71.0  -34.147  -55.167   1233.7    866.2
     4     1    19     4     6    22     0     2   -71.0  -37.735  -57.529   1407.2    856.4
     5     1    19     4     6    22     0     2   -71.0  -41.446  -72.992   3430.3    665.2
     1     1    19     4     6    21     0     3   -72.0  -33.358  -55.512     26.0    997.1
     2     1    19     4     6    21     0     3   -72.0  -32.967  -54.395    581.4    940.4
     3     1    19     4     6    21     0     3   -72.0  -34.168  -55.161   1285.1    860.8
     4     1    19     4     6    21     0     3   -72.0  -37.822  -57.817   1452.0    848.5
     5     1    19     4     6    21     0     3   -72.0  -41.466  -73.666   3443.9    668.5
