     7     1
    GDAS    19     9    29     0     0
    GDAS    19    10     1     0     0
    GDAS    19    10     8     0     0
    GDAS    19    10    15     0     0
    GDAS    19    10    22     0     0
    GDAS    19    10    29     0     0
    GDAS    19    11     1     0     0
     5 BACKWARD OMEGA   
    19    10    18    21  -34.572  -58.513    10.0
    19    10    18    21  -34.572  -58.513   200.0
    19    10    18    21  -34.572  -58.513   500.0
    19    10    18    21  -34.572  -58.513  1000.0
    19    10    18    21  -34.572  -58.513  2000.0
     1 PRESSURE
     1     1    19    10    18    21     0     3     0.0  -34.572  -58.513     10.0   1013.9
     2     1    19    10    18    21     0     3     0.0  -34.572  -58.513    200.0    992.6
     3     1    19    10    18    21     0     3     0.0  -34.572  -58.513    500.0    958.5
     4     1    19    10    18    21     0     3     0.0  -34.572  -58.513   1000.0    903.3
     5     1    19    10    18    21     0     3     0.0  -34.572  -58.513   2000.0    800.2
     1     1    19    10    18    20     0     2    -1.0  -34.681  -58.597     11.3   1013.8
     2     1    19    10    18    20     0     2    -1.0  -34.790  -58.672    220.4    991.7
     3     1    19    10    18    20     0     2    -1.0  -34.853  -58.711    537.9    954.7
     4     1    19    10    18    20     0     2    -1.0  -34.908  -58.740   1051.3    897.4
     5     1    19    10    18    20     0     2    -1.0  -34.947  -58.885   2074.6    793.1
     1     1    19    10    18    19     0     1    -2.0  -34.818  -58.707     12.9   1013.5
     2     1    19    10    18    19     0     1    -2.0  -35.024  -58.861    231.3    990.7
     3     1    19    10    18    19     0     1    -2.0  -35.138  -58.937    556.5    953.7
     4     1    19    10    18    19     0     1    -2.0  -35.244  -59.002   1078.3    896.8
     5     1    19    10    18    19     0     1    -2.0  -35.313  -59.281   2150.5    788.5
     1     1    19    10    18    18     0     0    -3.0  -34.990  -58.845     14.0   1013.0
     2     1    19    10    18    18     0     0    -3.0  -35.281  -59.071    236.6    991.0
     3     1    19    10    18    18     0     0    -3.0  -35.426  -59.184    575.1    952.5
     4     1    19    10    18    18     0     0    -3.0  -35.570  -59.288   1112.5    893.0
     5     1    19    10    18    18     0     0    -3.0  -35.671  -59.696   2273.2    774.9
     1     1    19    10    18    17     0     1    -4.0  -35.185  -59.004     14.7   1013.6
     2     1    19    10    18    17     0     1    -4.0  -35.544  -59.301    250.0    988.6
     3     1    19    10    18    17     0     1    -4.0  -35.713  -59.450    608.2    946.4
     4     1    19    10    18    17     0     1    -4.0  -35.888  -59.596   1165.9    883.9
     5     1    19    10    18    17     0     1    -4.0  -36.028  -60.126   2439.2    752.3
     1     1    19    10    18    16     0     2    -5.0  -35.381  -59.177     16.2   1013.5
     2     1    19    10    18    16     0     2    -5.0  -35.801  -59.557    272.2    983.2
     3     1    19    10    18    16     0     2    -5.0  -35.992  -59.746    647.8    937.2
     4     1    19    10    18    16     0     2    -5.0  -36.205  -59.935   1225.6    869.3
     5     1    19    10    18    16     0     2    -5.0  -36.388  -60.584   2603.9    731.2
     1     1    19    10    18    15     0     3    -6.0  -35.575  -59.368     18.7   1012.7
     2     1    19    10    18    15     0     3    -6.0  -36.054  -59.842    295.5    975.0
     3     1    19    10    18    15     0     3    -6.0  -36.269  -60.069    679.9    926.5
     4     1    19    10    18    15     0     3    -6.0  -36.527  -60.301   1280.1    859.3
     5     1    19    10    18    15     0     3    -6.0  -36.774  -61.067   2746.0    717.2
     1     1    19    10    18    14     0     2    -7.0  -35.757  -59.580     22.5   1010.7
     2     1    19    10    18    14     0     2    -7.0  -36.306  -60.145    322.4    967.2
     3     1    19    10    18    14     0     2    -7.0  -36.570  -60.399    708.5    920.7
     4     1    19    10    18    14     0     2    -7.0  -36.881  -60.671   1322.8    851.7
     5     1    19    10    18    14     0     2    -7.0  -37.174  -61.576   2858.6    701.5
     1     1    19    10    18    13     0     1    -8.0  -35.923  -59.810     28.8   1008.2
     2     1    19    10    18    13     0     1    -8.0  -36.561  -60.450    345.5    959.9
     3     1    19    10    18    13     0     1    -8.0  -36.924  -60.736    709.7    914.8
     4     1    19    10    18    13     0     1    -8.0  -37.294  -61.029   1327.2    847.9
     5     1    19    10    18    13     0     1    -8.0  -37.568  -62.114   2967.6    683.5
     1     1    19    10    18    12     0     0    -9.0  -36.073  -60.059     40.0   1003.9
     2     1    19    10    18    12     0     0    -9.0  -36.809  -60.739    327.6    958.0
     3     1    19    10    18    12     0     0    -9.0  -37.328  -61.084    656.6    918.9
     4     1    19    10    18    12     0     0    -9.0  -37.776  -61.384   1333.9    841.9
     5     1    19    10    18    12     0     0    -9.0  -37.958  -62.673   3121.9    670.9
     1     1    19    10    18    11     0     1   -10.0  -36.209  -60.318     54.6    998.9
     2     1    19    10    18    11     0     1   -10.0  -37.046  -61.014    283.0    965.7
     3     1    19    10    18    11     0     1   -10.0  -37.750  -61.443    647.6    917.1
     4     1    19    10    18    11     0     1   -10.0  -38.302  -61.757   1463.9    831.1
     5     1    19    10    18    11     0     1   -10.0  -38.322  -63.224   3291.0    667.0
     1     1    19    10    18    10     0     2   -11.0  -36.335  -60.576     67.0    994.8
     2     1    19    10    18    10     0     2   -11.0  -37.293  -61.302    266.6    965.9
     3     1    19    10    18    10     0     2   -11.0  -38.211  -61.828    764.4    896.3
     4     1    19    10    18    10     0     2   -11.0  -38.808  -62.135   1624.6    819.6
     5     1    19    10    18    10     0     2   -11.0  -38.640  -63.757   3423.1    658.5
     1     1    19    10    18     9     0     3   -12.0  -36.455  -60.830     74.4    992.3
     2     1    19    10    18     9     0     3   -12.0  -37.589  -61.623    312.6    949.9
     3     1    19    10    18     9     0     3   -12.0  -38.669  -62.221    879.4    891.5
     4     1    19    10    18     9     0     3   -12.0  -39.289  -62.492   1670.3    827.2
     5     1    19    10    18     9     0     3   -12.0  -38.918  -64.277   3523.3    648.9
     1     1    19    10    18     8     0     2   -13.0  -36.570  -61.071     79.9    991.5
     2     1    19    10    18     8     0     2   -13.0  -37.967  -61.982    448.2    916.9
     3     1    19    10    18     8     0     2   -13.0  -39.070  -62.596    897.3    909.9
     4     1    19    10    18     8     0     2   -13.0  -39.770  -62.823   1670.6    830.0
     5     1    19    10    18     8     0     2   -13.0  -39.165  -64.776   3591.4    641.3
     1     1    19    10    18     7     0     1   -14.0  -36.688  -61.305     88.3    989.8
     2     1    19    10    18     7     0     1   -14.0  -38.401  -62.353    616.0    912.0
     3     1    19    10    18     7     0     1   -14.0  -39.441  -62.933    911.9    914.1
     4     1    19    10    18     7     0     1   -14.0  -40.248  -63.130   1671.3    829.4
     5     1    19    10    18     7     0     1   -14.0  -39.384  -65.221   3645.4    637.5
     1     1    19    10    18     6     0     0   -15.0  -36.811  -61.553    100.0    987.5
     2     1    19    10    18     6     0     0   -15.0  -38.806  -62.677    689.2    925.5
     3     1    19    10    18     6     0     0   -15.0  -39.819  -63.225    943.7    904.0
     4     1    19    10    18     6     0     0   -15.0  -40.717  -63.419   1677.0    828.4
     5     1    19    10    18     6     0     0   -15.0  -39.573  -65.610   3701.9    629.9
     1     1    19    10    18     5     0     1   -16.0  -36.939  -61.803    115.8    985.2
     2     1    19    10    18     5     0     1   -16.0  -39.183  -62.962    731.1    930.9
     3     1    19    10    18     5     0     1   -16.0  -40.179  -63.479    956.1    900.4
     4     1    19    10    18     5     0     1   -16.0  -41.164  -63.681   1698.1    828.8
     5     1    19    10    18     5     0     1   -16.0  -39.749  -65.952   3759.5    622.9
     1     1    19    10    18     4     0     2   -17.0  -37.080  -62.035    141.6    979.5
     2     1    19    10    18     4     0     2   -17.0  -39.539  -63.208    774.5    923.9
     3     1    19    10    18     4     0     2   -17.0  -40.497  -63.685    966.9    902.8
     4     1    19    10    18     4     0     2   -17.0  -41.571  -63.923   1728.0    824.3
     5     1    19    10    18     4     0     2   -17.0  -39.935  -66.243   3817.9    617.0
     1     1    19    10    18     3     0     3   -18.0  -37.239  -62.245    177.8    970.1
     2     1    19    10    18     3     0     3   -18.0  -39.874  -63.397    817.5    917.3
     3     1    19    10    18     3     0     3   -18.0  -40.782  -63.816   1011.4    900.8
     4     1    19    10    18     3     0     3   -18.0  -41.928  -64.180   1727.8    822.5
     5     1    19    10    18     3     0     3   -18.0  -40.145  -66.470   3853.2    610.2
     1     1    19    10    18     2     0     2   -19.0  -37.427  -62.442    222.2    962.0
     2     1    19    10    18     2     0     2   -19.0  -40.189  -63.542    872.1    912.7
     3     1    19    10    18     2     0     2   -19.0  -41.061  -63.899   1069.5    893.2
     4     1    19    10    18     2     0     2   -19.0  -42.238  -64.459   1709.0    826.9
     5     1    19    10    18     2     0     2   -19.0  -40.371  -66.660   3895.1    601.0
     1     1    19    10    18     1     0     1   -20.0  -37.643  -62.635    275.2    954.6
     2     1    19    10    18     1     0     1   -20.0  -40.493  -63.660    945.6    904.7
     3     1    19    10    18     1     0     1   -20.0  -41.331  -63.964   1110.0    888.8
     4     1    19    10    18     1     0     1   -20.0  -42.513  -64.761   1713.4    825.0
     5     1    19    10    18     1     0     1   -20.0  -40.611  -66.846   3983.6    582.7
     1     1    19    10    18     0     0     0   -21.0  -37.856  -62.815    333.4    948.0
     2     1    19    10    18     0     0     0   -21.0  -40.796  -63.734   1013.9    897.2
     3     1    19    10    18     0     0     0   -21.0  -41.584  -64.003   1141.2    886.7
     4     1    19    10    18     0     0     0   -21.0  -42.747  -65.100   1744.2    816.5
     5     1    19    10    18     0     0     0   -21.0  -40.879  -67.034   4122.8    556.9
     1     1    19    10    17    23     0     1   -22.0  -38.059  -62.977    379.9    945.3
     2     1    19    10    17    23     0     1   -22.0  -41.052  -63.769   1077.6    893.5
     3     1    19    10    17    23     0     1   -22.0  -41.809  -64.030   1204.2    883.1
     4     1    19    10    17    23     0     1   -22.0  -42.936  -65.452   1649.8    807.7
     5     1    19    10    17    23     0     1   -22.0  -41.148  -67.238   4268.7    534.8
     1     1    19    10    17    22     0     2   -23.0  -38.262  -63.125    407.4    949.2
     2     1    19    10    17    22     0     2   -23.0  -41.240  -63.810   1171.8    885.4
     3     1    19    10    17    22     0     2   -23.0  -42.023  -64.099   1326.9    869.1
     4     1    19    10    17    22     0     2   -23.0  -43.083  -65.788   1400.1    843.3
     5     1    19    10    17    22     0     2   -23.0  -41.384  -67.472   4351.5    524.3
     1     1    19    10    17    21     0     3   -24.0  -38.461  -63.256    439.4    951.1
     2     1    19    10    17    21     0     3   -24.0  -41.402  -63.889   1329.5    869.4
     3     1    19    10    17    21     0     3   -24.0  -42.236  -64.231   1425.4    850.0
     4     1    19    10    17    21     0     3   -24.0  -43.202  -66.121   1220.8    868.3
     5     1    19    10    17    21     0     3   -24.0  -41.586  -67.737   4360.8    513.7
     1     1    19    10    17    20     0     2   -25.0  -38.650  -63.368    489.0    948.9
     2     1    19    10    17    20     0     2   -25.0  -41.588  -64.003   1508.9    844.9
     3     1    19    10    17    20     0     2   -25.0  -42.405  -64.394   1363.6    851.1
     4     1    19    10    17    20     0     2   -25.0  -43.312  -66.456   1152.8    869.7
     5     1    19    10    17    20     0     2   -25.0  -41.753  -68.012   4342.5    505.4
     1     1    19    10    17    19     0     1   -26.0  -38.824  -63.461    553.4    943.8
     2     1    19    10    17    19     0     1   -26.0  -41.774  -64.121   1640.0    831.0
     3     1    19    10    17    19     0     1   -26.0  -42.523  -64.548   1165.0    875.8
     4     1    19    10    17    19     0     1   -26.0  -43.418  -66.785   1106.8    870.8
     5     1    19    10    17    19     0     1   -26.0  -41.888  -68.280   4368.2    497.9
     1     1    19    10    17    18     0     0   -27.0  -38.982  -63.539    619.5    937.9
     2     1    19    10    17    18     0     0   -27.0  -41.929  -64.220   1720.3    823.9
     3     1    19    10    17    18     0     0   -27.0  -42.621  -64.694    923.3    905.6
     4     1    19    10    17    18     0     0   -27.0  -43.519  -67.115   1040.9    870.9
     5     1    19    10    17    18     0     0   -27.0  -42.000  -68.548   4403.9    490.0
     1     1    19    10    17    17     0     1   -28.0  -39.115  -63.586    662.9    931.2
     2     1    19    10    17    17     0     1   -28.0  -42.051  -64.320   1766.2    820.1
     3     1    19    10    17    17     0     1   -28.0  -42.710  -64.845    676.3    931.6
     4     1    19    10    17    17     0     1   -28.0  -43.611  -67.459   1014.6    866.8
     5     1    19    10    17    17     0     1   -28.0  -42.090  -68.831   4434.5    489.2
     1     1    19    10    17    16     0     2   -29.0  -39.218  -63.581    663.4    930.7
     2     1    19    10    17    16     0     2   -29.0  -42.140  -64.445   1784.8    817.4
     3     1    19    10    17    16     0     2   -29.0  -42.801  -64.999    458.8    958.0
     4     1    19    10    17    16     0     2   -29.0  -43.701  -67.830   1092.9    847.1
     5     1    19    10    17    16     0     2   -29.0  -42.157  -69.132   4448.8    493.3
     1     1    19    10    17    15     0     3   -30.0  -39.288  -63.522    619.0    937.0
     2     1    19    10    17    15     0     3   -30.0  -42.203  -64.581   1784.4    818.6
     3     1    19    10    17    15     0     3   -30.0  -42.915  -65.169    332.0    974.3
     4     1    19    10    17    15     0     3   -30.0  -43.801  -68.230   1159.2    825.5
     5     1    19    10    17    15     0     3   -30.0  -42.200  -69.443   4456.8    501.1
     1     1    19    10    17    14     0     2   -31.0  -39.327  -63.410    564.3    947.6
     2     1    19    10    17    14     0     2   -31.0  -42.254  -64.717   1784.1    818.6
     3     1    19    10    17    14     0     2   -31.0  -43.035  -65.369    289.7    972.2
     4     1    19    10    17    14     0     2   -31.0  -43.911  -68.682   1040.5    833.9
     5     1    19    10    17    14     0     2   -31.0  -42.224  -69.759   4460.0    509.0
     1     1    19    10    17    13     0     1   -32.0  -39.340  -63.247    520.6    953.7
     2     1    19    10    17    13     0     1   -32.0  -42.302  -64.850   1787.7    817.4
     3     1    19    10    17    13     0     1   -32.0  -43.158  -65.598    282.3    969.5
     4     1    19    10    17    13     0     1   -32.0  -44.001  -69.216    848.0    855.1
     5     1    19    10    17    13     0     1   -32.0  -42.235  -70.082   4483.7    513.4
     1     1    19    10    17    12     0     0   -33.0  -39.333  -63.013    473.8    961.0
     2     1    19    10    17    12     0     0   -33.0  -42.353  -64.982   1790.2    816.0
     3     1    19    10    17    12     0     0   -33.0  -43.309  -65.850    299.0    962.6
     4     1    19    10    17    12     0     0   -33.0  -44.069  -69.833    824.9    825.3
     5     1    19    10    17    12     0     0   -33.0  -42.232  -70.409   4571.9    509.3
     1     1    19    10    17    11     0     1   -34.0  -39.277  -62.749    427.7    968.4
     2     1    19    10    17    11     0     1   -34.0  -42.395  -65.139   1815.0    812.0
     3     1    19    10    17    11     0     1   -34.0  -43.480  -66.153    331.0    952.9
     4     1    19    10    17    11     0     1   -34.0  -44.142  -70.525   1022.5    797.4
     5     1    19    10    17    11     0     1   -34.0  -42.219  -70.741   4748.6    494.3
     1     1    19    10    17    10     0     2   -35.0  -39.163  -62.522    394.2    972.1
     2     1    19    10    17    10     0     2   -35.0  -42.416  -65.339   1893.5    798.0
     3     1    19    10    17    10     0     2   -35.0  -43.643  -66.526    336.1    947.1
     4     1    19    10    17    10     0     2   -35.0  -44.185  -71.299   1290.2    768.8
     5     1    19    10    17    10     0     2   -35.0  -42.203  -71.087   4956.6    477.5
     1     1    19    10    17     9     0     3   -36.0  -39.017  -62.323    373.5    974.1
     2     1    19    10    17     9     0     3   -36.0  -42.429  -65.572   2000.6    779.0
     3     1    19    10    17     9     0     3   -36.0  -43.815  -66.965    277.3    952.9
     4     1    19    10    17     9     0     3   -36.0  -44.133  -72.132   1384.2    757.0
     5     1    19    10    17     9     0     3   -36.0  -42.181  -71.429   5059.7    466.5
     1     1    19    10    17     8     0     2   -37.0  -38.842  -62.122    375.1    966.8
     2     1    19    10    17     8     0     2   -37.0  -42.428  -65.824   2081.3    764.5
     3     1    19    10    17     8     0     2   -37.0  -43.968  -67.409    230.3    950.1
     4     1    19    10    17     8     0     2   -37.0  -43.938  -72.717   1069.1    825.5
     5     1    19    10    17     8     0     2   -37.0  -42.166  -71.753   4961.0    471.2
     1     1    19    10    17     7     0     1   -38.0  -38.622  -61.904    413.3    953.4
     2     1    19    10    17     7     0     1   -38.0  -42.401  -66.100   2137.1    753.4
     3     1    19    10    17     7     0     1   -38.0  -44.088  -67.817    270.4    942.8
     4     1    19    10    17     7     0     1   -38.0  -43.654  -73.002    684.1    912.4
     5     1    19    10    17     7     0     1   -38.0  -42.171  -72.078   4763.1    487.6
     1     1    19    10    17     6     0     0   -39.0  -38.356  -61.635    491.2    936.2
     2     1    19    10    17     6     0     0   -39.0  -42.358  -66.403   2177.9    743.6
     3     1    19    10    17     6     0     0   -39.0  -44.223  -68.266    385.4    922.7
     4     1    19    10    17     6     0     0   -39.0  -43.343  -73.116    431.0    964.1
     5     1    19    10    17     6     0     0   -39.0  -42.194  -72.447   4631.9    528.1
     1     1    19    10    17     5     0     1   -40.0  -38.059  -61.318    570.1    919.6
     2     1    19    10    17     5     0     1   -40.0  -42.313  -66.698   2145.3    737.0
     3     1    19    10    17     5     0     1   -40.0  -44.323  -68.751    489.8    901.2
     4     1    19    10    17     5     0     1   -40.0  -43.037  -73.178    312.7    984.6
     5     1    19    10    17     5     0     1   -40.0  -42.205  -72.883   4571.2    566.3
     1     1    19    10    17     4     0     2   -41.0  -37.755  -60.970    595.0    924.8
     2     1    19    10    17     4     0     2   -41.0  -42.277  -66.958   1970.2    744.7
     3     1    19    10    17     4     0     2   -41.0  -44.369  -69.225    564.3    883.9
     4     1    19    10    17     4     0     2   -41.0  -42.775  -73.252    263.2    986.5
     5     1    19    10    17     4     0     2   -41.0  -42.190  -73.364   4517.9    579.0
     1     1    19    10    17     3     0     3   -42.0  -37.472  -60.577    582.9    930.1
     2     1    19    10    17     3     0     3   -42.0  -42.279  -67.229   1682.3    764.5
     3     1    19    10    17     3     0     3   -42.0  -44.378  -69.679    635.7    853.3
     4     1    19    10    17     3     0     3   -42.0  -42.569  -73.369    236.2    987.4
     5     1    19    10    17     3     0     3   -42.0  -42.154  -73.856   4514.5    576.9
     1     1    19    10    17     2     0     2   -43.0  -37.214  -60.113    567.9    930.4
     2     1    19    10    17     2     0     2   -43.0  -42.288  -67.594   1533.4    769.7
     3     1    19    10    17     2     0     2   -43.0  -44.339  -70.112    718.3    826.8
     4     1    19    10    17     2     0     2   -43.0  -42.401  -73.527    200.2    989.0
     5     1    19    10    17     2     0     2   -43.0  -42.104  -74.327   4523.9    573.1
     1     1    19    10    17     1     0     1   -44.0  -36.987  -59.572    543.0    938.0
     2     1    19    10    17     1     0     1   -44.0  -42.250  -68.057   1584.7    734.7
     3     1    19    10    17     1     0     1   -44.0  -44.260  -70.511    824.9    815.3
     4     1    19    10    17     1     0     1   -44.0  -42.257  -73.712    144.7    996.6
     5     1    19    10    17     1     0     1   -44.0  -42.044  -74.758   4482.0    577.2
     1     1    19    10    17     0     0     0   -45.0  -36.810  -58.991    507.2    954.0
     2     1    19    10    17     0     0     0   -45.0  -42.166  -68.543   1629.5    708.2
     3     1    19    10    17     0     0     0   -45.0  -44.151  -70.864    946.3    803.6
     4     1    19    10    17     0     0     0   -45.0  -42.137  -73.901     87.1   1004.8
     5     1    19    10    17     0     0     0   -45.0  -41.984  -75.155   4414.7    584.5
     1     1    19    10    16    23     0     1   -46.0  -36.663  -58.425    489.5    963.8
     2     1    19    10    16    23     0     1   -46.0  -42.068  -69.010   1581.8    707.2
     3     1    19    10    16    23     0     1   -46.0  -44.019  -71.185   1007.8    788.8
     4     1    19    10    16    23     0     1   -46.0  -42.039  -74.082     49.4   1011.7
     5     1    19    10    16    23     0     1   -46.0  -41.933  -75.546   4356.3    588.9
     1     1    19    10    16    22     0     2   -47.0  -36.528  -57.888    500.0    964.7
     2     1    19    10    16    22     0     2   -47.0  -41.927  -69.454   1528.8    733.1
     3     1    19    10    16    22     0     2   -47.0  -43.896  -71.468    969.1    793.9
     4     1    19    10    16    22     0     2   -47.0  -41.951  -74.269     30.6   1013.9
     5     1    19    10    16    22     0     2   -47.0  -41.895  -75.950   4309.3    592.0
     1     1    19    10    16    21     0     3   -48.0  -36.404  -57.366    510.9    961.2
     2     1    19    10    16    21     0     3   -48.0  -41.750  -69.904   1540.8    746.2
     3     1    19    10    16    21     0     3   -48.0  -43.804  -71.715    887.9    802.2
     4     1    19    10    16    21     0     3   -48.0  -41.862  -74.480     21.8   1014.8
     5     1    19    10    16    21     0     3   -48.0  -41.869  -76.369   4268.6    594.7
     1     1    19    10    16    20     0     2   -49.0  -36.278  -56.850    492.5    962.7
     2     1    19    10    16    20     0     2   -49.0  -41.565  -70.340   1553.0    737.8
     3     1    19    10    16    20     0     2   -49.0  -43.730  -71.914    803.5    810.0
     4     1    19    10    16    20     0     2   -49.0  -41.754  -74.703     17.9   1015.5
     5     1    19    10    16    20     0     2   -49.0  -41.852  -76.799   4235.1    597.4
     1     1    19    10    16    19     0     1   -50.0  -36.145  -56.328    455.4    970.5
     2     1    19    10    16    19     0     1   -50.0  -41.381  -70.734   1552.9    738.0
     3     1    19    10    16    19     0     1   -50.0  -43.642  -72.062    726.2    820.0
     4     1    19    10    16    19     0     1   -50.0  -41.613  -74.915     16.5   1016.2
     5     1    19    10    16    19     0     1   -50.0  -41.841  -77.235   4201.8    599.0
     1     1    19    10    16    18     0     0   -51.0  -36.000  -55.798    423.4    974.6
     2     1    19    10    16    18     0     0   -51.0  -41.194  -71.111   1643.0    734.6
     3     1    19    10    16    18     0     0   -51.0  -43.526  -72.171    658.2    838.2
     4     1    19    10    16    18     0     0   -51.0  -41.449  -75.113     16.2   1016.0
     5     1    19    10    16    18     0     0   -51.0  -41.835  -77.673   4162.1    602.2
     1     1    19    10    16    17     0     1   -52.0  -35.859  -55.273    395.9    978.2
     2     1    19    10    16    17     0     1   -52.0  -40.957  -71.513   1778.4    714.2
     3     1    19    10    16    17     0     1   -52.0  -43.394  -72.258    613.5    852.3
     4     1    19    10    16    17     0     1   -52.0  -41.288  -75.309     16.3   1015.7
     5     1    19    10    16    17     0     1   -52.0  -41.834  -78.104   4132.0    605.4
     1     1    19    10    16    16     0     2   -53.0  -35.746  -54.760    387.9    981.2
     2     1    19    10    16    16     0     2   -53.0  -40.687  -71.866   1779.9    714.5
     3     1    19    10    16    16     0     2   -53.0  -43.263  -72.334    589.6    863.6
     4     1    19    10    16    16     0     2   -53.0  -41.146  -75.517     16.9   1015.6
     5     1    19    10    16    16     0     2   -53.0  -41.843  -78.525   4120.8    605.9
     1     1    19    10    16    15     0     3   -54.0  -35.664  -54.247    422.0    979.1
     2     1    19    10    16    15     0     3   -54.0  -40.413  -72.143   1705.3    738.2
     3     1    19    10    16    15     0     3   -54.0  -43.132  -72.396    579.9    873.2
     4     1    19    10    16    15     0     3   -54.0  -41.016  -75.732     18.1   1015.3
     5     1    19    10    16    15     0     3   -54.0  -41.857  -78.936   4123.3    605.4
     1     1    19    10    16    14     0     2   -55.0  -35.600  -53.743    474.1    969.2
     2     1    19    10    16    14     0     2   -55.0  -40.134  -72.365   1632.0    759.6
     3     1    19    10    16    14     0     2   -55.0  -42.995  -72.448    590.9    881.8
     4     1    19    10    16    14     0     2   -55.0  -40.892  -75.950     20.1   1015.1
     5     1    19    10    16    14     0     2   -55.0  -41.880  -79.335   4141.2    604.1
     1     1    19    10    16    13     0     1   -56.0  -35.556  -53.264    497.1    965.9
     2     1    19    10    16    13     0     1   -56.0  -39.856  -72.532   1566.3    782.8
     3     1    19    10    16    13     0     1   -56.0  -42.848  -72.496    618.8    883.8
     4     1    19    10    16    13     0     1   -56.0  -40.773  -76.174     22.5   1014.5
     5     1    19    10    16    13     0     1   -56.0  -41.918  -79.725   4167.1    600.9
     1     1    19    10    16    12     0     0   -57.0  -35.537  -52.815    490.6    967.9
     2     1    19    10    16    12     0     0   -57.0  -39.583  -72.649   1526.5    803.4
     3     1    19    10    16    12     0     0   -57.0  -42.692  -72.544    638.3    886.5
     4     1    19    10    16    12     0     0   -57.0  -40.662  -76.408     24.6   1013.7
     5     1    19    10    16    12     0     0   -57.0  -41.967  -80.107   4179.9    598.9
     1     1    19    10    16    11     0     1   -58.0  -35.524  -52.406    480.0    971.1
     2     1    19    10    16    11     0     1   -58.0  -39.330  -72.727   1505.4    816.0
     3     1    19    10    16    11     0     1   -58.0  -42.528  -72.591    637.4    892.5
     4     1    19    10    16    11     0     1   -58.0  -40.560  -76.655     27.0   1012.8
     5     1    19    10    16    11     0     1   -58.0  -42.030  -80.488   4177.9    599.4
     1     1    19    10    16    10     0     2   -59.0  -35.498  -52.042    482.0    970.5
     2     1    19    10    16    10     0     2   -59.0  -39.105  -72.774   1488.1    825.3
     3     1    19    10    16    10     0     2   -59.0  -42.351  -72.637    612.7    900.7
     4     1    19    10    16    10     0     2   -59.0  -40.464  -76.916     30.2   1011.9
     5     1    19    10    16    10     0     2   -59.0  -42.109  -80.871   4173.9    600.0
     1     1    19    10    16     9     0     3   -60.0  -35.458  -51.707    482.0    968.4
     2     1    19    10    16     9     0     3   -60.0  -38.901  -72.803   1457.7    829.0
     3     1    19    10    16     9     0     3   -60.0  -42.158  -72.685    555.6    912.1
     4     1    19    10    16     9     0     3   -60.0  -40.371  -77.190     34.5   1011.2
     5     1    19    10    16     9     0     3   -60.0  -42.193  -81.252   4176.9    599.9
     1     1    19    10    16     8     0     2   -61.0  -35.409  -51.383    463.4    970.4
     2     1    19    10    16     8     0     2   -61.0  -38.703  -72.832   1418.0    831.2
     3     1    19    10    16     8     0     2   -61.0  -41.955  -72.728    475.2    927.7
     4     1    19    10    16     8     0     2   -61.0  -40.280  -77.477     38.9   1011.0
     5     1    19    10    16     8     0     2   -61.0  -42.273  -81.623   4183.2    599.0
     1     1    19    10    16     7     0     1   -62.0  -35.354  -51.064    423.2    975.9
     2     1    19    10    16     7     0     1   -62.0  -38.492  -72.876   1391.7    832.2
     3     1    19    10    16     7     0     1   -62.0  -41.756  -72.752    403.3    938.7
     4     1    19    10    16     7     0     1   -62.0  -40.186  -77.770     43.3   1011.0
     5     1    19    10    16     7     0     1   -62.0  -42.347  -81.980   4185.5    598.9
     1     1    19    10    16     6     0     0   -63.0  -35.298  -50.758    387.5    982.8
     2     1    19    10    16     6     0     0   -63.0  -38.256  -72.939   1397.6    829.8
     3     1    19    10    16     6     0     0   -63.0  -41.562  -72.751    352.2    941.8
     4     1    19    10    16     6     0     0   -63.0  -40.088  -78.067     48.9   1010.9
     5     1    19    10    16     6     0     0   -63.0  -42.423  -82.326   4185.6    599.2
     1     1    19    10    16     5     0     1   -64.0  -35.252  -50.459    381.9    984.7
     2     1    19    10    16     5     0     1   -64.0  -37.995  -73.022   1416.9    821.8
     3     1    19    10    16     5     0     1   -64.0  -41.379  -72.734    324.1    942.2
     4     1    19    10    16     5     0     1   -64.0  -40.002  -78.364     54.6   1010.4
     5     1    19    10    16     5     0     1   -64.0  -42.499  -82.651   4185.6    599.4
     1     1    19    10    16     4     0     2   -65.0  -35.218  -50.162    401.1    981.5
     2     1    19    10    16     4     0     2   -65.0  -37.736  -73.089   1418.7    826.1
     3     1    19    10    16     4     0     2   -65.0  -41.209  -72.712    322.5    938.7
     4     1    19    10    16     4     0     2   -65.0  -39.941  -78.665     58.1   1009.7
     5     1    19    10    16     4     0     2   -65.0  -42.574  -82.953   4185.6    599.6
     1     1    19    10    16     3     0     3   -66.0  -35.194  -49.868    420.0    978.8
     2     1    19    10    16     3     0     3   -66.0  -37.496  -73.125   1391.2    833.9
     3     1    19    10    16     3     0     3   -66.0  -41.043  -72.694    348.1    932.8
     4     1    19    10    16     3     0     3   -66.0  -39.900  -78.975     59.3   1009.5
     5     1    19    10    16     3     0     3   -66.0  -42.643  -83.244   4182.0    599.9
     1     1    19    10    16     2     0     2   -67.0  -35.184  -49.583    437.3    978.5
     2     1    19    10    16     2     0     2   -67.0  -37.269  -73.144   1343.7    842.2
     3     1    19    10    16     2     0     2   -67.0  -40.878  -72.684    409.2    924.1
     4     1    19    10    16     2     0     2   -67.0  -39.874  -79.291     59.2   1009.0
     5     1    19    10    16     2     0     2   -67.0  -42.707  -83.523   4173.7    600.5
     1     1    19    10    16     1     0     1   -68.0  -35.186  -49.313    464.7    975.5
     2     1    19    10    16     1     0     1   -68.0  -37.050  -73.153   1281.9    851.7
     3     1    19    10    16     1     0     1   -68.0  -40.709  -72.685    514.8    910.2
     4     1    19    10    16     1     0     1   -68.0  -39.857  -79.612     59.1   1008.3
     5     1    19    10    16     1     0     1   -68.0  -42.766  -83.792   4154.6    601.2
     1     1    19    10    16     0     0     0   -69.0  -35.186  -49.054    504.7    971.1
     2     1    19    10    16     0     0     0   -69.0  -36.836  -73.150   1223.2    863.4
     3     1    19    10    16     0     0     0   -69.0  -40.526  -72.710    663.5    894.0
     4     1    19    10    16     0     0     0   -69.0  -39.852  -79.934     59.0   1007.7
     5     1    19    10    16     0     0     0   -69.0  -42.822  -84.055   4112.2    604.0
     1     1    19    10    15    23     0     1   -70.0  -35.187  -48.801    547.4    964.0
     2     1    19    10    15    23     0     1   -70.0  -36.633  -73.144   1189.0    871.6
     3     1    19    10    15    23     0     1   -70.0  -40.305  -72.753    821.2    874.4
     4     1    19    10    15    23     0     1   -70.0  -39.862  -80.256     58.9   1007.3
     5     1    19    10    15    23     0     1   -70.0  -42.875  -84.311   4070.0    609.4
     1     1    19    10    15    22     0     2   -71.0  -35.199  -48.550    582.1    959.6
     2     1    19    10    15    22     0     2   -71.0  -36.440  -73.146   1180.1    875.3
     3     1    19    10    15    22     0     2   -71.0  -40.043  -72.800    985.1    858.8
     4     1    19    10    15    22     0     2   -71.0  -39.887  -80.578     58.7   1007.1
     5     1    19    10    15    22     0     2   -71.0  -42.927  -84.556   4056.3    610.6
     1     1    19    10    15    21     0     3   -72.0  -35.224  -48.305    611.4    955.9
     2     1    19    10    15    21     0     3   -72.0  -36.256  -73.160   1182.6    877.6
     3     1    19    10    15    21     0     3   -72.0  -39.751  -72.838   1139.3    847.5
     4     1    19    10    15    21     0     3   -72.0  -39.931  -80.903     58.6   1006.9
     5     1    19    10    15    21     0     3   -72.0  -42.977  -84.784   4076.3    609.2
