     5     1
    GDAS    19     7     1     0     0
    GDAS    19     7     8     0     0
    GDAS    19     7    15     0     0
    GDAS    19     7    22     0     0
    GDAS    19     7    29     0     0
     5 BACKWARD OMEGA   
    19     7     8    21  -34.572  -58.513    10.0
    19     7     8    21  -34.572  -58.513   200.0
    19     7     8    21  -34.572  -58.513   500.0
    19     7     8    21  -34.572  -58.513  1000.0
    19     7     8    21  -34.572  -58.513  2000.0
     1 PRESSURE
     1     1    19     7     8    21     0     3     0.0  -34.572  -58.513     10.0   1016.2
     2     1    19     7     8    21     0     3     0.0  -34.572  -58.513    200.0    993.7
     3     1    19     7     8    21     0     3     0.0  -34.572  -58.513    500.0    958.7
     4     1    19     7     8    21     0     3     0.0  -34.572  -58.513   1000.0    902.7
     5     1    19     7     8    21     0     3     0.0  -34.572  -58.513   2000.0    800.6
     1     1    19     7     8    20     0     2    -1.0  -34.507  -58.471     10.2   1016.0
     2     1    19     7     8    20     0     2    -1.0  -34.426  -58.439    197.9    993.6
     3     1    19     7     8    20     0     2    -1.0  -34.378  -58.487    490.5    959.2
     4     1    19     7     8    20     0     2    -1.0  -34.321  -58.635   1021.5    899.9
     5     1    19     7     8    20     0     2    -1.0  -34.326  -58.784   2026.5    798.1
     1     1    19     7     8    19     0     1    -2.0  -34.436  -58.439     10.7   1015.7
     2     1    19     7     8    19     0     1    -2.0  -34.290  -58.380    200.9    992.1
     3     1    19     7     8    19     0     1    -2.0  -34.206  -58.459    480.4    959.0
     4     1    19     7     8    19     0     1    -2.0  -34.053  -58.743   1028.9    898.2
     5     1    19     7     8    19     0     1    -2.0  -34.037  -59.038   2042.8    797.5
     1     1    19     7     8    18     0     0    -3.0  -34.358  -58.416     11.3   1015.2
     2     1    19     7     8    18     0     0    -3.0  -34.161  -58.339    204.4    990.5
     3     1    19     7     8    18     0     0    -3.0  -34.054  -58.433    461.0    960.0
     4     1    19     7     8    18     0     0    -3.0  -33.775  -58.829   1022.1    901.1
     5     1    19     7     8    18     0     0    -3.0  -33.712  -59.264   2052.4    797.4
     1     1    19     7     8    17     0     1    -4.0  -34.274  -58.401     11.8   1015.5
     2     1    19     7     8    17     0     1    -4.0  -34.034  -58.311    206.8    989.6
     3     1    19     7     8    17     0     1    -4.0  -33.908  -58.413    444.3    964.4
     4     1    19     7     8    17     0     1    -4.0  -33.497  -58.897   1014.3    903.5
     5     1    19     7     8    17     0     1    -4.0  -33.372  -59.447   2060.6    796.4
     1     1    19     7     8    16     0     2    -5.0  -34.186  -58.388     12.4   1015.9
     2     1    19     7     8    16     0     2    -5.0  -33.900  -58.288    210.7    990.0
     3     1    19     7     8    16     0     2    -5.0  -33.752  -58.408    442.9    965.8
     4     1    19     7     8    16     0     2    -5.0  -33.224  -58.955    998.0    904.8
     5     1    19     7     8    16     0     2    -5.0  -33.030  -59.580   2062.0    796.5
     1     1    19     7     8    15     0     3    -6.0  -34.092  -58.377     13.2   1016.4
     2     1    19     7     8    15     0     3    -6.0  -33.759  -58.272    216.9    990.6
     3     1    19     7     8    15     0     3    -6.0  -33.580  -58.419    451.3    965.6
     4     1    19     7     8    15     0     3    -6.0  -32.958  -59.004    954.5    909.4
     5     1    19     7     8    15     0     3    -6.0  -32.687  -59.671   2054.8    795.8
     1     1    19     7     8    14     0     2    -7.0  -33.998  -58.365     14.5   1016.2
     2     1    19     7     8    14     0     2    -7.0  -33.606  -58.267    225.1    990.9
     3     1    19     7     8    14     0     2    -7.0  -33.391  -58.449    460.3    965.2
     4     1    19     7     8    14     0     2    -7.0  -32.700  -59.050    912.6    918.1
     5     1    19     7     8    14     0     2    -7.0  -32.350  -59.738   2037.7    795.0
     1     1    19     7     8    13     0     1    -8.0  -33.905  -58.349     16.7   1016.1
     2     1    19     7     8    13     0     1    -8.0  -33.432  -58.277    236.0    991.1
     3     1    19     7     8    13     0     1    -8.0  -33.184  -58.500    466.8    965.7
     4     1    19     7     8    13     0     1    -8.0  -32.447  -59.094    906.3    918.2
     5     1    19     7     8    13     0     1    -8.0  -32.026  -59.789   2000.8    795.6
     1     1    19     7     8    12     0     0    -9.0  -33.812  -58.330     20.2   1015.9
     2     1    19     7     8    12     0     0    -9.0  -33.235  -58.291    249.9    991.2
     3     1    19     7     8    12     0     0    -9.0  -32.960  -58.562    473.0    966.2
     4     1    19     7     8    12     0     0    -9.0  -32.198  -59.132    932.4    914.6
     5     1    19     7     8    12     0     0    -9.0  -31.718  -59.824   1956.2    802.6
     1     1    19     7     8    11     0     1   -10.0  -33.710  -58.314     24.8   1014.7
     2     1    19     7     8    11     0     1   -10.0  -33.013  -58.304    263.7    990.9
     3     1    19     7     8    11     0     1   -10.0  -32.706  -58.630    480.3    965.0
     4     1    19     7     8    11     0     1   -10.0  -31.938  -59.175    974.1    906.9
     5     1    19     7     8    11     0     1   -10.0  -31.414  -59.861   1924.6    808.0
     1     1    19     7     8    10     0     2   -11.0  -33.595  -58.304     29.7   1013.9
     2     1    19     7     8    10     0     2   -11.0  -32.764  -58.320    272.9    989.5
     3     1    19     7     8    10     0     2   -11.0  -32.411  -58.699    487.8    963.7
     4     1    19     7     8    10     0     2   -11.0  -31.654  -59.233   1009.9    900.2
     5     1    19     7     8    10     0     2   -11.0  -31.101  -59.909   1914.6    810.9
     1     1    19     7     8     9     0     3   -12.0  -33.468  -58.302     34.5   1013.2
     2     1    19     7     8     9     0     3   -12.0  -32.492  -58.340    277.1    988.7
     3     1    19     7     8     9     0     3   -12.0  -32.080  -58.761    492.5    962.7
     4     1    19     7     8     9     0     3   -12.0  -31.354  -59.306   1044.3    895.9
     5     1    19     7     8     9     0     3   -12.0  -30.780  -59.968   1916.8    810.9
     1     1    19     7     8     8     0     2   -13.0  -33.334  -58.298     38.9   1013.5
     2     1    19     7     8     8     0     2   -13.0  -32.202  -58.338    283.0    989.2
     3     1    19     7     8     8     0     2   -13.0  -31.730  -58.788    497.6    960.9
     4     1    19     7     8     8     0     2   -13.0  -31.044  -59.373   1071.5    891.2
     5     1    19     7     8     8     0     2   -13.0  -30.458  -60.031   1910.9    810.8
     1     1    19     7     8     7     0     1   -14.0  -33.195  -58.281     43.2   1013.9
     2     1    19     7     8     7     0     1   -14.0  -31.903  -58.289    298.2    987.5
     3     1    19     7     8     7     0     1   -14.0  -31.377  -58.761    505.6    957.3
     4     1    19     7     8     7     0     1   -14.0  -30.726  -59.418   1077.6    892.7
     5     1    19     7     8     7     0     1   -14.0  -30.137  -60.090   1888.6    813.2
     1     1    19     7     8     6     0     0   -15.0  -33.054  -58.248     47.6   1014.3
     2     1    19     7     8     6     0     0   -15.0  -31.597  -58.192    318.8    984.1
     3     1    19     7     8     6     0     0   -15.0  -31.024  -58.676    511.6    954.8
     4     1    19     7     8     6     0     0   -15.0  -30.399  -59.438   1068.9    896.6
     5     1    19     7     8     6     0     0   -15.0  -29.812  -60.148   1858.3    815.2
     1     1    19     7     8     5     0     1   -16.0  -32.913  -58.204     52.4   1015.1
     2     1    19     7     8     5     0     1   -16.0  -31.299  -58.052    330.9    982.2
     3     1    19     7     8     5     0     1   -16.0  -30.684  -58.539    519.7    956.4
     4     1    19     7     8     5     0     1   -16.0  -30.067  -59.433   1070.8    900.2
     5     1    19     7     8     5     0     1   -16.0  -29.476  -60.205   1836.9    815.6
     1     1    19     7     8     4     0     2   -17.0  -32.776  -58.154     57.6   1015.2
     2     1    19     7     8     4     0     2   -17.0  -31.017  -57.878    325.1    981.7
     3     1    19     7     8     4     0     2   -17.0  -30.367  -58.364    533.3    954.8
     4     1    19     7     8     4     0     2   -17.0  -29.733  -59.412   1096.1    895.3
     5     1    19     7     8     4     0     2   -17.0  -29.122  -60.258   1832.6    813.4
     1     1    19     7     8     3     0     3   -18.0  -32.639  -58.099     62.9   1015.0
     2     1    19     7     8     3     0     3   -18.0  -30.752  -57.669    312.8    980.0
     3     1    19     7     8     3     0     3   -18.0  -30.071  -58.158    545.6    950.9
     4     1    19     7     8     3     0     3   -18.0  -29.399  -59.385   1134.3    887.6
     5     1    19     7     8     3     0     3   -18.0  -28.750  -60.308   1836.9    811.7
     1     1    19     7     8     2     0     2   -19.0  -32.504  -58.034     67.3   1013.9
     2     1    19     7     8     2     0     2   -19.0  -30.522  -57.432    310.9    978.0
     3     1    19     7     8     2     0     2   -19.0  -29.810  -57.931    553.0    948.1
     4     1    19     7     8     2     0     2   -19.0  -29.066  -59.347   1164.9    880.0
     5     1    19     7     8     2     0     2   -19.0  -28.369  -60.340   1827.2    811.2
     1     1    19     7     8     1     0     1   -20.0  -32.374  -57.959     70.6   1012.8
     2     1    19     7     8     1     0     1   -20.0  -30.340  -57.175    324.2    974.9
     3     1    19     7     8     1     0     1   -20.0  -29.594  -57.695    556.0    947.7
     4     1    19     7     8     1     0     1   -20.0  -28.733  -59.288   1178.1    879.8
     5     1    19     7     8     1     0     1   -20.0  -27.985  -60.335   1798.6    814.7
     1     1    19     7     8     0     0     0   -21.0  -32.249  -57.875     73.9   1011.4
     2     1    19     7     8     0     0     0   -21.0  -30.206  -56.903    348.8    970.6
     3     1    19     7     8     0     0     0   -21.0  -29.422  -57.448    551.6    948.1
     4     1    19     7     8     0     0     0   -21.0  -28.401  -59.206   1176.8    882.9
     5     1    19     7     8     0     0     0   -21.0  -27.599  -60.292   1754.7    818.5
     1     1    19     7     7    23     0     1   -22.0  -32.130  -57.786     83.3   1009.6
     2     1    19     7     7    23     0     1   -22.0  -30.107  -56.642    372.7    965.8
     3     1    19     7     7    23     0     1   -22.0  -29.285  -57.198    552.5    949.6
     4     1    19     7     7    23     0     1   -22.0  -28.077  -59.104   1169.4    887.4
     5     1    19     7     7    23     0     1   -22.0  -27.223  -60.214   1710.7    824.4
     1     1    19     7     7    22     0     2   -23.0  -32.015  -57.698    106.0   1005.8
     2     1    19     7     7    22     0     2   -23.0  -30.027  -56.409    394.6    963.1
     3     1    19     7     7    22     0     2   -23.0  -29.166  -56.967    569.9    947.4
     4     1    19     7     7    22     0     2   -23.0  -27.774  -58.987   1164.1    887.6
     5     1    19     7     7    22     0     2   -23.0  -26.875  -60.113   1692.5    826.5
     1     1    19     7     7    21     0     3   -24.0  -31.906  -57.616    143.4   1000.9
     2     1    19     7     7    21     0     3   -24.0  -29.969  -56.202    422.6    959.5
     3     1    19     7     7    21     0     3   -24.0  -29.055  -56.754    601.2    943.8
     4     1    19     7     7    21     0     3   -24.0  -27.497  -58.862   1170.9    884.2
     5     1    19     7     7    21     0     3   -24.0  -26.558  -59.995   1703.8    825.1
     1     1    19     7     7    20     0     2   -25.0  -31.796  -57.543    187.1    993.7
     2     1    19     7     7    20     0     2   -25.0  -29.919  -56.021    455.8    954.2
     3     1    19     7     7    20     0     2   -25.0  -28.956  -56.557    638.3    939.2
     4     1    19     7     7    20     0     2   -25.0  -27.243  -58.732   1187.2    879.3
     5     1    19     7     7    20     0     2   -25.0  -26.271  -59.863   1731.3    821.7
     1     1    19     7     7    19     0     1   -26.0  -31.678  -57.479    227.9    988.4
     2     1    19     7     7    19     0     1   -26.0  -29.864  -55.867    490.3    951.2
     3     1    19     7     7    19     0     1   -26.0  -28.871  -56.375    671.0    934.9
     4     1    19     7     7    19     0     1   -26.0  -27.008  -58.596   1198.3    876.4
     5     1    19     7     7    19     0     1   -26.0  -26.011  -59.722   1768.4    818.7
     1     1    19     7     7    18     0     0   -27.0  -31.556  -57.424    268.1    983.7
     2     1    19     7     7    18     0     0   -27.0  -29.806  -55.741    525.5    947.5
     3     1    19     7     7    18     0     0   -27.0  -28.798  -56.213    696.4    931.6
     4     1    19     7     7    18     0     0   -27.0  -26.791  -58.453   1192.0    876.5
     5     1    19     7     7    18     0     0   -27.0  -25.780  -59.570   1813.9    814.2
     1     1    19     7     7    17     0     1   -28.0  -31.428  -57.372    301.9    978.0
     2     1    19     7     7    17     0     1   -28.0  -29.750  -55.621    557.6    944.1
     3     1    19     7     7    17     0     1   -28.0  -28.731  -56.054    711.6    929.3
     4     1    19     7     7    17     0     1   -28.0  -26.597  -58.302   1170.6    880.6
     5     1    19     7     7    17     0     1   -28.0  -25.583  -59.418   1851.1    810.0
     1     1    19     7     7    16     0     2   -29.0  -31.294  -57.315    318.9    975.0
     2     1    19     7     7    16     0     2   -29.0  -29.702  -55.490    587.2    941.3
     3     1    19     7     7    16     0     2   -29.0  -28.663  -55.883    718.8    927.2
     4     1    19     7     7    16     0     2   -29.0  -26.427  -58.139   1143.5    883.8
     5     1    19     7     7    16     0     2   -29.0  -25.417  -59.275   1871.5    808.8
     1     1    19     7     7    15     0     3   -30.0  -31.154  -57.246    316.0    974.6
     2     1    19     7     7    15     0     3   -30.0  -29.664  -55.348    622.0    937.8
     3     1    19     7     7    15     0     3   -30.0  -28.598  -55.700    726.4    924.4
     4     1    19     7     7    15     0     3   -30.0  -26.279  -57.958   1108.1    887.8
     5     1    19     7     7    15     0     3   -30.0  -25.278  -59.146   1880.8    808.6
     1     1    19     7     7    14     0     2   -31.0  -31.012  -57.165    304.3    976.1
     2     1    19     7     7    14     0     2   -31.0  -29.633  -55.208    667.6    931.8
     3     1    19     7     7    14     0     2   -31.0  -28.542  -55.514    739.9    921.0
     4     1    19     7     7    14     0     2   -31.0  -26.156  -57.767   1088.4    891.0
     5     1    19     7     7    14     0     2   -31.0  -25.162  -59.033   1883.7    808.4
     1     1    19     7     7    13     0     1   -32.0  -30.874  -57.075    297.5    976.4
     2     1    19     7     7    13     0     1   -32.0  -29.609  -55.087    719.6    924.3
     3     1    19     7     7    13     0     1   -32.0  -28.499  -55.335    761.5    916.8
     4     1    19     7     7    13     0     1   -32.0  -26.060  -57.575   1097.1    887.6
     5     1    19     7     7    13     0     1   -32.0  -25.063  -58.934   1884.9    808.4
     1     1    19     7     7    12     0     0   -33.0  -30.745  -56.977    297.0    975.9
     2     1    19     7     7    12     0     0   -33.0  -29.593  -54.987    770.5    917.3
     3     1    19     7     7    12     0     0   -33.0  -28.471  -55.164    792.6    912.0
     4     1    19     7     7    12     0     0   -33.0  -25.990  -57.387   1116.3    883.2
     5     1    19     7     7    12     0     0   -33.0  -24.979  -58.847   1891.9    808.1
     1     1    19     7     7    11     0     1   -34.0  -30.627  -56.885    298.2    974.6
     2     1    19     7     7    11     0     1   -34.0  -29.587  -54.903    814.9    910.7
     3     1    19     7     7    11     0     1   -34.0  -28.458  -55.002    836.0    905.6
     4     1    19     7     7    11     0     1   -34.0  -25.943  -57.212   1126.9    879.8
     5     1    19     7     7    11     0     1   -34.0  -24.908  -58.768   1906.9    806.1
     1     1    19     7     7    10     0     2   -35.0  -30.516  -56.811    298.3    974.5
     2     1    19     7     7    10     0     2   -35.0  -29.589  -54.831    850.6    905.9
     3     1    19     7     7    10     0     2   -35.0  -28.461  -54.853    888.2    895.1
     4     1    19     7     7    10     0     2   -35.0  -25.911  -57.054   1123.5    879.6
     5     1    19     7     7    10     0     2   -35.0  -24.851  -58.691   1924.6    803.6
     1     1    19     7     7     9     0     3   -36.0  -30.413  -56.757    300.8    974.3
     2     1    19     7     7     9     0     3   -36.0  -29.600  -54.770    878.6    902.1
     3     1    19     7     7     9     0     3   -36.0  -28.489  -54.723    946.4    884.6
     4     1    19     7     7     9     0     3   -36.0  -25.897  -56.910   1114.8    879.5
     5     1    19     7     7     9     0     3   -36.0  -24.810  -58.619   1938.3    801.7
     1     1    19     7     7     8     0     2   -37.0  -30.319  -56.706    308.2    974.6
     2     1    19     7     7     8     0     2   -37.0  -29.621  -54.715    913.1    900.4
     3     1    19     7     7     8     0     2   -37.0  -28.548  -54.614   1009.8    874.7
     4     1    19     7     7     8     0     2   -37.0  -25.902  -56.769   1107.5    879.7
     5     1    19     7     7     8     0     2   -37.0  -24.786  -58.548   1947.1    801.4
     1     1    19     7     7     7     0     1   -38.0  -30.239  -56.643    321.3    973.7
     2     1    19     7     7     7     0     1   -38.0  -29.658  -54.664    968.6    895.1
     3     1    19     7     7     7     0     1   -38.0  -28.635  -54.525   1079.5    865.2
     4     1    19     7     7     7     0     1   -38.0  -25.926  -56.627   1107.8    879.2
     5     1    19     7     7     7     0     1   -38.0  -24.780  -58.477   1955.0    801.3
     1     1    19     7     7     6     0     0   -39.0  -30.174  -56.568    337.4    972.3
     2     1    19     7     7     6     0     0   -39.0  -29.715  -54.623   1045.2    888.5
     3     1    19     7     7     6     0     0   -39.0  -28.747  -54.464   1160.8    855.1
     4     1    19     7     7     6     0     0   -39.0  -25.967  -56.487   1122.1    877.5
     5     1    19     7     7     6     0     0   -39.0  -24.792  -58.408   1966.7    800.8
     1     1    19     7     7     5     0     1   -40.0  -30.133  -56.494    357.3    970.1
     2     1    19     7     7     5     0     1   -40.0  -29.801  -54.598   1115.4    880.6
     3     1    19     7     7     5     0     1   -40.0  -28.882  -54.435   1239.9    843.1
     4     1    19     7     7     5     0     1   -40.0  -26.018  -56.353   1154.5    873.8
     5     1    19     7     7     5     0     1   -40.0  -24.813  -58.342   1982.3    799.3
     1     1    19     7     7     4     0     2   -41.0  -30.119  -56.434    382.3    967.1
     2     1    19     7     7     4     0     2   -41.0  -29.909  -54.588   1148.0    880.4
     3     1    19     7     7     4     0     2   -41.0  -29.035  -54.430   1295.7    836.8
     4     1    19     7     7     4     0     2   -41.0  -26.075  -56.233   1199.3    868.1
     5     1    19     7     7     4     0     2   -41.0  -24.835  -58.275   1999.0    797.7
     1     1    19     7     7     3     0     3   -42.0  -30.131  -56.390    412.7    963.3
     2     1    19     7     7     3     0     3   -42.0  -30.034  -54.591   1141.6    883.6
     3     1    19     7     7     3     0     3   -42.0  -29.197  -54.438   1320.4    839.2
     4     1    19     7     7     3     0     3   -42.0  -26.141  -56.127   1243.9    862.6
     5     1    19     7     7     3     0     3   -42.0  -24.856  -58.209   2014.7    796.3
     1     1    19     7     7     2     0     2   -43.0  -30.160  -56.367    444.0    958.6
     2     1    19     7     7     2     0     2   -43.0  -30.168  -54.613   1126.0    886.1
     3     1    19     7     7     2     0     2   -43.0  -29.363  -54.452   1328.8    845.8
     4     1    19     7     7     2     0     2   -43.0  -26.222  -56.029   1282.9    858.4
     5     1    19     7     7     2     0     2   -43.0  -24.888  -58.140   2039.0    795.0
     1     1    19     7     7     1     0     1   -44.0  -30.195  -56.367    471.2    954.8
     2     1    19     7     7     1     0     1   -44.0  -30.303  -54.661   1128.7    883.4
     3     1    19     7     7     1     0     1   -44.0  -29.532  -54.480   1344.0    849.5
     4     1    19     7     7     1     0     1   -44.0  -26.321  -55.936   1318.6    855.1
     5     1    19     7     7     1     0     1   -44.0  -24.944  -58.065   2084.3    790.9
     1     1    19     7     7     0     0     0   -45.0  -30.235  -56.390    493.4    951.9
     2     1    19     7     7     0     0     0   -45.0  -30.437  -54.736   1140.2    880.2
     3     1    19     7     7     0     0     0   -45.0  -29.704  -54.526   1366.8    852.4
     4     1    19     7     7     0     0     0   -45.0  -26.438  -55.851   1353.5    851.6
     5     1    19     7     7     0     0     0   -45.0  -25.028  -57.985   2151.8    784.5
     1     1    19     7     6    23     0     1   -46.0  -30.279  -56.436    516.2    949.3
     2     1    19     7     6    23     0     1   -46.0  -30.566  -54.840   1155.5    877.9
     3     1    19     7     6    23     0     1   -46.0  -29.877  -54.600   1395.1    854.1
     4     1    19     7     6    23     0     1   -46.0  -26.571  -55.773   1388.6    847.6
     5     1    19     7     6    23     0     1   -46.0  -25.134  -57.909   2220.2    775.7
     1     1    19     7     6    22     0     2   -47.0  -30.327  -56.502    545.5    945.6
     2     1    19     7     6    22     0     2   -47.0  -30.690  -54.978   1172.1    876.1
     3     1    19     7     6    22     0     2   -47.0  -30.051  -54.712   1430.3    853.3
     4     1    19     7     6    22     0     2   -47.0  -26.720  -55.701   1423.3    843.4
     5     1    19     7     6    22     0     2   -47.0  -25.255  -57.845   2275.4    770.2
     1     1    19     7     6    21     0     3   -48.0  -30.376  -56.586    582.4    941.4
     2     1    19     7     6    21     0     3   -48.0  -30.810  -55.144   1185.2    872.0
     3     1    19     7     6    21     0     3   -48.0  -30.229  -54.872   1478.6    846.6
     4     1    19     7     6    21     0     3   -48.0  -26.884  -55.635   1452.9    839.2
     5     1    19     7     6    21     0     3   -48.0  -25.393  -57.794   2326.9    764.9
     1     1    19     7     6    20     0     2   -49.0  -30.418  -56.681    619.7    937.3
     2     1    19     7     6    20     0     2   -49.0  -30.930  -55.315   1186.3    867.4
     3     1    19     7     6    20     0     2   -49.0  -30.411  -55.064   1525.2    838.3
     4     1    19     7     6    20     0     2   -49.0  -27.065  -55.585   1483.8    837.2
     5     1    19     7     6    20     0     2   -49.0  -25.556  -57.756   2379.9    759.7
     1     1    19     7     6    19     0     1   -50.0  -30.447  -56.782    650.4    934.8
     2     1    19     7     6    19     0     1   -50.0  -31.049  -55.477   1166.2    867.4
     3     1    19     7     6    19     0     1   -50.0  -30.594  -55.255   1548.1    832.9
     4     1    19     7     6    19     0     1   -50.0  -27.263  -55.563   1529.5    833.8
     5     1    19     7     6    19     0     1   -50.0  -25.746  -57.732   2434.1    754.4
     1     1    19     7     6    18     0     0   -51.0  -30.465  -56.890    677.1    933.0
     2     1    19     7     6    18     0     0   -51.0  -31.163  -55.631   1128.5    870.7
     3     1    19     7     6    18     0     0   -51.0  -30.778  -55.437   1552.2    829.1
     4     1    19     7     6    18     0     0   -51.0  -27.476  -55.569   1590.6    828.5
     5     1    19     7     6    18     0     0   -51.0  -25.960  -57.725   2488.7    749.1
     1     1    19     7     6    17     0     1   -52.0  -30.487  -56.989    702.6    931.5
     2     1    19     7     6    17     0     1   -52.0  -31.281  -55.770   1094.7    876.4
     3     1    19     7     6    17     0     1   -52.0  -30.970  -55.611   1551.7    826.6
     4     1    19     7     6    17     0     1   -52.0  -27.705  -55.596   1648.9    822.5
     5     1    19     7     6    17     0     1   -52.0  -26.203  -57.739   2544.6    744.5
     1     1    19     7     6    16     0     2   -53.0  -30.530  -57.064    725.1    929.3
     2     1    19     7     6    16     0     2   -53.0  -31.422  -55.893   1083.8    878.2
     3     1    19     7     6    16     0     2   -53.0  -31.176  -55.772   1558.3    825.1
     4     1    19     7     6    16     0     2   -53.0  -27.952  -55.638   1689.4    820.0
     5     1    19     7     6    16     0     2   -53.0  -26.481  -57.776   2602.2    740.0
     1     1    19     7     6    15     0     3   -54.0  -30.596  -57.116    744.7    927.7
     2     1    19     7     6    15     0     3   -54.0  -31.589  -56.002   1096.0    878.8
     3     1    19     7     6    15     0     3   -54.0  -31.394  -55.915   1565.8    825.6
     4     1    19     7     6    15     0     3   -54.0  -28.215  -55.693   1718.0    818.2
     5     1    19     7     6    15     0     3   -54.0  -26.792  -57.837   2659.4    735.3
     1     1    19     7     6    14     0     2   -55.0  -30.685  -57.165    768.9    925.5
     2     1    19     7     6    14     0     2   -55.0  -31.788  -56.114   1127.4    877.7
     3     1    19     7     6    14     0     2   -55.0  -31.628  -56.053   1578.0    827.1
     4     1    19     7     6    14     0     2   -55.0  -28.490  -55.764   1748.2    816.5
     5     1    19     7     6    14     0     2   -55.0  -27.130  -57.922   2718.1    730.2
     1     1    19     7     6    13     0     1   -56.0  -30.798  -57.231    802.9    921.8
     2     1    19     7     6    13     0     1   -56.0  -32.013  -56.246   1172.3    875.5
     3     1    19     7     6    13     0     1   -56.0  -31.882  -56.203   1608.6    828.1
     4     1    19     7     6    13     0     1   -56.0  -28.773  -55.851   1785.2    814.2
     5     1    19     7     6    13     0     1   -56.0  -27.490  -58.036   2776.8    724.2
     1     1    19     7     6    12     0     0   -57.0  -30.933  -57.321    847.7    917.8
     2     1    19     7     6    12     0     0   -57.0  -32.256  -56.399   1218.8    870.5
     3     1    19     7     6    12     0     0   -57.0  -32.150  -56.372   1660.8    824.0
     4     1    19     7     6    12     0     0   -57.0  -29.061  -55.952   1822.9    812.3
     5     1    19     7     6    12     0     0   -57.0  -27.871  -58.180   2819.0    720.2
     1     1    19     7     6    11     0     1   -58.0  -31.079  -57.433    888.7    912.6
     2     1    19     7     6    11     0     1   -58.0  -32.501  -56.571   1245.2    867.4
     3     1    19     7     6    11     0     1   -58.0  -32.419  -56.564   1702.1    818.2
     4     1    19     7     6    11     0     1   -58.0  -29.350  -56.068   1858.7    807.5
     5     1    19     7     6    11     0     1   -58.0  -28.253  -58.349   2845.6    719.1
     1     1    19     7     6    10     0     2   -59.0  -31.219  -57.554    908.5    911.4
     2     1    19     7     6    10     0     2   -59.0  -32.734  -56.760   1249.8    868.8
     3     1    19     7     6    10     0     2   -59.0  -32.680  -56.784   1717.7    818.9
     4     1    19     7     6    10     0     2   -59.0  -29.639  -56.200   1891.7    801.3
     5     1    19     7     6    10     0     2   -59.0  -28.620  -58.542   2870.1    715.7
     1     1    19     7     6     9     0     3   -60.0  -31.349  -57.680    908.2    913.4
     2     1    19     7     6     9     0     3   -60.0  -32.955  -56.964   1258.6    870.7
     3     1    19     7     6     9     0     3   -60.0  -32.928  -57.033   1740.4    820.1
     4     1    19     7     6     9     0     3   -60.0  -29.936  -56.349   1908.0    797.6
     5     1    19     7     6     9     0     3   -60.0  -28.969  -58.760   2893.7    711.7
     1     1    19     7     6     8     0     2   -61.0  -31.472  -57.798    905.5    917.8
     2     1    19     7     6     8     0     2   -61.0  -33.164  -57.185   1286.3    868.6
     3     1    19     7     6     8     0     2   -61.0  -33.164  -57.296   1781.8    816.8
     4     1    19     7     6     8     0     2   -61.0  -30.229  -56.515   1924.0    797.2
     5     1    19     7     6     8     0     2   -61.0  -29.313  -58.989   2928.1    711.3
     1     1    19     7     6     7     0     1   -62.0  -31.600  -57.898    912.7    918.7
     2     1    19     7     6     7     0     1   -62.0  -33.359  -57.419   1326.4    864.4
     3     1    19     7     6     7     0     1   -62.0  -33.385  -57.554   1828.4    812.4
     4     1    19     7     6     7     0     1   -62.0  -30.514  -56.703   1966.8    792.4
     5     1    19     7     6     7     0     1   -62.0  -29.670  -59.214   2969.6    710.2
     1     1    19     7     6     6     0     0   -63.0  -31.737  -57.984    924.7    918.7
     2     1    19     7     6     6     0     0   -63.0  -33.534  -57.665   1372.2    860.4
     3     1    19     7     6     6     0     0   -63.0  -33.584  -57.810   1879.9    808.3
     4     1    19     7     6     6     0     0   -63.0  -30.798  -56.917   2044.0    785.4
     5     1    19     7     6     6     0     0   -63.0  -30.037  -59.428   3012.8    708.8
     1     1    19     7     6     5     0     1   -64.0  -31.884  -58.070    943.0    917.3
     2     1    19     7     6     5     0     1   -64.0  -33.693  -57.908   1409.6    855.5
     3     1    19     7     6     5     0     1   -64.0  -33.775  -58.056   1929.5    802.0
     4     1    19     7     6     5     0     1   -64.0  -31.086  -57.150   2136.4    775.7
     5     1    19     7     6     5     0     1   -64.0  -30.415  -59.641   3062.8    704.0
     1     1    19     7     6     4     0     2   -65.0  -32.043  -58.167    972.9    914.0
     2     1    19     7     6     4     0     2   -65.0  -33.847  -58.132   1433.6    854.0
     3     1    19     7     6     4     0     2   -65.0  -33.972  -58.283   1969.3    798.5
     4     1    19     7     6     4     0     2   -65.0  -31.370  -57.381   2217.0    771.2
     5     1    19     7     6     4     0     2   -65.0  -30.808  -59.867   3140.1    697.6
     1     1    19     7     6     3     0     3   -66.0  -32.206  -58.269   1009.7    909.1
     2     1    19     7     6     3     0     3   -66.0  -33.995  -58.334   1465.0    852.7
     3     1    19     7     6     3     0     3   -66.0  -34.169  -58.494   2011.1    797.1
     4     1    19     7     6     3     0     3   -66.0  -31.644  -57.604   2295.9    767.9
     5     1    19     7     6     3     0     3   -66.0  -31.230  -60.104   3244.7    687.5
     1     1    19     7     6     2     0     2   -67.0  -32.376  -58.371   1040.8    904.7
     2     1    19     7     6     2     0     2   -67.0  -34.144  -58.517   1512.5    849.5
     3     1    19     7     6     2     0     2   -67.0  -34.368  -58.690   2055.6    794.2
     4     1    19     7     6     2     0     2   -67.0  -31.920  -57.816   2385.9    762.1
     5     1    19     7     6     2     0     2   -67.0  -31.686  -60.349   3346.5    674.2
     1     1    19     7     6     1     0     1   -68.0  -32.554  -58.480   1062.5    902.7
     2     1    19     7     6     1     0     1   -68.0  -34.306  -58.681   1562.1    844.9
     3     1    19     7     6     1     0     1   -68.0  -34.575  -58.872   2092.1    791.0
     4     1    19     7     6     1     0     1   -68.0  -32.209  -58.017   2469.9    754.8
     5     1    19     7     6     1     0     1   -68.0  -32.169  -60.600   3433.8    667.6
     1     1    19     7     6     0     0     0   -69.0  -32.740  -58.597   1083.7    900.8
     2     1    19     7     6     0     0     0   -69.0  -34.479  -58.830   1597.7    841.6
     3     1    19     7     6     0     0     0   -69.0  -34.794  -59.040   2110.8    789.4
     4     1    19     7     6     0     0     0   -69.0  -32.512  -58.210   2526.2    749.2
     5     1    19     7     6     0     0     0   -69.0  -32.680  -60.866   3497.4    659.2
     1     1    19     7     5    23     0     1   -70.0  -32.929  -58.732   1100.4    897.5
     2     1    19     7     5    23     0     1   -70.0  -34.669  -58.971   1621.9    840.1
     3     1    19     7     5    23     0     1   -70.0  -35.029  -59.206   2126.1    788.9
     4     1    19     7     5    23     0     1   -70.0  -32.834  -58.398   2565.4    745.6
     5     1    19     7     5    23     0     1   -70.0  -33.213  -61.146   3538.9    653.6
     1     1    19     7     5    22     0     2   -71.0  -33.118  -58.889   1098.9    896.5
     2     1    19     7     5    22     0     2   -71.0  -34.883  -59.114   1648.7    837.2
     3     1    19     7     5    22     0     2   -71.0  -35.284  -59.382   2158.2    784.4
     4     1    19     7     5    22     0     2   -71.0  -33.176  -58.584   2601.9    741.5
     5     1    19     7     5    22     0     2   -71.0  -33.755  -61.438   3590.8    649.0
     1     1    19     7     5    21     0     3   -72.0  -33.307  -59.060   1081.5    898.8
     2     1    19     7     5    21     0     3   -72.0  -35.122  -59.261   1685.3    832.6
     3     1    19     7     5    21     0     3   -72.0  -35.555  -59.572   2207.6    777.0
     4     1    19     7     5    21     0     3   -72.0  -33.536  -58.774   2654.7    736.4
     5     1    19     7     5    21     0     3   -72.0  -34.306  -61.750   3665.7    643.0
