     7     1
    GDAS    19    11    29     0     0
    GDAS    19    12     1     0     0
    GDAS    19    12     8     0     0
    GDAS    19    12    15     0     0
    GDAS    19    12    22     0     0
    GDAS    19    12    29     0     0
    GDAS    20     1     1     0     0
     5 BACKWARD OMEGA   
    19    12     2    15  -34.572  -58.513    10.0
    19    12     2    15  -34.572  -58.513   200.0
    19    12     2    15  -34.572  -58.513   500.0
    19    12     2    15  -34.572  -58.513  1000.0
    19    12     2    15  -34.572  -58.513  2000.0
     1 PRESSURE
     1     1    19    12     2    15     0     3     0.0  -34.572  -58.513     10.0   1013.5
     2     1    19    12     2    15     0     3     0.0  -34.572  -58.513    200.0    992.1
     3     1    19    12     2    15     0     3     0.0  -34.572  -58.513    500.0    958.3
     4     1    19    12     2    15     0     3     0.0  -34.572  -58.513   1000.0    903.3
     5     1    19    12     2    15     0     3     0.0  -34.572  -58.513   2000.0    800.9
     1     1    19    12     2    14     0     2    -1.0  -34.524  -58.497      7.5   1014.0
     2     1    19    12     2    14     0     2    -1.0  -34.520  -58.496    164.0    997.7
     3     1    19    12     2    14     0     2    -1.0  -34.531  -58.497    433.2    967.6
     4     1    19    12     2    14     0     2    -1.0  -34.593  -58.499    957.1    908.7
     5     1    19    12     2    14     0     2    -1.0  -34.809  -58.504   2064.9    796.3
     1     1    19    12     2    13     0     1    -2.0  -34.472  -58.477      6.0   1014.5
     2     1    19    12     2    13     0     1    -2.0  -34.463  -58.477    143.2   1000.1
     3     1    19    12     2    13     0     1    -2.0  -34.491  -58.477    389.7    972.2
     4     1    19    12     2    13     0     1    -2.0  -34.662  -58.486    925.1    912.9
     5     1    19    12     2    13     0     1    -2.0  -35.079  -58.515   2139.7    789.4
     1     1    19    12     2    12     0     0    -3.0  -34.415  -58.455      5.4   1014.8
     2     1    19    12     2    12     0     0    -3.0  -34.398  -58.456    135.3   1000.7
     3     1    19    12     2    12     0     0    -3.0  -34.448  -58.454    369.4    974.4
     4     1    19    12     2    12     0     0    -3.0  -34.775  -58.479    908.9    915.6
     5     1    19    12     2    12     0     0    -3.0  -35.391  -58.549   2201.5    782.2
     1     1    19    12     2    11     0     1    -4.0  -34.359  -58.423      6.0   1014.6
     2     1    19    12     2    11     0     1    -4.0  -34.331  -58.413    139.3    999.6
     3     1    19    12     2    11     0     1    -4.0  -34.420  -58.411    371.7    973.5
     4     1    19    12     2    11     0     1    -4.0  -34.921  -58.480    925.1    916.0
     5     1    19    12     2    11     0     1    -4.0  -35.748  -58.607   2253.4    778.6
     1     1    19    12     2    10     0     2    -5.0  -34.312  -58.372      7.8   1014.3
     2     1    19    12     2    10     0     2    -5.0  -34.275  -58.325    156.5    996.7
     3     1    19    12     2    10     0     2    -5.0  -34.429  -58.338    397.7    970.2
     4     1    19    12     2    10     0     2    -5.0  -35.102  -58.497    992.7    909.0
     5     1    19    12     2    10     0     2    -5.0  -36.139  -58.690   2324.1    771.7
     1     1    19    12     2     9     0     3    -6.0  -34.275  -58.301     11.1   1013.7
     2     1    19    12     2     9     0     3    -6.0  -34.243  -58.197    190.0    991.4
     3     1    19    12     2     9     0     3    -6.0  -34.486  -58.251    451.4    964.4
     4     1    19    12     2     9     0     3    -6.0  -35.327  -58.543   1104.9    895.7
     5     1    19    12     2     9     0     3    -6.0  -36.573  -58.813   2410.2    758.8
     1     1    19    12     2     8     0     2    -7.0  -34.251  -58.212     17.8   1012.0
     2     1    19    12     2     8     0     2    -7.0  -34.259  -58.057    234.6    984.6
     3     1    19    12     2     8     0     2    -7.0  -34.589  -58.177    525.2    954.9
     4     1    19    12     2     8     0     2    -7.0  -35.583  -58.636   1226.4    880.0
     5     1    19    12     2     8     0     2    -7.0  -37.040  -58.990   2467.9    746.1
     1     1    19    12     2     7     0     1    -8.0  -34.248  -58.106     30.8   1009.4
     2     1    19    12     2     7     0     1    -8.0  -34.320  -57.925    279.6    979.1
     3     1    19    12     2     7     0     1    -8.0  -34.719  -58.126    609.2    946.8
     4     1    19    12     2     7     0     1    -8.0  -35.854  -58.773   1335.4    868.8
     5     1    19    12     2     7     0     1    -8.0  -37.520  -59.229   2512.3    740.6
     1     1    19    12     2     6     0     0    -9.0  -34.271  -57.973     52.8   1006.1
     2     1    19    12     2     6     0     0    -9.0  -34.411  -57.805    323.1    974.3
     3     1    19    12     2     6     0     0    -9.0  -34.862  -58.111    707.5    937.1
     4     1    19    12     2     6     0     0    -9.0  -36.139  -58.954   1434.9    857.5
     5     1    19    12     2     6     0     0    -9.0  -38.021  -59.511   2562.6    730.2
     1     1    19    12     2     5     0     1   -10.0  -34.308  -57.828     78.1   1001.6
     2     1    19    12     2     5     0     1   -10.0  -34.510  -57.693    360.9    970.3
     3     1    19    12     2     5     0     1   -10.0  -35.025  -58.109    808.9    925.8
     4     1    19    12     2     5     0     1   -10.0  -36.423  -59.187   1508.8    844.1
     5     1    19    12     2     5     0     1   -10.0  -38.539  -59.831   2615.3    734.0
     1     1    19    12     2     4     0     2   -11.0  -34.343  -57.681     98.8    998.9
     2     1    19    12     2     4     0     2   -11.0  -34.603  -57.572    389.8    968.3
     3     1    19    12     2     4     0     2   -11.0  -35.211  -58.100    894.1    916.4
     4     1    19    12     2     4     0     2   -11.0  -36.687  -59.456   1540.0    835.0
     5     1    19    12     2     4     0     2   -11.0  -39.070  -60.182   2685.2    737.9
     1     1    19    12     2     3     0     3   -12.0  -34.379  -57.518    114.6    997.1
     2     1    19    12     2     3     0     3   -12.0  -34.693  -57.430    415.5    967.0
     3     1    19    12     2     3     0     3   -12.0  -35.401  -58.107    961.0    909.1
     4     1    19    12     2     3     0     3   -12.0  -36.933  -59.749   1513.7    830.6
     5     1    19    12     2     3     0     3   -12.0  -39.627  -60.567   2744.9    729.3
     1     1    19    12     2     2     0     2   -13.0  -34.431  -57.349    127.8    995.9
     2     1    19    12     2     2     0     2   -13.0  -34.790  -57.281    441.5    965.2
     3     1    19    12     2     2     0     2   -13.0  -35.592  -58.155    978.1    903.9
     4     1    19    12     2     2     0     2   -13.0  -37.157  -60.045   1485.2    835.9
     5     1    19    12     2     2     0     2   -13.0  -40.188  -61.005   2808.8    726.7
     1     1    19    12     2     1     0     1   -14.0  -34.504  -57.188    141.6    995.3
     2     1    19    12     2     1     0     1   -14.0  -34.894  -57.131    469.2    963.6
     3     1    19    12     2     1     0     1   -14.0  -35.795  -58.212    928.5    910.6
     4     1    19    12     2     1     0     1   -14.0  -37.358  -60.335   1521.4    834.7
     5     1    19    12     2     1     0     1   -14.0  -40.727  -61.508   2891.8    716.9
     1     1    19    12     2     0     0     0   -15.0  -34.589  -57.028    160.7    994.0
     2     1    19    12     2     0     0     0   -15.0  -34.996  -56.957    504.3    961.4
     3     1    19    12     2     0     0     0   -15.0  -36.018  -58.238    815.4    923.0
     4     1    19    12     2     0     0     0   -15.0  -37.541  -60.618   1602.9    823.7
     5     1    19    12     2     0     0     0   -15.0  -41.232  -62.073   2994.9    710.2
     1     1    19    12     1    23     0     1   -16.0  -34.683  -56.875    177.2    991.9
     2     1    19    12     1    23     0     1   -16.0  -35.114  -56.798    518.9    955.9
     3     1    19    12     1    23     0     1   -16.0  -36.275  -58.238    700.5    942.1
     4     1    19    12     1    23     0     1   -16.0  -37.711  -60.891   1677.4    813.2
     5     1    19    12     1    23     0     1   -16.0  -41.691  -62.672   3054.6    696.7
     1     1    19    12     1    22     0     2   -17.0  -34.786  -56.739    176.3    993.2
     2     1    19    12     1    22     0     2   -17.0  -35.259  -56.674    488.6    959.1
     3     1    19    12     1    22     0     2   -17.0  -36.553  -58.271    659.5    945.4
     4     1    19    12     1    22     0     2   -17.0  -37.863  -61.146   1787.2    804.9
     5     1    19    12     1    22     0     2   -17.0  -42.070  -63.286   3027.9    703.7
     1     1    19    12     1    21     0     3   -18.0  -34.898  -56.606    157.4    997.0
     2     1    19    12     1    21     0     3   -18.0  -35.430  -56.560    418.7    967.3
     3     1    19    12     1    21     0     3   -18.0  -36.848  -58.343    673.0    940.4
     4     1    19    12     1    21     0     3   -18.0  -38.002  -61.416   1973.1    777.6
     5     1    19    12     1    21     0     3   -18.0  -42.393  -63.883   3031.4    708.8
     1     1    19    12     1    20     0     2   -19.0  -35.028  -56.493    142.2   1003.2
     2     1    19    12     1    20     0     2   -19.0  -35.644  -56.482    336.8    979.1
     3     1    19    12     1    20     0     2   -19.0  -37.166  -58.453    691.3    931.1
     4     1    19    12     1    20     0     2   -19.0  -38.171  -61.707   2136.2    753.2
     5     1    19    12     1    20     0     2   -19.0  -42.697  -64.449   3144.7    698.2
     1     1    19    12     1    19     0     1   -20.0  -35.187  -56.444    141.5   1003.0
     2     1    19    12     1    19     0     1   -20.0  -35.903  -56.466    240.8    989.3
     3     1    19    12     1    19     0     1   -20.0  -37.504  -58.601    671.2    927.8
     4     1    19    12     1    19     0     1   -20.0  -38.373  -62.012   2252.2    749.9
     5     1    19    12     1    19     0     1   -20.0  -43.016  -65.032   3441.1    672.2
     1     1    19    12     1    18     0     0   -21.0  -35.373  -56.463    140.3   1002.6
     2     1    19    12     1    18     0     0   -21.0  -36.184  -56.500    149.7   1003.5
     3     1    19    12     1    18     0     0   -21.0  -37.861  -58.782    616.1    931.7
     4     1    19    12     1    18     0     0   -21.0  -38.601  -62.316   2346.0    752.8
     5     1    19    12     1    18     0     0   -21.0  -43.351  -65.604   3635.9    629.3
     1     1    19    12     1    17     0     1   -22.0  -35.588  -56.515    126.9   1003.6
     2     1    19    12     1    17     0     1   -22.0  -36.470  -56.580     93.5   1011.7
     3     1    19    12     1    17     0     1   -22.0  -38.233  -58.990    560.3    942.4
     4     1    19    12     1    17     0     1   -22.0  -38.840  -62.598   2408.5    757.7
     5     1    19    12     1    17     0     1   -22.0  -43.670  -66.151   3660.6    630.5
     1     1    19    12     1    16     0     2   -23.0  -35.832  -56.585    106.6   1006.2
     2     1    19    12     1    16     0     2   -23.0  -36.764  -56.691     62.4   1012.7
     3     1    19    12     1    16     0     2   -23.0  -38.605  -59.231    529.9    952.3
     4     1    19    12     1    16     0     2   -23.0  -39.085  -62.868   2465.7    758.7
     5     1    19    12     1    16     0     2   -23.0  -43.992  -66.680   3679.3    627.2
     1     1    19    12     1    15     0     3   -24.0  -36.097  -56.687     92.9   1008.2
     2     1    19    12     1    15     0     3   -24.0  -37.052  -56.816     37.8   1013.9
     3     1    19    12     1    15     0     3   -24.0  -38.969  -59.516    539.7    959.3
     4     1    19    12     1    15     0     3   -24.0  -39.338  -63.170   2532.0    750.9
     5     1    19    12     1    15     0     3   -24.0  -44.321  -67.191   3721.6    619.7
     1     1    19    12     1    14     0     2   -25.0  -36.373  -56.819     80.3   1008.1
     2     1    19    12     1    14     0     2   -25.0  -37.329  -56.969     23.1   1016.6
     3     1    19    12     1    14     0     2   -25.0  -39.331  -59.830    569.1    953.0
     4     1    19    12     1    14     0     2   -25.0  -39.595  -63.524   2604.2    740.5
     5     1    19    12     1    14     0     2   -25.0  -44.660  -67.698   3790.7    606.8
     1     1    19    12     1    13     0     1   -26.0  -36.641  -56.961     64.2   1010.7
     2     1    19    12     1    13     0     1   -26.0  -37.617  -57.180     15.8   1014.8
     3     1    19    12     1    13     0     1   -26.0  -39.688  -60.155    588.5    950.7
     4     1    19    12     1    13     0     1   -26.0  -39.845  -63.903   2677.8    730.6
     5     1    19    12     1    13     0     1   -26.0  -45.010  -68.224   3876.7    595.4
     1     1    19    12     1    12     0     0   -27.0  -36.891  -57.109     53.3   1012.3
     2     1    19    12     1    12     0     0   -27.0  -37.923  -57.440     11.2   1011.9
     3     1    19    12     1    12     0     0   -27.0  -40.032  -60.494    604.8    949.4
     4     1    19    12     1    12     0     0   -27.0  -40.084  -64.286   2756.9    723.1
     5     1    19    12     1    12     0     0   -27.0  -45.376  -68.770   3959.4    587.9
     1     1    19    12     1    11     0     1   -28.0  -37.125  -57.278     47.7   1011.3
     2     1    19    12     1    11     0     1   -28.0  -38.211  -57.721      8.0   1009.2
     3     1    19    12     1    11     0     1   -28.0  -40.364  -60.840    610.8    946.7
     4     1    19    12     1    11     0     1   -28.0  -40.338  -64.658   2814.5    716.9
     5     1    19    12     1    11     0     1   -28.0  -45.746  -69.346   4020.4    581.1
     1     1    19    12     1    10     0     2   -29.0  -37.339  -57.475     44.0   1009.3
     2     1    19    12     1    10     0     2   -29.0  -38.456  -58.003      5.9   1008.8
     3     1    19    12     1    10     0     2   -29.0  -40.687  -61.182    602.3    948.1
     4     1    19    12     1    10     0     2   -29.0  -40.619  -65.005   2817.6    718.1
     5     1    19    12     1    10     0     2   -29.0  -46.081  -69.985   3994.5    573.7
     1     1    19    12     1     9     0     3   -30.0  -37.518  -57.699     43.6   1006.1
     2     1    19    12     1     9     0     3   -30.0  -38.684  -58.298      5.3   1011.6
     3     1    19    12     1     9     0     3   -30.0  -41.007  -61.515    575.0    949.0
     4     1    19    12     1     9     0     3   -30.0  -40.922  -65.329   2763.3    716.5
     5     1    19    12     1     9     0     3   -30.0  -46.360  -70.668   3909.5    566.6
     1     1    19    12     1     8     0     2   -31.0  -37.662  -57.928     46.6   1001.7
     2     1    19    12     1     8     0     2   -31.0  -38.931  -58.623      5.4   1015.2
     3     1    19    12     1     8     0     2   -31.0  -41.313  -61.841    534.2    955.1
     4     1    19    12     1     8     0     2   -31.0  -41.243  -65.656   2709.5    713.9
     5     1    19    12     1     8     0     2   -31.0  -46.605  -71.388   3933.1    543.3
     1     1    19    12     1     7     0     1   -32.0  -37.791  -58.149     51.5    998.2
     2     1    19    12     1     7     0     1   -32.0  -39.196  -58.971      5.8   1015.3
     3     1    19    12     1     7     0     1   -32.0  -41.581  -62.156    513.9    959.1
     4     1    19    12     1     7     0     1   -32.0  -41.574  -66.028   2669.2    700.2
     5     1    19    12     1     7     0     1   -32.0  -46.832  -72.124   4073.9    519.7
     1     1    19    12     1     6     0     0   -33.0  -37.913  -58.365     56.5    995.6
     2     1    19    12     1     6     0     0   -33.0  -39.454  -59.309      6.4   1014.8
     3     1    19    12     1     6     0     0   -33.0  -41.811  -62.454    529.1    956.3
     4     1    19    12     1     6     0     0   -33.0  -41.931  -66.426   2598.6    693.1
     5     1    19    12     1     6     0     0   -33.0  -47.010  -72.845   4228.5    521.4
     1     1    19    12     1     5     0     1   -34.0  -38.028  -58.568     59.1    994.3
     2     1    19    12     1     5     0     1   -34.0  -39.701  -59.618      6.8   1014.9
     3     1    19    12     1     5     0     1   -34.0  -42.028  -62.724    563.4    950.5
     4     1    19    12     1     5     0     1   -34.0  -42.284  -66.836   2563.9    706.1
     5     1    19    12     1     5     0     1   -34.0  -47.169  -73.560   4340.3    556.8
     1     1    19    12     1     4     0     2   -35.0  -38.141  -58.747     59.3    995.8
     2     1    19    12     1     4     0     2   -35.0  -39.954  -59.892      7.4   1015.3
     3     1    19    12     1     4     0     2   -35.0  -42.253  -62.949    596.0    946.4
     4     1    19    12     1     4     0     2   -35.0  -42.608  -67.268   2566.5    700.8
     5     1    19    12     1     4     0     2   -35.0  -47.314  -74.283   4458.5    571.8
     1     1    19    12     1     3     0     3   -36.0  -38.257  -58.907     58.3    997.6
     2     1    19    12     1     3     0     3   -36.0  -40.216  -60.131      8.4   1015.4
     3     1    19    12     1     3     0     3   -36.0  -42.487  -63.129    624.4    943.3
     4     1    19    12     1     3     0     3   -36.0  -42.917  -67.705   2576.2    688.5
     5     1    19    12     1     3     0     3   -36.0  -47.473  -74.997   4508.8    574.9
     1     1    19    12     1     2     0     2   -37.0  -38.396  -59.056     57.6    999.6
     2     1    19    12     1     2     0     2   -37.0  -40.486  -60.354      9.6   1014.2
     3     1    19    12     1     2     0     2   -37.0  -42.743  -63.274    652.9    939.0
     4     1    19    12     1     2     0     2   -37.0  -43.226  -68.125   2593.7    676.9
     5     1    19    12     1     2     0     2   -37.0  -47.603  -75.750   4495.2    580.0
     1     1    19    12     1     1     0     1   -38.0  -38.583  -59.207     59.4   1001.2
     2     1    19    12     1     1     0     1   -38.0  -40.771  -60.576     10.8   1013.2
     3     1    19    12     1     1     0     1   -38.0  -43.037  -63.393    691.1    934.4
     4     1    19    12     1     1     0     1   -38.0  -43.532  -68.509   2613.9    683.1
     5     1    19    12     1     1     0     1   -38.0  -47.631  -76.542   4423.8    585.3
     1     1    19    12     1     0     0     0   -39.0  -38.823  -59.367     64.4   1003.2
     2     1    19    12     1     0     0     0   -39.0  -41.078  -60.789     12.5   1012.0
     3     1    19    12     1     0     0     0   -39.0  -43.386  -63.518    755.5    925.4
     4     1    19    12     1     0     0     0   -39.0  -43.837  -68.849   2627.7    689.7
     5     1    19    12     1     0     0     0   -39.0  -47.669  -77.384   4276.3    598.1
     1     1    19    11    30    23     0     1   -40.0  -39.106  -59.574     72.0   1004.7
     2     1    19    11    30    23     0     1   -40.0  -41.401  -61.022     15.3   1010.8
     3     1    19    11    30    23     0     1   -40.0  -43.789  -63.718    857.6    913.2
     4     1    19    11    30    23     0     1   -40.0  -44.149  -69.184   2619.8    685.0
     5     1    19    11    30    23     0     1   -40.0  -47.613  -78.248   4213.0    601.5
     1     1    19    11    30    22     0     2   -41.0  -39.416  -59.843     82.2   1002.9
     2     1    19    11    30    22     0     2   -41.0  -41.723  -61.299     18.8   1009.4
     3     1    19    11    30    22     0     2   -41.0  -44.231  -64.046    965.6    899.8
     4     1    19    11    30    22     0     2   -41.0  -44.495  -69.585   2624.4    672.9
     5     1    19    11    30    22     0     2   -41.0  -47.462  -79.071   4092.5    609.9
     1     1    19    11    30    21     0     3   -42.0  -39.755  -60.171    101.9    999.9
     2     1    19    11    30    21     0     3   -42.0  -42.043  -61.598     23.6   1008.2
     3     1    19    11    30    21     0     3   -42.0  -44.634  -64.414   1067.0    888.4
     4     1    19    11    30    21     0     3   -42.0  -44.864  -69.993   2684.2    670.3
     5     1    19    11    30    21     0     3   -42.0  -47.291  -79.891   3925.5    625.0
     1     1    19    11    30    20     0     2   -43.0  -40.109  -60.526    129.3    996.2
     2     1    19    11    30    20     0     2   -43.0  -42.368  -61.906     28.9   1006.9
     3     1    19    11    30    20     0     2   -43.0  -45.014  -64.805   1173.5    876.1
     4     1    19    11    30    20     0     2   -43.0  -45.243  -70.390   2767.8    661.2
     5     1    19    11    30    20     0     2   -43.0  -47.080  -80.690   3833.6    631.5
     1     1    19    11    30    19     0     1   -44.0  -40.475  -60.900    161.1    991.8
     2     1    19    11    30    19     0     1   -44.0  -42.697  -62.219     32.9   1005.8
     3     1    19    11    30    19     0     1   -44.0  -45.399  -65.242   1276.0    865.6
     4     1    19    11    30    19     0     1   -44.0  -45.699  -70.839   2953.6    636.7
     5     1    19    11    30    19     0     1   -44.0  -46.801  -81.421   3739.9    638.5
     1     1    19    11    30    18     0     0   -45.0  -40.853  -61.316    184.8    986.8
     2     1    19    11    30    18     0     0   -45.0  -43.021  -62.531     34.7   1004.9
     3     1    19    11    30    18     0     0   -45.0  -45.753  -65.693   1451.0    850.4
     4     1    19    11    30    18     0     0   -45.0  -46.281  -71.373   3284.6    589.6
     5     1    19    11    30    18     0     0   -45.0  -46.556  -82.129   3661.3    647.3
     1     1    19    11    30    17     0     1   -46.0  -41.210  -61.752    188.9    986.7
     2     1    19    11    30    17     0     1   -46.0  -43.342  -62.842     35.7   1004.7
     3     1    19    11    30    17     0     1   -46.0  -46.079  -66.141   1584.7    821.8
     4     1    19    11    30    17     0     1   -46.0  -46.936  -72.021   3750.7    535.8
     5     1    19    11    30    17     0     1   -46.0  -46.297  -82.856   3602.4    648.9
     1     1    19    11    30    16     0     2   -47.0  -41.536  -62.185    192.6    987.8
     2     1    19    11    30    16     0     2   -47.0  -43.666  -63.161     38.4   1004.2
     3     1    19    11    30    16     0     2   -47.0  -46.365  -66.561   1583.9    821.4
     4     1    19    11    30    16     0     2   -47.0  -47.617  -72.773   4214.0    503.8
     5     1    19    11    30    16     0     2   -47.0  -46.003  -83.577   3517.9    654.5
     1     1    19    11    30    15     0     3   -48.0  -41.839  -62.592    161.4    985.2
     2     1    19    11    30    15     0     3   -48.0  -43.989  -63.491     42.9   1003.4
     3     1    19    11    30    15     0     3   -48.0  -46.611  -66.945   1520.7    828.8
     4     1    19    11    30    15     0     3   -48.0  -48.231  -73.440   4293.8    541.5
     5     1    19    11    30    15     0     3   -48.0  -45.724  -84.327   3380.0    664.9
     1     1    19    11    30    14     0     2   -49.0  -42.101  -62.944    111.4    996.1
     2     1    19    11    30    14     0     2   -49.0  -44.323  -63.827     47.8   1002.2
     3     1    19    11    30    14     0     2   -49.0  -46.828  -67.275   1470.5    827.1
     4     1    19    11    30    14     0     2   -49.0  -48.810  -74.053   4368.5    551.7
     5     1    19    11    30    14     0     2   -49.0  -45.432  -85.152   3265.9    677.6
     1     1    19    11    30    13     0     1   -50.0  -42.347  -63.295     87.9    998.9
     2     1    19    11    30    13     0     1   -50.0  -44.684  -64.159     50.9   1001.4
     3     1    19    11    30    13     0     1   -50.0  -47.027  -67.558   1440.4    825.6
     4     1    19    11    30    13     0     1   -50.0  -49.373  -74.655   4478.4    550.6
     5     1    19    11    30    13     0     1   -50.0  -45.091  -85.959   3240.0    681.2
     1     1    19    11    30    12     0     0   -51.0  -42.613  -63.700     88.5    998.3
     2     1    19    11    30    12     0     0   -51.0  -45.061  -64.481     51.8   1000.7
     3     1    19    11    30    12     0     0   -51.0  -47.216  -67.826   1419.8    826.4
     4     1    19    11    30    12     0     0   -51.0  -49.904  -75.215   4567.6    562.5
     5     1    19    11    30    12     0     0   -51.0  -44.736  -86.775   3233.6    677.6
     1     1    19    11    30    11     0     1   -52.0  -42.890  -64.120     82.0    997.1
     2     1    19    11    30    11     0     1   -52.0  -45.421  -64.817     54.2   1000.0
     3     1    19    11    30    11     0     1   -52.0  -47.410  -68.093   1392.8    824.9
     4     1    19    11    30    11     0     1   -52.0  -50.401  -75.748   4595.5    561.3
     5     1    19    11    30    11     0     1   -52.0  -44.367  -87.635   3136.4    688.3
     1     1    19    11    30    10     0     2   -53.0  -43.163  -64.522     63.8    996.7
     2     1    19    11    30    10     0     2   -53.0  -45.754  -65.172     58.5    998.7
     3     1    19    11    30    10     0     2   -53.0  -47.643  -68.407   1368.3    815.6
     4     1    19    11    30    10     0     2   -53.0  -50.866  -76.294   4654.0    557.2
     5     1    19    11    30    10     0     2   -53.0  -43.951  -88.525   3053.1    693.0
     1     1    19    11    30     9     0     3   -54.0  -43.437  -64.910     59.8    996.3
     2     1    19    11    30     9     0     3   -54.0  -46.082  -65.536     64.8    997.7
     3     1    19    11    30     9     0     3   -54.0  -47.904  -68.771   1392.6    797.2
     4     1    19    11    30     9     0     3   -54.0  -51.323  -76.823   4748.2    549.6
     5     1    19    11    30     9     0     3   -54.0  -43.485  -89.441   2900.5    710.5
     1     1    19    11    30     8     0     2   -55.0  -43.709  -65.306     69.6    986.8
     2     1    19    11    30     8     0     2   -55.0  -46.401  -65.911     89.0    994.0
     3     1    19    11    30     8     0     2   -55.0  -48.149  -69.155   1425.4    785.1
     4     1    19    11    30     8     0     2   -55.0  -51.767  -77.293   4850.8    540.9
     5     1    19    11    30     8     0     2   -55.0  -42.945  -90.372   2873.3    710.2
     1     1    19    11    30     7     0     1   -56.0  -43.982  -65.753     81.8    969.6
     2     1    19    11    30     7     0     1   -56.0  -46.693  -66.294    140.9    984.6
     3     1    19    11    30     7     0     1   -56.0  -48.364  -69.563   1374.6    792.9
     4     1    19    11    30     7     0     1   -56.0  -52.212  -77.719   4943.4    533.6
     5     1    19    11    30     7     0     1   -56.0  -42.405  -91.274   2847.0    713.8
     1     1    19    11    30     6     0     0   -57.0  -44.244  -66.240     78.6    967.6
     2     1    19    11    30     6     0     0   -57.0  -46.960  -66.741    254.1    962.2
     3     1    19    11    30     6     0     0   -57.0  -48.532  -69.980   1213.8    809.0
     4     1    19    11    30     6     0     0   -57.0  -52.680  -78.063   5037.3    525.9
     5     1    19    11    30     6     0     0   -57.0  -41.844  -92.227   2843.4    712.8
     1     1    19    11    30     5     0     1   -58.0  -44.459  -66.687     69.2    965.5
     2     1    19    11    30     5     0     1   -58.0  -47.232  -67.224    395.5    936.5
     3     1    19    11    30     5     0     1   -58.0  -48.672  -70.432    973.8    835.2
     4     1    19    11    30     5     0     1   -58.0  -53.168  -78.315   5111.9    520.1
     5     1    19    11    30     5     0     1   -58.0  -41.265  -93.156   2833.6    716.1
     1     1    19    11    30     4     0     2   -59.0  -44.636  -67.131     83.4    953.1
     2     1    19    11    30     4     0     2   -59.0  -47.545  -67.586    454.4    929.9
     3     1    19    11    30     4     0     2   -59.0  -48.810  -70.939    598.2    874.9
     4     1    19    11    30     4     0     2   -59.0  -53.654  -78.522   5174.5    515.3
     5     1    19    11    30     4     0     2   -59.0  -40.704  -94.107   2743.2    721.3
     1     1    19    11    30     3     0     3   -60.0  -44.843  -67.663    131.4    940.2
     2     1    19    11    30     3     0     3   -60.0  -47.880  -67.858    471.5    929.4
     3     1    19    11    30     3     0     3   -60.0  -48.869  -71.451    336.5    887.2
     4     1    19    11    30     3     0     3   -60.0  -54.165  -78.703   5233.1    510.9
     5     1    19    11    30     3     0     3   -60.0  -40.125  -95.015   2682.5    732.9
     1     1    19    11    30     2     0     2   -61.0  -45.112  -68.385    195.2    925.6
     2     1    19    11    30     2     0     2   -61.0  -48.226  -68.066    456.2    926.1
     3     1    19    11    30     2     0     2   -61.0  -48.855  -71.978    515.3    835.7
     4     1    19    11    30     2     0     2   -61.0  -54.679  -78.817   5306.2    505.1
     5     1    19    11    30     2     0     2   -61.0  -39.557  -95.882   2580.8    736.8
     1     1    19    11    30     1     0     1   -62.0  -45.339  -69.117    182.9    925.5
     2     1    19    11    30     1     0     1   -62.0  -48.564  -68.278    409.2    924.5
     3     1    19    11    30     1     0     1   -62.0  -48.832  -72.589    887.7    787.2
     4     1    19    11    30     1     0     1   -62.0  -55.183  -78.843   5412.2    497.2
     5     1    19    11    30     1     0     1   -62.0  -39.002  -96.697   2469.6    751.9
     1     1    19    11    30     0     0     0   -63.0  -45.499  -69.770     79.0    931.8
     2     1    19    11    30     0     0     0   -63.0  -48.912  -68.502    368.3    927.3
     3     1    19    11    30     0     0     0   -63.0  -48.784  -73.095    924.3    794.7
     4     1    19    11    30     0     0     0   -63.0  -55.688  -78.802   5545.3    486.8
     5     1    19    11    30     0     0     0   -63.0  -38.410  -97.439   2548.4    742.7
     1     1    19    11    29    23     0     1   -64.0  -45.576  -70.390     30.6    924.6
     2     1    19    11    29    23     0     1   -64.0  -49.279  -68.723    336.4    936.0
     3     1    19    11    29    23     0     1   -64.0  -48.721  -73.528    810.2    835.1
     4     1    19    11    29    23     0     1   -64.0  -56.186  -78.663   5651.8    478.1
     5     1    19    11    29    23     0     1   -64.0  -37.843  -98.147   2660.4    732.9
     1     1    19    11    29    22     0     2   -65.0  -45.596  -71.133    254.4    891.6
     2     1    19    11    29    22     0     2   -65.0  -49.646  -68.952    294.3    944.6
     3     1    19    11    29    22     0     2   -65.0  -48.665  -73.912    662.7    876.6
     4     1    19    11    29    22     0     2   -65.0  -56.659  -78.411   5729.3    473.5
     5     1    19    11    29    22     0     2   -65.0  -37.303  -98.810   2817.5    723.3
     1     1    19    11    29    21     0     3   -66.0  -45.601  -71.858    591.1    820.1
     2     1    19    11    29    21     0     3   -66.0  -49.985  -69.215    237.8    950.9
     3     1    19    11    29    21     0     3   -66.0  -48.628  -74.252    498.8    907.1
     4     1    19    11    29    21     0     3   -66.0  -57.122  -78.098   5818.0    468.7
     5     1    19    11    29    21     0     3   -66.0  -36.798  -99.407   3001.1    704.9
     1     1    19    11    29    20     0     2   -67.0  -45.607  -72.502    761.1    800.7
     2     1    19    11    29    20     0     2   -67.0  -50.287  -69.525    182.9    951.0
     3     1    19    11    29    20     0     2   -67.0  -48.622  -74.570    346.6    934.4
     4     1    19    11    29    20     0     2   -67.0  -57.568  -77.707   5890.9    460.3
     5     1    19    11    29    20     0     2   -67.0  -36.340  -99.966   3234.9    687.0
     1     1    19    11    29    19     0     1   -68.0  -45.604  -73.007    576.7    828.8
     2     1    19    11    29    19     0     1   -68.0  -50.569  -69.872    130.7    950.8
     3     1    19    11    29    19     0     1   -68.0  -48.652  -74.888    220.5    953.8
     4     1    19    11    29    19     0     1   -68.0  -57.982  -77.221   5899.8    459.7
     5     1    19    11    29    19     0     1   -68.0  -35.977 -100.538   3350.1    666.4
     1     1    19    11    29    18     0     0   -69.0  -45.595  -73.322    333.5    911.0
     2     1    19    11    29    18     0     0   -69.0  -50.825  -70.242    101.0    954.1
     3     1    19    11    29    18     0     0   -69.0  -48.711  -75.195    134.6    971.8
     4     1    19    11    29    18     0     0   -69.0  -58.382  -76.675   5884.7    462.5
     5     1    19    11    29    18     0     0   -69.0  -35.669 -101.097   3330.4    673.2
     1     1    19    11    29    17     0     1   -70.0  -45.615  -73.611    240.7    932.8
     2     1    19    11    29    17     0     1   -70.0  -51.065  -70.627     98.1    955.3
     3     1    19    11    29    17     0     1   -70.0  -48.787  -75.475     92.7    982.6
     4     1    19    11    29    17     0     1   -70.0  -58.774  -76.049   5887.7    462.8
     5     1    19    11    29    17     0     1   -70.0  -35.383 -101.655   3322.5    684.2
     1     1    19    11    29    16     0     2   -71.0  -45.677  -73.903    280.5    941.2
     2     1    19    11    29    16     0     2   -71.0  -51.291  -71.011     91.0    953.3
     3     1    19    11    29    16     0     2   -71.0  -48.875  -75.730     78.9    988.5
     4     1    19    11    29    16     0     2   -71.0  -59.158  -75.326   5892.3    460.8
     5     1    19    11    29    16     0     2   -71.0  -35.099 -102.236   3349.7    675.2
     1     1    19    11    29    15     0     3   -72.0  -45.786  -74.196    344.2    931.3
     2     1    19    11    29    15     0     3   -72.0  -51.479  -71.382     66.2    956.0
     3     1    19    11    29    15     0     3   -72.0  -48.986  -75.976     76.1    994.8
     4     1    19    11    29    15     0     3   -72.0  -59.532  -74.543   5879.0    462.3
     5     1    19    11    29    15     0     3   -72.0  -34.831 -102.810   3396.5    675.2
