     4     1
    GDAS    19     8     8     0     0
    GDAS    19     8    15     0     0
    GDAS    19     8    22     0     0
    GDAS    19     8    29     0     0
     3 BACKWARD OMEGA   
    19     8    22    21  -34.572  -58.513    10.0
    19     8    22    21  -34.572  -58.513   200.0
    19     8    22    21  -34.572  -58.513   500.0
     1 PRESSURE
     1     1    19     8    22    21     0     3     0.0  -34.572  -58.513     10.0   1021.3
     2     1    19     8    22    21     0     3     0.0  -34.572  -58.513    200.0    999.4
     3     1    19     8    22    21     0     3     0.0  -34.572  -58.513    500.0    963.5
     1     1    19     8    22    20     0     2    -1.0  -34.590  -58.530      8.1   1021.8
     2     1    19     8    22    20     0     2    -1.0  -34.596  -58.543    167.8   1003.6
     3     1    19     8    22    20     0     2    -1.0  -34.599  -58.560    457.3    969.4
     1     1    19     8    22    19     0     1    -2.0  -34.611  -58.552      6.3   1022.2
     2     1    19     8    22    19     0     1    -2.0  -34.621  -58.572    141.2   1007.0
     3     1    19     8    22    19     0     1    -2.0  -34.628  -58.600    413.1    975.9
     1     1    19     8    22    18     0     0    -3.0  -34.637  -58.580      4.5   1022.5
     2     1    19     8    22    18     0     0    -3.0  -34.649  -58.602    119.3   1010.0
     3     1    19     8    22    18     0     0    -3.0  -34.658  -58.636    369.1    982.2
     1     1    19     8    22    17     0     1    -4.0  -34.656  -58.607      3.0   1023.2
     2     1    19     8    22    17     0     1    -4.0  -34.669  -58.630    102.2   1012.6
     3     1    19     8    22    17     0     1    -4.0  -34.681  -58.666    329.2    987.1
     1     1    19     8    22    16     0     2    -5.0  -34.659  -58.627      1.6   1023.9
     2     1    19     8    22    16     0     2    -5.0  -34.672  -58.650     88.9   1014.8
     3     1    19     8    22    16     0     2    -5.0  -34.687  -58.690    294.9    991.2
     1     1    19     8    22    15     0     3    -6.0  -34.646  -58.639      0.3   1024.6
     2     1    19     8    22    15     0     3    -6.0  -34.659  -58.663     78.4   1016.8
     3     1    19     8    22    15     0     3    -6.0  -34.677  -58.707    264.3    995.0
     1     1    19     8    22    14     0     2    -7.0  -34.626  -58.637      0.0   1025.1
     2     1    19     8    22    14     0     2    -7.0  -34.636  -58.660     70.5   1018.0
     3     1    19     8    22    14     0     2    -7.0  -34.651  -58.707    238.0    998.6
     1     1    19     8    22    13     0     1    -8.0  -34.607  -58.617      0.0   1025.6
     2     1    19     8    22    13     0     1    -8.0  -34.609  -58.637     65.3   1018.7
     3     1    19     8    22    13     0     1    -8.0  -34.608  -58.680    217.5   1001.4
     1     1    19     8    22    12     0     0    -9.0  -34.590  -58.580      0.0   1026.0
     2     1    19     8    22    12     0     0    -9.0  -34.579  -58.593     63.0   1019.3
     3     1    19     8    22    12     0     0    -9.0  -34.549  -58.626    205.0   1003.1
     1     1    19     8    22    11     0     1   -10.0  -34.574  -58.531      0.4   1024.9
     2     1    19     8    22    11     0     1   -10.0  -34.545  -58.533     65.3   1018.0
     3     1    19     8    22    11     0     1   -10.0  -34.478  -58.552    207.2   1002.1
     1     1    19     8    22    10     0     2   -11.0  -34.561  -58.475      1.5   1023.8
     2     1    19     8    22    10     0     2   -11.0  -34.510  -58.466     73.6   1016.1
     3     1    19     8    22    10     0     2   -11.0  -34.397  -58.470    228.4    997.5
     1     1    19     8    22     9     0     3   -12.0  -34.550  -58.416      3.3   1022.7
     2     1    19     8    22     9     0     3   -12.0  -34.471  -58.394     88.5   1012.9
     3     1    19     8    22     9     0     3   -12.0  -34.301  -58.391    269.5    990.6
     1     1    19     8    22     8     0     2   -13.0  -34.538  -58.351      5.1   1022.7
     2     1    19     8    22     8     0     2   -13.0  -34.415  -58.304    108.2   1009.2
     3     1    19     8    22     8     0     2   -13.0  -34.170  -58.298    322.7    981.4
     1     1    19     8    22     7     0     1   -14.0  -34.522  -58.272      6.7   1022.7
     2     1    19     8    22     7     0     1   -14.0  -34.329  -58.173    131.8   1005.1
     3     1    19     8    22     7     0     1   -14.0  -33.986  -58.161    382.6    972.9
     1     1    19     8    22     6     0     0   -15.0  -34.497  -58.174      8.3   1022.6
     2     1    19     8    22     6     0     0   -15.0  -34.193  -57.979    170.5    998.6
     3     1    19     8    22     6     0     0   -15.0  -33.762  -57.967    459.3    963.8
     1     1    19     8    22     5     0     1   -16.0  -34.468  -58.064     10.1   1021.6
     2     1    19     8    22     5     0     1   -16.0  -34.014  -57.727    228.0    986.9
     3     1    19     8    22     5     0     1   -16.0  -33.547  -57.723    520.3    953.3
     1     1    19     8    22     4     0     2   -17.0  -34.441  -57.953     12.5   1020.0
     2     1    19     8    22     4     0     2   -17.0  -33.837  -57.436    282.3    977.8
     3     1    19     8    22     4     0     2   -17.0  -33.360  -57.432    552.3    950.0
     1     1    19     8    22     3     0     3   -18.0  -34.417  -57.832     15.6   1018.4
     2     1    19     8    22     3     0     3   -18.0  -33.673  -57.090    331.3    971.5
     3     1    19     8    22     3     0     3   -18.0  -33.205  -57.089    584.5    946.2
     1     1    19     8    22     2     0     2   -19.0  -34.395  -57.684     18.9   1017.2
     2     1    19     8    22     2     0     2   -19.0  -33.530  -56.717    370.8    967.6
     3     1    19     8    22     2     0     2   -19.0  -33.082  -56.738    623.7    941.3
     1     1    19     8    22     1     0     1   -20.0  -34.375  -57.500     21.0   1016.1
     2     1    19     8    22     1     0     1   -20.0  -33.418  -56.368    385.1    968.4
     3     1    19     8    22     1     0     1   -20.0  -32.975  -56.418    651.6    938.6
     1     1    19     8    22     0     0     0   -21.0  -34.367  -57.291     20.5   1015.5
     2     1    19     8    22     0     0     0   -21.0  -33.330  -56.041    385.7    971.0
     3     1    19     8    22     0     0     0   -21.0  -32.882  -56.133    666.6    936.5
     1     1    19     8    21    23     0     1   -22.0  -34.375  -57.077     18.2   1015.1
     2     1    19     8    21    23     0     1   -22.0  -33.276  -55.742    389.8    967.7
     3     1    19     8    21    23     0     1   -22.0  -32.815  -55.871    680.8    934.0
     1     1    19     8    21    22     0     2   -23.0  -34.397  -56.880     16.3   1015.7
     2     1    19     8    21    22     0     2   -23.0  -33.261  -55.477    406.7    961.2
     3     1    19     8    21    22     0     2   -23.0  -32.783  -55.626    710.1    927.9
     1     1    19     8    21    21     0     3   -24.0  -34.432  -56.705     15.6   1016.5
     2     1    19     8    21    21     0     3   -24.0  -33.277  -55.240    439.4    953.5
     3     1    19     8    21    21     0     3   -24.0  -32.778  -55.396    756.5    919.2
     1     1    19     8    21    20     0     2   -25.0  -34.469  -56.543     15.7   1017.6
     2     1    19     8    21    20     0     2   -25.0  -33.308  -55.025    482.9    944.5
     3     1    19     8    21    20     0     2   -25.0  -32.788  -55.187    809.3    910.3
     1     1    19     8    21    19     0     1   -26.0  -34.497  -56.377     16.0   1018.5
     2     1    19     8    21    19     0     1   -26.0  -33.345  -54.835    522.8    942.3
     3     1    19     8    21    19     0     1   -26.0  -32.806  -54.999    861.3    902.7
     1     1    19     8    21    18     0     0   -27.0  -34.520  -56.204     16.8   1019.3
     2     1    19     8    21    18     0     0   -27.0  -33.391  -54.672    547.6    942.8
     3     1    19     8    21    18     0     0   -27.0  -32.836  -54.831    906.6    900.4
     1     1    19     8    21    17     0     1   -28.0  -34.550  -56.030     18.3   1020.9
     2     1    19     8    21    17     0     1   -28.0  -33.456  -54.531    560.6    945.2
     3     1    19     8    21    17     0     1   -28.0  -32.885  -54.685    935.8    900.6
     1     1    19     8    21    16     0     2   -29.0  -34.600  -55.870     20.7   1021.6
     2     1    19     8    21    16     0     2   -29.0  -33.549  -54.408    570.8    946.8
     3     1    19     8    21    16     0     2   -29.0  -32.958  -54.558    953.0    902.5
     1     1    19     8    21    15     0     3   -30.0  -34.676  -55.727     23.9   1022.6
     2     1    19     8    21    15     0     3   -30.0  -33.673  -54.301    579.8    947.4
     3     1    19     8    21    15     0     3   -30.0  -33.052  -54.446    967.3    904.4
     1     1    19     8    21    14     0     2   -31.0  -34.773  -55.599     27.4   1023.2
     2     1    19     8    21    14     0     2   -31.0  -33.829  -54.201    587.6    947.0
     3     1    19     8    21    14     0     2   -31.0  -33.164  -54.351    984.6    903.8
     1     1    19     8    21    13     0     1   -32.0  -34.893  -55.482     30.0   1024.8
     2     1    19     8    21    13     0     1   -32.0  -34.023  -54.102    594.7    946.4
     3     1    19     8    21    13     0     1   -32.0  -33.288  -54.274   1002.6    902.0
     1     1    19     8    21    12     0     0   -33.0  -35.039  -55.376     31.0   1026.7
     2     1    19     8    21    12     0     0   -33.0  -34.252  -54.015    603.4    949.2
     3     1    19     8    21    12     0     0   -33.0  -33.427  -54.212   1016.2    900.2
     1     1    19     8    21    11     0     1   -34.0  -35.201  -55.289     30.7   1026.1
     2     1    19     8    21    11     0     1   -34.0  -34.497  -53.959    617.8    950.4
     3     1    19     8    21    11     0     1   -34.0  -33.579  -54.168   1024.5    898.5
     1     1    19     8    21    10     0     2   -35.0  -35.366  -55.230     30.1   1025.7
     2     1    19     8    21    10     0     2   -35.0  -34.742  -53.943    635.1    949.7
     3     1    19     8    21    10     0     2   -35.0  -33.740  -54.146   1032.5    896.6
     1     1    19     8    21     9     0     3   -36.0  -35.538  -55.200     29.8   1025.5
     2     1    19     8    21     9     0     3   -36.0  -34.985  -53.964    643.1    949.8
     3     1    19     8    21     9     0     3   -36.0  -33.907  -54.150   1047.3    893.3
     1     1    19     8    21     8     0     2   -37.0  -35.715  -55.189     30.5   1025.6
     2     1    19     8    21     8     0     2   -37.0  -35.225  -54.011    654.1    951.1
     3     1    19     8    21     8     0     2   -37.0  -34.072  -54.172   1065.1    890.4
     1     1    19     8    21     7     0     1   -38.0  -35.896  -55.188     32.6   1025.1
     2     1    19     8    21     7     0     1   -38.0  -35.466  -54.072    678.8    947.3
     3     1    19     8    21     7     0     1   -38.0  -34.227  -54.200   1079.7    890.8
     1     1    19     8    21     6     0     0   -39.0  -36.076  -55.197     35.4   1024.3
     2     1    19     8    21     6     0     0   -39.0  -35.707  -54.149    704.7    943.5
     3     1    19     8    21     6     0     0   -39.0  -34.375  -54.236   1096.0    891.1
     1     1    19     8    21     5     0     1   -40.0  -36.261  -55.215     38.7   1024.9
     2     1    19     8    21     5     0     1   -40.0  -35.953  -54.232    733.4    941.2
     3     1    19     8    21     5     0     1   -40.0  -34.530  -54.276   1122.2    890.6
     1     1    19     8    21     4     0     2   -41.0  -36.455  -55.239     42.8   1025.4
     2     1    19     8    21     4     0     2   -41.0  -36.209  -54.317    772.0    936.8
     3     1    19     8    21     4     0     2   -41.0  -34.701  -54.316   1163.2    888.4
     1     1    19     8    21     3     0     3   -42.0  -36.659  -55.270     48.0   1025.6
     2     1    19     8    21     3     0     3   -42.0  -36.471  -54.408    825.4    931.2
     3     1    19     8    21     3     0     3   -42.0  -34.886  -54.354   1218.6    885.2
     1     1    19     8    21     2     0     2   -43.0  -36.870  -55.310     53.8   1025.1
     2     1    19     8    21     2     0     2   -43.0  -36.740  -54.514    893.4    923.3
     3     1    19     8    21     2     0     2   -43.0  -35.074  -54.393   1285.0    879.7
     1     1    19     8    21     1     0     1   -44.0  -37.084  -55.357     59.9   1024.6
     2     1    19     8    21     1     0     1   -44.0  -37.019  -54.638    965.4    914.7
     3     1    19     8    21     1     0     1   -44.0  -35.254  -54.443   1359.1    871.5
     1     1    19     8    21     0     0     0   -45.0  -37.301  -55.414     66.7   1023.8
     2     1    19     8    21     0     0     0   -45.0  -37.306  -54.782   1031.4    906.5
     3     1    19     8    21     0     0     0   -45.0  -35.427  -54.508   1441.0    862.4
     1     1    19     8    20    23     0     1   -46.0  -37.513  -55.492     72.8   1022.0
     2     1    19     8    20    23     0     1   -46.0  -37.595  -54.944   1090.4    899.6
     3     1    19     8    20    23     0     1   -46.0  -35.596  -54.599   1518.6    852.5
     1     1    19     8    20    22     0     2   -47.0  -37.716  -55.598     76.6   1020.6
     2     1    19     8    20    22     0     2   -47.0  -37.875  -55.123   1144.0    893.1
     3     1    19     8    20    22     0     2   -47.0  -35.767  -54.719   1579.2    845.5
     1     1    19     8    20    21     0     3   -48.0  -37.913  -55.727     78.2   1019.6
     2     1    19     8    20    21     0     3   -48.0  -38.139  -55.320   1186.3    887.6
     3     1    19     8    20    21     0     3   -48.0  -35.945  -54.861   1613.0    841.1
     1     1    19     8    20    20     0     2   -49.0  -38.103  -55.860     79.5   1019.6
     2     1    19     8    20    20     0     2   -49.0  -38.393  -55.527   1212.7    884.6
     3     1    19     8    20    20     0     2   -49.0  -36.125  -55.008   1633.3    840.9
     1     1    19     8    20    19     0     1   -50.0  -38.287  -55.983     81.3   1019.2
     2     1    19     8    20    19     0     1   -50.0  -38.644  -55.732   1230.5    883.2
     3     1    19     8    20    19     0     1   -50.0  -36.300  -55.156   1668.1    837.9
     1     1    19     8    20    18     0     0   -51.0  -38.464  -56.103     82.3   1018.9
     2     1    19     8    20    18     0     0   -51.0  -38.888  -55.934   1256.9    881.5
     3     1    19     8    20    18     0     0   -51.0  -36.470  -55.310   1722.3    831.9
     1     1    19     8    20    17     0     1   -52.0  -38.631  -56.233     81.6   1019.8
     2     1    19     8    20    17     0     1   -52.0  -39.122  -56.123   1293.1    876.8
     3     1    19     8    20    17     0     1   -52.0  -36.641  -55.470   1780.4    824.6
     1     1    19     8    20    16     0     2   -53.0  -38.787  -56.378     78.9   1021.2
     2     1    19     8    20    16     0     2   -53.0  -39.347  -56.306   1327.8    873.1
     3     1    19     8    20    16     0     2   -53.0  -36.818  -55.635   1829.8    819.6
     1     1    19     8    20    15     0     3   -54.0  -38.936  -56.529     75.4   1022.8
     2     1    19     8    20    15     0     3   -54.0  -39.561  -56.496   1363.5    869.6
     3     1    19     8    20    15     0     3   -54.0  -36.994  -55.800   1874.2    815.5
     1     1    19     8    20    14     0     2   -55.0  -39.087  -56.676     74.3   1022.7
     2     1    19     8    20    14     0     2   -55.0  -39.771  -56.695   1400.6    865.1
     3     1    19     8    20    14     0     2   -55.0  -37.170  -55.966   1917.6    810.9
     1     1    19     8    20    13     0     1   -56.0  -39.243  -56.820     77.3   1021.9
     2     1    19     8    20    13     0     1   -56.0  -39.983  -56.893   1433.4    860.9
     3     1    19     8    20    13     0     1   -56.0  -37.346  -56.134   1960.5    806.4
     1     1    19     8    20    12     0     0   -57.0  -39.404  -56.961     82.2   1020.5
     2     1    19     8    20    12     0     0   -57.0  -40.200  -57.092   1462.5    858.0
     3     1    19     8    20    12     0     0   -57.0  -37.523  -56.305   2005.2    802.0
     1     1    19     8    20    11     0     1   -58.0  -39.562  -57.113     86.2   1019.0
     2     1    19     8    20    11     0     1   -58.0  -40.412  -57.301   1488.9    854.2
     3     1    19     8    20    11     0     1   -58.0  -37.695  -56.487   2044.5    796.6
     1     1    19     8    20    10     0     2   -59.0  -39.707  -57.286     86.9   1018.4
     2     1    19     8    20    10     0     2   -59.0  -40.621  -57.528   1500.6    851.6
     3     1    19     8    20    10     0     2   -59.0  -37.859  -56.683   2065.7    793.6
     1     1    19     8    20     9     0     3   -60.0  -39.841  -57.472     83.3   1018.6
     2     1    19     8    20     9     0     3   -60.0  -40.828  -57.774   1478.9    852.4
     3     1    19     8    20     9     0     3   -60.0  -38.012  -56.889   2061.9    793.2
     1     1    19     8    20     8     0     2   -61.0  -39.967  -57.656     79.7   1020.3
     2     1    19     8    20     8     0     2   -61.0  -41.028  -58.038   1424.1    860.0
     3     1    19     8    20     8     0     2   -61.0  -38.160  -57.096   2053.3    795.3
     1     1    19     8    20     7     0     1   -62.0  -40.082  -57.828     80.1   1020.6
     2     1    19     8    20     7     0     1   -62.0  -41.216  -58.298   1380.4    868.1
     3     1    19     8    20     7     0     1   -62.0  -38.306  -57.305   2063.0    792.5
     1     1    19     8    20     6     0     0   -63.0  -40.186  -57.990     84.0   1020.1
     2     1    19     8    20     6     0     0   -63.0  -41.387  -58.548   1363.2    868.5
     3     1    19     8    20     6     0     0   -63.0  -38.449  -57.515   2090.4    788.6
     1     1    19     8    20     5     0     1   -64.0  -40.283  -58.149     88.2   1018.7
     2     1    19     8    20     5     0     1   -64.0  -41.542  -58.801   1364.0    869.1
     3     1    19     8    20     5     0     1   -64.0  -38.597  -57.729   2130.5    784.3
     1     1    19     8    20     4     0     2   -65.0  -40.383  -58.314     89.9   1018.2
     2     1    19     8    20     4     0     2   -65.0  -41.687  -59.067   1385.6    866.1
     3     1    19     8    20     4     0     2   -65.0  -38.757  -57.941   2181.7    780.3
     1     1    19     8    20     3     0     3   -66.0  -40.485  -58.486     90.4   1018.3
     2     1    19     8    20     3     0     3   -66.0  -41.826  -59.346   1399.6    861.9
     3     1    19     8    20     3     0     3   -66.0  -38.931  -58.146   2241.4    776.3
     1     1    19     8    20     2     0     2   -67.0  -40.587  -58.662     90.9   1018.2
     2     1    19     8    20     2     0     2   -67.0  -41.960  -59.627   1376.1    863.8
     3     1    19     8    20     2     0     2   -67.0  -39.103  -58.349   2294.8    771.1
     1     1    19     8    20     1     0     1   -68.0  -40.683  -58.838     90.5   1018.2
     2     1    19     8    20     1     0     1   -68.0  -42.093  -59.906   1317.7    871.8
     3     1    19     8    20     1     0     1   -68.0  -39.261  -58.552   2338.7    767.2
     1     1    19     8    20     0     0     0   -69.0  -40.779  -59.010     88.2   1018.4
     2     1    19     8    20     0     0     0   -69.0  -42.221  -60.172   1261.8    880.6
     3     1    19     8    20     0     0     0   -69.0  -39.407  -58.751   2381.9    763.2
     1     1    19     8    19    23     0     1   -70.0  -40.870  -59.181     85.2   1018.8
     2     1    19     8    19    23     0     1   -70.0  -42.342  -60.433   1232.6    882.9
     3     1    19     8    19    23     0     1   -70.0  -39.549  -58.947   2425.1    758.2
     1     1    19     8    19    22     0     2   -71.0  -40.956  -59.355     83.2   1018.6
     2     1    19     8    19    22     0     2   -71.0  -42.449  -60.700   1225.6    882.6
     3     1    19     8    19    22     0     2   -71.0  -39.690  -59.141   2462.6    753.7
     1     1    19     8    19    21     0     3   -72.0  -41.043  -59.541     82.1   1018.2
     2     1    19     8    19    21     0     3   -72.0  -42.545  -60.980   1236.2    880.7
     3     1    19     8    19    21     0     3   -72.0  -39.834  -59.331   2489.4    750.3
