     7     1
    GDAS    19    11    29     0     0
    GDAS    19    12     1     0     0
    GDAS    19    12     8     0     0
    GDAS    19    12    15     0     0
    GDAS    19    12    22     0     0
    GDAS    19    12    29     0     0
    GDAS    20     1     1     0     0
     5 BACKWARD OMEGA   
    19    12    17    15  -34.572  -58.513    10.0
    19    12    17    15  -34.572  -58.513   200.0
    19    12    17    15  -34.572  -58.513   500.0
    19    12    17    15  -34.572  -58.513  1000.0
    19    12    17    15  -34.572  -58.513  2000.0
     1 PRESSURE
     1     1    19    12    17    15     0     3     0.0  -34.572  -58.513     10.0   1008.4
     2     1    19    12    17    15     0     3     0.0  -34.572  -58.513    200.0    987.4
     3     1    19    12    17    15     0     3     0.0  -34.572  -58.513    500.0    954.0
     4     1    19    12    17    15     0     3     0.0  -34.572  -58.513   1000.0    900.0
     5     1    19    12    17    15     0     3     0.0  -34.572  -58.513   2000.0    799.0
     1     1    19    12    17    14     0     2    -1.0  -34.579  -58.485      7.8   1008.5
     2     1    19    12    17    14     0     2    -1.0  -34.579  -58.482    188.4    988.8
     3     1    19    12    17    14     0     2    -1.0  -34.586  -58.488    490.6    955.0
     4     1    19    12    17    14     0     2    -1.0  -34.594  -58.514    989.7    900.6
     5     1    19    12    17    14     0     2    -1.0  -34.626  -58.606   2036.4    796.7
     1     1    19    12    17    13     0     1    -2.0  -34.602  -58.466      5.9   1008.5
     2     1    19    12    17    13     0     1    -2.0  -34.608  -58.462    179.4    990.4
     3     1    19    12    17    13     0     1    -2.0  -34.624  -58.474    484.1    956.4
     4     1    19    12    17    13     0     1    -2.0  -34.636  -58.542    976.1    902.6
     5     1    19    12    17    13     0     1    -2.0  -34.683  -58.714   2090.1    791.8
     1     1    19    12    17    12     0     0    -3.0  -34.642  -58.453      4.6   1008.6
     2     1    19    12    17    12     0     0    -3.0  -34.659  -58.448    175.7    991.5
     3     1    19    12    17    12     0     0    -3.0  -34.688  -58.470    485.5    956.8
     4     1    19    12    17    12     0     0    -3.0  -34.701  -58.593    956.7    904.7
     5     1    19    12    17    12     0     0    -3.0  -34.746  -58.825   2154.6    785.6
     1     1    19    12    17    11     0     1    -4.0  -34.690  -58.449      3.7   1008.5
     2     1    19    12    17    11     0     1    -4.0  -34.727  -58.449    172.5    991.1
     3     1    19    12    17    11     0     1    -4.0  -34.767  -58.485    483.6    955.5
     4     1    19    12    17    11     0     1    -4.0  -34.762  -58.660    922.7    907.9
     5     1    19    12    17    11     0     1    -4.0  -34.807  -58.936   2236.3    778.8
     1     1    19    12    17    10     0     2    -5.0  -34.741  -58.458      2.8   1008.4
     2     1    19    12    17    10     0     2    -5.0  -34.809  -58.472    162.4    992.1
     3     1    19    12    17    10     0     2    -5.0  -34.847  -58.531    462.9    957.4
     4     1    19    12    17    10     0     2    -5.0  -34.787  -58.746    871.1    913.4
     5     1    19    12    17    10     0     2    -5.0  -34.869  -59.052   2357.5    767.6
     1     1    19    12    17     9     0     3    -6.0  -34.797  -58.481      1.7   1008.4
     2     1    19    12    17     9     0     3    -6.0  -34.911  -58.515    143.5    994.5
     3     1    19    12    17     9     0     3    -6.0  -34.939  -58.607    419.9    962.4
     4     1    19    12    17     9     0     3    -6.0  -34.781  -58.851    809.6    920.0
     5     1    19    12    17     9     0     3    -6.0  -34.955  -59.186   2534.4    751.2
     1     1    19    12    17     8     0     2    -7.0  -34.847  -58.511      1.0   1008.0
     2     1    19    12    17     8     0     2    -7.0  -35.004  -58.561    130.1    997.4
     3     1    19    12    17     8     0     2    -7.0  -35.016  -58.683    389.8    969.4
     4     1    19    12    17     8     0     2    -7.0  -34.754  -58.957    772.3    926.9
     5     1    19    12    17     8     0     2    -7.0  -35.076  -59.339   2748.2    729.0
     1     1    19    12    17     7     0     1    -8.0  -34.878  -58.537      1.3   1007.5
     2     1    19    12    17     7     0     1    -8.0  -35.058  -58.598    136.3    996.6
     3     1    19    12    17     7     0     1    -8.0  -35.037  -58.748    407.5    967.1
     4     1    19    12    17     7     0     1    -8.0  -34.701  -59.054    772.3    925.7
     5     1    19    12    17     7     0     1    -8.0  -35.222  -59.513   2926.9    708.9
     1     1    19    12    17     6     0     0    -9.0  -34.889  -58.563      2.9   1006.8
     2     1    19    12    17     6     0     0    -9.0  -35.073  -58.636    167.3    993.3
     3     1    19    12    17     6     0     0    -9.0  -34.990  -58.811    474.0    959.5
     4     1    19    12    17     6     0     0    -9.0  -34.619  -59.152    790.4    922.2
     5     1    19    12    17     6     0     0    -9.0  -35.381  -59.717   3016.3    698.5
     1     1    19    12    17     5     0     1   -10.0  -34.881  -58.585      5.2   1006.8
     2     1    19    12    17     5     0     1   -10.0  -35.044  -58.681    228.1    985.5
     3     1    19    12    17     5     0     1   -10.0  -34.896  -58.867    570.1    946.5
     4     1    19    12    17     5     0     1   -10.0  -34.515  -59.226    808.2    919.6
     5     1    19    12    17     5     0     1   -10.0  -35.556  -59.952   2968.7    698.1
     1     1    19    12    17     4     0     2   -11.0  -34.857  -58.602      7.9   1006.8
     2     1    19    12    17     4     0     2   -11.0  -34.973  -58.732    322.9    975.3
     3     1    19    12    17     4     0     2   -11.0  -34.788  -58.901    676.0    934.6
     4     1    19    12    17     4     0     2   -11.0  -34.398  -59.243    816.9    918.3
     5     1    19    12    17     4     0     2   -11.0  -35.721  -60.169   2671.8    717.1
     1     1    19    12    17     3     0     3   -12.0  -34.815  -58.613     11.1   1006.7
     2     1    19    12    17     3     0     3   -12.0  -34.874  -58.774    444.9    960.7
     3     1    19    12    17     3     0     3   -12.0  -34.664  -58.894    775.1    922.3
     4     1    19    12    17     3     0     3   -12.0  -34.267  -59.194    795.0    919.2
     5     1    19    12    17     3     0     3   -12.0  -35.818  -60.286   1931.8    774.3
     1     1    19    12    17     2     0     2   -13.0  -34.769  -58.636     15.0   1006.1
     2     1    19    12    17     2     0     2   -13.0  -34.784  -58.821    568.5    944.9
     3     1    19    12    17     2     0     2   -13.0  -34.546  -58.877    869.8    914.0
     4     1    19    12    17     2     0     2   -13.0  -34.138  -59.138    772.7    926.9
     5     1    19    12    17     2     0     2   -13.0  -35.829  -60.322   1076.7    905.5
     1     1    19    12    17     1     0     1   -14.0  -34.731  -58.693     19.5   1005.6
     2     1    19    12    17     1     0     1   -14.0  -34.733  -58.895    704.7    932.0
     3     1    19    12    17     1     0     1   -14.0  -34.449  -58.876   1023.5    900.8
     4     1    19    12    17     1     0     1   -14.0  -34.013  -59.117    865.1    921.2
     5     1    19    12    17     1     0     1   -14.0  -35.782  -60.340    636.6    955.5
     1     1    19    12    17     0     0     0   -15.0  -34.698  -58.793     24.6   1005.3
     2     1    19    12    17     0     0     0   -15.0  -34.717  -58.974    890.5    914.3
     3     1    19    12    17     0     0     0   -15.0  -34.367  -58.862   1340.0    873.7
     4     1    19    12    17     0     0     0   -15.0  -33.901  -59.101   1211.1    892.8
     5     1    19    12    17     0     0     0   -15.0  -35.684  -60.334    516.9    956.2
     1     1    19    12    16    23     0     1   -16.0  -34.657  -58.895     30.9   1004.1
     2     1    19    12    16    23     0     1   -16.0  -34.717  -58.990   1211.3    886.4
     3     1    19    12    16    23     0     1   -16.0  -34.316  -58.821   1731.9    816.7
     4     1    19    12    16    23     0     1   -16.0  -33.859  -59.065   1679.1    819.6
     5     1    19    12    16    23     0     1   -16.0  -35.609  -60.312    486.1    939.2
     1     1    19    12    16    22     0     2   -17.0  -34.602  -58.947     36.8   1003.0
     2     1    19    12    16    22     0     2   -17.0  -34.736  -58.958   1716.1    829.4
     3     1    19    12    16    22     0     2   -17.0  -34.293  -58.816   1956.3    790.2
     4     1    19    12    16    22     0     2   -17.0  -33.827  -59.045   1864.9    792.2
     5     1    19    12    16    22     0     2   -17.0  -35.534  -60.278    347.5    956.4
     1     1    19    12    16    21     0     3   -18.0  -34.552  -58.945     39.4   1002.0
     2     1    19    12    16    21     0     3   -18.0  -34.866  -59.019   2352.3    767.4
     3     1    19    12    16    21     0     3   -18.0  -34.283  -58.855   2026.6    785.9
     4     1    19    12    16    21     0     3   -18.0  -33.747  -59.029   1687.2    808.5
     5     1    19    12    16    21     0     3   -18.0  -35.466  -60.216    195.1    979.9
     1     1    19    12    16    20     0     2   -19.0  -34.509  -58.928     39.8   1002.2
     2     1    19    12    16    20     0     2   -19.0  -35.080  -59.222   2990.5    689.0
     3     1    19    12    16    20     0     2   -19.0  -34.267  -58.911   2203.6    793.4
     4     1    19    12    16    20     0     2   -19.0  -33.647  -58.974   1610.6    860.5
     5     1    19    12    16    20     0     2   -19.0  -35.432  -60.149    112.6    996.8
     1     1    19    12    16    19     0     1   -20.0  -34.473  -58.931     44.2   1002.1
     2     1    19    12    16    19     0     1   -20.0  -35.210  -59.491   3168.6    673.2
     3     1    19    12    16    19     0     1   -20.0  -34.269  -59.009   2749.6    743.4
     4     1    19    12    16    19     0     1   -20.0  -33.556  -58.963   1890.2    821.8
     5     1    19    12    16    19     0     1   -20.0  -35.444  -60.093     85.9    996.2
     1     1    19    12    16    18     0     0   -21.0  -34.438  -58.955     59.0   1001.6
     2     1    19    12    16    18     0     0   -21.0  -35.239  -59.743   2931.5    694.7
     3     1    19    12    16    18     0     0   -21.0  -34.281  -59.192   3173.8    669.0
     4     1    19    12    16    18     0     0   -21.0  -33.501  -59.018   2462.3    767.3
     5     1    19    12    16    18     0     0   -21.0  -35.509  -60.047     91.5    994.0
     1     1    19    12    16    17     0     1   -22.0  -34.404  -58.986     83.3    998.3
     2     1    19    12    16    17     0     1   -22.0  -35.188  -59.922   2299.3    758.3
     3     1    19    12    16    17     0     1   -22.0  -34.291  -59.414   3283.2    661.2
     4     1    19    12    16    17     0     1   -22.0  -33.521  -59.151   2920.2    690.8
     5     1    19    12    16    17     0     1   -22.0  -35.591  -60.020    117.1    988.9
     1     1    19    12    16    16     0     2   -23.0  -34.371  -59.005    104.6    995.9
     2     1    19    12    16    16     0     2   -23.0  -35.140  -60.018   1598.3    843.9
     3     1    19    12    16    16     0     2   -23.0  -34.319  -59.635   3177.3    685.6
     4     1    19    12    16    16     0     2   -23.0  -33.583  -59.320   3086.5    687.6
     5     1    19    12    16    16     0     2   -23.0  -35.641  -60.015    137.2    986.1
     1     1    19    12    16    15     0     3   -24.0  -34.335  -59.003    113.5    994.8
     2     1    19    12    16    15     0     3   -24.0  -35.118  -60.042   1230.6    899.0
     3     1    19    12    16    15     0     3   -24.0  -34.362  -59.820   3068.8    703.6
     4     1    19    12    16    15     0     3   -24.0  -33.665  -59.490   3081.6    693.3
     5     1    19    12    16    15     0     3   -24.0  -35.654  -60.029    139.2    985.1
     1     1    19    12    16    14     0     2   -25.0  -34.289  -58.991    112.2    996.1
     2     1    19    12    16    14     0     2   -25.0  -35.096  -60.044   1116.5    886.5
     3     1    19    12    16    14     0     2   -25.0  -34.423  -59.981   2991.3    706.1
     4     1    19    12    16    14     0     2   -25.0  -33.763  -59.644   3014.1    704.9
     5     1    19    12    16    14     0     2   -25.0  -35.647  -60.037    137.7    988.2
     1     1    19    12    16    13     0     1   -26.0  -34.228  -58.983    108.7    997.0
     2     1    19    12    16    13     0     1   -26.0  -35.058  -60.041   1025.9    896.0
     3     1    19    12    16    13     0     1   -26.0  -34.501  -60.135   2895.9    713.3
     4     1    19    12    16    13     0     1   -26.0  -33.881  -59.786   2934.2    711.1
     5     1    19    12    16    13     0     1   -26.0  -35.636  -60.023    146.8    988.1
     1     1    19    12    16    12     0     0   -27.0  -34.149  -58.980    103.7    998.1
     2     1    19    12    16    12     0     0   -27.0  -34.991  -60.042    952.5    904.1
     3     1    19    12    16    12     0     0   -27.0  -34.600  -60.286   2767.1    722.5
     4     1    19    12    16    12     0     0   -27.0  -34.026  -59.922   2820.3    720.3
     5     1    19    12    16    12     0     0   -27.0  -35.621  -59.989    166.5    986.5
     1     1    19    12    16    11     0     1   -28.0  -34.063  -58.989     99.0    998.1
     2     1    19    12    16    11     0     1   -28.0  -34.908  -60.048    900.2    910.2
     3     1    19    12    16    11     0     1   -28.0  -34.709  -60.439   2612.0    736.9
     4     1    19    12    16    11     0     1   -28.0  -34.186  -60.066   2720.0    733.6
     5     1    19    12    16    11     0     1   -28.0  -35.610  -59.953    189.5    982.1
     1     1    19    12    16    10     0     2   -29.0  -33.989  -59.014     95.5    997.8
     2     1    19    12    16    10     0     2   -29.0  -34.837  -60.062    876.7    912.0
     3     1    19    12    16    10     0     2   -29.0  -34.820  -60.606   2471.5    749.1
     4     1    19    12    16    10     0     2   -29.0  -34.348  -60.226   2668.9    734.3
     5     1    19    12    16    10     0     2   -29.0  -35.610  -59.934    210.2    979.2
     1     1    19    12    16     9     0     3   -30.0  -33.929  -59.051     93.1    997.3
     2     1    19    12    16     9     0     3   -30.0  -34.777  -60.083    879.4    910.8
     3     1    19    12    16     9     0     3   -30.0  -34.936  -60.797   2385.1    757.7
     4     1    19    12    16     9     0     3   -30.0  -34.506  -60.404   2633.7    734.7
     5     1    19    12    16     9     0     3   -30.0  -35.619  -59.932    230.0    976.4
     1     1    19    12    16     8     0     2   -31.0  -33.874  -59.083     92.6    997.5
     2     1    19    12    16     8     0     2   -31.0  -34.727  -60.100    889.3    907.9
     3     1    19    12    16     8     0     2   -31.0  -35.047  -61.005   2410.4    757.0
     4     1    19    12    16     8     0     2   -31.0  -34.658  -60.602   2613.1    735.9
     5     1    19    12    16     8     0     2   -31.0  -35.615  -59.938    243.2    974.2
     1     1    19    12    16     7     0     1   -32.0  -33.814  -59.097     95.7    997.2
     2     1    19    12    16     7     0     1   -32.0  -34.680  -60.100    891.5    907.8
     3     1    19    12    16     7     0     1   -32.0  -35.150  -61.222   2526.3    742.5
     4     1    19    12    16     7     0     1   -32.0  -34.799  -60.817   2650.1    734.0
     5     1    19    12    16     7     0     1   -32.0  -35.572  -59.941    242.8    974.5
     1     1    19    12    16     6     0     0   -33.0  -33.751  -59.090    103.2    996.5
     2     1    19    12    16     6     0     0   -33.0  -34.637  -60.076    886.7    908.7
     3     1    19    12    16     6     0     0   -33.0  -35.256  -61.447   2688.9    727.1
     4     1    19    12    16     6     0     0   -33.0  -34.938  -61.048   2773.8    721.9
     5     1    19    12    16     6     0     0   -33.0  -35.491  -59.936    231.6    976.6
     1     1    19    12    16     5     0     1   -34.0  -33.695  -59.054    113.9    995.1
     2     1    19    12    16     5     0     1   -34.0  -34.606  -60.020    870.2    910.5
     3     1    19    12    16     5     0     1   -34.0  -35.370  -61.680   2849.4    709.1
     4     1    19    12    16     5     0     1   -34.0  -35.082  -61.287   2906.1    703.5
     5     1    19    12    16     5     0     1   -34.0  -35.406  -59.884    222.7    979.6
     1     1    19    12    16     4     0     2   -35.0  -33.657  -58.986    125.8    993.8
     2     1    19    12    16     4     0     2   -35.0  -34.607  -59.920    845.1    913.7
     3     1    19    12    16     4     0     2   -35.0  -35.482  -61.909   2985.2    698.8
     4     1    19    12    16     4     0     2   -35.0  -35.223  -61.524   3020.2    696.6
     5     1    19    12    16     4     0     2   -35.0  -35.353  -59.758    223.8    980.1
     1     1    19    12    16     3     0     3   -36.0  -33.644  -58.889    139.4    991.8
     2     1    19    12    16     3     0     3   -36.0  -34.655  -59.773    823.8    916.3
     3     1    19    12    16     3     0     3   -36.0  -35.591  -62.126   3103.8    688.0
     4     1    19    12    16     3     0     3   -36.0  -35.355  -61.754   3151.8    685.9
     5     1    19    12    16     3     0     3   -36.0  -35.334  -59.577    235.0    979.6
     1     1    19    12    16     2     0     2   -37.0  -33.672  -58.766    157.3    988.6
     2     1    19    12    16     2     0     2   -37.0  -34.764  -59.613    835.6    917.0
     3     1    19    12    16     2     0     2   -37.0  -35.711  -62.334   3196.4    680.2
     4     1    19    12    16     2     0     2   -37.0  -35.490  -61.982   3266.2    672.9
     5     1    19    12    16     2     0     2   -37.0  -35.350  -59.378    249.9    977.5
     1     1    19    12    16     1     0     1   -38.0  -33.760  -58.617    186.0    983.7
     2     1    19    12    16     1     0     1   -38.0  -34.930  -59.482    883.0    910.2
     3     1    19    12    16     1     0     1   -38.0  -35.862  -62.556   3305.1    674.6
     4     1    19    12    16     1     0     1   -38.0  -35.643  -62.212   3346.7    668.4
     5     1    19    12    16     1     0     1   -38.0  -35.397  -59.182    258.0    977.2
     1     1    19    12    16     0     0     0   -39.0  -33.917  -58.448    236.7    976.3
     2     1    19    12    16     0     0     0   -39.0  -35.142  -59.371    892.1    902.3
     3     1    19    12    16     0     0     0   -39.0  -36.053  -62.805   3493.0    660.5
     4     1    19    12    16     0     0     0   -39.0  -35.822  -62.461   3474.7    662.0
     5     1    19    12    16     0     0     0   -39.0  -35.470  -58.965    262.4    977.8
     1     1    19    12    15    23     0     1   -40.0  -34.137  -58.295    304.8    965.0
     2     1    19    12    15    23     0     1   -40.0  -35.374  -59.242    768.2    909.8
     3     1    19    12    15    23     0     1   -40.0  -36.252  -63.043   3641.9    637.0
     4     1    19    12    15    23     0     1   -40.0  -36.017  -62.715   3636.1    643.0
     5     1    19    12    15    23     0     1   -40.0  -35.575  -58.756    250.0    976.4
     1     1    19    12    15    22     0     2   -41.0  -34.380  -58.181    359.5    958.5
     2     1    19    12    15    22     0     2   -41.0  -35.589  -59.094    582.5    940.2
     3     1    19    12    15    22     0     2   -41.0  -36.415  -63.250   3694.0    633.6
     4     1    19    12    15    22     0     2   -41.0  -36.192  -62.942   3725.5    632.2
     5     1    19    12    15    22     0     2   -41.0  -35.705  -58.593    229.8    980.1
     1     1    19    12    15    21     0     3   -42.0  -34.632  -58.088    423.8    955.8
     2     1    19    12    15    21     0     3   -42.0  -35.792  -58.977    442.6    959.9
     3     1    19    12    15    21     0     3   -42.0  -36.550  -63.439   3699.8    634.1
     4     1    19    12    15    21     0     3   -42.0  -36.334  -63.143   3745.5    630.9
     5     1    19    12    15    21     0     3   -42.0  -35.850  -58.440    233.8    979.9
     1     1    19    12    15    20     0     2   -43.0  -34.896  -57.984    562.3    946.1
     2     1    19    12    15    20     0     2   -43.0  -35.995  -58.885    400.3    967.6
     3     1    19    12    15    20     0     2   -43.0  -36.671  -63.617   3694.6    635.6
     4     1    19    12    15    20     0     2   -43.0  -36.458  -63.333   3746.6    632.6
     5     1    19    12    15    20     0     2   -43.0  -36.034  -58.273    278.5    976.0
     1     1    19    12    15    19     0     1   -44.0  -35.212  -57.861    807.5    918.7
     2     1    19    12    15    19     0     1   -44.0  -36.223  -58.771    422.3    955.5
     3     1    19    12    15    19     0     1   -44.0  -36.773  -63.791   3689.5    635.7
     4     1    19    12    15    19     0     1   -44.0  -36.577  -63.522   3750.6    631.7
     5     1    19    12    15    19     0     1   -44.0  -36.306  -58.102    349.0    966.1
     1     1    19    12    15    18     0     0   -45.0  -35.578  -57.763   1088.1    885.2
     2     1    19    12    15    18     0     0   -45.0  -36.479  -58.633    408.0    955.2
     3     1    19    12    15    18     0     0   -45.0  -36.839  -63.960   3679.6    636.2
     4     1    19    12    15    18     0     0   -45.0  -36.674  -63.707   3756.1    630.7
     5     1    19    12    15    18     0     0   -45.0  -36.643  -57.938    392.3    959.4
     1     1    19    12    15    17     0     1   -46.0  -35.898  -57.679   1218.5    857.6
     2     1    19    12    15    17     0     1   -46.0  -36.725  -58.478    379.2    961.3
     3     1    19    12    15    17     0     1   -46.0  -36.885  -64.123   3692.9    636.2
     4     1    19    12    15    17     0     1   -46.0  -36.745  -63.880   3782.0    630.3
     5     1    19    12    15    17     0     1   -46.0  -36.939  -57.768    389.7    961.1
     1     1    19    12    15    16     0     2   -47.0  -36.125  -57.556   1190.5    870.5
     2     1    19    12    15    16     0     2   -47.0  -36.949  -58.307    384.0    963.9
     3     1    19    12    15    16     0     2   -47.0  -36.933  -64.283   3756.6    628.4
     4     1    19    12    15    16     0     2   -47.0  -36.803  -64.041   3860.4    624.5
     5     1    19    12    15    16     0     2   -47.0  -37.144  -57.590    392.6    963.9
     1     1    19    12    15    15     0     3   -48.0  -36.267  -57.400   1109.1    885.6
     2     1    19    12    15    15     0     3   -48.0  -37.162  -58.129    442.6    957.8
     3     1    19    12    15    15     0     3   -48.0  -36.983  -64.435   3864.7    617.2
     4     1    19    12    15    15     0     3   -48.0  -36.858  -64.188   4002.8    611.2
     5     1    19    12    15    15     0     3   -48.0  -37.291  -57.413    441.0    959.3
     1     1    19    12    15    14     0     2   -49.0  -36.329  -57.239   1061.6    895.2
     2     1    19    12    15    14     0     2   -49.0  -37.353  -57.958    527.2    943.0
     3     1    19    12    15    14     0     2   -49.0  -37.052  -64.585   3964.5    603.2
     4     1    19    12    15    14     0     2   -49.0  -36.934  -64.337   4145.6    592.6
     5     1    19    12    15    14     0     2   -49.0  -37.390  -57.248    512.2    948.6
     1     1    19    12    15    13     0     1   -50.0  -36.311  -57.099   1064.6    892.9
     2     1    19    12    15    13     0     1   -50.0  -37.495  -57.802    598.7    935.2
     3     1    19    12    15    13     0     1   -50.0  -37.144  -64.741   4009.6    598.5
     4     1    19    12    15    13     0     1   -50.0  -37.047  -64.497   4218.3    585.0
     5     1    19    12    15    13     0     1   -50.0  -37.442  -57.109    572.2    943.3
     1     1    19    12    15    12     0     0   -51.0  -36.212  -56.982   1094.1    889.3
     2     1    19    12    15    12     0     0   -51.0  -37.575  -57.664    658.1    929.1
     3     1    19    12    15    12     0     0   -51.0  -37.250  -64.890   4021.8    596.7
     4     1    19    12    15    12     0     0   -51.0  -37.182  -64.660   4238.2    582.5
     5     1    19    12    15    12     0     0   -51.0  -37.444  -57.000    620.4    939.4
     1     1    19    12    15    11     0     1   -52.0  -36.081  -56.849   1131.6    884.1
     2     1    19    12    15    11     0     1   -52.0  -37.603  -57.555    710.7    925.0
     3     1    19    12    15    11     0     1   -52.0  -37.359  -65.059   4042.0    596.5
     4     1    19    12    15    11     0     1   -52.0  -37.318  -64.849   4261.3    581.8
     5     1    19    12    15    11     0     1   -52.0  -37.402  -56.920    654.8    935.7
     1     1    19    12    15    10     0     2   -53.0  -35.960  -56.680   1175.8    882.2
     2     1    19    12    15    10     0     2   -53.0  -37.592  -57.484    762.7    920.1
     3     1    19    12    15    10     0     2   -53.0  -37.474  -65.295   4078.2    592.9
     4     1    19    12    15    10     0     2   -53.0  -37.448  -65.095   4314.7    574.5
     5     1    19    12    15    10     0     2   -53.0  -37.331  -56.862    678.6    933.5
     1     1    19    12    15     9     0     3   -54.0  -35.845  -56.489   1292.3    873.9
     2     1    19    12    15     9     0     3   -54.0  -37.547  -57.440    812.0    915.8
     3     1    19    12    15     9     0     3   -54.0  -37.593  -65.591   4069.3    593.8
     4     1    19    12    15     9     0     3   -54.0  -37.579  -65.396   4333.5    572.5
     5     1    19    12    15     9     0     3   -54.0  -37.234  -56.820    697.2    931.9
     1     1    19    12    15     8     0     2   -55.0  -35.724  -56.270   1486.1    849.5
     2     1    19    12    15     8     0     2   -55.0  -37.481  -57.395    846.2    911.6
     3     1    19    12    15     8     0     2   -55.0  -37.695  -65.922   4018.1    601.5
     4     1    19    12    15     8     0     2   -55.0  -37.695  -65.735   4307.2    578.8
     5     1    19    12    15     8     0     2   -55.0  -37.125  -56.744    741.1    929.9
     1     1    19    12    15     7     0     1   -56.0  -35.588  -56.041   1622.6    828.7
     2     1    19    12    15     7     0     1   -56.0  -37.403  -57.317    863.7    911.6
     3     1    19    12    15     7     0     1   -56.0  -37.784  -66.275   3944.8    606.5
     4     1    19    12    15     7     0     1   -56.0  -37.791  -66.107   4229.8    583.2
     5     1    19    12    15     7     0     1   -56.0  -37.004  -56.586    853.5    919.2
     1     1    19    12    15     6     0     0   -57.0  -35.431  -55.817   1605.4    827.9
     2     1    19    12    15     6     0     0   -57.0  -37.313  -57.192    898.1    911.2
     3     1    19    12    15     6     0     0   -57.0  -37.871  -66.635   3889.7    609.8
     4     1    19    12    15     6     0     0   -57.0  -37.883  -66.492   4124.9    592.7
     5     1    19    12    15     6     0     0   -57.0  -36.867  -56.371   1025.3    898.3
     1     1    19    12    15     5     0     1   -58.0  -35.261  -55.596   1528.7    846.3
     2     1    19    12    15     5     0     1   -58.0  -37.219  -57.047    944.4    903.9
     3     1    19    12    15     5     0     1   -58.0  -37.965  -66.972   3905.5    607.7
     4     1    19    12    15     5     0     1   -58.0  -37.985  -66.843   4104.7    594.9
     5     1    19    12    15     5     0     1   -58.0  -36.718  -56.182   1210.0    877.9
     1     1    19    12    15     4     0     2   -59.0  -35.096  -55.371   1466.6    852.7
     2     1    19    12    15     4     0     2   -59.0  -37.135  -56.928    938.9    902.7
     3     1    19    12    15     4     0     2   -59.0  -38.060  -67.300   3993.6    598.2
     4     1    19    12    15     4     0     2   -59.0  -38.093  -67.185   4178.3    584.8
     5     1    19    12    15     4     0     2   -59.0  -36.570  -56.051   1414.8    860.6
     1     1    19    12    15     3     0     3   -60.0  -34.929  -55.150   1426.0    856.9
     2     1    19    12    15     3     0     3   -60.0  -37.073  -56.841    861.2    912.3
     3     1    19    12    15     3     0     3   -60.0  -38.137  -67.684   4102.9    589.0
     4     1    19    12    15     3     0     3   -60.0  -38.188  -67.585   4274.1    575.6
     5     1    19    12    15     3     0     3   -60.0  -36.422  -55.954   1658.4    834.9
     1     1    19    12    15     2     0     2   -61.0  -34.757  -54.970   1435.5    854.7
     2     1    19    12    15     2     0     2   -61.0  -37.029  -56.772    788.1    928.4
     3     1    19    12    15     2     0     2   -61.0  -38.202  -68.143   4209.6    579.7
     4     1    19    12    15     2     0     2   -61.0  -38.270  -68.059   4357.9    568.6
     5     1    19    12    15     2     0     2   -61.0  -36.278  -55.898   1832.7    808.3
     1     1    19    12    15     1     0     1   -62.0  -34.598  -54.850   1517.2    844.3
     2     1    19    12    15     1     0     1   -62.0  -36.997  -56.729    789.3    927.3
     3     1    19    12    15     1     0     1   -62.0  -38.265  -68.631   4315.1    570.1
     4     1    19    12    15     1     0     1   -62.0  -38.340  -68.562   4437.4    560.9
     5     1    19    12    15     1     0     1   -62.0  -36.137  -55.888   1871.1    807.3
     1     1    19    12    15     0     0     0   -63.0  -34.456  -54.789   1686.4    827.3
     2     1    19    12    15     0     0     0   -63.0  -36.978  -56.725    841.4    921.3
     3     1    19    12    15     0     0     0   -63.0  -38.316  -69.101   4345.2    557.2
     4     1    19    12    15     0     0     0   -63.0  -38.395  -69.049   4454.0    550.6
     5     1    19    12    15     0     0     0   -63.0  -35.985  -55.926   1812.2    815.6
     1     1    19    12    14    23     0     1   -64.0  -34.318  -54.773   1917.8    797.6
     2     1    19    12    14    23     0     1   -64.0  -36.942  -56.756    751.8    910.6
     3     1    19    12    14    23     0     1   -64.0  -38.347  -69.562   4298.6    546.7
     4     1    19    12    14    23     0     1   -64.0  -38.428  -69.528   4403.6    540.9
     5     1    19    12    14    23     0     1   -64.0  -35.818  -55.980   1746.7    828.4
     1     1    19    12    14    22     0     2   -65.0  -34.169  -54.790   2114.4    772.1
     2     1    19    12    14    22     0     2   -65.0  -36.835  -56.766    495.9    947.7
     3     1    19    12    14    22     0     2   -65.0  -38.359  -70.032   4290.4    528.3
     4     1    19    12    14    22     0     2   -65.0  -38.444  -70.013   4410.7    521.2
     5     1    19    12    14    22     0     2   -65.0  -35.639  -56.035   1705.8    829.6
     1     1    19    12    14    21     0     3   -66.0  -34.022  -54.840   2162.6    758.4
     2     1    19    12    14    21     0     3   -66.0  -36.657  -56.741    294.9    983.2
     3     1    19    12    14    21     0     3   -66.0  -38.365  -70.482   4243.5    505.4
     4     1    19    12    14    21     0     3   -66.0  -38.452  -70.475   4392.2    497.3
     5     1    19    12    14    21     0     3   -66.0  -35.435  -56.084   1648.9    833.0
     1     1    19    12    14    20     0     2   -67.0  -33.879  -54.915   2140.6    770.5
     2     1    19    12    14    20     0     2   -67.0  -36.456  -56.710    196.1    996.4
     3     1    19    12    14    20     0     2   -67.0  -38.376  -70.908   4090.4    497.3
     4     1    19    12    14    20     0     2   -67.0  -38.464  -70.912   4269.8    487.6
     5     1    19    12    14    20     0     2   -67.0  -35.210  -56.101   1589.0    842.8
     1     1    19    12    14    19     0     1   -68.0  -33.730  -54.992   2149.4    769.9
     2     1    19    12    14    19     0     1   -68.0  -36.248  -56.693    169.6    994.6
     3     1    19    12    14    19     0     1   -68.0  -38.382  -71.338   4029.0    527.4
     4     1    19    12    14    19     0     1   -68.0  -38.474  -71.348   4236.2    515.5
     5     1    19    12    14    19     0     1   -68.0  -34.977  -56.081   1559.0    846.4
     1     1    19    12    14    18     0     0   -69.0  -33.579  -55.058   2209.6    766.4
     2     1    19    12    14    18     0     0   -69.0  -36.021  -56.674    176.9    993.2
     3     1    19    12    14    18     0     0   -69.0  -38.380  -71.782   4092.6    555.5
     4     1    19    12    14    18     0     0   -69.0  -38.477  -71.796   4326.2    540.7
     5     1    19    12    14    18     0     0   -69.0  -34.749  -56.042   1603.9    844.4
     1     1    19    12    14    17     0     1   -70.0  -33.435  -55.128   2301.5    756.4
     2     1    19    12    14    17     0     1   -70.0  -35.796  -56.665    204.0    989.7
     3     1    19    12    14    17     0     1   -70.0  -38.379  -72.202   4219.9    565.2
     4     1    19    12    14    17     0     1   -70.0  -38.484  -72.222   4469.0    547.7
     5     1    19    12    14    17     0     1   -70.0  -34.553  -56.007   1724.7    826.1
     1     1    19    12    14    16     0     2   -71.0  -33.306  -55.224   2385.0    748.8
     2     1    19    12    14    16     0     2   -71.0  -35.585  -56.687    240.6    986.0
     3     1    19    12    14    16     0     2   -71.0  -38.387  -72.573   4329.5    564.4
     4     1    19    12    14    16     0     2   -71.0  -38.500  -72.599   4584.0    547.8
     5     1    19    12    14    16     0     2   -71.0  -34.391  -55.997   1833.0    812.0
     1     1    19    12    14    15     0     3   -72.0  -33.196  -55.352   2442.6    744.7
     2     1    19    12    14    15     0     3   -72.0  -35.371  -56.735    282.1    981.7
     3     1    19    12    14    15     0     3   -72.0  -38.404  -72.889   4390.1    568.6
     4     1    19    12    14    15     0     3   -72.0  -38.521  -72.925   4648.5    552.9
     5     1    19    12    14    15     0     3   -72.0  -34.256  -56.026   1896.9    803.9
