     7     1
    GDAS    19     9    29     0     0
    GDAS    19    10     1     0     0
    GDAS    19    10     8     0     0
    GDAS    19    10    15     0     0
    GDAS    19    10    22     0     0
    GDAS    19    10    29     0     0
    GDAS    19    11     1     0     0
     5 BACKWARD OMEGA   
    19    10    10     3  -34.572  -58.513    10.0
    19    10    10     3  -34.572  -58.513   200.0
    19    10    10     3  -34.572  -58.513   500.0
    19    10    10     3  -34.572  -58.513  1000.0
    19    10    10     3  -34.572  -58.513  2000.0
     1 PRESSURE
     1     1    19    10    10     3     0     3     0.0  -34.572  -58.513     10.0   1008.7
     2     1    19    10    10     3     0     3     0.0  -34.572  -58.513    200.0    986.9
     3     1    19    10    10     3     0     3     0.0  -34.572  -58.513    500.0    953.1
     4     1    19    10    10     3     0     3     0.0  -34.572  -58.513   1000.0    899.0
     5     1    19    10    10     3     0     3     0.0  -34.572  -58.513   2000.0    798.2
     1     1    19    10    10     2     0     2    -1.0  -34.469  -58.566     15.2   1008.2
     2     1    19    10    10     2     0     2    -1.0  -34.360  -58.689    249.2    983.5
     3     1    19    10    10     2     0     2    -1.0  -34.417  -58.810    625.7    945.1
     4     1    19    10    10     2     0     2    -1.0  -34.584  -58.821   1148.7    889.1
     5     1    19    10    10     2     0     2    -1.0  -34.672  -59.009   2101.6    798.4
     1     1    19    10    10     1     0     1    -2.0  -34.345  -58.626     22.3   1007.7
     2     1    19    10    10     1     0     1    -2.0  -34.109  -58.837    385.8    974.7
     3     1    19    10    10     1     0     1    -2.0  -34.299  -59.084    962.6    922.4
     4     1    19    10    10     1     0     1    -2.0  -34.641  -59.155   1395.5    865.8
     5     1    19    10    10     1     0     1    -2.0  -34.803  -59.545   2235.8    772.8
     1     1    19    10    10     0     0     0    -3.0  -34.197  -58.694     33.6   1007.2
     2     1    19    10    10     0     0     0    -3.0  -33.873  -59.002    906.5    940.7
     3     1    19    10    10     0     0     0    -3.0  -34.337  -59.465   1663.3    846.6
     4     1    19    10    10     0     0     0    -3.0  -34.749  -59.524   1600.2    832.4
     5     1    19    10    10     0     0     0    -3.0  -34.923  -60.065   2162.3    770.3
     1     1    19    10     9    23     0     1    -4.0  -34.050  -58.744     48.1   1004.7
     2     1    19    10     9    23     0     1    -4.0  -33.859  -59.396   1878.5    793.6
     3     1    19    10     9    23     0     1    -4.0  -34.442  -59.941   2029.4    767.0
     4     1    19    10     9    23     0     1    -4.0  -34.871  -59.864   1652.5    828.2
     5     1    19    10     9    23     0     1    -4.0  -35.025  -60.482   1993.5    800.3
     1     1    19    10     9    22     0     2    -5.0  -33.942  -58.755     54.2   1002.6
     2     1    19    10     9    22     0     2    -5.0  -33.864  -59.849   2198.5    742.4
     3     1    19    10     9    22     0     2    -5.0  -34.481  -60.349   1827.1    788.8
     4     1    19    10     9    22     0     2    -5.0  -35.017  -60.178   1710.9    830.3
     5     1    19    10     9    22     0     2    -5.0  -35.135  -60.885   1835.8    803.5
     1     1    19    10     9    21     0     3    -6.0  -33.880  -58.731     46.3   1002.4
     2     1    19    10     9    21     0     3    -6.0  -33.747  -60.221   1823.6    775.7
     3     1    19    10     9    21     0     3    -6.0  -34.468  -60.673   1149.0    850.9
     4     1    19    10     9    21     0     3    -6.0  -35.178  -60.548   1766.8    811.3
     5     1    19    10     9    21     0     3    -6.0  -35.260  -61.283   1688.7    825.3
     1     1    19    10     9    20     0     2    -7.0  -33.827  -58.701     34.6   1004.5
     2     1    19    10     9    20     0     2    -7.0  -33.553  -60.485   1380.3    866.2
     3     1    19    10     9    20     0     2    -7.0  -34.445  -60.888    707.6    955.9
     4     1    19    10     9    20     0     2    -7.0  -35.303  -60.966   1736.9    814.3
     5     1    19    10     9    20     0     2    -7.0  -35.352  -61.667   1690.8    831.1
     1     1    19    10     9    19     0     1    -8.0  -33.750  -58.691     25.9   1005.9
     2     1    19    10     9    19     0     1    -8.0  -33.364  -60.692   1172.9    892.9
     3     1    19    10     9    19     0     1    -8.0  -34.389  -61.090    543.5    957.7
     4     1    19    10     9    19     0     1    -8.0  -35.368  -61.375   1737.4    822.7
     5     1    19    10     9    19     0     1    -8.0  -35.379  -62.030   1796.1    813.3
     1     1    19    10     9    18     0     0    -9.0  -33.654  -58.700     20.1   1007.3
     2     1    19    10     9    18     0     0    -9.0  -33.187  -60.873   1145.3    885.3
     3     1    19    10     9    18     0     0    -9.0  -34.294  -61.286    569.0    946.1
     4     1    19    10     9    18     0     0    -9.0  -35.381  -61.752   1821.2    810.9
     5     1    19    10     9    18     0     0    -9.0  -35.370  -62.378   1924.8    800.2
     1     1    19    10     9    17     0     1   -10.0  -33.546  -58.721     17.0   1008.9
     2     1    19    10     9    17     0     1   -10.0  -33.004  -61.031   1164.1    876.8
     3     1    19    10     9    17     0     1   -10.0  -34.159  -61.485    631.6    928.1
     4     1    19    10     9    17     0     1   -10.0  -35.363  -62.105   1904.8    799.7
     5     1    19    10     9    17     0     1   -10.0  -35.355  -62.723   2043.1    786.9
     1     1    19    10     9    16     0     2   -11.0  -33.429  -58.748     16.4   1010.1
     2     1    19    10     9    16     0     2   -11.0  -32.799  -61.152   1182.2    877.7
     3     1    19    10     9    16     0     2   -11.0  -33.970  -61.677    616.2    930.8
     4     1    19    10     9    16     0     2   -11.0  -35.338  -62.434   1965.9    795.6
     5     1    19    10     9    16     0     2   -11.0  -35.352  -63.065   2130.0    778.2
     1     1    19    10     9    15     0     3   -12.0  -33.302  -58.781     17.4   1011.2
     2     1    19    10     9    15     0     3   -12.0  -32.585  -61.243   1198.7    876.8
     3     1    19    10     9    15     0     3   -12.0  -33.729  -61.850    569.3    940.3
     4     1    19    10     9    15     0     3   -12.0  -35.327  -62.742   2010.9    790.9
     5     1    19    10     9    15     0     3   -12.0  -35.357  -63.413   2179.8    771.9
     1     1    19    10     9    14     0     2   -13.0  -33.177  -58.807     19.4   1011.4
     2     1    19    10     9    14     0     2   -13.0  -32.376  -61.318   1209.6    877.3
     3     1    19    10     9    14     0     2   -13.0  -33.458  -61.994    530.6    945.7
     4     1    19    10     9    14     0     2   -13.0  -35.337  -63.026   2037.5    788.6
     5     1    19    10     9    14     0     2   -13.0  -35.371  -63.766   2202.9    768.5
     1     1    19    10     9    13     0     1   -14.0  -33.062  -58.814     21.6   1011.5
     2     1    19    10     9    13     0     1   -14.0  -32.185  -61.391   1218.9    877.0
     3     1    19    10     9    13     0     1   -14.0  -33.154  -62.103    505.9    947.7
     4     1    19    10     9    13     0     1   -14.0  -35.373  -63.294   2044.8    785.9
     5     1    19    10     9    13     0     1   -14.0  -35.402  -64.117   2204.1    765.3
     1     1    19    10     9    12     0     0   -15.0  -32.956  -58.802     23.9   1011.4
     2     1    19    10     9    12     0     0   -15.0  -32.012  -61.461   1227.1    876.7
     3     1    19    10     9    12     0     0   -15.0  -32.804  -62.182    490.4    948.6
     4     1    19    10     9    12     0     0   -15.0  -35.440  -63.551   2031.9    785.6
     5     1    19    10     9    12     0     0   -15.0  -35.447  -64.466   2171.3    763.3
     1     1    19    10     9    11     0     1   -16.0  -32.858  -58.777     26.1   1010.9
     2     1    19    10     9    11     0     1   -16.0  -31.852  -61.537   1237.4    875.0
     3     1    19    10     9    11     0     1   -16.0  -32.444  -62.232    478.6    949.3
     4     1    19    10     9    11     0     1   -16.0  -35.532  -63.807   2034.4    786.9
     5     1    19    10     9    11     0     1   -16.0  -35.495  -64.818   2134.4    765.5
     1     1    19    10     9    10     0     2   -17.0  -32.768  -58.743     28.6   1010.5
     2     1    19    10     9    10     0     2   -17.0  -31.701  -61.628   1253.2    872.4
     3     1    19    10     9    10     0     2   -17.0  -32.102  -62.241    463.4    950.2
     4     1    19    10     9    10     0     2   -17.0  -35.639  -64.098   2093.1    779.1
     5     1    19    10     9    10     0     2   -17.0  -35.526  -65.192   2127.7    762.1
     1     1    19    10     9     9     0     3   -18.0  -32.687  -58.705     31.4   1010.0
     2     1    19    10     9     9     0     3   -18.0  -31.566  -61.740   1282.2    868.6
     3     1    19    10     9     9     0     3   -18.0  -31.774  -62.200    444.6    953.4
     4     1    19    10     9     9     0     3   -18.0  -35.749  -64.447   2206.2    763.4
     5     1    19    10     9     9     0     3   -18.0  -35.519  -65.571   2143.9    756.3
     1     1    19    10     9     8     0     2   -19.0  -32.615  -58.668     34.7   1009.6
     2     1    19    10     9     8     0     2   -19.0  -31.444  -61.868   1319.2    862.5
     3     1    19    10     9     8     0     2   -19.0  -31.456  -62.107    433.1    956.2
     4     1    19    10     9     8     0     2   -19.0  -35.840  -64.852   2316.8    743.9
     5     1    19    10     9     8     0     2   -19.0  -35.481  -65.936   2156.9    750.8
     1     1    19    10     9     7     0     1   -20.0  -32.548  -58.636     38.3   1009.1
     2     1    19    10     9     7     0     1   -20.0  -31.327  -62.003   1346.0    858.0
     3     1    19    10     9     7     0     1   -20.0  -31.135  -61.965    439.1    956.3
     4     1    19    10     9     7     0     1   -20.0  -35.913  -65.263   2393.5    734.9
     5     1    19    10     9     7     0     1   -20.0  -35.441  -66.276   2156.3    749.7
     1     1    19    10     9     6     0     0   -21.0  -32.482  -58.609     42.1   1008.7
     2     1    19    10     9     6     0     0   -21.0  -31.199  -62.140   1345.2    856.9
     3     1    19    10     9     6     0     0   -21.0  -30.806  -61.788    450.7    954.9
     4     1    19    10     9     6     0     0   -21.0  -35.977  -65.659   2440.6    727.5
     5     1    19    10     9     6     0     0   -21.0  -35.403  -66.591   2151.9    751.6
     1     1    19    10     9     5     0     1   -22.0  -32.416  -58.583     45.7   1008.4
     2     1    19    10     9     5     0     1   -22.0  -31.043  -62.262   1333.9    861.1
     3     1    19    10     9     5     0     1   -22.0  -30.497  -61.582    458.9    955.0
     4     1    19    10     9     5     0     1   -22.0  -36.051  -66.073   2457.8    725.5
     5     1    19    10     9     5     0     1   -22.0  -35.370  -66.892   2114.8    750.7
     1     1    19    10     9     4     0     2   -23.0  -32.349  -58.558     49.1   1008.0
     2     1    19    10     9     4     0     2   -23.0  -30.871  -62.367   1345.8    860.2
     3     1    19    10     9     4     0     2   -23.0  -30.229  -61.353    462.7    953.8
     4     1    19    10     9     4     0     2   -23.0  -36.156  -66.530   2458.1    726.5
     5     1    19    10     9     4     0     2   -23.0  -35.354  -67.179   2013.4    757.6
     1     1    19    10     9     3     0     3   -24.0  -32.286  -58.532     52.4   1007.7
     2     1    19    10     9     3     0     3   -24.0  -30.697  -62.461   1372.3    856.7
     3     1    19    10     9     3     0     3   -24.0  -29.992  -61.101    462.1    953.1
     4     1    19    10     9     3     0     3   -24.0  -36.300  -66.999   2452.9    728.7
     5     1    19    10     9     3     0     3   -24.0  -35.348  -67.446   1895.4    764.3
     1     1    19    10     9     2     0     2   -25.0  -32.225  -58.506     55.8   1007.8
     2     1    19    10     9     2     0     2   -25.0  -30.528  -62.539   1410.1    854.0
     3     1    19    10     9     2     0     2   -25.0  -29.792  -60.835    444.3    954.7
     4     1    19    10     9     2     0     2   -25.0  -36.442  -67.519   2399.3    711.2
     5     1    19    10     9     2     0     2   -25.0  -35.351  -67.695   1809.3    769.2
     1     1    19    10     9     1     0     1   -26.0  -32.168  -58.481     59.3   1007.9
     2     1    19    10     9     1     0     1   -26.0  -30.368  -62.607   1481.4    848.6
     3     1    19    10     9     1     0     1   -26.0  -29.646  -60.557    415.7    962.7
     4     1    19    10     9     1     0     1   -26.0  -36.532  -68.068   2255.0    700.1
     5     1    19    10     9     1     0     1   -26.0  -35.376  -67.950   1764.6    764.9
     1     1    19    10     9     0     0     0   -27.0  -32.115  -58.459     62.4   1008.0
     2     1    19    10     9     0     0     0   -27.0  -30.225  -62.682   1614.9    836.7
     3     1    19    10     9     0     0     0   -27.0  -29.553  -60.271    413.6    965.9
     4     1    19    10     9     0     0     0   -27.0  -36.592  -68.569   2020.9    698.6
     5     1    19    10     9     0     0     0   -27.0  -35.432  -68.233   1704.5    749.0
     1     1    19    10     8    23     0     1   -28.0  -32.078  -58.436     67.5   1007.3
     2     1    19    10     8    23     0     1   -28.0  -30.111  -62.764   1767.3    816.3
     3     1    19    10     8    23     0     1   -28.0  -29.486  -60.019    462.8    962.1
     4     1    19    10     8    23     0     1   -28.0  -36.629  -69.017   1870.9    700.3
     5     1    19    10     8    23     0     1   -28.0  -35.487  -68.547   1582.0    736.4
     1     1    19    10     8    22     0     2   -29.0  -32.065  -58.406     77.8   1006.0
     2     1    19    10     8    22     0     2   -29.0  -30.025  -62.813   1865.8    804.6
     3     1    19    10     8    22     0     2   -29.0  -29.419  -59.833    542.3    948.0
     4     1    19    10     8    22     0     2   -29.0  -36.685  -69.505   1968.7    669.2
     5     1    19    10     8    22     0     2   -29.0  -35.512  -68.849   1414.1    732.4
     1     1    19    10     8    21     0     3   -30.0  -32.079  -58.368     95.0   1004.2
     2     1    19    10     8    21     0     3   -30.0  -29.955  -62.813   1891.2    800.9
     3     1    19    10     8    21     0     3   -30.0  -29.353  -59.695    601.8    938.5
     4     1    19    10     8    21     0     3   -30.0  -36.840  -70.146   2376.5    605.9
     5     1    19    10     8    21     0     3   -30.0  -35.512  -69.142   1297.3    724.7
     1     1    19    10     8    20     0     2   -31.0  -32.106  -58.334    116.9   1002.5
     2     1    19    10     8    20     0     2   -31.0  -29.881  -62.784   1893.8    806.6
     3     1    19    10     8    20     0     2   -31.0  -29.290  -59.577    625.9    936.6
     4     1    19    10     8    20     0     2   -31.0  -37.064  -70.938   2723.2    566.4
     5     1    19    10     8    20     0     2   -31.0  -35.496  -69.501   1381.3    685.4
     1     1    19    10     8    19     0     1   -32.0  -32.135  -58.317    141.2   1000.9
     2     1    19    10     8    19     0     1   -32.0  -29.786  -62.754   1927.5    802.6
     3     1    19    10     8    19     0     1   -32.0  -29.232  -59.461    627.1    938.4
     4     1    19    10     8    19     0     1   -32.0  -37.282  -71.623   2984.5    631.7
     5     1    19    10     8    19     0     1   -32.0  -35.548  -70.082   1854.2    601.7
     1     1    19    10     8    18     0     0   -33.0  -32.168  -58.321    170.4    997.8
     2     1    19    10     8    18     0     0   -33.0  -29.677  -62.724   1998.4    797.5
     3     1    19    10     8    18     0     0   -33.0  -29.180  -59.346    638.3    938.3
     4     1    19    10     8    18     0     0   -33.0  -37.505  -72.132   3108.7    658.1
     5     1    19    10     8    18     0     0   -33.0  -35.702  -70.701   2339.8    601.1
     1     1    19    10     8    17     0     1   -34.0  -32.208  -58.329    200.0    993.9
     2     1    19    10     8    17     0     1   -34.0  -29.563  -62.702   2073.1    787.3
     3     1    19    10     8    17     0     1   -34.0  -29.135  -59.238    662.7    934.6
     4     1    19    10     8    17     0     1   -34.0  -37.750  -72.581   3145.8    662.6
     5     1    19    10     8    17     0     1   -34.0  -35.871  -71.181   2514.4    629.6
     1     1    19    10     8    16     0     2   -35.0  -32.259  -58.326    219.0    992.0
     2     1    19    10     8    16     0     2   -35.0  -29.450  -62.681   2116.0    783.6
     3     1    19    10     8    16     0     2   -35.0  -29.099  -59.144    690.9    931.5
     4     1    19    10     8    16     0     2   -35.0  -38.028  -73.060   3203.3    663.4
     5     1    19    10     8    16     0     2   -35.0  -36.078  -71.576   2655.9    671.7
     1     1    19    10     8    15     0     3   -36.0  -32.323  -58.315    224.5    991.6
     2     1    19    10     8    15     0     3   -36.0  -29.340  -62.648   2126.2    782.9
     3     1    19    10     8    15     0     3   -36.0  -29.071  -59.066    722.3    928.2
     4     1    19    10     8    15     0     3   -36.0  -38.339  -73.535   3281.1    675.7
     5     1    19    10     8    15     0     3   -36.0  -36.332  -71.912   2843.2    695.6
     1     1    19    10     8    14     0     2   -37.0  -32.387  -58.310    221.0    992.6
     2     1    19    10     8    14     0     2   -37.0  -29.246  -62.595   2122.3    785.0
     3     1    19    10     8    14     0     2   -37.0  -29.040  -59.002    746.2    924.0
     4     1    19    10     8    14     0     2   -37.0  -38.666  -74.015   3350.7    676.6
     5     1    19    10     8    14     0     2   -37.0  -36.610  -72.245   2983.5    692.7
     1     1    19    10     8    13     0     1   -38.0  -32.439  -58.323    213.5    993.5
     2     1    19    10     8    13     0     1   -38.0  -29.185  -62.526   2119.1    784.9
     3     1    19    10     8    13     0     1   -38.0  -28.992  -58.948    751.4    923.0
     4     1    19    10     8    13     0     1   -38.0  -38.990  -74.526   3419.1    674.5
     5     1    19    10     8    13     0     1   -38.0  -36.915  -72.632   3094.3    681.7
     1     1    19    10     8    12     0     0   -39.0  -32.478  -58.351    202.1    994.8
     2     1    19    10     8    12     0     0   -39.0  -29.160  -62.449   2108.7    785.4
     3     1    19    10     8    12     0     0   -39.0  -28.927  -58.906    739.5    924.8
     4     1    19    10     8    12     0     0   -39.0  -39.310  -75.102   3571.9    662.9
     5     1    19    10     8    12     0     0   -39.0  -37.257  -73.098   3207.3    672.4
     1     1    19    10     8    11     0     1   -40.0  -32.516  -58.385    189.8    995.7
     2     1    19    10     8    11     0     1   -40.0  -29.157  -62.379   2096.5    786.7
     3     1    19    10     8    11     0     1   -40.0  -28.867  -58.870    724.2    927.6
     4     1    19    10     8    11     0     1   -40.0  -39.621  -75.728   3733.6    641.6
     5     1    19    10     8    11     0     1   -40.0  -37.620  -73.633   3320.7    669.9
     1     1    19    10     8    10     0     2   -41.0  -32.564  -58.417    178.5    996.1
     2     1    19    10     8    10     0     2   -41.0  -29.163  -62.335   2094.5    786.5
     3     1    19    10     8    10     0     2   -41.0  -28.831  -58.840    714.3    928.0
     4     1    19    10     8    10     0     2   -41.0  -39.914  -76.364   3824.6    635.0
     5     1    19    10     8    10     0     2   -41.0  -37.982  -74.204   3379.6    672.6
     1     1    19    10     8     9     0     3   -42.0  -32.623  -58.452    166.0    996.8
     2     1    19    10     8     9     0     3   -42.0  -29.176  -62.319   2107.0    784.8
     3     1    19    10     8     9     0     3   -42.0  -28.816  -58.815    708.0    927.9
     4     1    19    10     8     9     0     3   -42.0  -40.188  -77.042   3865.0    631.9
     5     1    19    10     8     9     0     3   -42.0  -38.333  -74.796   3471.8    673.4
     1     1    19    10     8     8     0     2   -43.0  -32.688  -58.481    154.3    998.5
     2     1    19    10     8     8     0     2   -43.0  -29.191  -62.339   2116.7    782.1
     3     1    19    10     8     8     0     2   -43.0  -28.808  -58.799    704.5    927.9
     4     1    19    10     8     8     0     2   -43.0  -40.436  -77.748   3906.5    631.6
     5     1    19    10     8     8     0     2   -43.0  -38.667  -75.425   3649.4    652.1
     1     1    19    10     8     7     0     1   -44.0  -32.753  -58.497    147.9    999.2
     2     1    19    10     8     7     0     1   -44.0  -29.199  -62.398   2103.2    783.2
     3     1    19    10     8     7     0     1   -44.0  -28.792  -58.791    703.2    927.6
     4     1    19    10     8     7     0     1   -44.0  -40.650  -78.467   3945.5    625.2
     5     1    19    10     8     7     0     1   -44.0  -38.980  -76.074   3799.0    637.9
     1     1    19    10     8     6     0     0   -45.0  -32.819  -58.500    148.3    999.1
     2     1    19    10     8     6     0     0   -45.0  -29.193  -62.491   2069.9    786.3
     3     1    19    10     8     6     0     0   -45.0  -28.767  -58.792    702.8    927.4
     4     1    19    10     8     6     0     0   -45.0  -40.827  -79.204   3960.4    625.7
     5     1    19    10     8     6     0     0   -45.0  -39.284  -76.746   3914.7    630.0
     1     1    19    10     8     5     0     1   -46.0  -32.883  -58.491    154.7    998.0
     2     1    19    10     8     5     0     1   -46.0  -29.161  -62.609   2030.2    791.2
     3     1    19    10     8     5     0     1   -46.0  -28.732  -58.793    693.4    927.7
     4     1    19    10     8     5     0     1   -46.0  -40.979  -79.969   3991.7    624.7
     5     1    19    10     8     5     0     1   -46.0  -39.567  -77.439   3999.2    621.8
     1     1    19    10     8     4     0     2   -47.0  -32.943  -58.469    166.0    996.3
     2     1    19    10     8     4     0     2   -47.0  -29.099  -62.748   2001.2    794.2
     3     1    19    10     8     4     0     2   -47.0  -28.684  -58.779    667.4    931.8
     4     1    19    10     8     4     0     2   -47.0  -41.108  -80.755   4029.2    620.8
     5     1    19    10     8     4     0     2   -47.0  -39.809  -78.142   4038.0    620.7
     1     1    19    10     8     3     0     3   -48.0  -32.999  -58.433    184.6    994.0
     2     1    19    10     8     3     0     3   -48.0  -29.014  -62.923   2000.3    794.8
     3     1    19    10     8     3     0     3   -48.0  -28.624  -58.747    628.4    936.7
     4     1    19    10     8     3     0     3   -48.0  -41.195  -81.538   4089.9    615.5
     5     1    19    10     8     3     0     3   -48.0  -40.049  -78.854   4102.3    616.4
     1     1    19    10     8     2     0     2   -49.0  -33.060  -58.388    201.9    991.1
     2     1    19    10     8     2     0     2   -49.0  -28.915  -63.107   2015.0    791.1
     3     1    19    10     8     2     0     2   -49.0  -28.559  -58.699    600.1    940.4
     4     1    19    10     8     2     0     2   -49.0  -41.247  -82.345   4128.6    613.0
     5     1    19    10     8     2     0     2   -49.0  -40.282  -79.569   4187.2    608.5
     1     1    19    10     8     1     0     1   -50.0  -33.132  -58.343    206.3    989.8
     2     1    19    10     8     1     0     1   -50.0  -28.792  -63.242   1997.5    791.5
     3     1    19    10     8     1     0     1   -50.0  -28.499  -58.647    603.7    940.2
     4     1    19    10     8     1     0     1   -50.0  -41.283  -83.168   4216.1    606.2
     5     1    19    10     8     1     0     1   -50.0  -40.466  -80.305   4257.0    602.9
     1     1    19    10     8     0     0     0   -51.0  -33.211  -58.298    198.6    989.9
     2     1    19    10     8     0     0     0   -51.0  -28.650  -63.335   1957.6    794.5
     3     1    19    10     8     0     0     0   -51.0  -28.447  -58.600    643.3    936.3
     4     1    19    10     8     0     0     0   -51.0  -41.262  -84.004   4300.5    597.8
     5     1    19    10     8     0     0     0   -51.0  -40.640  -81.065   4300.3    598.9
     1     1    19    10     7    23     0     1   -52.0  -33.283  -58.274    186.7    990.3
     2     1    19    10     7    23     0     1   -52.0  -28.489  -63.392   1913.8    797.7
     3     1    19    10     7    23     0     1   -52.0  -28.402  -58.570    683.6    930.3
     4     1    19    10     7    23     0     1   -52.0  -41.193  -84.848   4348.2    595.2
     5     1    19    10     7    23     0     1   -52.0  -40.807  -81.884   4318.9    597.9
     1     1    19    10     7    22     0     2   -53.0  -33.335  -58.287    177.9    990.5
     2     1    19    10     7    22     0     2   -53.0  -28.309  -63.423   1890.0    799.0
     3     1    19    10     7    22     0     2   -53.0  -28.362  -58.561    675.7    930.9
     4     1    19    10     7    22     0     2   -53.0  -41.095  -85.711   4395.5    591.2
     5     1    19    10     7    22     0     2   -53.0  -40.941  -82.728   4340.4    595.7
     1     1    19    10     7    21     0     3   -54.0  -33.373  -58.328    171.3    990.6
     2     1    19    10     7    21     0     3   -54.0  -28.115  -63.433   1905.2    796.5
     3     1    19    10     7    21     0     3   -54.0  -28.328  -58.566    612.7    937.8
     4     1    19    10     7    21     0     3   -54.0  -40.931  -86.553   4397.9    589.9
     5     1    19    10     7    21     0     3   -54.0  -41.048  -83.560   4342.5    596.0
     1     1    19    10     7    20     0     2   -55.0  -33.412  -58.399    166.0    991.4
     2     1    19    10     7    20     0     2   -55.0  -27.914  -63.445   1908.0    794.4
     3     1    19    10     7    20     0     2   -55.0  -28.300  -58.578    539.6    947.2
     4     1    19    10     7    20     0     2   -55.0  -40.706  -87.328   4310.9    598.7
     5     1    19    10     7    20     0     2   -55.0  -41.168  -84.444   4387.6    591.6
     1     1    19    10     7    19     0     1   -56.0  -33.465  -58.500    164.4    991.9
     2     1    19    10     7    19     0     1   -56.0  -27.688  -63.467   1843.6    800.5
     3     1    19    10     7    19     0     1   -56.0  -28.269  -58.593    498.5    952.4
     4     1    19    10     7    19     0     1   -56.0  -40.438  -88.090   4246.9    603.3
     5     1    19    10     7    19     0     1   -56.0  -41.189  -85.309   4389.9    590.9
     1     1    19    10     7    18     0     0   -57.0  -33.533  -58.624    168.6    991.9
     2     1    19    10     7    18     0     0   -57.0  -27.431  -63.491   1730.9    810.7
     3     1    19    10     7    18     0     0   -57.0  -28.233  -58.612    487.7    954.4
     4     1    19    10     7    18     0     0   -57.0  -40.133  -88.809   4186.7    608.0
     5     1    19    10     7    18     0     0   -57.0  -41.139  -86.182   4308.1    597.5
     1     1    19    10     7    17     0     1   -58.0  -33.580  -58.771    174.1    992.2
     2     1    19    10     7    17     0     1   -58.0  -27.146  -63.511   1653.3    818.9
     3     1    19    10     7    17     0     1   -58.0  -28.188  -58.632    498.2    953.9
     4     1    19    10     7    17     0     1   -58.0  -39.792  -89.504   4124.4    612.8
     5     1    19    10     7    17     0     1   -58.0  -41.021  -87.065   4242.1    603.8
     1     1    19    10     7    16     0     2   -59.0  -33.573  -58.958    171.1    994.2
     2     1    19    10     7    16     0     2   -59.0  -26.836  -63.537   1667.4    815.6
     3     1    19    10     7    16     0     2   -59.0  -28.135  -58.649    522.0    952.3
     4     1    19    10     7    16     0     2   -59.0  -39.408  -90.152   4017.9    620.9
     5     1    19    10     7    16     0     2   -59.0  -40.865  -87.895   4203.1    606.6
     1     1    19    10     7    15     0     3   -60.0  -33.526  -59.186    157.7    996.8
     2     1    19    10     7    15     0     3   -60.0  -26.525  -63.577   1738.6    807.0
     3     1    19    10     7    15     0     3   -60.0  -28.075  -58.660    561.3    949.1
     4     1    19    10     7    15     0     3   -60.0  -39.007  -90.730   3872.8    633.9
     5     1    19    10     7    15     0     3   -60.0  -40.690  -88.700   4205.8    607.1
     1     1    19    10     7    14     0     2   -61.0  -33.438  -59.406    142.0    998.8
     2     1    19    10     7    14     0     2   -61.0  -26.225  -63.621   1835.5    795.4
     3     1    19    10     7    14     0     2   -61.0  -28.015  -58.667    612.1    944.0
     4     1    19    10     7    14     0     2   -61.0  -38.596  -91.264   3764.0    642.5
     5     1    19    10     7    14     0     2   -61.0  -40.483  -89.529   4256.7    601.4
     1     1    19    10     7    13     0     1   -62.0  -33.297  -59.586    125.8   1000.1
     2     1    19    10     7    13     0     1   -62.0  -25.944  -63.657   1936.5    783.8
     3     1    19    10     7    13     0     1   -62.0  -27.965  -58.675    666.7    937.8
     4     1    19    10     7    13     0     1   -62.0  -38.170  -91.755   3657.9    650.3
     5     1    19    10     7    13     0     1   -62.0  -40.206  -90.323   4294.6    598.9
     1     1    19    10     7    12     0     0   -63.0  -33.117  -59.728    105.2   1002.0
     2     1    19    10     7    12     0     0   -63.0  -25.688  -63.675   2026.6    774.0
     3     1    19    10     7    12     0     0   -63.0  -27.930  -58.701    721.2    931.5
     4     1    19    10     7    12     0     0   -63.0  -37.718  -92.212   3518.7    663.3
     5     1    19    10     7    12     0     0   -63.0  -39.890  -91.085   4358.2    593.8
     1     1    19    10     7    11     0     1   -64.0  -32.930  -59.827     85.8   1003.5
     2     1    19    10     7    11     0     1   -64.0  -25.458  -63.679   2108.3    765.3
     3     1    19    10     7    11     0     1   -64.0  -27.896  -58.741    770.0    925.4
     4     1    19    10     7    11     0     1   -64.0  -37.246  -92.662   3460.6    667.3
     5     1    19    10     7    11     0     1   -64.0  -39.502  -91.832   4421.1    588.6
     1     1    19    10     7    10     0     2   -65.0  -32.749  -59.895     75.1   1002.8
     2     1    19    10     7    10     0     2   -65.0  -25.254  -63.674   2197.9    756.1
     3     1    19    10     7    10     0     2   -65.0  -27.849  -58.782    808.7    920.6
     4     1    19    10     7    10     0     2   -65.0  -36.755  -93.095   3387.2    672.8
     5     1    19    10     7    10     0     2   -65.0  -39.033  -92.527   4435.5    586.9
     1     1    19    10     7     9     0     3   -66.0  -32.566  -59.940     71.2   1001.4
     2     1    19    10     7     9     0     3   -66.0  -25.079  -63.656   2298.0    746.2
     3     1    19    10     7     9     0     3   -66.0  -27.786  -58.827    838.1    916.3
     4     1    19    10     7     9     0     3   -66.0  -36.244  -93.487   3303.3    683.4
     5     1    19    10     7     9     0     3   -66.0  -38.523  -93.151   4392.4    590.9
     1     1    19    10     7     8     0     2   -67.0  -32.375  -59.968     72.9    999.6
     2     1    19    10     7     8     0     2   -67.0  -24.936  -63.626   2397.3    736.3
     3     1    19    10     7     8     0     2   -67.0  -27.720  -58.878    859.7    914.4
     4     1    19    10     7     8     0     2   -67.0  -35.714  -93.871   3286.6    686.6
     5     1    19    10     7     8     0     2   -67.0  -37.986  -93.722   4322.5    595.7
     1     1    19    10     7     7     0     1   -68.0  -32.167  -59.977     81.2    996.9
     2     1    19    10     7     7     0     1   -68.0  -24.819  -63.589   2495.9    728.6
     3     1    19    10     7     7     0     1   -68.0  -27.663  -58.936    873.7    913.2
     4     1    19    10     7     7     0     1   -68.0  -35.171  -94.257   3285.5    681.6
     5     1    19    10     7     7     0     1   -68.0  -37.411  -94.262   4231.3    605.1
     1     1    19    10     7     6     0     0   -69.0  -31.943  -59.966     96.4    994.5
     2     1    19    10     7     6     0     0   -69.0  -24.732  -63.545   2610.3    719.8
     3     1    19    10     7     6     0     0   -69.0  -27.613  -58.996    878.5    912.8
     4     1    19    10     7     6     0     0   -69.0  -34.609  -94.624   3230.8    686.0
     5     1    19    10     7     6     0     0   -69.0  -36.796  -94.778   4120.6    612.1
     1     1    19    10     7     5     0     1   -70.0  -31.714  -59.926    113.0    995.0
     2     1    19    10     7     5     0     1   -70.0  -24.678  -63.502   2731.3    708.7
     3     1    19    10     7     5     0     1   -70.0  -27.560  -59.034    885.0    913.0
     4     1    19    10     7     5     0     1   -70.0  -34.033  -94.975   3152.4    696.9
     5     1    19    10     7     5     0     1   -70.0  -36.188  -95.252   3993.0    624.6
     1     1    19    10     7     4     0     2   -71.0  -31.503  -59.852    127.3    996.1
     2     1    19    10     7     4     0     2   -71.0  -24.654  -63.470   2839.9    699.9
     3     1    19    10     7     4     0     2   -71.0  -27.497  -59.033    904.2    910.5
     4     1    19    10     7     4     0     2   -71.0  -33.451  -95.314   3105.1    702.4
     5     1    19    10     7     4     0     2   -71.0  -35.581  -95.691   3897.0    634.5
     1     1    19    10     7     3     0     3   -72.0  -31.317  -59.748    141.4    996.5
     2     1    19    10     7     3     0     3   -72.0  -24.651  -63.449   2934.6    692.4
     3     1    19    10     7     3     0     3   -72.0  -27.425  -58.993    936.4    906.7
     4     1    19    10     7     3     0     3   -72.0  -32.853  -95.637   3101.2    703.0
     5     1    19    10     7     3     0     3   -72.0  -34.952  -96.123   3877.2    638.2
