     5     1
    GDAS    19     7     1     0     0
    GDAS    19     7     8     0     0
    GDAS    19     7    15     0     0
    GDAS    19     7    22     0     0
    GDAS    19     7    29     0     0
     5 BACKWARD OMEGA   
    19     7    21    21  -34.572  -58.513    10.0
    19     7    21    21  -34.572  -58.513   200.0
    19     7    21    21  -34.572  -58.513   500.0
    19     7    21    21  -34.572  -58.513  1000.0
    19     7    21    21  -34.572  -58.513  2000.0
     1 PRESSURE
     1     1    19     7    21    21     0     3     0.0  -34.572  -58.513     10.0    998.5
     2     1    19     7    21    21     0     3     0.0  -34.572  -58.513    200.0    976.7
     3     1    19     7    21    21     0     3     0.0  -34.572  -58.513    500.0    943.3
     4     1    19     7    21    21     0     3     0.0  -34.572  -58.513   1000.0    889.8
     5     1    19     7    21    21     0     3     0.0  -34.572  -58.513   2000.0    790.3
     1     1    19     7    21    20     0     2    -1.0  -34.560  -58.604      6.2    997.6
     2     1    19     7    21    20     0     2    -1.0  -34.489  -58.663    127.6    986.8
     3     1    19     7    21    20     0     2    -1.0  -34.413  -58.725    290.7    973.8
     4     1    19     7    21    20     0     2    -1.0  -34.271  -58.837    496.2    947.1
     5     1    19     7    21    20     0     2    -1.0  -34.109  -59.009   1102.2    872.2
     1     1    19     7    21    19     0     1    -2.0  -34.502  -58.707      3.1    996.7
     2     1    19     7    21    19     0     1    -2.0  -34.374  -58.812     84.7    990.4
     3     1    19     7    21    19     0     1    -2.0  -34.248  -58.915    171.9    985.7
     4     1    19     7    21    19     0     1    -2.0  -34.081  -59.025    258.4    992.9
     5     1    19     7    21    19     0     1    -2.0  -33.816  -59.261    574.2    991.1
     1     1    19     7    21    18     0     0    -3.0  -34.386  -58.817      1.5    995.9
     2     1    19     7    21    18     0     0    -3.0  -34.213  -58.952     67.2    992.1
     3     1    19     7    21    18     0     0    -3.0  -34.040  -59.081    127.6    988.8
     4     1    19     7    21    18     0     0    -3.0  -33.834  -59.202    175.3    987.7
     5     1    19     7    21    18     0     0    -3.0  -33.454  -59.496    441.7    964.8
     1     1    19     7    21    17     0     1    -4.0  -34.225  -58.913      2.1    997.8
     2     1    19     7    21    17     0     1    -4.0  -34.002  -59.071     66.0    992.2
     3     1    19     7    21    17     0     1    -4.0  -33.764  -59.225    128.3    985.1
     4     1    19     7    21    17     0     1    -4.0  -33.512  -59.357    179.1    979.3
     5     1    19     7    21    17     0     1    -4.0  -33.005  -59.688    437.9    951.2
     1     1    19     7    21    16     0     2    -5.0  -34.042  -58.981      3.3    999.6
     2     1    19     7    21    16     0     2    -5.0  -33.754  -59.156     67.5    992.9
     3     1    19     7    21    16     0     2    -5.0  -33.439  -59.327    133.2    985.7
     4     1    19     7    21    16     0     2    -5.0  -33.128  -59.464    185.9    979.5
     5     1    19     7    21    16     0     2    -5.0  -32.477  -59.819    420.4    948.1
     1     1    19     7    21    15     0     3    -6.0  -33.830  -59.020      4.4   1000.4
     2     1    19     7    21    15     0     3    -6.0  -33.446  -59.210     74.9    993.4
     3     1    19     7    21    15     0     3    -6.0  -33.047  -59.390    144.3    986.0
     4     1    19     7    21    15     0     3    -6.0  -32.668  -59.533    190.3    977.6
     5     1    19     7    21    15     0     3    -6.0  -31.862  -59.913    393.3    950.1
     1     1    19     7    21    14     0     2    -7.0  -33.581  -59.037      7.9    999.6
     2     1    19     7    21    14     0     2    -7.0  -33.064  -59.234     92.5    991.4
     3     1    19     7    21    14     0     2    -7.0  -32.571  -59.418    155.6    981.6
     4     1    19     7    21    14     0     2    -7.0  -32.129  -59.563    185.0    975.2
     5     1    19     7    21    14     0     2    -7.0  -31.185  -59.948    409.0    956.9
     1     1    19     7    21    13     0     1    -8.0  -33.287  -59.031     16.3    998.5
     2     1    19     7    21    13     0     1    -8.0  -32.594  -59.223    114.6    987.4
     3     1    19     7    21    13     0     1    -8.0  -32.016  -59.400    156.3    979.6
     4     1    19     7    21    13     0     1    -8.0  -31.537  -59.533    182.5    976.9
     5     1    19     7    21    13     0     1    -8.0  -30.454  -59.902    457.4    949.9
     1     1    19     7    21    12     0     0    -9.0  -32.902  -58.997     36.4    996.8
     2     1    19     7    21    12     0     0    -9.0  -32.052  -59.163    125.5    985.5
     3     1    19     7    21    12     0     0    -9.0  -31.420  -59.314    158.3    979.9
     4     1    19     7    21    12     0     0    -9.0  -30.917  -59.427    191.6    975.5
     5     1    19     7    21    12     0     0    -9.0  -29.661  -59.785    490.9    943.4
     1     1    19     7    21    11     0     1   -10.0  -32.459  -58.935     61.0    994.9
     2     1    19     7    21    11     0     1   -10.0  -31.497  -59.059    129.6    983.0
     3     1    19     7    21    11     0     1   -10.0  -30.812  -59.179    170.7    976.5
     4     1    19     7    21    11     0     1   -10.0  -30.311  -59.280    199.0    977.4
     5     1    19     7    21    11     0     1   -10.0  -28.858  -59.654    505.8    936.3
     1     1    19     7    21    10     0     2   -11.0  -32.031  -58.861     73.6    993.6
     2     1    19     7    21    10     0     2   -11.0  -30.946  -58.935    137.5    978.8
     3     1    19     7    21    10     0     2   -11.0  -30.271  -59.041    175.3    980.3
     4     1    19     7    21    10     0     2   -11.0  -29.785  -59.131    196.0    978.6
     5     1    19     7    21    10     0     2   -11.0  -28.105  -59.501    491.3    942.2
     1     1    19     7    21     9     0     3   -12.0  -31.630  -58.776     79.5    990.7
     2     1    19     7    21     9     0     3   -12.0  -30.465  -58.807    139.3    983.1
     3     1    19     7    21     9     0     3   -12.0  -29.829  -58.905    172.7    981.4
     4     1    19     7    21     9     0     3   -12.0  -29.294  -58.976    191.5    974.8
     5     1    19     7    21     9     0     3   -12.0  -27.408  -59.306    474.3    943.6
     1     1    19     7    21     8     0     2   -13.0  -31.247  -58.681     82.9    989.1
     2     1    19     7    21     8     0     2   -13.0  -30.062  -58.683    138.8    985.7
     3     1    19     7    21     8     0     2   -13.0  -29.388  -58.759    168.2    978.1
     4     1    19     7    21     8     0     2   -13.0  -28.804  -58.808    183.4    974.9
     5     1    19     7    21     8     0     2   -13.0  -26.740  -59.090    477.1    942.4
     1     1    19     7    21     7     0     1   -14.0  -30.883  -58.582     82.1    989.8
     2     1    19     7    21     7     0     1   -14.0  -29.671  -58.556    137.0    983.7
     3     1    19     7    21     7     0     1   -14.0  -28.920  -58.602    159.0    977.8
     4     1    19     7    21     7     0     1   -14.0  -28.336  -58.630    177.1    980.0
     5     1    19     7    21     7     0     1   -14.0  -26.088  -58.860    476.0    941.6
     1     1    19     7    21     6     0     0   -15.0  -30.558  -58.487     79.1    991.8
     2     1    19     7    21     6     0     0   -15.0  -29.255  -58.424    132.4    982.4
     3     1    19     7    21     6     0     0   -15.0  -28.470  -58.434    156.1    981.9
     4     1    19     7    21     6     0     0   -15.0  -27.899  -58.440    184.5    980.4
     5     1    19     7    21     6     0     0   -15.0  -25.467  -58.612    444.3    945.7
     1     1    19     7    21     5     0     1   -16.0  -30.259  -58.396     77.8    992.0
     2     1    19     7    21     5     0     1   -16.0  -28.830  -58.276    129.2    983.1
     3     1    19     7    21     5     0     1   -16.0  -28.045  -58.245    165.6    981.3
     4     1    19     7    21     5     0     1   -16.0  -27.448  -58.222    198.1    975.5
     5     1    19     7    21     5     0     1   -16.0  -24.907  -58.335    397.3    953.8
     1     1    19     7    21     4     0     2   -17.0  -29.958  -58.299     78.8    990.6
     2     1    19     7    21     4     0     2   -17.0  -28.420  -58.100    131.1    984.0
     3     1    19     7    21     4     0     2   -17.0  -27.608  -58.020    176.2    977.9
     4     1    19     7    21     4     0     2   -17.0  -26.979  -57.966    203.9    974.9
     5     1    19     7    21     4     0     2   -17.0  -24.407  -58.038    371.0    959.5
     1     1    19     7    21     3     0     3   -18.0  -29.637  -58.185     80.2    989.2
     2     1    19     7    21     3     0     3   -18.0  -28.020  -57.897    133.6    984.2
     3     1    19     7    21     3     0     3   -18.0  -27.163  -57.763    192.9    978.2
     4     1    19     7    21     3     0     3   -18.0  -26.528  -57.680    236.7    974.3
     5     1    19     7    21     3     0     3   -18.0  -23.926  -57.725    376.0    958.6
     1     1    19     7    21     2     0     2   -19.0  -29.304  -58.043     78.7    988.4
     2     1    19     7    21     2     0     2   -19.0  -27.639  -57.679    142.1    984.5
     3     1    19     7    21     2     0     2   -19.0  -26.724  -57.473    253.5    973.1
     4     1    19     7    21     2     0     2   -19.0  -26.069  -57.359    338.5    961.3
     5     1    19     7    21     2     0     2   -19.0  -23.461  -57.407    387.6    954.2
     1     1    19     7    21     1     0     1   -20.0  -28.983  -57.878     73.0    989.2
     2     1    19     7    21     1     0     1   -20.0  -27.272  -57.441    177.1    981.4
     3     1    19     7    21     1     0     1   -20.0  -26.257  -57.144    398.7    955.5
     4     1    19     7    21     1     0     1   -20.0  -25.573  -57.023    480.4    942.5
     5     1    19     7    21     1     0     1   -20.0  -23.047  -57.120    400.0    951.2
     1     1    19     7    21     0     0     0   -21.0  -28.689  -57.705     67.3    991.5
     2     1    19     7    21     0     0     0   -21.0  -26.883  -57.149    280.1    972.5
     3     1    19     7    21     0     0     0   -21.0  -25.724  -56.823    615.5    927.3
     4     1    19     7    21     0     0     0   -21.0  -25.063  -56.704    582.9    925.5
     5     1    19     7    21     0     0     0   -21.0  -22.680  -56.873    441.9    941.1
     1     1    19     7    20    23     0     1   -22.0  -28.428  -57.538     64.7    993.0
     2     1    19     7    20    23     0     1   -22.0  -26.424  -56.815    474.2    945.0
     3     1    19     7    20    23     0     1   -22.0  -25.204  -56.577    799.8    898.7
     4     1    19     7    20    23     0     1   -22.0  -24.596  -56.420    656.0    917.3
     5     1    19     7    20    23     0     1   -22.0  -22.335  -56.666    506.4    922.6
     1     1    19     7    20    22     0     2   -23.0  -28.201  -57.377     63.8    993.5
     2     1    19     7    20    22     0     2   -23.0  -25.942  -56.537    718.3    914.1
     3     1    19     7    20    22     0     2   -23.0  -24.763  -56.390    934.9    884.9
     4     1    19     7    20    22     0     2   -23.0  -24.198  -56.184    712.0    907.6
     5     1    19     7    20    22     0     2   -23.0  -22.020  -56.475    572.0    907.5
     1     1    19     7    20    21     0     3   -24.0  -28.009  -57.220     64.3    993.9
     2     1    19     7    20    21     0     3   -24.0  -25.508  -56.359    958.1    880.9
     3     1    19     7    20    21     0     3   -24.0  -24.396  -56.234   1052.9    872.1
     4     1    19     7    20    21     0     3   -24.0  -23.863  -55.965    751.5    904.0
     5     1    19     7    20    21     0     3   -24.0  -21.743  -56.286    677.2    901.8
     1     1    19     7    20    20     0     2   -25.0  -27.836  -57.064     72.1    993.5
     2     1    19     7    20    20     0     2   -25.0  -25.142  -56.259   1163.0    858.0
     3     1    19     7    20    20     0     2   -25.0  -24.088  -56.102   1148.1    864.8
     4     1    19     7    20    20     0     2   -25.0  -23.572  -55.764    795.8    894.0
     5     1    19     7    20    20     0     2   -25.0  -21.491  -56.127    826.3    887.5
     1     1    19     7    20    19     0     1   -26.0  -27.662  -56.906     95.0    990.6
     2     1    19     7    20    19     0     1   -26.0  -24.824  -56.221   1323.2    839.5
     3     1    19     7    20    19     0     1   -26.0  -23.814  -56.005   1230.1    855.6
     4     1    19     7    20    19     0     1   -26.0  -23.313  -55.593    842.0    884.8
     5     1    19     7    20    19     0     1   -26.0  -21.260  -56.011    961.9    876.2
     1     1    19     7    20    18     0     0   -27.0  -27.475  -56.744    133.7    985.8
     2     1    19     7    20    18     0     0   -27.0  -24.542  -56.218   1427.7    833.3
     3     1    19     7    20    18     0     0   -27.0  -23.567  -55.955   1306.6    843.8
     4     1    19     7    20    18     0     0   -27.0  -23.088  -55.451    887.1    877.6
     5     1    19     7    20    18     0     0   -27.0  -21.047  -55.926    999.8    870.4
     1     1    19     7    20    17     0     1   -28.0  -27.268  -56.587    177.0    979.6
     2     1    19     7    20    17     0     1   -28.0  -24.286  -56.232   1494.7    831.4
     3     1    19     7    20    17     0     1   -28.0  -23.335  -55.944   1361.4    835.3
     4     1    19     7    20    17     0     1   -28.0  -22.870  -55.329    939.6    871.2
     5     1    19     7    20    17     0     1   -28.0  -20.845  -55.845    943.5    882.7
     1     1    19     7    20    16     0     2   -29.0  -27.040  -56.441    213.8    975.4
     2     1    19     7    20    16     0     2   -29.0  -24.049  -56.253   1533.8    830.3
     3     1    19     7    20    16     0     2   -29.0  -23.111  -55.961   1384.4    831.1
     4     1    19     7    20    16     0     2   -29.0  -22.642  -55.219   1001.8    864.1
     5     1    19     7    20    16     0     2   -29.0  -20.638  -55.750    865.6    894.0
     1     1    19     7    20    15     0     3   -30.0  -26.791  -56.302    250.9    971.2
     2     1    19     7    20    15     0     3   -30.0  -23.821  -56.284   1541.1    829.5
     3     1    19     7    20    15     0     3   -30.0  -22.892  -55.998   1383.7    830.2
     4     1    19     7    20    15     0     3   -30.0  -22.414  -55.125   1071.9    857.6
     5     1    19     7    20    15     0     3   -30.0  -20.421  -55.646    810.8    901.1
     1     1    19     7    20    14     0     2   -31.0  -26.492  -56.154    312.8    962.5
     2     1    19     7    20    14     0     2   -31.0  -23.596  -56.336   1531.5    829.8
     3     1    19     7    20    14     0     2   -31.0  -22.673  -56.044   1388.1    829.7
     4     1    19     7    20    14     0     2   -31.0  -22.203  -55.048   1138.9    849.8
     5     1    19     7    20    14     0     2   -31.0  -20.199  -55.536    782.2    902.2
     1     1    19     7    20    13     0     1   -32.0  -26.104  -55.986    427.0    947.6
     2     1    19     7    20    13     0     1   -32.0  -23.372  -56.413   1520.8    830.1
     3     1    19     7    20    13     0     1   -32.0  -22.455  -56.101   1407.8    825.2
     4     1    19     7    20    13     0     1   -32.0  -22.007  -54.978   1186.1    845.0
     5     1    19     7    20    13     0     1   -32.0  -19.989  -55.420    768.7    903.3
     1     1    19     7    20    12     0     0   -33.0  -25.656  -55.844    577.4    922.9
     2     1    19     7    20    12     0     0   -33.0  -23.148  -56.506   1516.7    830.1
     3     1    19     7    20    12     0     0   -33.0  -22.238  -56.174   1423.6    821.2
     4     1    19     7    20    12     0     0   -33.0  -21.822  -54.913   1207.4    841.6
     5     1    19     7    20    12     0     0   -33.0  -19.787  -55.297    778.9    899.4
     1     1    19     7    20    11     0     1   -34.0  -25.245  -55.759    721.6    901.2
     2     1    19     7    20    11     0     1   -34.0  -22.920  -56.614   1518.3    828.7
     3     1    19     7    20    11     0     1   -34.0  -22.017  -56.263   1429.0    819.4
     4     1    19     7    20    11     0     1   -34.0  -21.642  -54.858   1204.1    840.8
     5     1    19     7    20    11     0     1   -34.0  -19.580  -55.163    830.6    890.4
     1     1    19     7    20    10     0     2   -35.0  -24.887  -55.717    828.5    886.4
     2     1    19     7    20    10     0     2   -35.0  -22.680  -56.740   1517.8    827.1
     3     1    19     7    20    10     0     2   -35.0  -21.789  -56.360   1425.6    823.7
     4     1    19     7    20    10     0     2   -35.0  -21.461  -54.812   1178.8    841.3
     5     1    19     7    20    10     0     2   -35.0  -19.362  -55.032    943.3    874.9
     1     1    19     7    20     9     0     3   -36.0  -24.555  -55.702    892.3    882.0
     2     1    19     7    20     9     0     3   -36.0  -22.422  -56.887   1511.0    826.7
     3     1    19     7    20     9     0     3   -36.0  -21.556  -56.453   1406.1    829.4
     4     1    19     7    20     9     0     3   -36.0  -21.274  -54.757   1127.6    844.4
     5     1    19     7    20     9     0     3   -36.0  -19.142  -54.934   1103.9    854.0
     1     1    19     7    20     8     0     2   -37.0  -24.237  -55.698    927.0    882.6
     2     1    19     7    20     8     0     2   -37.0  -22.147  -57.041   1490.9    827.6
     3     1    19     7    20     8     0     2   -37.0  -21.311  -56.537   1365.7    836.4
     4     1    19     7    20     8     0     2   -37.0  -21.082  -54.675   1075.5    850.4
     5     1    19     7    20     8     0     2   -37.0  -18.932  -54.860   1280.9    835.2
     1     1    19     7    20     7     0     1   -38.0  -23.932  -55.709    936.5    882.1
     2     1    19     7    20     7     0     1   -38.0  -21.858  -57.185   1454.5    832.6
     3     1    19     7    20     7     0     1   -38.0  -21.044  -56.611   1294.9    845.8
     4     1    19     7    20     7     0     1   -38.0  -20.892  -54.570   1054.7    853.1
     5     1    19     7    20     7     0     1   -38.0  -18.737  -54.782   1422.2    823.4
     1     1    19     7    20     6     0     0   -39.0  -23.632  -55.729    928.6    881.9
     2     1    19     7    20     6     0     0   -39.0  -21.553  -57.316   1404.5    840.2
     3     1    19     7    20     6     0     0   -39.0  -20.763  -56.672   1207.1    857.3
     4     1    19     7    20     6     0     0   -39.0  -20.703  -54.448   1056.2    851.9
     5     1    19     7    20     6     0     0   -39.0  -18.557  -54.688   1502.0    819.3
     1     1    19     7    20     5     0     1   -40.0  -23.333  -55.763    918.0    879.7
     2     1    19     7    20     5     0     1   -40.0  -21.233  -57.423   1350.9    848.5
     3     1    19     7    20     5     0     1   -40.0  -20.482  -56.698   1147.7    866.3
     4     1    19     7    20     5     0     1   -40.0  -20.518  -54.310   1060.3    850.6
     5     1    19     7    20     5     0     1   -40.0  -18.399  -54.583   1517.0    819.2
     1     1    19     7    20     4     0     2   -41.0  -23.033  -55.822    890.9    878.4
     2     1    19     7    20     4     0     2   -41.0  -20.899  -57.502   1299.1    855.0
     3     1    19     7    20     4     0     2   -41.0  -20.209  -56.690   1145.0    868.2
     4     1    19     7    20     4     0     2   -41.0  -20.350  -54.158   1081.6    848.6
     5     1    19     7    20     4     0     2   -41.0  -18.270  -54.471   1447.2    825.6
     1     1    19     7    20     3     0     3   -42.0  -22.731  -55.891    844.9    881.1
     2     1    19     7    20     3     0     3   -42.0  -20.554  -57.554   1271.2    861.5
     3     1    19     7    20     3     0     3   -42.0  -19.937  -56.673   1202.0    863.9
     4     1    19     7    20     3     0     3   -42.0  -20.213  -53.997   1169.6    840.6
     5     1    19     7    20     3     0     3   -42.0  -18.158  -54.347   1270.0    841.8
     1     1    19     7    20     2     0     2   -43.0  -22.419  -55.942    837.8    882.9
     2     1    19     7    20     2     0     2   -43.0  -20.219  -57.590   1290.5    860.3
     3     1    19     7    20     2     0     2   -43.0  -19.671  -56.656   1288.0    855.7
     4     1    19     7    20     2     0     2   -43.0  -20.108  -53.873   1289.9    823.0
     5     1    19     7    20     2     0     2   -43.0  -18.051  -54.209   1042.0    869.9
     1     1    19     7    20     1     0     1   -44.0  -22.107  -56.025    938.1    872.4
     2     1    19     7    20     1     0     1   -44.0  -19.904  -57.618   1345.5    855.3
     3     1    19     7    20     1     0     1   -44.0  -19.421  -56.636   1367.8    851.2
     4     1    19     7    20     1     0     1   -44.0  -20.036  -53.805   1357.1    816.3
     5     1    19     7    20     1     0     1   -44.0  -17.950  -54.058    837.4    889.2
     1     1    19     7    20     0     0     0   -45.0  -21.848  -56.187   1138.0    853.6
     2     1    19     7    20     0     0     0   -45.0  -19.608  -57.648   1434.5    850.3
     3     1    19     7    20     0     0     0   -45.0  -19.186  -56.617   1439.6    847.3
     4     1    19     7    20     0     0     0   -45.0  -19.993  -53.782   1352.1    816.7
     5     1    19     7    20     0     0     0   -45.0  -17.867  -53.896    703.7    897.8
     1     1    19     7    19    23     0     1   -46.0  -21.627  -56.357   1366.3    832.9
     2     1    19     7    19    23     0     1   -46.0  -19.343  -57.673   1513.7    838.9
     3     1    19     7    19    23     0     1   -46.0  -18.980  -56.596   1471.3    842.7
     4     1    19     7    19    23     0     1   -46.0  -19.957  -53.775   1328.1    824.6
     5     1    19     7    19    23     0     1   -46.0  -17.800  -53.752    627.4    893.0
     1     1    19     7    19    22     0     2   -47.0  -21.413  -56.479   1593.8    814.8
     2     1    19     7    19    22     0     2   -47.0  -19.121  -57.673   1485.3    838.0
     3     1    19     7    19    22     0     2   -47.0  -18.815  -56.573   1421.6    845.9
     4     1    19     7    19    22     0     2   -47.0  -19.908  -53.775   1344.9    822.4
     5     1    19     7    19    22     0     2   -47.0  -17.732  -53.638    544.8    894.7
     1     1    19     7    19    21     0     3   -48.0  -21.205  -56.598   1818.0    795.8
     2     1    19     7    19    21     0     3   -48.0  -18.950  -57.646   1277.3    855.3
     3     1    19     7    19    21     0     3   -48.0  -18.686  -56.551   1269.7    858.6
     4     1    19     7    19    21     0     3   -48.0  -19.843  -53.788   1392.2    817.3
     5     1    19     7    19    21     0     3   -48.0  -17.663  -53.548    448.5    900.5
     1     1    19     7    19    20     0     2   -49.0  -20.982  -56.734   1979.8    776.7
     2     1    19     7    19    20     0     2   -49.0  -18.829  -57.605    999.9    894.7
     3     1    19     7    19    20     0     2   -49.0  -18.567  -56.527   1090.7    885.5
     4     1    19     7    19    20     0     2   -49.0  -19.767  -53.813   1428.6    811.2
     5     1    19     7    19    20     0     2   -49.0  -17.587  -53.473    361.4    909.8
     1     1    19     7    19    19     0     1   -50.0  -20.731  -56.865   2007.2    772.0
     2     1    19     7    19    19     0     1   -50.0  -18.735  -57.569    759.7    920.6
     3     1    19     7    19    19     0     1   -50.0  -18.438  -56.503    966.8    899.1
     4     1    19     7    19    19     0     1   -50.0  -19.688  -53.842   1422.6    812.9
     5     1    19     7    19    19     0     1   -50.0  -17.493  -53.405    297.1    915.3
     1     1    19     7    19    18     0     0   -51.0  -20.450  -56.956   1893.0    782.3
     2     1    19     7    19    18     0     0   -51.0  -18.664  -57.540    577.1    941.6
     3     1    19     7    19    18     0     0   -51.0  -18.298  -56.482    909.8    906.2
     4     1    19     7    19    18     0     0   -51.0  -19.605  -53.872   1390.2    817.8
     5     1    19     7    19    18     0     0   -51.0  -17.380  -53.345    249.7    920.5
     1     1    19     7    19    17     0     1   -52.0  -20.161  -56.982   1684.6    806.8
     2     1    19     7    19    17     0     1   -52.0  -18.600  -57.500    462.2    954.8
     3     1    19     7    19    17     0     1   -52.0  -18.144  -56.455    900.2    904.4
     4     1    19     7    19    17     0     1   -52.0  -19.516  -53.901   1362.1    823.5
     5     1    19     7    19    17     0     1   -52.0  -17.252  -53.281    216.0    925.3
     1     1    19     7    19    16     0     2   -53.0  -19.905  -56.967   1481.4    834.1
     2     1    19     7    19    16     0     2   -53.0  -18.524  -57.434    406.1    959.4
     3     1    19     7    19    16     0     2   -53.0  -17.977  -56.408    895.8    903.6
     4     1    19     7    19    16     0     2   -53.0  -19.421  -53.927   1356.9    825.2
     5     1    19     7    19    16     0     2   -53.0  -17.118  -53.202    182.4    930.8
     1     1    19     7    19    15     0     3   -54.0  -19.660  -56.926   1340.1    854.4
     2     1    19     7    19    15     0     3   -54.0  -18.438  -57.342    389.6    961.1
     3     1    19     7    19    15     0     3   -54.0  -17.796  -56.341    862.1    905.1
     4     1    19     7    19    15     0     3   -54.0  -19.317  -53.947   1371.8    825.1
     5     1    19     7    19    15     0     3   -54.0  -16.986  -53.112    132.3    940.0
     1     1    19     7    19    14     0     2   -55.0  -19.421  -56.859   1295.9    864.8
     2     1    19     7    19    14     0     2   -55.0  -18.347  -57.229    378.1    960.1
     3     1    19     7    19    14     0     2   -55.0  -17.599  -56.259    801.1    913.0
     4     1    19     7    19    14     0     2   -55.0  -19.203  -53.956   1384.1    823.4
     5     1    19     7    19    14     0     2   -55.0  -16.889  -53.018     78.3    950.9
     1     1    19     7    19    13     0     1   -56.0  -19.195  -56.778   1321.3    861.9
     2     1    19     7    19    13     0     1   -56.0  -18.257  -57.096    344.1    964.7
     3     1    19     7    19    13     0     1   -56.0  -17.379  -56.172    749.3    919.1
     4     1    19     7    19    13     0     1   -56.0  -19.080  -53.950   1373.1    825.8
     5     1    19     7    19    13     0     1   -56.0  -16.840  -52.922     46.6    955.8
     1     1    19     7    19    12     0     0   -57.0  -18.983  -56.694   1346.6    858.8
     2     1    19     7    19    12     0     0   -57.0  -18.181  -56.944    287.0    972.0
     3     1    19     7    19    12     0     0   -57.0  -17.133  -56.092    727.5    921.7
     4     1    19     7    19    12     0     0   -57.0  -18.945  -53.930   1343.4    829.8
     5     1    19     7    19    12     0     0   -57.0  -16.830  -52.821     34.6    955.7
     1     1    19     7    19    11     0     1   -58.0  -18.785  -56.603   1328.8    858.3
     2     1    19     7    19    11     0     1   -58.0  -18.117  -56.766    234.6    978.6
     3     1    19     7    19    11     0     1   -58.0  -16.880  -56.007    723.0    918.9
     4     1    19     7    19    11     0     1   -58.0  -18.806  -53.894   1316.7    833.2
     5     1    19     7    19    11     0     1   -58.0  -16.840  -52.717     35.2    951.7
     1     1    19     7    19    10     0     2   -59.0  -18.601  -56.488   1281.0    863.9
     2     1    19     7    19    10     0     2   -59.0  -18.045  -56.546    209.6    979.1
     3     1    19     7    19    10     0     2   -59.0  -16.646  -55.894    709.4    917.6
     4     1    19     7    19    10     0     2   -59.0  -18.676  -53.841   1308.9    832.0
     5     1    19     7    19    10     0     2   -59.0  -16.855  -52.615     43.1    947.9
     1     1    19     7    19     9     0     3   -60.0  -18.430  -56.349   1246.6    868.0
     2     1    19     7    19     9     0     3   -60.0  -17.959  -56.272    214.6    976.0
     3     1    19     7    19     9     0     3   -60.0  -16.433  -55.748    679.0    917.1
     4     1    19     7    19     9     0     3   -60.0  -18.552  -53.778   1316.1    828.7
     5     1    19     7    19     9     0     3   -60.0  -16.877  -52.500     62.9    942.8
     1     1    19     7    19     8     0     2   -61.0  -18.274  -56.205   1242.0    867.4
     2     1    19     7    19     8     0     2   -61.0  -17.878  -55.957    247.6    970.2
     3     1    19     7    19     8     0     2   -61.0  -16.251  -55.580    636.9    917.8
     4     1    19     7    19     8     0     2   -61.0  -18.432  -53.710   1326.9    824.3
     5     1    19     7    19     8     0     2   -61.0  -16.900  -52.349     99.5    935.1
     1     1    19     7    19     7     0     1   -62.0  -18.132  -56.066   1248.0    864.7
     2     1    19     7    19     7     0     1   -62.0  -17.815  -55.630    289.9    964.0
     3     1    19     7    19     7     0     1   -62.0  -16.099  -55.397    600.6    917.0
     4     1    19     7    19     7     0     1   -62.0  -18.314  -53.636   1338.0    820.9
     5     1    19     7    19     7     0     1   -62.0  -16.925  -52.136    158.0    924.8
     1     1    19     7    19     6     0     0   -63.0  -18.008  -55.922   1239.8    864.0
     2     1    19     7    19     6     0     0   -63.0  -17.762  -55.301    326.1    959.1
     3     1    19     7    19     6     0     0   -63.0  -15.961  -55.192    584.2    911.6
     4     1    19     7    19     6     0     0   -63.0  -18.197  -53.559   1364.0    815.1
     5     1    19     7    19     6     0     0   -63.0  -16.956  -51.835    242.2    911.9
     1     1    19     7    19     5     0     1   -64.0  -17.902  -55.769   1212.1    867.3
     2     1    19     7    19     5     0     1   -64.0  -17.720  -54.973    372.5    954.5
     3     1    19     7    19     5     0     1   -64.0  -15.838  -54.962    563.0    903.4
     4     1    19     7    19     5     0     1   -64.0  -18.081  -53.482   1407.5    806.5
     5     1    19     7    19     5     0     1   -64.0  -16.979  -51.482    348.5    899.5
     1     1    19     7    19     4     0     2   -65.0  -17.818  -55.615   1184.6    871.6
     2     1    19     7    19     4     0     2   -65.0  -17.688  -54.651    437.1    938.3
     3     1    19     7    19     4     0     2   -65.0  -15.747  -54.720    540.8    906.6
     4     1    19     7    19     4     0     2   -65.0  -17.965  -53.408   1464.1    797.2
     5     1    19     7    19     4     0     2   -65.0  -17.032  -51.138    461.7    886.6
     1     1    19     7    19     3     0     3   -66.0  -17.765  -55.459   1190.9    872.7
     2     1    19     7    19     3     0     3   -66.0  -17.660  -54.350    502.1    920.0
     3     1    19     7    19     3     0     3   -66.0  -15.683  -54.467    566.5    904.5
     4     1    19     7    19     3     0     3   -66.0  -17.847  -53.329   1535.9    788.2
     5     1    19     7    19     3     0     3   -66.0  -17.128  -50.813    533.4    878.4
     1     1    19     7    19     2     0     2   -67.0  -17.723  -55.308   1191.9    866.4
     2     1    19     7    19     2     0     2   -67.0  -17.630  -54.091    504.9    906.5
     3     1    19     7    19     2     0     2   -67.0  -15.633  -54.222    615.9    893.1
     4     1    19     7    19     2     0     2   -67.0  -17.729  -53.255   1583.5    778.8
     5     1    19     7    19     2     0     2   -67.0  -17.203  -50.495    531.5    883.9
     1     1    19     7    19     1     0     1   -68.0  -17.686  -55.159   1108.3    872.2
     2     1    19     7    19     1     0     1   -68.0  -17.606  -53.876    447.9    909.1
     3     1    19     7    19     1     0     1   -68.0  -15.592  -54.002    610.0    889.2
     4     1    19     7    19     1     0     1   -68.0  -17.618  -53.189   1566.9    780.7
     5     1    19     7    19     1     0     1   -68.0  -17.237  -50.178    465.1    895.6
     1     1    19     7    19     0     0     0   -69.0  -17.662  -55.012    897.5    890.7
     2     1    19     7    19     0     0     0   -69.0  -17.600  -53.694    364.0    914.3
     3     1    19     7    19     0     0     0   -69.0  -15.567  -53.802    546.4    899.4
     4     1    19     7    19     0     0     0   -69.0  -17.523  -53.125   1484.8    788.8
     5     1    19     7    19     0     0     0   -69.0  -17.278  -49.867    370.2    910.6
     1     1    19     7    18    23     0     1   -70.0  -17.652  -54.876    648.6    923.8
     2     1    19     7    18    23     0     1   -70.0  -17.611  -53.529    289.9    920.4
     3     1    19     7    18    23     0     1   -70.0  -15.552  -53.622    507.3    911.4
     4     1    19     7    18    23     0     1   -70.0  -17.450  -53.059   1353.0    803.3
     5     1    19     7    18    23     0     1   -70.0  -17.323  -49.596    312.6    916.9
     1     1    19     7    18    22     0     2   -71.0  -17.630  -54.764    455.9    940.8
     2     1    19     7    18    22     0     2   -71.0  -17.623  -53.376    241.2    919.8
     3     1    19     7    18    22     0     2   -71.0  -15.534  -53.461    526.0    906.9
     4     1    19     7    18    22     0     2   -71.0  -17.402  -52.996   1181.4    818.0
     5     1    19     7    18    22     0     2   -71.0  -17.352  -49.380    313.5    912.7
     1     1    19     7    18    21     0     3   -72.0  -17.586  -54.682    307.9    951.2
     2     1    19     7    18    21     0     3   -72.0  -17.621  -53.241    210.6    918.3
     3     1    19     7    18    21     0     3   -72.0  -15.516  -53.316    533.7    904.1
     4     1    19     7    18    21     0     3   -72.0  -17.377  -52.938    976.6    839.4
     5     1    19     7    18    21     0     3   -72.0  -17.369  -49.208    375.2    903.8
