     7     1
    GDAS    19    11    29     0     0
    GDAS    19    12     1     0     0
    GDAS    19    12     8     0     0
    GDAS    19    12    15     0     0
    GDAS    19    12    22     0     0
    GDAS    19    12    29     0     0
    GDAS    20     1     1     0     0
     5 BACKWARD OMEGA   
    19    12     8    15  -34.572  -58.513    10.0
    19    12     8    15  -34.572  -58.513   200.0
    19    12     8    15  -34.572  -58.513   500.0
    19    12     8    15  -34.572  -58.513  1000.0
    19    12     8    15  -34.572  -58.513  2000.0
     1 PRESSURE
     1     1    19    12     8    15     0     3     0.0  -34.572  -58.513     10.0   1005.7
     2     1    19    12     8    15     0     3     0.0  -34.572  -58.513    200.0    984.9
     3     1    19    12     8    15     0     3     0.0  -34.572  -58.513    500.0    951.8
     4     1    19    12     8    15     0     3     0.0  -34.572  -58.513   1000.0    898.4
     5     1    19    12     8    15     0     3     0.0  -34.572  -58.513   2000.0    798.3
     1     1    19    12     8    14     0     2    -1.0  -34.472  -58.678      8.4   1006.8
     2     1    19    12     8    14     0     2    -1.0  -34.445  -58.741    167.0    993.1
     3     1    19    12     8    14     0     2    -1.0  -34.432  -58.782    431.4    966.1
     4     1    19    12     8    14     0     2    -1.0  -34.456  -58.842    904.2    916.7
     5     1    19    12     8    14     0     2    -1.0  -34.599  -58.860   1940.8    806.5
     1     1    19    12     8    13     0     1    -2.0  -34.347  -58.798      8.5   1008.1
     2     1    19    12     8    13     0     1    -2.0  -34.268  -58.915    165.6    992.3
     3     1    19    12     8    13     0     1    -2.0  -34.213  -59.012    433.2    964.0
     4     1    19    12     8    13     0     1    -2.0  -34.274  -59.193    896.0    913.4
     5     1    19    12     8    13     0     1    -2.0  -34.631  -59.227   1890.0    810.4
     1     1    19    12     8    12     0     0    -3.0  -34.205  -58.867      9.2   1009.3
     2     1    19    12     8    12     0     0    -3.0  -34.047  -59.023    171.9    991.5
     3     1    19    12     8    12     0     0    -3.0  -33.921  -59.195    448.9    959.6
     4     1    19    12     8    12     0     0    -3.0  -34.035  -59.566    895.2    910.8
     5     1    19    12     8    12     0     0    -3.0  -34.668  -59.620   1825.0    816.2
     1     1    19    12     8    11     0     1    -4.0  -34.070  -58.897     10.1   1009.8
     2     1    19    12     8    11     0     1    -4.0  -33.806  -59.070    179.1    991.1
     3     1    19    12     8    11     0     1    -4.0  -33.594  -59.305    456.0    959.7
     4     1    19    12     8    11     0     1    -4.0  -33.758  -59.907    879.9    913.2
     5     1    19    12     8    11     0     1    -4.0  -34.680  -60.038   1764.3    823.9
     1     1    19    12     8    10     0     2    -5.0  -33.958  -58.906     11.7   1009.5
     2     1    19    12     8    10     0     2    -5.0  -33.552  -59.064    192.7    989.6
     3     1    19    12     8    10     0     2    -5.0  -33.253  -59.336    463.1    958.8
     4     1    19    12     8    10     0     2    -5.0  -33.448  -60.164    854.2    914.0
     5     1    19    12     8    10     0     2    -5.0  -34.651  -60.460   1737.0    823.6
     1     1    19    12     8     9     0     3    -6.0  -33.861  -58.896     14.2   1008.7
     2     1    19    12     8     9     0     3    -6.0  -33.275  -58.997    218.5    987.1
     3     1    19    12     8     9     0     3    -6.0  -32.891  -59.286    474.2    957.4
     4     1    19    12     8     9     0     3    -6.0  -33.092  -60.341    815.3    916.1
     5     1    19    12     8     9     0     3    -6.0  -34.601  -60.882   1731.5    818.5
     1     1    19    12     8     8     0     2    -7.0  -33.764  -58.868     18.0   1007.3
     2     1    19    12     8     8     0     2    -7.0  -32.979  -58.844    266.5    982.4
     3     1    19    12     8     8     0     2    -7.0  -32.531  -59.166    488.7    954.8
     4     1    19    12     8     8     0     2    -7.0  -32.708  -60.435    767.6    920.5
     5     1    19    12     8     8     0     2    -7.0  -34.511  -61.294   1717.1    817.4
     1     1    19    12     8     7     0     1    -8.0  -33.659  -58.816     23.3   1006.0
     2     1    19    12     8     7     0     1    -8.0  -32.698  -58.623    325.7    973.7
     3     1    19    12     8     7     0     1    -8.0  -32.199  -58.982    499.3    953.9
     4     1    19    12     8     7     0     1    -8.0  -32.322  -60.449    728.2    925.1
     5     1    19    12     8     7     0     1    -8.0  -34.352  -61.682   1669.8    821.2
     1     1    19    12     8     6     0     0    -9.0  -33.547  -58.729     31.6   1004.8
     2     1    19    12     8     6     0     0    -9.0  -32.456  -58.362    380.1    967.4
     3     1    19    12     8     6     0     0    -9.0  -31.914  -58.745    499.1    953.1
     4     1    19    12     8     6     0     0    -9.0  -31.940  -60.400    711.4    927.1
     5     1    19    12     8     6     0     0    -9.0  -34.132  -62.031   1585.4    829.6
     1     1    19    12     8     5     0     1   -10.0  -33.433  -58.598     46.5   1003.8
     2     1    19    12     8     5     0     1   -10.0  -32.269  -58.066    427.3    962.6
     3     1    19    12     8     5     0     1   -10.0  -31.689  -58.469    494.7    954.4
     4     1    19    12     8     5     0     1   -10.0  -31.586  -60.285    706.2    927.4
     5     1    19    12     8     5     0     1   -10.0  -33.850  -62.305   1519.9    840.3
     1     1    19    12     8     4     0     2   -11.0  -33.318  -58.410     74.2   1001.3
     2     1    19    12     8     4     0     2   -11.0  -32.148  -57.769    479.9    954.7
     3     1    19    12     8     4     0     2   -11.0  -31.537  -58.164    494.6    954.7
     4     1    19    12     8     4     0     2   -11.0  -31.274  -60.093    692.7    930.7
     5     1    19    12     8     4     0     2   -11.0  -33.522  -62.485   1509.7    839.3
     1     1    19    12     8     3     0     3   -12.0  -33.212  -58.147    121.6    997.0
     2     1    19    12     8     3     0     3   -12.0  -32.083  -57.501    553.9    942.9
     3     1    19    12     8     3     0     3   -12.0  -31.461  -57.842    502.8    953.1
     4     1    19    12     8     3     0     3   -12.0  -30.999  -59.845    676.1    934.5
     5     1    19    12     8     3     0     3   -12.0  -33.154  -62.562   1568.4    834.4
     1     1    19    12     8     2     0     2   -13.0  -33.146  -57.824    175.4    988.3
     2     1    19    12     8     2     0     2   -13.0  -32.060  -57.285    633.0    929.4
     3     1    19    12     8     2     0     2   -13.0  -31.440  -57.547    536.3    945.4
     4     1    19    12     8     2     0     2   -13.0  -30.794  -59.558    703.0    933.6
     5     1    19    12     8     2     0     2   -13.0  -32.793  -62.570   1604.0    819.8
     1     1    19    12     8     1     0     1   -14.0  -33.147  -57.507    210.9    981.1
     2     1    19    12     8     1     0     1   -14.0  -32.083  -57.126    684.9    919.7
     3     1    19    12     8     1     0     1   -14.0  -31.452  -57.310    584.1    935.2
     4     1    19    12     8     1     0     1   -14.0  -30.658  -59.261    795.6    920.8
     5     1    19    12     8     1     0     1   -14.0  -32.481  -62.483   1496.8    828.8
     1     1    19    12     8     0     0     0   -15.0  -33.215  -57.228    238.5    976.6
     2     1    19    12     8     0     0     0   -15.0  -32.151  -57.014    694.1    917.2
     3     1    19    12     8     0     0     0   -15.0  -31.494  -57.135    622.0    927.5
     4     1    19    12     8     0     0     0   -15.0  -30.550  -58.972    934.7    905.3
     5     1    19    12     8     0     0     0   -15.0  -32.253  -62.271   1314.1    855.7
     1     1    19    12     7    23     0     1   -16.0  -33.329  -57.007    249.3    970.3
     2     1    19    12     7    23     0     1   -16.0  -32.243  -56.930    713.2    921.0
     3     1    19    12     7    23     0     1   -16.0  -31.563  -57.007    678.9    923.3
     4     1    19    12     7    23     0     1   -16.0  -30.472  -58.739    997.4    886.7
     5     1    19    12     7    23     0     1   -16.0  -32.096  -61.977   1190.6    875.1
     1     1    19    12     7    22     0     2   -17.0  -33.464  -56.854    228.8    972.4
     2     1    19    12     7    22     0     2   -17.0  -32.354  -56.856    776.4    913.3
     3     1    19    12     7    22     0     2   -17.0  -31.656  -56.915    799.3    910.1
     4     1    19    12     7    22     0     2   -17.0  -30.432  -58.551    887.0    900.8
     5     1    19    12     7    22     0     2   -17.0  -31.977  -61.722   1118.2    884.3
     1     1    19    12     7    21     0     3   -18.0  -33.611  -56.763    188.2    976.3
     2     1    19    12     7    21     0     3   -18.0  -32.483  -56.800    855.4    904.2
     3     1    19    12     7    21     0     3   -18.0  -31.767  -56.845    983.5    889.7
     4     1    19    12     7    21     0     3   -18.0  -30.432  -58.395    670.0    927.3
     5     1    19    12     7    21     0     3   -18.0  -31.878  -61.556   1158.1    890.0
     1     1    19    12     7    20     0     2   -19.0  -33.763  -56.724    152.5    983.4
     2     1    19    12     7    20     0     2   -19.0  -32.631  -56.773    911.7    897.1
     3     1    19    12     7    20     0     2   -19.0  -31.904  -56.799   1145.5    866.1
     4     1    19    12     7    20     0     2   -19.0  -30.452  -58.268    494.7    958.4
     5     1    19    12     7    20     0     2   -19.0  -31.778  -61.441   1238.1    869.0
     1     1    19    12     7    19     0     1   -20.0  -33.927  -56.726    139.5    984.4
     2     1    19    12     7    19     0     1   -20.0  -32.793  -56.778    933.1    897.2
     3     1    19    12     7    19     0     1   -20.0  -32.062  -56.786   1242.6    858.6
     4     1    19    12     7    19     0     1   -20.0  -30.467  -58.161    427.2    964.2
     5     1    19    12     7    19     0     1   -20.0  -31.673  -61.331   1212.2    869.0
     1     1    19    12     7    18     0     0   -21.0  -34.104  -56.761    149.9    985.1
     2     1    19    12     7    18     0     0   -21.0  -32.973  -56.818    936.2    899.2
     3     1    19    12     7    18     0     0   -21.0  -32.235  -56.812   1295.6    855.7
     4     1    19    12     7    18     0     0   -21.0  -30.474  -58.069    461.9    961.3
     5     1    19    12     7    18     0     0   -21.0  -31.565  -61.214   1024.4    887.9
     1     1    19    12     7    17     0     1   -22.0  -34.258  -56.813    182.2    982.5
     2     1    19    12     7    17     0     1   -22.0  -33.159  -56.887    959.8    899.6
     3     1    19    12     7    17     0     1   -22.0  -32.422  -56.879   1333.0    855.7
     4     1    19    12     7    17     0     1   -22.0  -30.475  -57.995    561.7    945.1
     5     1    19    12     7    17     0     1   -22.0  -31.461  -61.081    804.8    926.9
     1     1    19    12     7    16     0     2   -23.0  -34.374  -56.878    231.9    979.0
     2     1    19    12     7    16     0     2   -23.0  -33.349  -56.989   1029.4    890.3
     3     1    19    12     7    16     0     2   -23.0  -32.628  -56.998   1390.1    852.8
     4     1    19    12     7    16     0     2   -23.0  -30.468  -57.944    646.2    933.5
     5     1    19    12     7    16     0     2   -23.0  -31.371  -60.943    663.2    942.5
     1     1    19    12     7    15     0     3   -24.0  -34.468  -56.958    311.5    972.4
     2     1    19    12     7    15     0     3   -24.0  -33.565  -57.136   1123.6    878.7
     3     1    19    12     7    15     0     3   -24.0  -32.858  -57.186   1494.3    847.0
     4     1    19    12     7    15     0     3   -24.0  -30.451  -57.916    686.5    928.5
     5     1    19    12     7    15     0     3   -24.0  -31.294  -60.814    578.4    949.8
     1     1    19    12     7    14     0     2   -25.0  -34.559  -57.042    411.7    960.3
     2     1    19    12     7    14     0     2   -25.0  -33.815  -57.317   1201.0    867.2
     3     1    19    12     7    14     0     2   -25.0  -33.116  -57.401   1607.7    832.3
     4     1    19    12     7    14     0     2   -25.0  -30.420  -57.912    698.7    929.0
     5     1    19    12     7    14     0     2   -25.0  -31.225  -60.686    513.8    954.1
     1     1    19    12     7    13     0     1   -26.0  -34.663  -57.118    499.4    950.6
     2     1    19    12     7    13     0     1   -26.0  -34.091  -57.515   1246.4    863.7
     3     1    19    12     7    13     0     1   -26.0  -33.395  -57.614   1672.1    824.2
     4     1    19    12     7    13     0     1   -26.0  -30.371  -57.935    702.7    928.5
     5     1    19    12     7    13     0     1   -26.0  -31.161  -60.546    457.4    962.1
     1     1    19    12     7    12     0     0   -27.0  -34.790  -57.175    564.3    945.2
     2     1    19    12     7    12     0     0   -27.0  -34.403  -57.718   1270.0    865.9
     3     1    19    12     7    12     0     0   -27.0  -33.688  -57.847   1678.6    822.6
     4     1    19    12     7    12     0     0   -27.0  -30.300  -57.983    702.1    928.4
     5     1    19    12     7    12     0     0   -27.0  -31.103  -60.396    433.0    966.4
     1     1    19    12     7    11     0     1   -28.0  -34.933  -57.214    616.9    942.4
     2     1    19    12     7    11     0     1   -28.0  -34.762  -57.907   1278.7    869.1
     3     1    19    12     7    11     0     1   -28.0  -33.978  -58.109   1672.5    826.5
     4     1    19    12     7    11     0     1   -28.0  -30.210  -58.051    698.0    927.7
     5     1    19    12     7    11     0     1   -28.0  -31.057  -60.267    438.4    964.0
     1     1    19    12     7    10     0     2   -29.0  -35.090  -57.252    660.3    937.1
     2     1    19    12     7    10     0     2   -29.0  -35.137  -58.085   1261.2    871.1
     3     1    19    12     7    10     0     2   -29.0  -34.264  -58.385   1693.6    826.9
     4     1    19    12     7    10     0     2   -29.0  -30.107  -58.130    691.0    927.8
     5     1    19    12     7    10     0     2   -29.0  -31.025  -60.189    446.6    961.5
     1     1    19    12     7     9     0     3   -30.0  -35.265  -57.305    688.9    933.1
     2     1    19    12     7     9     0     3   -30.0  -35.500  -58.264   1242.7    876.4
     3     1    19    12     7     9     0     3   -30.0  -34.558  -58.675   1712.7    825.3
     4     1    19    12     7     9     0     3   -30.0  -29.986  -58.223    685.3    928.3
     5     1    19    12     7     9     0     3   -30.0  -31.006  -60.158    443.5    960.8
     1     1    19    12     7     8     0     2   -31.0  -35.469  -57.379    706.9    931.5
     2     1    19    12     7     8     0     2   -31.0  -35.866  -58.455   1271.7    874.9
     3     1    19    12     7     8     0     2   -31.0  -34.862  -58.983   1702.8    826.7
     4     1    19    12     7     8     0     2   -31.0  -29.847  -58.309    633.0    928.7
     5     1    19    12     7     8     0     2   -31.0  -30.988  -60.149    438.3    963.0
     1     1    19    12     7     7     0     1   -32.0  -35.717  -57.470    724.4    930.1
     2     1    19    12     7     7     0     1   -32.0  -36.251  -58.657   1345.2    863.2
     3     1    19    12     7     7     0     1   -32.0  -35.160  -59.284   1690.2    830.8
     4     1    19    12     7     7     0     1   -32.0  -29.686  -58.364    515.1    943.7
     5     1    19    12     7     7     0     1   -32.0  -30.961  -60.156    440.5    962.2
     1     1    19    12     7     6     0     0   -33.0  -36.008  -57.575    749.5    927.4
     2     1    19    12     7     6     0     0   -33.0  -36.660  -58.865   1422.2    849.8
     3     1    19    12     7     6     0     0   -33.0  -35.439  -59.572   1722.2    827.6
     4     1    19    12     7     6     0     0   -33.0  -29.503  -58.388    388.2    960.2
     5     1    19    12     7     6     0     0   -33.0  -30.917  -60.179    440.7    961.3
     1     1    19    12     7     5     0     1   -34.0  -36.338  -57.711    774.5    923.7
     2     1    19    12     7     5     0     1   -34.0  -37.108  -59.076   1495.0    838.6
     3     1    19    12     7     5     0     1   -34.0  -35.701  -59.878   1788.2    815.7
     4     1    19    12     7     5     0     1   -34.0  -29.308  -58.375    317.9    971.9
     5     1    19    12     7     5     0     1   -34.0  -30.848  -60.216    368.5    962.0
     1     1    19    12     7     4     0     2   -35.0  -36.700  -57.883    804.4    922.3
     2     1    19    12     7     4     0     2   -35.0  -37.613  -59.295   1613.8    824.4
     3     1    19    12     7     4     0     2   -35.0  -35.953  -60.229   1855.5    806.0
     4     1    19    12     7     4     0     2   -35.0  -29.142  -58.319    312.8    968.8
     5     1    19    12     7     4     0     2   -35.0  -30.783  -60.234    247.4    982.2
     1     1    19    12     7     3     0     3   -36.0  -37.089  -58.089    877.8    915.1
     2     1    19    12     7     3     0     3   -36.0  -38.202  -59.526   1806.8    805.0
     3     1    19    12     7     3     0     3   -36.0  -36.191  -60.582   1898.1    798.4
     4     1    19    12     7     3     0     3   -36.0  -29.032  -58.230    334.9    964.5
     5     1    19    12     7     3     0     3   -36.0  -30.760  -60.235    162.4    995.9
     1     1    19    12     7     2     0     2   -37.0  -37.498  -58.349    997.0    891.3
     2     1    19    12     7     2     0     2   -37.0  -38.856  -59.808   2019.9    790.2
     3     1    19    12     7     2     0     2   -37.0  -36.411  -60.883   1943.8    796.4
     4     1    19    12     7     2     0     2   -37.0  -28.981  -58.126    371.2    960.5
     5     1    19    12     7     2     0     2   -37.0  -30.744  -60.228    112.1    999.7
     1     1    19    12     7     1     0     1   -38.0  -37.930  -58.643   1111.0    870.4
     2     1    19    12     7     1     0     1   -38.0  -39.558  -60.141   2192.6    775.8
     3     1    19    12     7     1     0     1   -38.0  -36.623  -61.160   2026.2    786.9
     4     1    19    12     7     1     0     1   -38.0  -28.982  -58.020    421.8    955.2
     5     1    19    12     7     1     0     1   -38.0  -30.672  -60.208     92.7    999.3
     1     1    19    12     7     0     0     0   -39.0  -38.367  -58.944   1180.5    866.2
     2     1    19    12     7     0     0     0   -39.0  -40.314  -60.525   2343.7    762.2
     3     1    19    12     7     0     0     0   -39.0  -36.835  -61.451   2126.5    773.9
     4     1    19    12     7     0     0     0   -39.0  -29.033  -57.917    495.2    947.8
     5     1    19    12     7     0     0     0   -39.0  -30.541  -60.174     88.5    999.0
     1     1    19    12     6    23     0     1   -40.0  -38.775  -59.252   1229.1    871.8
     2     1    19    12     6    23     0     1   -40.0  -41.086  -61.000   2445.1    751.2
     3     1    19    12     6    23     0     1   -40.0  -37.035  -61.763   2236.2    762.8
     4     1    19    12     6    23     0     1   -40.0  -29.106  -57.828    583.1    935.6
     5     1    19    12     6    23     0     1   -40.0  -30.405  -60.127     95.8    997.7
     1     1    19    12     6    22     0     2   -41.0  -39.178  -59.560   1299.8    866.5
     2     1    19    12     6    22     0     2   -41.0  -41.841  -61.547   2486.5    747.4
     3     1    19    12     6    22     0     2   -41.0  -37.226  -62.066   2366.0    744.5
     4     1    19    12     6    22     0     2   -41.0  -29.178  -57.764    656.8    927.8
     5     1    19    12     6    22     0     2   -41.0  -30.307  -60.078    114.9    995.3
     1     1    19    12     6    21     0     3   -42.0  -39.588  -59.865   1372.4    858.5
     2     1    19    12     6    21     0     3   -42.0  -42.602  -62.169   2485.9    748.5
     3     1    19    12     6    21     0     3   -42.0  -37.438  -62.351   2511.5    727.7
     4     1    19    12     6    21     0     3   -42.0  -29.247  -57.726    716.9    920.8
     5     1    19    12     6    21     0     3   -42.0  -30.245  -60.024    150.9    992.0
     1     1    19    12     6    20     0     2   -43.0  -40.014  -60.174   1434.8    851.8
     2     1    19    12     6    20     0     2   -43.0  -43.331  -62.864   2503.8    747.0
     3     1    19    12     6    20     0     2   -43.0  -37.684  -62.643   2633.0    716.4
     4     1    19    12     6    20     0     2   -43.0  -29.312  -57.719    781.7    914.8
     5     1    19    12     6    20     0     2   -43.0  -30.204  -59.978    212.0    985.6
     1     1    19    12     6    19     0     1   -44.0  -40.490  -60.475   1497.1    845.8
     2     1    19    12     6    19     0     1   -44.0  -44.023  -63.591   2560.8    742.3
     3     1    19    12     6    19     0     1   -44.0  -37.945  -62.958   2727.8    710.3
     4     1    19    12     6    19     0     1   -44.0  -29.369  -57.745    867.8    907.1
     5     1    19    12     6    19     0     1   -44.0  -30.165  -59.962    300.2    977.9
     1     1    19    12     6    18     0     0   -45.0  -40.996  -60.770   1581.4    837.6
     2     1    19    12     6    18     0     0   -45.0  -44.694  -64.363   2627.3    734.1
     3     1    19    12     6    18     0     0   -45.0  -38.206  -63.276   2794.4    709.8
     4     1    19    12     6    18     0     0   -45.0  -29.416  -57.789    978.1    895.9
     5     1    19    12     6    18     0     0   -45.0  -30.133  -59.979    432.1    965.0
     1     1    19    12     6    17     0     1   -46.0  -41.538  -61.076   1667.3    826.0
     2     1    19    12     6    17     0     1   -46.0  -45.304  -65.153   2675.0    731.5
     3     1    19    12     6    17     0     1   -46.0  -38.495  -63.590   2836.2    711.1
     4     1    19    12     6    17     0     1   -46.0  -29.450  -57.829   1094.4    882.2
     5     1    19    12     6    17     0     1   -46.0  -30.097  -60.029    611.2    943.2
     1     1    19    12     6    16     0     2   -47.0  -42.135  -61.401   1745.7    818.0
     2     1    19    12     6    16     0     2   -47.0  -45.888  -65.894   2761.8    722.9
     3     1    19    12     6    16     0     2   -47.0  -38.824  -63.909   2862.9    710.5
     4     1    19    12     6    16     0     2   -47.0  -29.471  -57.852   1184.9    872.8
     5     1    19    12     6    16     0     2   -47.0  -30.043  -60.108    796.1    922.2
     1     1    19    12     6    15     0     3   -48.0  -42.777  -61.710   1840.8    808.3
     2     1    19    12     6    15     0     3   -48.0  -46.439  -66.637   2766.7    710.7
     3     1    19    12     6    15     0     3   -48.0  -39.183  -64.235   2894.2    707.8
     4     1    19    12     6    15     0     3   -48.0  -29.482  -57.855   1239.8    865.4
     5     1    19    12     6    15     0     3   -48.0  -29.979  -60.197    952.4    902.8
     1     1    19    12     6    14     0     2   -49.0  -43.455  -62.027   1943.9    796.3
     2     1    19    12     6    14     0     2   -49.0  -46.931  -67.358   2663.2    715.1
     3     1    19    12     6    14     0     2   -49.0  -39.578  -64.562   2919.2    702.6
     4     1    19    12     6    14     0     2   -49.0  -29.502  -57.841   1282.2    863.8
     5     1    19    12     6    14     0     2   -49.0  -29.927  -60.266   1069.6    889.9
     1     1    19    12     6    13     0     1   -50.0  -44.179  -62.384   2033.4    785.5
     2     1    19    12     6    13     0     1   -50.0  -47.369  -68.018   2581.1    723.6
     3     1    19    12     6    13     0     1   -50.0  -39.989  -64.877   2883.5    704.5
     4     1    19    12     6    13     0     1   -50.0  -29.554  -57.798   1341.5    858.0
     5     1    19    12     6    13     0     1   -50.0  -29.901  -60.298   1156.9    881.2
     1     1    19    12     6    12     0     0   -51.0  -44.941  -62.770   2092.8    778.9
     2     1    19    12     6    12     0     0   -51.0  -47.774  -68.653   2477.6    706.2
     3     1    19    12     6    12     0     0   -51.0  -40.414  -65.166   2851.1    714.8
     4     1    19    12     6    12     0     0   -51.0  -29.646  -57.720   1432.0    849.9
     5     1    19    12     6    12     0     0   -51.0  -29.899  -60.294   1218.5    874.7
     1     1    19    12     6    11     0     1   -52.0  -45.692  -63.205   2140.0    775.4
     2     1    19    12     6    11     0     1   -52.0  -48.185  -69.262   2372.4    708.8
     3     1    19    12     6    11     0     1   -52.0  -40.876  -65.474   2888.2    701.4
     4     1    19    12     6    11     0     1   -52.0  -29.785  -57.618   1548.2    835.4
     5     1    19    12     6    11     0     1   -52.0  -29.926  -60.266   1268.5    870.5
     1     1    19    12     6    10     0     2   -53.0  -46.413  -63.707   2184.8    770.4
     2     1    19    12     6    10     0     2   -53.0  -48.576  -69.812   2358.5    716.1
     3     1    19    12     6    10     0     2   -53.0  -41.381  -65.827   2940.6    683.0
     4     1    19    12     6    10     0     2   -53.0  -29.960  -57.539   1654.2    823.8
     5     1    19    12     6    10     0     2   -53.0  -29.995  -60.223   1326.0    864.7
     1     1    19    12     6     9     0     3   -54.0  -47.111  -64.217   2229.1    766.5
     2     1    19    12     6     9     0     3   -54.0  -48.916  -70.356   2409.2    716.5
     3     1    19    12     6     9     0     3   -54.0  -41.949  -66.235   2957.3    665.4
     4     1    19    12     6     9     0     3   -54.0  -30.164  -57.486   1730.2    814.0
     5     1    19    12     6     9     0     3   -54.0  -30.110  -60.174   1398.1    858.1
     1     1    19    12     6     8     0     2   -55.0  -47.803  -64.723   2262.3    760.4
     2     1    19    12     6     8     0     2   -55.0  -49.240  -70.857   2413.9    703.5
     3     1    19    12     6     8     0     2   -55.0  -42.521  -66.670   3003.1    675.9
     4     1    19    12     6     8     0     2   -55.0  -30.394  -57.453   1779.7    810.3
     5     1    19    12     6     8     0     2   -55.0  -30.268  -60.129   1485.4    849.7
     1     1    19    12     6     7     0     1   -56.0  -48.485  -65.248   2278.1    760.6
     2     1    19    12     6     7     0     1   -56.0  -49.615  -71.315   2287.0    701.2
     3     1    19    12     6     7     0     1   -56.0  -43.035  -67.119   3069.1    682.2
     4     1    19    12     6     7     0     1   -56.0  -30.657  -57.439   1821.2    806.6
     5     1    19    12     6     7     0     1   -56.0  -30.461  -60.099   1579.4    839.7
     1     1    19    12     6     6     0     0   -57.0  -49.152  -65.777   2308.4    757.8
     2     1    19    12     6     6     0     0   -57.0  -50.004  -71.841   2095.1    735.2
     3     1    19    12     6     6     0     0   -57.0  -43.537  -67.614   3137.7    659.6
     4     1    19    12     6     6     0     0   -57.0  -30.943  -57.450   1866.7    802.7
     5     1    19    12     6     6     0     0   -57.0  -30.684  -60.082   1663.9    830.3
     1     1    19    12     6     5     0     1   -58.0  -49.808  -66.285   2320.4    752.9
     2     1    19    12     6     5     0     1   -58.0  -50.341  -72.535   2072.0    746.6
     3     1    19    12     6     5     0     1   -58.0  -44.062  -68.138   3204.4    641.8
     4     1    19    12     6     5     0     1   -58.0  -31.250  -57.499   1920.4    798.2
     5     1    19    12     6     5     0     1   -58.0  -30.926  -60.075   1739.8    824.2
     1     1    19    12     6     4     0     2   -59.0  -50.439  -66.756   2299.2    757.2
     2     1    19    12     6     4     0     2   -59.0  -50.709  -73.381   2364.5    703.1
     3     1    19    12     6     4     0     2   -59.0  -44.593  -68.583   3170.0    649.2
     4     1    19    12     6     4     0     2   -59.0  -31.569  -57.590   1998.6    793.9
     5     1    19    12     6     4     0     2   -59.0  -31.188  -60.091   1826.2    815.7
     1     1    19    12     6     3     0     3   -60.0  -51.031  -67.174   2270.8    760.2
     2     1    19    12     6     3     0     3   -60.0  -50.976  -74.108   2284.8    741.3
     3     1    19    12     6     3     0     3   -60.0  -45.167  -68.963   3161.6    650.0
     4     1    19    12     6     3     0     3   -60.0  -31.885  -57.700   2145.7    781.1
     5     1    19    12     6     3     0     3   -60.0  -31.478  -60.138   1947.4    801.7
     1     1    19    12     6     2     0     2   -61.0  -51.634  -67.573   2241.3    762.6
     2     1    19    12     6     2     0     2   -61.0  -51.155  -74.705   2108.0    774.4
     3     1    19    12     6     2     0     2   -61.0  -45.786  -69.291   3183.1    645.4
     4     1    19    12     6     2     0     2   -61.0  -32.192  -57.820   2332.0    763.3
     5     1    19    12     6     2     0     2   -61.0  -31.781  -60.192   2095.0    784.7
     1     1    19    12     6     1     0     1   -62.0  -52.268  -67.970   2209.5    764.5
     2     1    19    12     6     1     0     1   -62.0  -51.330  -75.263   2039.6    789.1
     3     1    19    12     6     1     0     1   -62.0  -46.469  -69.589   3145.6    635.1
     4     1    19    12     6     1     0     1   -62.0  -32.515  -57.972   2449.7    751.4
     5     1    19    12     6     1     0     1   -62.0  -32.081  -60.250   2221.5    771.0
     1     1    19    12     6     0     0     0   -63.0  -52.880  -68.371   2215.1    762.5
     2     1    19    12     6     0     0     0   -63.0  -51.517  -75.809   2008.0    793.7
     3     1    19    12     6     0     0     0   -63.0  -47.231  -69.894   3168.6    633.5
     4     1    19    12     6     0     0     0   -63.0  -32.852  -58.144   2492.3    748.1
     5     1    19    12     6     0     0     0   -63.0  -32.376  -60.340   2320.0    763.0
     1     1    19    12     5    23     0     1   -64.0  -53.549  -68.897   2217.6    744.0
     2     1    19    12     5    23     0     1   -64.0  -51.703  -76.338   1963.8    801.1
     3     1    19    12     5    23     0     1   -64.0  -48.052  -70.266   3367.4    613.8
     4     1    19    12     5    23     0     1   -64.0  -33.189  -58.325   2517.7    747.9
     5     1    19    12     5    23     0     1   -64.0  -32.671  -60.482   2406.7    756.4
     1     1    19    12     5    22     0     2   -65.0  -54.224  -69.592   2179.6    743.9
     2     1    19    12     5    22     0     2   -65.0  -51.873  -76.866   1939.6    803.3
     3     1    19    12     5    22     0     2   -65.0  -48.917  -70.720   3461.2    618.8
     4     1    19    12     5    22     0     2   -65.0  -33.520  -58.538   2572.3    741.4
     5     1    19    12     5    22     0     2   -65.0  -32.968  -60.646   2493.7    746.7
     1     1    19    12     5    21     0     3   -66.0  -54.768  -70.375   1978.8    769.1
     2     1    19    12     5    21     0     3   -66.0  -52.024  -77.410   1932.9    803.3
     3     1    19    12     5    21     0     3   -66.0  -49.828  -71.271   3616.8    597.1
     4     1    19    12     5    21     0     3   -66.0  -33.852  -58.799   2639.5    735.2
     5     1    19    12     5    21     0     3   -66.0  -33.260  -60.823   2590.2    736.4
     1     1    19    12     5    20     0     2   -67.0  -55.163  -71.071   1659.2    815.4
     2     1    19    12     5    20     0     2   -67.0  -52.172  -77.956   1921.9    804.3
     3     1    19    12     5    20     0     2   -67.0  -50.751  -71.990   3509.4    619.5
     4     1    19    12     5    20     0     2   -67.0  -34.189  -59.089   2711.0    731.0
     5     1    19    12     5    20     0     2   -67.0  -33.553  -61.029   2706.6    724.7
     1     1    19    12     5    19     0     1   -68.0  -55.536  -71.702   1524.2    831.5
     2     1    19    12     5    19     0     1   -68.0  -52.342  -78.482   1906.9    805.7
     3     1    19    12     5    19     0     1   -68.0  -51.661  -72.904   3418.8    635.3
     4     1    19    12     5    19     0     1   -68.0  -34.536  -59.376   2815.1    721.1
     5     1    19    12     5    19     0     1   -68.0  -33.870  -61.269   2840.1    713.0
     1     1    19    12     5    18     0     0   -69.0  -55.932  -72.253   1457.0    838.0
     2     1    19    12     5    18     0     0   -69.0  -52.515  -78.994   1884.0    807.7
     3     1    19    12     5    18     0     0   -69.0  -52.537  -73.856   3588.2    624.6
     4     1    19    12     5    18     0     0   -69.0  -34.914  -59.655   2928.4    710.9
     5     1    19    12     5    18     0     0   -69.0  -34.217  -61.534   2988.9    699.6
     1     1    19    12     5    17     0     1   -70.0  -56.364  -72.773   1417.2    841.5
     2     1    19    12     5    17     0     1   -70.0  -52.699  -79.501   1857.4    810.4
     3     1    19    12     5    17     0     1   -70.0  -53.339  -74.760   3430.2    658.9
     4     1    19    12     5    17     0     1   -70.0  -35.311  -59.925   3020.3    699.8
     5     1    19    12     5    17     0     1   -70.0  -34.584  -61.826   3106.2    689.0
     1     1    19    12     5    16     0     2   -71.0  -56.830  -73.342   1408.5    841.1
     2     1    19    12     5    16     0     2   -71.0  -52.912  -80.012   1846.0    811.4
     3     1    19    12     5    16     0     2   -71.0  -54.114  -75.629   3304.6    669.4
     4     1    19    12     5    16     0     2   -71.0  -35.698  -60.205   3063.1    692.7
     5     1    19    12     5    16     0     2   -71.0  -34.958  -62.112   3165.5    683.8
     1     1    19    12     5    15     0     3   -72.0  -57.317  -73.961   1415.6    840.0
     2     1    19    12     5    15     0     3   -72.0  -53.144  -80.522   1842.0    810.9
     3     1    19    12     5    15     0     3   -72.0  -54.884  -76.513   3204.8    678.2
     4     1    19    12     5    15     0     3   -72.0  -36.089  -60.478   3104.6    687.1
     5     1    19    12     5    15     0     3   -72.0  -35.324  -62.361   3206.4    681.5
