     7     1
    GDAS    19    12    29     0     0
    GDAS    20     1     1     0     0
    GDAS    20     1     8     0     0
    GDAS    20     1    15     0     0
    GDAS    20     1    22     0     0
    GDAS    20     1    29     0     0
    GDAS    20     2     1     0     0
     5 BACKWARD OMEGA   
    20     1    20     3  -34.572  -58.513    10.0
    20     1    20     3  -34.572  -58.513   200.0
    20     1    20     3  -34.572  -58.513   500.0
    20     1    20     3  -34.572  -58.513  1000.0
    20     1    20     3  -34.572  -58.513  2000.0
     1 PRESSURE
     1     1    20     1    20     3     0     3     0.0  -34.572  -58.513     10.0   1005.4
     2     1    20     1    20     3     0     3     0.0  -34.572  -58.513    200.0    985.3
     3     1    20     1    20     3     0     3     0.0  -34.572  -58.513    500.0    952.5
     4     1    20     1    20     3     0     3     0.0  -34.572  -58.513   1000.0    899.8
     5     1    20     1    20     3     0     3     0.0  -34.572  -58.513   2000.0    801.4
     1     1    20     1    20     2     0     2    -1.0  -34.533  -58.422     10.7   1005.3
     2     1    20     1    20     2     0     2    -1.0  -34.448  -58.365    235.6    979.8
     3     1    20     1    20     2     0     2    -1.0  -34.406  -58.448    574.1    942.5
     4     1    20     1    20     2     0     2    -1.0  -34.464  -58.590   1072.9    891.4
     5     1    20     1    20     2     0     2    -1.0  -34.610  -58.748   2059.9    794.9
     1     1    20     1    20     1     0     1    -2.0  -34.502  -58.340     10.7   1005.3
     2     1    20     1    20     1     0     1    -2.0  -34.342  -58.231    254.8    974.8
     3     1    20     1    20     1     0     1    -2.0  -34.254  -58.387    628.5    935.2
     4     1    20     1    20     1     0     1    -2.0  -34.344  -58.679   1141.1    885.5
     5     1    20     1    20     1     0     1    -2.0  -34.629  -59.011   2106.4    792.8
     1     1    20     1    20     0     0     0    -3.0  -34.483  -58.271      9.7   1005.4
     2     1    20     1    20     0     0     0    -3.0  -34.267  -58.131    232.8    974.5
     3     1    20     1    20     0     0     0    -3.0  -34.114  -58.331    653.4    930.4
     4     1    20     1    20     0     0     0    -3.0  -34.212  -58.792   1227.8    878.1
     5     1    20     1    20     0     0     0    -3.0  -34.628  -59.292   2133.8    788.0
     1     1    20     1    19    23     0     1    -4.0  -34.453  -58.219      8.7   1005.0
     2     1    20     1    19    23     0     1    -4.0  -34.203  -58.069    201.2    981.2
     3     1    20     1    19    23     0     1    -4.0  -33.979  -58.284    677.9    930.5
     4     1    20     1    19    23     0     1    -4.0  -34.084  -58.935   1381.8    866.5
     5     1    20     1    19    23     0     1    -4.0  -34.584  -59.556   2124.9    789.0
     1     1    20     1    19    22     0     2    -5.0  -34.392  -58.189      8.6   1004.5
     2     1    20     1    19    22     0     2    -5.0  -34.110  -58.037    192.2    981.4
     3     1    20     1    19    22     0     2    -5.0  -33.841  -58.260    758.9    924.1
     4     1    20     1    19    22     0     2    -5.0  -33.978  -59.097   1593.1    842.1
     5     1    20     1    19    22     0     2    -5.0  -34.495  -59.778   2104.2    792.6
     1     1    20     1    19    21     0     3    -6.0  -34.295  -58.179      9.4   1003.8
     2     1    20     1    19    21     0     3    -6.0  -33.975  -58.028    213.7    978.5
     3     1    20     1    19    21     0     3    -6.0  -33.706  -58.266    937.8    908.9
     4     1    20     1    19    21     0     3    -6.0  -33.893  -59.261   1802.4    820.4
     5     1    20     1    19    21     0     3    -6.0  -34.377  -59.960   2128.1    793.7
     1     1    20     1    19    20     0     2    -7.0  -34.171  -58.184      9.9   1003.6
     2     1    20     1    19    20     0     2    -7.0  -33.817  -58.040    237.1    973.4
     3     1    20     1    19    20     0     2    -7.0  -33.578  -58.292   1094.0    880.5
     4     1    20     1    19    20     0     2    -7.0  -33.808  -59.422   1945.1    801.8
     5     1    20     1    19    20     0     2    -7.0  -34.249  -60.129   2190.3    783.7
     1     1    20     1    19    19     0     1    -8.0  -34.028  -58.201      8.3   1003.6
     2     1    20     1    19    19     0     1    -8.0  -33.656  -58.064    210.3    977.3
     3     1    20     1    19    19     0     1    -8.0  -33.455  -58.313   1089.7    881.4
     4     1    20     1    19    19     0     1    -8.0  -33.705  -59.565   1996.9    799.6
     5     1    20     1    19    19     0     1    -8.0  -34.122  -60.300   2248.0    776.8
     1     1    20     1    19    18     0     0    -9.0  -33.872  -58.226      4.3   1004.3
     2     1    20     1    19    18     0     0    -9.0  -33.494  -58.086    143.1    988.2
     3     1    20     1    19    18     0     0    -9.0  -33.328  -58.317    897.3    900.2
     4     1    20     1    19    18     0     0    -9.0  -33.587  -59.690   1976.6    801.8
     5     1    20     1    19    18     0     0    -9.0  -33.994  -60.475   2297.9    771.0
     1     1    20     1    19    17     0     1   -10.0  -33.724  -58.236      0.0   1004.9
     2     1    20     1    19    17     0     1   -10.0  -33.344  -58.086     92.0    999.8
     3     1    20     1    19    17     0     1   -10.0  -33.194  -58.312    663.0    944.1
     4     1    20     1    19    17     0     1   -10.0  -33.461  -59.793   1920.6    811.4
     5     1    20     1    19    17     0     1   -10.0  -33.853  -60.631   2333.7    765.9
     1     1    20     1    19    16     0     2   -11.0  -33.594  -58.216      0.0   1005.5
     2     1    20     1    19    16     0     2   -11.0  -33.215  -58.059     65.8   1002.5
     3     1    20     1    19    16     0     2   -11.0  -33.064  -58.300    532.4    956.6
     4     1    20     1    19    16     0     2   -11.0  -33.340  -59.885   1880.0    815.9
     5     1    20     1    19    16     0     2   -11.0  -33.692  -60.754   2360.8    763.8
     1     1    20     1    19    15     0     3   -12.0  -33.480  -58.171      0.0   1005.9
     2     1    20     1    19    15     0     3   -12.0  -33.104  -58.013     52.8   1003.9
     3     1    20     1    19    15     0     3   -12.0  -32.938  -58.282    470.1    962.8
     4     1    20     1    19    15     0     3   -12.0  -33.229  -59.981   1861.1    818.4
     5     1    20     1    19    15     0     3   -12.0  -33.513  -60.864   2401.8    760.4
     1     1    20     1    19    14     0     2   -13.0  -33.377  -58.100      0.0   1006.4
     2     1    20     1    19    14     0     2   -13.0  -33.007  -57.941     46.1   1004.7
     3     1    20     1    19    14     0     2   -13.0  -32.800  -58.251    437.2    963.6
     4     1    20     1    19    14     0     2   -13.0  -33.135  -60.087   1853.1    817.0
     5     1    20     1    19    14     0     2   -13.0  -33.336  -60.973   2453.3    753.5
     1     1    20     1    19    13     0     1   -14.0  -33.283  -57.999      1.3   1006.8
     2     1    20     1    19    13     0     1   -14.0  -32.918  -57.829     42.5   1004.4
     3     1    20     1    19    13     0     1   -14.0  -32.639  -58.193    407.6    967.4
     4     1    20     1    19    13     0     1   -14.0  -33.064  -60.205   1843.3    816.9
     5     1    20     1    19    13     0     1   -14.0  -33.177  -61.078   2483.1    749.0
     1     1    20     1    19    12     0     0   -15.0  -33.201  -57.864      3.5   1007.3
     2     1    20     1    19    12     0     0   -15.0  -32.825  -57.679     41.3   1003.5
     3     1    20     1    19    12     0     0   -15.0  -32.458  -58.110    389.8    969.5
     4     1    20     1    19    12     0     0   -15.0  -33.019  -60.337   1829.8    816.7
     5     1    20     1    19    12     0     0   -15.0  -33.038  -61.178   2466.8    749.5
     1     1    20     1    19    11     0     1   -16.0  -33.127  -57.712      5.6   1007.2
     2     1    20     1    19    11     0     1   -16.0  -32.727  -57.506     42.4   1001.8
     3     1    20     1    19    11     0     1   -16.0  -32.260  -58.012    379.6    969.8
     4     1    20     1    19    11     0     1   -16.0  -32.973  -60.473   1811.8    817.1
     5     1    20     1    19    11     0     1   -16.0  -32.909  -61.271   2427.3    756.1
     1     1    20     1    19    10     0     2   -17.0  -33.059  -57.557      7.4   1006.8
     2     1    20     1    19    10     0     2   -17.0  -32.625  -57.324     47.4    999.3
     3     1    20     1    19    10     0     2   -17.0  -32.048  -57.912    365.2    969.3
     4     1    20     1    19    10     0     2   -17.0  -32.900  -60.613   1788.7    818.0
     5     1    20     1    19    10     0     2   -17.0  -32.779  -61.358   2391.8    759.7
     1     1    20     1    19     9     0     3   -18.0  -32.996  -57.396      9.4   1005.9
     2     1    20     1    19     9     0     3   -18.0  -32.517  -57.128     58.0    995.9
     3     1    20     1    19     9     0     3   -18.0  -31.823  -57.810    344.6    970.0
     4     1    20     1    19     9     0     3   -18.0  -32.813  -60.776   1759.5    819.8
     5     1    20     1    19     9     0     3   -18.0  -32.652  -61.440   2359.2    762.8
     1     1    20     1    19     8     0     2   -19.0  -32.935  -57.226     12.0   1004.6
     2     1    20     1    19     8     0     2   -19.0  -32.399  -56.922     74.6    991.3
     3     1    20     1    19     8     0     2   -19.0  -31.597  -57.684    326.3    970.5
     4     1    20     1    19     8     0     2   -19.0  -32.703  -60.946   1728.9    823.1
     5     1    20     1    19     8     0     2   -19.0  -32.524  -61.518   2335.5    766.0
     1     1    20     1    19     7     0     1   -20.0  -32.871  -57.048     15.5   1002.7
     2     1    20     1    19     7     0     1   -20.0  -32.277  -56.713     94.5    987.7
     3     1    20     1    19     7     0     1   -20.0  -31.385  -57.536    309.8    969.3
     4     1    20     1    19     7     0     1   -20.0  -32.560  -61.094   1704.7    826.3
     5     1    20     1    19     7     0     1   -20.0  -32.395  -61.598   2327.7    766.9
     1     1    20     1    19     6     0     0   -21.0  -32.807  -56.865     19.9   1000.9
     2     1    20     1    19     6     0     0   -21.0  -32.157  -56.498    114.5    984.2
     3     1    20     1    19     6     0     0   -21.0  -31.185  -57.382    291.0    968.9
     4     1    20     1    19     6     0     0   -21.0  -32.395  -61.245   1687.0    828.4
     5     1    20     1    19     6     0     0   -21.0  -32.272  -61.696   2335.0    766.1
     1     1    20     1    19     5     0     1   -22.0  -32.752  -56.683     23.8    999.6
     2     1    20     1    19     5     0     1   -22.0  -32.046  -56.265    127.6    981.6
     3     1    20     1    19     5     0     1   -22.0  -30.990  -57.202    274.1    968.8
     4     1    20     1    19     5     0     1   -22.0  -32.222  -61.402   1688.9    830.3
     5     1    20     1    19     5     0     1   -22.0  -32.160  -61.810   2363.5    764.0
     1     1    20     1    19     4     0     2   -23.0  -32.710  -56.501     25.5    998.9
     2     1    20     1    19     4     0     2   -23.0  -31.957  -56.014    125.0    980.6
     3     1    20     1    19     4     0     2   -23.0  -30.793  -56.937    267.9    967.6
     4     1    20     1    19     4     0     2   -23.0  -32.049  -61.561   1734.3    826.3
     5     1    20     1    19     4     0     2   -23.0  -32.062  -61.936   2418.0    758.4
     1     1    20     1    19     3     0     3   -24.0  -32.676  -56.319     25.0    998.6
     2     1    20     1    19     3     0     3   -24.0  -31.891  -55.747    115.3    982.6
     3     1    20     1    19     3     0     3   -24.0  -30.623  -56.597    271.4    964.4
     4     1    20     1    19     3     0     3   -24.0  -31.884  -61.740   1816.1    816.6
     5     1    20     1    19     3     0     3   -24.0  -31.987  -62.072   2485.8    750.8
     1     1    20     1    19     2     0     2   -25.0  -32.654  -56.153     24.7    998.2
     2     1    20     1    19     2     0     2   -25.0  -31.836  -55.476    111.4    983.7
     3     1    20     1    19     2     0     2   -25.0  -30.508  -56.245    286.1    960.4
     4     1    20     1    19     2     0     2   -25.0  -31.730  -61.901   1883.3    804.7
     5     1    20     1    19     2     0     2   -25.0  -31.919  -62.183   2525.9    743.7
     1     1    20     1    19     1     0     1   -26.0  -32.653  -56.017     26.8    997.4
     2     1    20     1    19     1     0     1   -26.0  -31.805  -55.217    110.8    984.3
     3     1    20     1    19     1     0     1   -26.0  -30.446  -55.917    305.7    955.7
     4     1    20     1    19     1     0     1   -26.0  -31.571  -62.007   1906.4    802.1
     5     1    20     1    19     1     0     1   -26.0  -31.835  -62.252   2520.8    744.4
     1     1    20     1    19     0     0     0   -27.0  -32.674  -55.905     31.5    996.2
     2     1    20     1    19     0     0     0   -27.0  -31.817  -54.961    105.2    985.4
     3     1    20     1    19     0     0     0   -27.0  -30.434  -55.612    330.3    957.3
     4     1    20     1    19     0     0     0   -27.0  -31.390  -62.087   1898.6    802.7
     5     1    20     1    19     0     0     0   -27.0  -31.737  -62.296   2482.0    748.1
     1     1    20     1    18    23     0     1   -28.0  -32.694  -55.797     34.9    994.9
     2     1    20     1    18    23     0     1   -28.0  -31.842  -54.727     88.1    986.2
     3     1    20     1    18    23     0     1   -28.0  -30.456  -55.335    373.4    955.7
     4     1    20     1    18    23     0     1   -28.0  -31.185  -62.166   1888.4    806.0
     5     1    20     1    18    23     0     1   -28.0  -31.617  -62.334   2447.9    754.0
     1     1    20     1    18    22     0     2   -29.0  -32.686  -55.684     32.6    993.9
     2     1    20     1    18    22     0     2   -29.0  -31.850  -54.531     63.0    988.9
     3     1    20     1    18    22     0     2   -29.0  -30.492  -55.096    416.8    951.6
     4     1    20     1    18    22     0     2   -29.0  -30.986  -62.244   1898.2    804.9
     5     1    20     1    18    22     0     2   -29.0  -31.474  -62.375   2446.7    753.8
     1     1    20     1    18    21     0     3   -30.0  -32.662  -55.569     26.0    993.2
     2     1    20     1    18    21     0     3   -30.0  -31.854  -54.364     36.2    992.0
     3     1    20     1    18    21     0     3   -30.0  -30.534  -54.896    434.5    948.3
     4     1    20     1    18    21     0     3   -30.0  -30.811  -62.288   1915.3    801.9
     5     1    20     1    18    21     0     3   -30.0  -31.317  -62.414   2472.2    751.2
     1     1    20     1    18    20     0     2   -31.0  -32.630  -55.451     19.4    993.8
     2     1    20     1    18    20     0     2   -31.0  -31.856  -54.212     19.6    996.5
     3     1    20     1    18    20     0     2   -31.0  -30.567  -54.722    421.4    948.6
     4     1    20     1    18    20     0     2   -31.0  -30.641  -62.291   1924.4    801.2
     5     1    20     1    18    20     0     2   -31.0  -31.146  -62.443   2494.0    747.5
     1     1    20     1    18    19     0     1   -32.0  -32.594  -55.327     14.6    994.3
     2     1    20     1    18    19     0     1   -32.0  -31.850  -54.069      8.2    996.7
     3     1    20     1    18    19     0     1   -32.0  -30.582  -54.563    389.1    950.8
     4     1    20     1    18    19     0     1   -32.0  -30.451  -62.269   1923.8    801.9
     5     1    20     1    18    19     0     1   -32.0  -30.959  -62.455   2488.0    748.9
     1     1    20     1    18    18     0     0   -33.0  -32.552  -55.198     11.5    995.0
     2     1    20     1    18    18     0     0   -33.0  -31.832  -53.941      2.3    996.9
     3     1    20     1    18    18     0     0   -33.0  -30.579  -54.421    345.8    954.5
     4     1    20     1    18    18     0     0   -33.0  -30.241  -62.240   1921.6    802.9
     5     1    20     1    18    18     0     0   -33.0  -30.749  -62.452   2470.9    752.0
     1     1    20     1    18    17     0     1   -34.0  -32.506  -55.066      9.4    995.0
     2     1    20     1    18    17     0     1   -34.0  -31.805  -53.822      0.0    998.2
     3     1    20     1    18    17     0     1   -34.0  -30.562  -54.281    308.9    959.4
     4     1    20     1    18    17     0     1   -34.0  -30.028  -62.215   1912.7    802.9
     5     1    20     1    18    17     0     1   -34.0  -30.524  -62.445   2461.3    753.5
     1     1    20     1    18    16     0     2   -35.0  -32.460  -54.937      8.0    996.0
     2     1    20     1    18    16     0     2   -35.0  -31.773  -53.702      0.0    999.2
     3     1    20     1    18    16     0     2   -35.0  -30.534  -54.127    289.5    960.9
     4     1    20     1    18    16     0     2   -35.0  -29.827  -62.191   1895.3    805.7
     5     1    20     1    18    16     0     2   -35.0  -30.299  -62.435   2461.9    753.5
     1     1    20     1    18    15     0     3   -36.0  -32.413  -54.809      6.8    998.1
     2     1    20     1    18    15     0     3   -36.0  -31.736  -53.580      0.0   1000.0
     3     1    20     1    18    15     0     3   -36.0  -30.495  -53.955    285.1    962.2
     4     1    20     1    18    15     0     3   -36.0  -29.636  -62.168   1879.3    807.4
     5     1    20     1    18    15     0     3   -36.0  -30.085  -62.415   2469.8    752.9
     1     1    20     1    18    14     0     2   -37.0  -32.359  -54.686      5.3   1000.1
     2     1    20     1    18    14     0     2   -37.0  -31.687  -53.457      0.0   1000.1
     3     1    20     1    18    14     0     2   -37.0  -30.451  -53.764    299.5    965.3
     4     1    20     1    18    14     0     2   -37.0  -29.448  -62.148   1848.9    808.8
     5     1    20     1    18    14     0     2   -37.0  -29.879  -62.388   2478.0    751.5
     1     1    20     1    18    13     0     1   -38.0  -32.291  -54.567      2.7   1001.6
     2     1    20     1    18    13     0     1   -38.0  -31.625  -53.335      0.0   1000.4
     3     1    20     1    18    13     0     1   -38.0  -30.401  -53.551    330.2    965.5
     4     1    20     1    18    13     0     1   -38.0  -29.264  -62.133   1791.0    814.5
     5     1    20     1    18    13     0     1   -38.0  -29.672  -62.360   2475.2    751.3
     1     1    20     1    18    12     0     0   -39.0  -32.208  -54.451      0.0   1002.6
     2     1    20     1    18    12     0     0   -39.0  -31.551  -53.216      0.0   1001.1
     3     1    20     1    18    12     0     0   -39.0  -30.339  -53.317    362.2    966.0
     4     1    20     1    18    12     0     0   -39.0  -29.090  -62.126   1712.2    822.1
     5     1    20     1    18    12     0     0   -39.0  -29.465  -62.334   2456.2    752.8
     1     1    20     1    18    11     0     1   -40.0  -32.126  -54.338      0.0   1003.0
     2     1    20     1    18    11     0     1   -40.0  -31.485  -53.111      0.0   1001.6
     3     1    20     1    18    11     0     1   -40.0  -30.271  -53.049    386.8    968.2
     4     1    20     1    18    11     0     1   -40.0  -28.918  -62.114   1637.5    831.1
     5     1    20     1    18    11     0     1   -40.0  -29.258  -62.304   2431.4    755.6
     1     1    20     1    18    10     0     2   -41.0  -32.064  -54.234      0.0   1002.9
     2     1    20     1    18    10     0     2   -41.0  -31.442  -53.033      0.0   1002.1
     3     1    20     1    18    10     0     2   -41.0  -30.209  -52.739    407.7    969.0
     4     1    20     1    18    10     0     2   -41.0  -28.743  -62.087   1585.0    835.2
     5     1    20     1    18    10     0     2   -41.0  -29.053  -62.266   2414.4    757.0
     1     1    20     1    18     9     0     3   -42.0  -32.023  -54.139      0.0   1002.8
     2     1    20     1    18     9     0     3   -42.0  -31.418  -52.983      0.0   1002.6
     3     1    20     1    18     9     0     3   -42.0  -30.157  -52.394    425.4    968.3
     4     1    20     1    18     9     0     3   -42.0  -28.572  -62.049   1546.9    838.0
     5     1    20     1    18     9     0     3   -42.0  -28.851  -62.224   2407.8    756.8
     1     1    20     1    18     8     0     2   -43.0  -31.993  -54.048      0.0   1002.2
     2     1    20     1    18     8     0     2   -43.0  -31.405  -52.944      0.9   1003.2
     3     1    20     1    18     8     0     2   -43.0  -30.122  -52.045    437.7    968.1
     4     1    20     1    18     8     0     2   -43.0  -28.400  -62.008   1515.4    841.3
     5     1    20     1    18     8     0     2   -43.0  -28.645  -62.181   2400.2    756.6
     1     1    20     1    18     7     0     1   -44.0  -31.965  -53.952      0.0   1001.4
     2     1    20     1    18     7     0     1   -44.0  -31.395  -52.903      3.4   1003.9
     3     1    20     1    18     7     0     1   -44.0  -30.100  -51.711    453.8    967.0
     4     1    20     1    18     7     0     1   -44.0  -28.218  -61.969   1490.8    844.6
     5     1    20     1    18     7     0     1   -44.0  -28.430  -62.139   2388.9    758.6
     1     1    20     1    18     6     0     0   -45.0  -31.937  -53.855      0.0   1001.1
     2     1    20     1    18     6     0     0   -45.0  -31.388  -52.858      7.3   1004.7
     3     1    20     1    18     6     0     0   -45.0  -30.079  -51.382    478.7    963.6
     4     1    20     1    18     6     0     0   -45.0  -28.022  -61.931   1479.8    846.2
     5     1    20     1    18     6     0     0   -45.0  -28.210  -62.094   2392.8    759.4
     1     1    20     1    18     5     0     1   -46.0  -31.907  -53.756      0.0   1001.6
     2     1    20     1    18     5     0     1   -46.0  -31.381  -52.800     11.6   1004.9
     3     1    20     1    18     5     0     1   -46.0  -30.058  -51.047    507.9    960.3
     4     1    20     1    18     5     0     1   -46.0  -27.828  -61.877   1472.5    845.2
     5     1    20     1    18     5     0     1   -46.0  -27.992  -62.050   2404.1    757.3
     1     1    20     1    18     4     0     2   -47.0  -31.871  -53.650      0.0   1002.0
     2     1    20     1    18     4     0     2   -47.0  -31.370  -52.720     14.8   1005.3
     3     1    20     1    18     4     0     2   -47.0  -30.025  -50.718    534.9    957.3
     4     1    20     1    18     4     0     2   -47.0  -27.656  -61.786   1453.0    846.4
     5     1    20     1    18     4     0     2   -47.0  -27.782  -62.016   2405.4    756.8
     1     1    20     1    18     3     0     3   -48.0  -31.832  -53.538      0.0   1002.2
     2     1    20     1    18     3     0     3   -48.0  -31.356  -52.619     17.1   1006.2
     3     1    20     1    18     3     0     3   -48.0  -29.975  -50.413    541.1    953.5
     4     1    20     1    18     3     0     3   -48.0  -27.507  -61.658   1415.9    849.8
     5     1    20     1    18     3     0     3   -48.0  -27.576  -61.989   2405.1    756.5
     1     1    20     1    18     2     0     2   -49.0  -31.798  -53.420      0.0   1002.3
     2     1    20     1    18     2     0     2   -49.0  -31.345  -52.500     17.9   1007.8
     3     1    20     1    18     2     0     2   -49.0  -29.923  -50.164    521.2    952.0
     4     1    20     1    18     2     0     2   -49.0  -27.384  -61.496   1369.1    855.3
     5     1    20     1    18     2     0     2   -49.0  -27.369  -61.960   2414.3    755.1
     1     1    20     1    18     1     0     1   -50.0  -31.776  -53.293      0.0   1002.9
     2     1    20     1    18     1     0     1   -50.0  -31.342  -52.370     17.3   1009.9
     3     1    20     1    18     1     0     1   -50.0  -29.889  -49.971    485.2    954.0
     4     1    20     1    18     1     0     1   -50.0  -27.290  -61.303   1318.8    860.4
     5     1    20     1    18     1     0     1   -50.0  -27.152  -61.928   2436.7    751.4
     1     1    20     1    18     0     0     0   -51.0  -31.762  -53.160      0.0   1004.0
     2     1    20     1    18     0     0     0   -51.0  -31.350  -52.235     15.4   1012.4
     3     1    20     1    18     0     0     0   -51.0  -29.889  -49.817    439.6    962.0
     4     1    20     1    18     0     0     0   -51.0  -27.240  -61.070   1253.7    867.3
     5     1    20     1    18     0     0     0   -51.0  -26.921  -61.896   2460.2    747.9
     1     1    20     1    17    23     0     1   -52.0  -31.770  -53.031      0.0   1004.9
     2     1    20     1    17    23     0     1   -52.0  -31.378  -52.100     13.1   1014.4
     3     1    20     1    17    23     0     1   -52.0  -29.928  -49.691    399.5    970.6
     4     1    20     1    17    23     0     1   -52.0  -27.225  -60.817   1209.1    876.6
     5     1    20     1    17    23     0     1   -52.0  -26.697  -61.852   2480.9    745.9
     1     1    20     1    17    22     0     2   -53.0  -31.820  -52.912      0.0   1006.3
     2     1    20     1    17    22     0     2   -53.0  -31.437  -51.970     11.1   1016.2
     3     1    20     1    17    22     0     2   -53.0  -30.003  -49.598    380.4    977.4
     4     1    20     1    17    22     0     2   -53.0  -27.220  -60.579   1213.8    874.0
     5     1    20     1    17    22     0     2   -53.0  -26.493  -61.788   2501.1    743.6
     1     1    20     1    17    21     0     3   -54.0  -31.915  -52.794      0.0   1008.0
     2     1    20     1    17    21     0     3   -54.0  -31.530  -51.846      9.9   1016.5
     3     1    20     1    17    21     0     3   -54.0  -30.113  -49.539    384.8    975.9
     4     1    20     1    17    21     0     3   -54.0  -27.220  -60.358   1223.8    869.7
     5     1    20     1    17    21     0     3   -54.0  -26.299  -61.714   2518.1    741.5
     1     1    20     1    17    20     0     2   -55.0  -32.035  -52.683      0.0   1010.3
     2     1    20     1    17    20     0     2   -55.0  -31.648  -51.745      9.2   1017.2
     3     1    20     1    17    20     0     2   -55.0  -30.249  -49.517    401.6    973.9
     4     1    20     1    17    20     0     2   -55.0  -27.222  -60.139   1213.9    871.3
     5     1    20     1    17    20     0     2   -55.0  -26.127  -61.642   2525.5    740.8
     1     1    20     1    17    19     0     1   -56.0  -32.153  -52.593      0.0   1012.2
     2     1    20     1    17    19     0     1   -56.0  -31.775  -51.675      8.8   1018.1
     3     1    20     1    17    19     0     1   -56.0  -30.403  -49.533    420.8    972.0
     4     1    20     1    17    19     0     1   -56.0  -27.225  -59.907   1196.7    875.9
     5     1    20     1    17    19     0     1   -56.0  -25.993  -61.579   2514.5    741.8
     1     1    20     1    17    18     0     0   -57.0  -32.268  -52.533      0.0   1013.9
     2     1    20     1    17    18     0     0   -57.0  -31.909  -51.636      8.2   1019.0
     3     1    20     1    17    18     0     0   -57.0  -30.571  -49.587    435.8    970.4
     4     1    20     1    17    18     0     0   -57.0  -27.226  -59.664   1201.9    878.2
     5     1    20     1    17    18     0     0   -57.0  -25.896  -61.516   2480.5    745.4
     1     1    20     1    17    17     0     1   -58.0  -32.378  -52.509      0.0   1015.8
     2     1    20     1    17    17     0     1   -58.0  -32.043  -51.623      8.0   1020.1
     3     1    20     1    17    17     0     1   -58.0  -30.744  -49.672    448.1    969.7
     4     1    20     1    17    17     0     1   -58.0  -27.224  -59.420   1236.0    874.7
     5     1    20     1    17    17     0     1   -58.0  -25.815  -61.455   2442.2    750.9
     1     1    20     1    17    16     0     2   -59.0  -32.480  -52.519      0.0   1017.2
     2     1    20     1    17    16     0     2   -59.0  -32.169  -51.636      8.2   1020.7
     3     1    20     1    17    16     0     2   -59.0  -30.917  -49.776    455.5    968.5
     4     1    20     1    17    16     0     2   -59.0  -27.228  -59.180   1282.4    869.6
     5     1    20     1    17    16     0     2   -59.0  -25.734  -61.400   2417.1    753.2
     1     1    20     1    17    15     0     3   -60.0  -32.574  -52.566      0.0   1018.3
     2     1    20     1    17    15     0     3   -60.0  -32.286  -51.678      8.5   1021.2
     3     1    20     1    17    15     0     3   -60.0  -31.091  -49.899    452.5    969.4
     4     1    20     1    17    15     0     3   -60.0  -27.250  -58.939   1323.3    865.3
     5     1    20     1    17    15     0     3   -60.0  -25.657  -61.350   2397.8    754.9
     1     1    20     1    17    14     0     2   -61.0  -32.662  -52.635      0.0   1018.7
     2     1    20     1    17    14     0     2   -61.0  -32.401  -51.749      8.6   1021.2
     3     1    20     1    17    14     0     2   -61.0  -31.271  -50.040    443.8    970.7
     4     1    20     1    17    14     0     2   -61.0  -27.296  -58.706   1357.6    862.2
     5     1    20     1    17    14     0     2   -61.0  -25.587  -61.307   2384.7    756.5
     1     1    20     1    17    13     0     1   -62.0  -32.743  -52.705      0.0   1019.1
     2     1    20     1    17    13     0     1   -62.0  -32.519  -51.849      8.5   1021.2
     3     1    20     1    17    13     0     1   -62.0  -31.455  -50.200    424.1    971.7
     4     1    20     1    17    13     0     1   -62.0  -27.368  -58.492   1389.4    858.4
     5     1    20     1    17    13     0     1   -62.0  -25.524  -61.273   2384.9    756.7
     1     1    20     1    17    12     0     0   -63.0  -32.817  -52.768      0.0   1019.6
     2     1    20     1    17    12     0     0   -63.0  -32.637  -51.973      8.1   1021.2
     3     1    20     1    17    12     0     0   -63.0  -31.637  -50.382    389.8    975.5
     4     1    20     1    17    12     0     0   -63.0  -27.469  -58.297   1413.8    855.3
     5     1    20     1    17    12     0     0   -63.0  -25.467  -61.249   2402.2    755.3
     1     1    20     1    17    11     0     1   -64.0  -32.884  -52.831      0.0   1019.9
     2     1    20     1    17    11     0     1   -64.0  -32.754  -52.116      7.2   1020.7
     3     1    20     1    17    11     0     1   -64.0  -31.821  -50.574    363.2    979.9
     4     1    20     1    17    11     0     1   -64.0  -27.607  -58.114   1439.8    852.9
     5     1    20     1    17    11     0     1   -64.0  -25.406  -61.234   2418.0    751.7
     1     1    20     1    17    10     0     2   -65.0  -32.937  -52.900      0.0   1020.2
     2     1    20     1    17    10     0     2   -65.0  -32.870  -52.270      5.7   1020.4
     3     1    20     1    17    10     0     2   -65.0  -32.008  -50.768    359.3    979.8
     4     1    20     1    17    10     0     2   -65.0  -27.791  -57.946   1483.7    848.3
     5     1    20     1    17    10     0     2   -65.0  -25.332  -61.223   2411.4    752.0
     1     1    20     1    17     9     0     3   -66.0  -32.976  -52.973      0.3   1020.4
     2     1    20     1    17     9     0     3   -66.0  -32.980  -52.429      3.9   1020.5
     3     1    20     1    17     9     0     3   -66.0  -32.201  -50.971    367.4    977.3
     4     1    20     1    17     9     0     3   -66.0  -28.018  -57.812   1559.1    841.2
     5     1    20     1    17     9     0     3   -66.0  -25.251  -61.213   2383.1    754.3
     1     1    20     1    17     8     0     2   -67.0  -33.005  -53.049      0.4   1020.5
     2     1    20     1    17     8     0     2   -67.0  -33.079  -52.584      2.5   1020.1
     3     1    20     1    17     8     0     2   -67.0  -32.400  -51.185    369.8    975.9
     4     1    20     1    17     8     0     2   -67.0  -28.250  -57.707   1645.5    830.1
     5     1    20     1    17     8     0     2   -67.0  -25.168  -61.202   2363.5    758.8
     1     1    20     1    17     7     0     1   -68.0  -33.034  -53.130      0.0   1020.2
     2     1    20     1    17     7     0     1   -68.0  -33.171  -52.732      1.7   1019.8
     3     1    20     1    17     7     0     1   -68.0  -32.601  -51.409    363.1    976.9
     4     1    20     1    17     7     0     1   -68.0  -28.464  -57.619   1713.9    823.5
     5     1    20     1    17     7     0     1   -68.0  -25.076  -61.206   2394.1    756.8
     1     1    20     1    17     6     0     0   -69.0  -33.070  -53.218      0.0   1019.7
     2     1    20     1    17     6     0     0   -69.0  -33.262  -52.874      1.0   1019.5
     3     1    20     1    17     6     0     0   -69.0  -32.798  -51.651    360.6    977.9
     4     1    20     1    17     6     0     0   -69.0  -28.666  -57.550   1766.8    818.8
     5     1    20     1    17     6     0     0   -69.0  -24.969  -61.239   2492.4    748.6
     1     1    20     1    17     5     0     1   -70.0  -33.113  -53.302      0.0   1018.7
     2     1    20     1    17     5     0     1   -70.0  -33.354  -53.010      0.7   1019.6
     3     1    20     1    17     5     0     1   -70.0  -33.004  -51.899    376.5    976.7
     4     1    20     1    17     5     0     1   -70.0  -28.867  -57.497   1817.6    815.0
     5     1    20     1    17     5     0     1   -70.0  -24.842  -61.298   2609.3    733.9
     1     1    20     1    17     4     0     2   -71.0  -33.156  -53.378      0.0   1017.7
     2     1    20     1    17     4     0     2   -71.0  -33.446  -53.149      1.2   1018.7
     3     1    20     1    17     4     0     2   -71.0  -33.216  -52.138    417.3    972.1
     4     1    20     1    17     4     0     2   -71.0  -29.081  -57.455   1873.0    809.2
     5     1    20     1    17     4     0     2   -71.0  -24.699  -61.357   2677.4    727.4
     1     1    20     1    17     3     0     3   -72.0  -33.194  -53.450      1.1   1016.6
     2     1    20     1    17     3     0     3   -72.0  -33.533  -53.297      2.2   1017.7
     3     1    20     1    17     3     0     3   -72.0  -33.415  -52.382    480.5    964.4
     4     1    20     1    17     3     0     3   -72.0  -29.317  -57.411   1911.6    804.0
     5     1    20     1    17     3     0     3   -72.0  -24.541  -61.411   2696.0    726.1
