     5     1
    GDAS    19     7     1     0     0
    GDAS    19     7     8     0     0
    GDAS    19     7    15     0     0
    GDAS    19     7    22     0     0
    GDAS    19     7    29     0     0
     5 BACKWARD OMEGA   
    19     7    27     3  -34.572  -58.513    10.0
    19     7    27     3  -34.572  -58.513   200.0
    19     7    27     3  -34.572  -58.513   500.0
    19     7    27     3  -34.572  -58.513  1000.0
    19     7    27     3  -34.572  -58.513  2000.0
     1 PRESSURE
     1     1    19     7    27     3     0     3     0.0  -34.572  -58.513     10.0   1019.6
     2     1    19     7    27     3     0     3     0.0  -34.572  -58.513    200.0    996.7
     3     1    19     7    27     3     0     3     0.0  -34.572  -58.513    500.0    961.6
     4     1    19     7    27     3     0     3     0.0  -34.572  -58.513   1000.0    905.1
     5     1    19     7    27     3     0     3     0.0  -34.572  -58.513   2000.0    800.6
     1     1    19     7    27     2     0     2    -1.0  -34.600  -58.583      9.8   1019.5
     2     1    19     7    27     2     0     2    -1.0  -34.679  -58.637    204.8    996.6
     3     1    19     7    27     2     0     2    -1.0  -34.750  -58.622    519.9    959.8
     4     1    19     7    27     2     0     2    -1.0  -34.769  -58.657   1072.1    898.1
     5     1    19     7    27     2     0     2    -1.0  -34.785  -58.755   2058.5    794.4
     1     1    19     7    27     1     0     1    -2.0  -34.637  -58.648      9.5   1019.3
     2     1    19     7    27     1     0     1    -2.0  -34.803  -58.743    208.4    996.5
     3     1    19     7    27     1     0     1    -2.0  -34.944  -58.722    531.0    958.6
     4     1    19     7    27     1     0     1    -2.0  -34.982  -58.811   1134.1    891.1
     5     1    19     7    27     1     0     1    -2.0  -35.004  -58.999   2087.3    791.9
     1     1    19     7    27     0     0     0    -3.0  -34.683  -58.707      9.3   1019.1
     2     1    19     7    27     0     0     0    -3.0  -34.948  -58.820    209.9    996.4
     3     1    19     7    27     0     0     0    -3.0  -35.159  -58.810    531.4    958.5
     4     1    19     7    27     0     0     0    -3.0  -35.214  -58.975   1166.8    886.3
     5     1    19     7    27     0     0     0    -3.0  -35.228  -59.241   2101.1    791.3
     1     1    19     7    26    23     0     1    -4.0  -34.738  -58.769      8.8   1018.1
     2     1    19     7    26    23     0     1    -4.0  -35.108  -58.897    207.7    995.6
     3     1    19     7    26    23     0     1    -4.0  -35.394  -58.898    528.5    958.5
     4     1    19     7    26    23     0     1    -4.0  -35.447  -59.137   1173.0    885.7
     5     1    19     7    26    23     0     1    -4.0  -35.454  -59.464   2114.6    788.1
     1     1    19     7    26    22     0     2    -5.0  -34.803  -58.845      8.1   1017.1
     2     1    19     7    26    22     0     2    -5.0  -35.276  -59.003    204.5    995.5
     3     1    19     7    26    22     0     2    -5.0  -35.644  -58.990    533.2    957.8
     4     1    19     7    26    22     0     2    -5.0  -35.669  -59.278   1164.2    884.3
     5     1    19     7    26    22     0     2    -5.0  -35.674  -59.657   2131.0    784.1
     1     1    19     7    26    21     0     3    -6.0  -34.881  -58.938      7.2   1015.9
     2     1    19     7    26    21     0     3    -6.0  -35.453  -59.136    200.7    994.2
     3     1    19     7    26    21     0     3    -6.0  -35.910  -59.071    545.3    954.3
     4     1    19     7    26    21     0     3    -6.0  -35.884  -59.391   1126.4    885.1
     5     1    19     7    26    21     0     3    -6.0  -35.884  -59.832   2153.7    779.0
     1     1    19     7    26    20     0     2    -7.0  -34.975  -59.038      6.5   1015.4
     2     1    19     7    26    20     0     2    -7.0  -35.637  -59.259    197.9    993.8
     3     1    19     7    26    20     0     2    -7.0  -36.180  -59.115    567.4    949.8
     4     1    19     7    26    20     0     2    -7.0  -36.098  -59.465   1069.9    890.5
     5     1    19     7    26    20     0     2    -7.0  -36.097  -59.989   2173.6    772.7
     1     1    19     7    26    19     0     1    -8.0  -35.085  -59.126      6.4   1015.0
     2     1    19     7    26    19     0     1    -8.0  -35.835  -59.333    203.6    991.7
     3     1    19     7    26    19     0     1    -8.0  -36.446  -59.100    603.8    942.3
     4     1    19     7    26    19     0     1    -8.0  -36.309  -59.498   1028.7    893.1
     5     1    19     7    26    19     0     1    -8.0  -36.322  -60.122   2175.4    769.2
     1     1    19     7    26    18     0     0    -9.0  -35.214  -59.198      7.0   1014.4
     2     1    19     7    26    18     0     0    -9.0  -36.049  -59.348    219.9    988.4
     3     1    19     7    26    18     0     0    -9.0  -36.708  -59.011    638.0    935.4
     4     1    19     7    26    18     0     0    -9.0  -36.515  -59.487   1012.8    892.1
     5     1    19     7    26    18     0     0    -9.0  -36.548  -60.230   2162.6    768.9
     1     1    19     7    26    17     0     1   -10.0  -35.355  -59.258      7.7   1014.4
     2     1    19     7    26    17     0     1   -10.0  -36.281  -59.325    236.4    983.0
     3     1    19     7    26    17     0     1   -10.0  -36.977  -58.858    656.6    932.0
     4     1    19     7    26    17     0     1   -10.0  -36.715  -59.431   1003.4    889.8
     5     1    19     7    26    17     0     1   -10.0  -36.762  -60.316   2151.3    768.8
     1     1    19     7    26    16     0     2   -11.0  -35.500  -59.315      8.3   1014.3
     2     1    19     7    26    16     0     2   -11.0  -36.529  -59.293    242.5    980.4
     3     1    19     7    26    16     0     2   -11.0  -37.248  -58.681    675.1    931.0
     4     1    19     7    26    16     0     2   -11.0  -36.913  -59.327    986.7    891.2
     5     1    19     7    26    16     0     2   -11.0  -36.960  -60.381   2133.6    767.4
     1     1    19     7    26    15     0     3   -12.0  -35.649  -59.367      8.6   1014.2
     2     1    19     7    26    15     0     3   -12.0  -36.795  -59.249    246.2    978.4
     3     1    19     7    26    15     0     3   -12.0  -37.507  -58.493    714.1    925.5
     4     1    19     7    26    15     0     3   -12.0  -37.111  -59.166    981.0    894.3
     5     1    19     7    26    15     0     3   -12.0  -37.144  -60.434   2100.9    770.8
     1     1    19     7    26    14     0     2   -13.0  -35.799  -59.406      8.7   1013.5
     2     1    19     7    26    14     0     2   -13.0  -37.066  -59.173    248.5    976.4
     3     1    19     7    26    14     0     2   -13.0  -37.732  -58.294    754.3    916.3
     4     1    19     7    26    14     0     2   -13.0  -37.293  -58.976    995.1    893.1
     5     1    19     7    26    14     0     2   -13.0  -37.316  -60.470   2076.5    774.6
     1     1    19     7    26    13     0     1   -14.0  -35.949  -59.426      8.7   1013.3
     2     1    19     7    26    13     0     1   -14.0  -37.316  -59.051    236.5    977.0
     3     1    19     7    26    13     0     1   -14.0  -37.913  -58.084    766.4    912.7
     4     1    19     7    26    13     0     1   -14.0  -37.446  -58.777    999.5    890.7
     5     1    19     7    26    13     0     1   -14.0  -37.473  -60.484   2080.3    773.9
     1     1    19     7    26    12     0     0   -15.0  -36.101  -59.430      8.7   1012.1
     2     1    19     7    26    12     0     0   -15.0  -37.531  -58.904    203.6    980.5
     3     1    19     7    26    12     0     0   -15.0  -38.047  -57.857    752.2    916.4
     4     1    19     7    26    12     0     0   -15.0  -37.574  -58.560    975.8    893.0
     5     1    19     7    26    12     0     0   -15.0  -37.609  -60.474   2114.2    770.4
     1     1    19     7    26    11     0     1   -16.0  -36.251  -59.415      8.8   1010.5
     2     1    19     7    26    11     0     1   -16.0  -37.699  -58.760    165.6    986.0
     3     1    19     7    26    11     0     1   -16.0  -38.122  -57.605    718.7    925.8
     4     1    19     7    26    11     0     1   -16.0  -37.661  -58.325    942.4    898.7
     5     1    19     7    26    11     0     1   -16.0  -37.720  -60.456   2157.2    763.7
     1     1    19     7    26    10     0     2   -17.0  -36.394  -59.375      8.9   1009.2
     2     1    19     7    26    10     0     2   -17.0  -37.812  -58.623    135.6    989.1
     3     1    19     7    26    10     0     2   -17.0  -38.126  -57.323    682.8    935.9
     4     1    19     7    26    10     0     2   -17.0  -37.693  -58.068    906.5    901.8
     5     1    19     7    26    10     0     2   -17.0  -37.800  -60.441   2182.5    760.9
     1     1    19     7    26     9     0     3   -18.0  -36.526  -59.315      9.1   1008.4
     2     1    19     7    26     9     0     3   -18.0  -37.880  -58.486    113.8    990.9
     3     1    19     7    26     9     0     3   -18.0  -38.057  -57.006    666.0    943.9
     4     1    19     7    26     9     0     3   -18.0  -37.666  -57.778    873.3    910.2
     5     1    19     7    26     9     0     3   -18.0  -37.854  -60.429   2187.2    760.1
     1     1    19     7    26     8     0     2   -19.0  -36.645  -59.236      9.3   1008.1
     2     1    19     7    26     8     0     2   -19.0  -37.912  -58.332     99.9    992.6
     3     1    19     7    26     8     0     2   -19.0  -37.941  -56.651    695.9    943.0
     4     1    19     7    26     8     0     2   -19.0  -37.596  -57.450    885.2    916.4
     5     1    19     7    26     8     0     2   -19.0  -37.883  -60.417   2175.2    762.0
     1     1    19     7    26     7     0     1   -20.0  -36.750  -59.135      9.6   1008.0
     2     1    19     7    26     7     0     1   -20.0  -37.918  -58.145     94.1    994.1
     3     1    19     7    26     7     0     1   -20.0  -37.814  -56.280    777.5    932.0
     4     1    19     7    26     7     0     1   -20.0  -37.502  -57.091    949.8    911.9
     5     1    19     7    26     7     0     1   -20.0  -37.890  -60.404   2152.4    764.5
     1     1    19     7    26     6     0     0   -21.0  -36.840  -59.007      9.7   1008.3
     2     1    19     7    26     6     0     0   -21.0  -37.897  -57.919    100.1    995.9
     3     1    19     7    26     6     0     0   -21.0  -37.664  -55.896    853.7    920.3
     4     1    19     7    26     6     0     0   -21.0  -37.385  -56.698   1031.9    901.6
     5     1    19     7    26     6     0     0   -21.0  -37.876  -60.388   2120.7    768.0
     1     1    19     7    26     5     0     1   -22.0  -36.919  -58.864      9.5   1010.5
     2     1    19     7    26     5     0     1   -22.0  -37.854  -57.660    114.4    999.3
     3     1    19     7    26     5     0     1   -22.0  -37.494  -55.474    880.7    917.4
     4     1    19     7    26     5     0     1   -22.0  -37.245  -56.279   1092.5    894.0
     5     1    19     7    26     5     0     1   -22.0  -37.837  -60.365   2098.0    772.2
     1     1    19     7    26     4     0     2   -23.0  -36.991  -58.721      9.0   1012.6
     2     1    19     7    26     4     0     2   -23.0  -37.803  -57.378    131.6   1002.9
     3     1    19     7    26     4     0     2   -23.0  -37.308  -55.000    852.4    921.0
     4     1    19     7    26     4     0     2   -23.0  -37.082  -55.829   1103.9    892.3
     5     1    19     7    26     4     0     2   -23.0  -37.768  -60.332   2099.1    772.4
     1     1    19     7    26     3     0     3   -24.0  -37.053  -58.580      8.1   1014.5
     2     1    19     7    26     3     0     3   -24.0  -37.758  -57.072    153.5   1005.8
     3     1    19     7    26     3     0     3   -24.0  -37.109  -54.493    814.4    931.2
     4     1    19     7    26     3     0     3   -24.0  -36.893  -55.332   1065.3    898.3
     5     1    19     7    26     3     0     3   -24.0  -37.673  -60.291   2121.6    770.5
     1     1    19     7    26     2     0     2   -25.0  -37.104  -58.443      7.1   1015.4
     2     1    19     7    26     2     0     2   -25.0  -37.719  -56.740    174.7   1003.3
     3     1    19     7    26     2     0     2   -25.0  -36.912  -53.987    823.2    931.5
     4     1    19     7    26     2     0     2   -25.0  -36.690  -54.813   1037.4    906.4
     5     1    19     7    26     2     0     2   -25.0  -37.562  -60.222   2138.6    766.8
     1     1    19     7    26     1     0     1   -26.0  -37.145  -58.310      6.0   1016.3
     2     1    19     7    26     1     0     1   -26.0  -37.689  -56.391    189.1   1002.2
     3     1    19     7    26     1     0     1   -26.0  -36.729  -53.493    870.3    925.0
     4     1    19     7    26     1     0     1   -26.0  -36.496  -54.308   1037.4    904.5
     5     1    19     7    26     1     0     1   -26.0  -37.439  -60.100   2126.0    767.8
     1     1    19     7    26     0     0     0   -27.0  -37.182  -58.179      4.8   1017.2
     2     1    19     7    26     0     0     0   -27.0  -37.683  -56.032    205.8   1001.2
     3     1    19     7    26     0     0     0   -27.0  -36.556  -53.017    960.0    918.2
     4     1    19     7    26     0     0     0   -27.0  -36.322  -53.810   1040.4    904.2
     5     1    19     7    26     0     0     0   -27.0  -37.299  -59.918   2086.3    772.6
     1     1    19     7    25    23     0     1   -28.0  -37.214  -58.052      4.0   1018.0
     2     1    19     7    25    23     0     1   -28.0  -37.676  -55.679    222.0    998.8
     3     1    19     7    25    23     0     1   -28.0  -36.389  -52.586   1040.8    900.7
     4     1    19     7    25    23     0     1   -28.0  -36.159  -53.331   1065.4    904.3
     5     1    19     7    25    23     0     1   -28.0  -37.150  -59.703   2069.9    780.8
     1     1    19     7    25    22     0     2   -29.0  -37.238  -57.928      3.8   1018.7
     2     1    19     7    25    22     0     2   -29.0  -37.653  -55.352    230.9    998.5
     3     1    19     7    25    22     0     2   -29.0  -36.227  -52.185   1041.6    901.2
     4     1    19     7    25    22     0     2   -29.0  -35.995  -52.892   1083.6    897.1
     5     1    19     7    25    22     0     2   -29.0  -37.003  -59.473   2105.5    779.5
     1     1    19     7    25    21     0     3   -30.0  -37.255  -57.808      4.3   1019.5
     2     1    19     7    25    21     0     3   -30.0  -37.627  -55.065    241.1    998.2
     3     1    19     7    25    21     0     3   -30.0  -36.081  -51.792    997.7    909.1
     4     1    19     7    25    21     0     3   -30.0  -35.838  -52.486   1042.9    901.2
     5     1    19     7    25    21     0     3   -30.0  -36.853  -59.225   2161.6    776.6
     1     1    19     7    25    20     0     2   -31.0  -37.261  -57.681      4.9   1021.1
     2     1    19     7    25    20     0     2   -31.0  -37.593  -54.807    256.2    996.8
     3     1    19     7    25    20     0     2   -31.0  -35.954  -51.402    985.8    916.2
     4     1    19     7    25    20     0     2   -31.0  -35.700  -52.093    965.6    912.7
     5     1    19     7    25    20     0     2   -31.0  -36.708  -58.966   2188.9    775.5
     1     1    19     7    25    19     0     1   -32.0  -37.253  -57.537      5.1   1022.6
     2     1    19     7    25    19     0     1   -32.0  -37.542  -54.561    268.4    994.9
     3     1    19     7    25    19     0     1   -32.0  -35.844  -51.038   1038.4    908.9
     4     1    19     7    25    19     0     1   -32.0  -35.586  -51.707    916.6    923.8
     5     1    19     7    25    19     0     1   -32.0  -36.579  -58.699   2179.7    780.6
     1     1    19     7    25    18     0     0   -33.0  -37.233  -57.377      4.8   1023.9
     2     1    19     7    25    18     0     0   -33.0  -37.472  -54.322    262.0    995.1
     3     1    19     7    25    18     0     0   -33.0  -35.749  -50.711   1111.4    898.4
     4     1    19     7    25    18     0     0   -33.0  -35.491  -51.338    912.1    922.2
     5     1    19     7    25    18     0     0   -33.0  -36.472  -58.422   2153.1    785.2
     1     1    19     7    25    17     0     1   -34.0  -37.209  -57.214      4.3   1025.3
     2     1    19     7    25    17     0     1   -34.0  -37.400  -54.087    240.1    999.3
     3     1    19     7    25    17     0     1   -34.0  -35.676  -50.422   1167.8    891.4
     4     1    19     7    25    17     0     1   -34.0  -35.415  -50.992    909.0    920.1
     5     1    19     7    25    17     0     1   -34.0  -36.389  -58.145   2094.2    791.0
     1     1    19     7    25    16     0     2   -35.0  -37.188  -57.059      4.1   1026.9
     2     1    19     7    25    16     0     2   -35.0  -37.341  -53.853    225.1   1002.6
     3     1    19     7    25    16     0     2   -35.0  -35.625  -50.168   1203.4    888.3
     4     1    19     7    25    16     0     2   -35.0  -35.361  -50.672    899.1    923.3
     5     1    19     7    25    16     0     2   -35.0  -36.331  -57.873   1986.4    802.3
     1     1    19     7    25    15     0     3   -36.0  -37.171  -56.908      4.0   1028.2
     2     1    19     7    25    15     0     3   -36.0  -37.302  -53.624    227.8   1002.6
     3     1    19     7    25    15     0     3   -36.0  -35.595  -49.951   1225.0    886.0
     4     1    19     7    25    15     0     3   -36.0  -35.330  -50.382    885.1    923.7
     5     1    19     7    25    15     0     3   -36.0  -36.296  -57.598   1837.2    818.7
     1     1    19     7    25    14     0     2   -37.0  -37.161  -56.756      4.1   1028.3
     2     1    19     7    25    14     0     2   -37.0  -37.287  -53.410    233.1   1000.4
     3     1    19     7    25    14     0     2   -37.0  -35.584  -49.757   1260.9    885.1
     4     1    19     7    25    14     0     2   -37.0  -35.322  -50.109    875.9    927.0
     5     1    19     7    25    14     0     2   -37.0  -36.273  -57.328   1713.5    837.1
     1     1    19     7    25    13     0     1   -38.0  -37.163  -56.603      4.7   1028.4
     2     1    19     7    25    13     0     1   -38.0  -37.302  -53.215    227.0   1001.2
     3     1    19     7    25    13     0     1   -38.0  -35.592  -49.589   1342.6    876.7
     4     1    19     7    25    13     0     1   -38.0  -35.336  -49.844    907.1    925.7
     5     1    19     7    25    13     0     1   -38.0  -36.267  -57.083   1660.1    842.3
     1     1    19     7    25    12     0     0   -39.0  -37.179  -56.446      5.7   1028.5
     2     1    19     7    25    12     0     0   -39.0  -37.347  -53.040    213.3   1002.9
     3     1    19     7    25    12     0     0   -39.0  -35.619  -49.458   1483.9    862.7
     4     1    19     7    25    12     0     0   -39.0  -35.366  -49.599    989.2    915.5
     5     1    19     7    25    12     0     0   -39.0  -36.292  -56.879   1668.9    841.0
     1     1    19     7    25    11     0     1   -40.0  -37.202  -56.283      6.9   1028.3
     2     1    19     7    25    11     0     1   -40.0  -37.409  -52.883    202.8   1004.9
     3     1    19     7    25    11     0     1   -40.0  -35.675  -49.387   1625.7    839.6
     4     1    19     7    25    11     0     1   -40.0  -35.411  -49.380   1074.5    900.6
     5     1    19     7    25    11     0     1   -40.0  -36.336  -56.724   1701.0    833.8
     1     1    19     7    25    10     0     2   -41.0  -37.219  -56.118      7.8   1028.0
     2     1    19     7    25    10     0     2   -41.0  -37.478  -52.744    200.9   1004.4
     3     1    19     7    25    10     0     2   -41.0  -35.763  -49.372   1685.5    832.2
     4     1    19     7    25    10     0     2   -41.0  -35.476  -49.185   1115.8    895.6
     5     1    19     7    25    10     0     2   -41.0  -36.381  -56.611   1716.1    831.9
     1     1    19     7    25     9     0     3   -42.0  -37.228  -55.958      8.2   1027.7
     2     1    19     7    25     9     0     3   -42.0  -37.557  -52.625    203.7   1003.5
     3     1    19     7    25     9     0     3   -42.0  -35.882  -49.391   1653.4    834.3
     4     1    19     7    25     9     0     3   -42.0  -35.567  -49.014   1115.3    895.1
     5     1    19     7    25     9     0     3   -42.0  -36.422  -56.538   1711.2    831.9
     1     1    19     7    25     8     0     2   -43.0  -37.233  -55.807      8.3   1029.0
     2     1    19     7    25     8     0     2   -43.0  -37.649  -52.524    207.5   1003.1
     3     1    19     7    25     8     0     2   -43.0  -36.013  -49.404   1572.9    848.2
     4     1    19     7    25     8     0     2   -43.0  -35.677  -48.872   1102.6    899.8
     5     1    19     7    25     8     0     2   -43.0  -36.458  -56.488   1701.3    835.0
     1     1    19     7    25     7     0     1   -44.0  -37.239  -55.664      8.4   1030.1
     2     1    19     7    25     7     0     1   -44.0  -37.759  -52.440    210.5   1003.2
     3     1    19     7    25     7     0     1   -44.0  -36.140  -49.401   1503.4    857.0
     4     1    19     7    25     7     0     1   -44.0  -35.796  -48.763   1092.2    900.4
     5     1    19     7    25     7     0     1   -44.0  -36.492  -56.450   1705.0    835.5
     1     1    19     7    25     6     0     0   -45.0  -37.249  -55.527      8.6   1031.1
     2     1    19     7    25     6     0     0   -45.0  -37.886  -52.376    213.9   1003.1
     3     1    19     7    25     6     0     0   -45.0  -36.269  -49.397   1451.4    862.7
     4     1    19     7    25     6     0     0   -45.0  -35.924  -48.685   1068.5    902.6
     5     1    19     7    25     6     0     0   -45.0  -36.523  -56.427   1730.0    833.8
     1     1    19     7    25     5     0     1   -46.0  -37.278  -55.398      9.0   1030.2
     2     1    19     7    25     5     0     1   -46.0  -38.031  -52.335    219.9   1002.5
     3     1    19     7    25     5     0     1   -46.0  -36.411  -49.398   1434.0    866.0
     4     1    19     7    25     5     0     1   -46.0  -36.072  -48.625   1062.0    906.8
     5     1    19     7    25     5     0     1   -46.0  -36.560  -56.426   1766.6    828.7
     1     1    19     7    25     4     0     2   -47.0  -37.339  -55.281      9.8   1029.4
     2     1    19     7    25     4     0     2   -47.0  -38.192  -52.320    230.5   1001.2
     3     1    19     7    25     4     0     2   -47.0  -36.574  -49.415   1463.2    861.8
     4     1    19     7    25     4     0     2   -47.0  -36.249  -48.576   1099.3    901.3
     5     1    19     7    25     4     0     2   -47.0  -36.608  -56.449   1798.8    825.3
     1     1    19     7    25     3     0     3   -48.0  -37.424  -55.180     11.2   1028.5
     2     1    19     7    25     3     0     3   -48.0  -38.366  -52.332    247.7    999.4
     3     1    19     7    25     3     0     3   -48.0  -36.750  -49.464   1526.5    854.1
     4     1    19     7    25     3     0     3   -48.0  -36.451  -48.544   1166.5    892.8
     5     1    19     7    25     3     0     3   -48.0  -36.663  -56.495   1824.0    822.6
     1     1    19     7    25     2     0     2   -49.0  -37.520  -55.103     12.9   1028.3
     2     1    19     7    25     2     0     2   -49.0  -38.553  -52.368    269.7    996.5
     3     1    19     7    25     2     0     2   -49.0  -36.933  -49.564   1590.9    844.4
     4     1    19     7    25     2     0     2   -49.0  -36.666  -48.544   1229.6    882.5
     5     1    19     7    25     2     0     2   -49.0  -36.719  -56.559   1836.3    821.0
     1     1    19     7    25     1     0     1   -50.0  -37.615  -55.052     14.4   1028.2
     2     1    19     7    25     1     0     1   -50.0  -38.749  -52.424    290.8    993.7
     3     1    19     7    25     1     0     1   -50.0  -37.117  -49.707   1646.9    839.7
     4     1    19     7    25     1     0     1   -50.0  -36.889  -48.582   1261.9    878.9
     5     1    19     7    25     1     0     1   -50.0  -36.775  -56.632   1829.3    821.7
     1     1    19     7    25     0     0     0   -51.0  -37.709  -55.028     15.1   1028.3
     2     1    19     7    25     0     0     0   -51.0  -38.952  -52.492    307.2    991.3
     3     1    19     7    25     0     0     0   -51.0  -37.294  -49.879   1722.4    833.5
     4     1    19     7    25     0     0     0   -51.0  -37.124  -48.651   1271.1    878.7
     5     1    19     7    25     0     0     0   -51.0  -36.830  -56.713   1802.3    824.4
     1     1    19     7    24    23     0     1   -52.0  -37.807  -55.019     15.7   1028.4
     2     1    19     7    24    23     0     1   -52.0  -39.155  -52.579    310.5    989.6
     3     1    19     7    24    23     0     1   -52.0  -37.452  -50.085   1816.1    821.9
     4     1    19     7    24    23     0     1   -52.0  -37.361  -48.756   1273.2    878.8
     5     1    19     7    24    23     0     1   -52.0  -36.893  -56.793   1783.7    828.7
     1     1    19     7    24    22     0     2   -53.0  -37.919  -55.018     16.8   1028.2
     2     1    19     7    24    22     0     2   -53.0  -39.348  -52.689    302.0    990.8
     3     1    19     7    24    22     0     2   -53.0  -37.591  -50.326   1903.1    811.9
     4     1    19     7    24    22     0     2   -53.0  -37.586  -48.902   1271.5    878.0
     5     1    19     7    24    22     0     2   -53.0  -36.971  -56.870   1796.4    826.5
     1     1    19     7    24    21     0     3   -54.0  -38.044  -55.024     18.7   1028.0
     2     1    19     7    24    21     0     3   -54.0  -39.528  -52.821    293.5    992.0
     3     1    19     7    24    21     0     3   -54.0  -37.723  -50.598   1973.8    803.8
     4     1    19     7    24    21     0     3   -54.0  -37.793  -49.090   1258.5    878.5
     5     1    19     7    24    21     0     3   -54.0  -37.066  -56.944   1835.3    821.9
     1     1    19     7    24    20     0     2   -55.0  -38.177  -55.039     21.3   1026.7
     2     1    19     7    24    20     0     2   -55.0  -39.705  -52.971    287.9    992.1
     3     1    19     7    24    20     0     2   -55.0  -37.865  -50.894   2011.3    798.5
     4     1    19     7    24    20     0     2   -55.0  -37.996  -49.289   1267.6    881.1
     5     1    19     7    24    20     0     2   -55.0  -37.179  -57.026   1876.2    815.3
     1     1    19     7    24    19     0     1   -56.0  -38.308  -55.066     24.1   1025.5
     2     1    19     7    24    19     0     1   -56.0  -39.896  -53.135    280.7    992.2
     3     1    19     7    24    19     0     1   -56.0  -38.024  -51.203   2001.7    799.2
     4     1    19     7    24    19     0     1   -56.0  -38.208  -49.482   1311.6    873.1
     5     1    19     7    24    19     0     1   -56.0  -37.307  -57.123   1894.4    812.7
     1     1    19     7    24    18     0     0   -57.0  -38.439  -55.101     26.9   1024.3
     2     1    19     7    24    18     0     0   -57.0  -40.107  -53.316    268.0    993.3
     3     1    19     7    24    18     0     0   -57.0  -38.199  -51.509   1968.2    804.4
     4     1    19     7    24    18     0     0   -57.0  -38.436  -49.674   1354.3    867.1
     5     1    19     7    24    18     0     0   -57.0  -37.448  -57.235   1885.9    812.2
     1     1    19     7    24    17     0     1   -58.0  -38.576  -55.135     30.0   1024.1
     2     1    19     7    24    17     0     1   -58.0  -40.333  -53.515    258.8    995.7
     3     1    19     7    24    17     0     1   -58.0  -38.399  -51.799   1953.2    808.0
     4     1    19     7    24    17     0     1   -58.0  -38.677  -49.876   1397.9    863.6
     5     1    19     7    24    17     0     1   -58.0  -37.602  -57.361   1853.8    814.6
     1     1    19     7    24    16     0     2   -59.0  -38.725  -55.160     34.0   1023.9
     2     1    19     7    24    16     0     2   -59.0  -40.570  -53.727    259.7    995.7
     3     1    19     7    24    16     0     2   -59.0  -38.634  -52.092   1975.2    805.6
     4     1    19     7    24    16     0     2   -59.0  -38.929  -50.102   1458.6    857.7
     5     1    19     7    24    16     0     2   -59.0  -37.767  -57.499   1807.3    817.1
     1     1    19     7    24    15     0     3   -60.0  -38.892  -55.176     39.6   1023.5
     2     1    19     7    24    15     0     3   -60.0  -40.815  -53.950    264.2    995.0
     3     1    19     7    24    15     0     3   -60.0  -38.905  -52.420   2033.5    799.8
     4     1    19     7    24    15     0     3   -60.0  -39.198  -50.363   1525.4    848.8
     5     1    19     7    24    15     0     3   -60.0  -37.942  -57.645   1750.9    819.7
     1     1    19     7    24    14     0     2   -61.0  -39.067  -55.197     46.3   1023.0
     2     1    19     7    24    14     0     2   -61.0  -41.077  -54.189    269.9    994.3
     3     1    19     7    24    14     0     2   -61.0  -39.190  -52.801   2101.2    789.9
     4     1    19     7    24    14     0     2   -61.0  -39.483  -50.663   1585.2    842.3
     5     1    19     7    24    14     0     2   -61.0  -38.127  -57.801   1707.3    824.4
     1     1    19     7    24    13     0     1   -62.0  -39.238  -55.234     52.1   1022.7
     2     1    19     7    24    13     0     1   -62.0  -41.356  -54.449    285.6    992.8
     3     1    19     7    24    13     0     1   -62.0  -39.468  -53.218   2144.2    785.1
     4     1    19     7    24    13     0     1   -62.0  -39.776  -51.008   1628.8    836.2
     5     1    19     7    24    13     0     1   -62.0  -38.323  -57.976   1697.7    825.9
     1     1    19     7    24    12     0     0   -63.0  -39.405  -55.285     56.4   1022.4
     2     1    19     7    24    12     0     0   -63.0  -41.644  -54.737    320.0    988.4
     3     1    19     7    24    12     0     0   -63.0  -39.747  -53.664   2159.7    783.5
     4     1    19     7    24    12     0     0   -63.0  -40.070  -51.402   1649.0    834.4
     5     1    19     7    24    12     0     0   -63.0  -38.529  -58.180   1728.3    825.9
     1     1    19     7    24    11     0     1   -64.0  -39.571  -55.352     58.8   1020.7
     2     1    19     7    24    11     0     1   -64.0  -41.923  -55.058    368.1    981.1
     3     1    19     7    24    11     0     1   -64.0  -40.026  -54.142   2161.0    784.1
     4     1    19     7    24    11     0     1   -64.0  -40.362  -51.834   1661.6    833.5
     5     1    19     7    24    11     0     1   -64.0  -38.736  -58.418   1793.6    821.1
     1     1    19     7    24    10     0     2   -65.0  -39.738  -55.443     58.7   1019.4
     2     1    19     7    24    10     0     2   -65.0  -42.179  -55.405    410.3    974.8
     3     1    19     7    24    10     0     2   -65.0  -40.290  -54.641   2185.5    783.6
     4     1    19     7    24    10     0     2   -65.0  -40.653  -52.298   1694.1    831.5
     5     1    19     7    24    10     0     2   -65.0  -38.937  -58.690   1871.8    814.7
     1     1    19     7    24     9     0     3   -66.0  -39.906  -55.551     55.6   1018.4
     2     1    19     7    24     9     0     3   -66.0  -42.416  -55.769    436.7    971.2
     3     1    19     7    24     9     0     3   -66.0  -40.526  -55.152   2255.4    776.3
     4     1    19     7    24     9     0     3   -66.0  -40.946  -52.820   1815.4    823.6
     5     1    19     7    24     9     0     3   -66.0  -39.123  -58.986   1937.6    807.1
     1     1    19     7    24     8     0     2   -67.0  -40.071  -55.679     52.0   1019.1
     2     1    19     7    24     8     0     2   -67.0  -42.649  -56.139    451.7    969.4
     3     1    19     7    24     8     0     2   -67.0  -40.740  -55.667   2358.8    765.0
     4     1    19     7    24     8     0     2   -67.0  -41.230  -53.382   2010.4    796.0
     5     1    19     7    24     8     0     2   -67.0  -39.285  -59.293   1996.5    802.9
     1     1    19     7    24     7     0     1   -68.0  -40.220  -55.836     51.1   1019.5
     2     1    19     7    24     7     0     1   -68.0  -42.889  -56.522    459.5    968.3
     3     1    19     7    24     7     0     1   -68.0  -40.954  -56.193   2465.2    752.6
     4     1    19     7    24     7     0     1   -68.0  -41.514  -53.956   2140.3    777.1
     5     1    19     7    24     7     0     1   -68.0  -39.426  -59.606   2074.5    796.0
     1     1    19     7    24     6     0     0   -69.0  -40.346  -56.020     54.1   1019.5
     2     1    19     7    24     6     0     0   -69.0  -43.145  -56.931    450.4    967.7
     3     1    19     7    24     6     0     0   -69.0  -41.178  -56.747   2534.7    743.8
     4     1    19     7    24     6     0     0   -69.0  -41.812  -54.564   2183.8    776.3
     5     1    19     7    24     6     0     0   -69.0  -39.554  -59.926   2176.9    785.3
     1     1    19     7    24     5     0     1   -70.0  -40.449  -56.227     56.9   1018.8
     2     1    19     7    24     5     0     1   -70.0  -43.410  -57.364    438.2    972.3
     3     1    19     7    24     5     0     1   -70.0  -41.404  -57.313   2564.0    742.5
     4     1    19     7    24     5     0     1   -70.0  -42.127  -55.220   2209.1    776.5
     5     1    19     7    24     5     0     1   -70.0  -39.688  -60.260   2259.8    773.3
     1     1    19     7    24     4     0     2   -71.0  -40.535  -56.454     55.9   1019.1
     2     1    19     7    24     4     0     2   -71.0  -43.675  -57.817    449.9    970.9
     3     1    19     7    24     4     0     2   -71.0  -41.629  -57.879   2591.6    742.1
     4     1    19     7    24     4     0     2   -71.0  -42.444  -55.894   2252.0    772.8
     5     1    19     7    24     4     0     2   -71.0  -39.834  -60.600   2281.2    771.3
     1     1    19     7    24     3     0     3   -72.0  -40.614  -56.706     54.1   1019.4
     2     1    19     7    24     3     0     3   -72.0  -43.939  -58.304    474.1    965.8
     3     1    19     7    24     3     0     3   -72.0  -41.867  -58.451   2649.5    737.5
     4     1    19     7    24     3     0     3   -72.0  -42.762  -56.596   2321.5    765.9
     5     1    19     7    24     3     0     3   -72.0  -39.981  -60.930   2258.6    775.3
