     9     1
    GDAS    20     1    29     0     0
    GDAS    20     2     1     0     0
    GDAS    20     2     8     0     0
    GDAS    20     2    15     0     0
    GDAS    20     2    22     0     0
    GDAS    20     2    29     0     0
    GDAS    20     3     1     0     0
    GDAS    20     3     8     0     0
    GDAS    20     3    15     0     0
     5 BACKWARD OMEGA   
    20     2    19     3  -34.572  -58.513    10.0
    20     2    19     3  -34.572  -58.513   200.0
    20     2    19     3  -34.572  -58.513   500.0
    20     2    19     3  -34.572  -58.513  1000.0
    20     2    19     3  -34.572  -58.513  2000.0
     1 PRESSURE
     1     1    20     2    19     3     0     3     0.0  -34.572  -58.513     10.0   1006.0
     2     1    20     2    19     3     0     3     0.0  -34.572  -58.513    200.0    985.1
     3     1    20     2    19     3     0     3     0.0  -34.572  -58.513    500.0    951.3
     4     1    20     2    19     3     0     3     0.0  -34.572  -58.513   1000.0    897.1
     5     1    20     2    19     3     0     3     0.0  -34.572  -58.513   2000.0    796.3
     1     1    20     2    19     2     0     2    -1.0  -34.609  -58.546     10.4   1006.4
     2     1    20     2    19     2     0     2    -1.0  -34.681  -58.554    216.3    984.2
     3     1    20     2    19     2     0     2    -1.0  -34.722  -58.560    544.9    947.6
     4     1    20     2    19     2     0     2    -1.0  -34.752  -58.593   1043.1    894.4
     5     1    20     2    19     2     0     2    -1.0  -34.682  -58.631   2037.4    795.2
     1     1    20     2    19     1     0     1    -2.0  -34.658  -58.595     10.8   1006.9
     2     1    20     2    19     1     0     1    -2.0  -34.805  -58.627    239.6    982.9
     3     1    20     2    19     1     0     1    -2.0  -34.884  -58.639    602.4    943.0
     4     1    20     2    19     1     0     1    -2.0  -34.948  -58.704   1096.6    889.6
     5     1    20     2    19     1     0     1    -2.0  -34.813  -58.755   2095.6    789.4
     1     1    20     2    19     0     0     0    -3.0  -34.719  -58.658     11.6   1007.5
     2     1    20     2    19     0     0     0    -3.0  -34.943  -58.726    275.2    980.3
     3     1    20     2    19     0     0     0    -3.0  -35.059  -58.735    676.6    935.6
     4     1    20     2    19     0     0     0    -3.0  -35.165  -58.843   1150.1    883.9
     5     1    20     2    19     0     0     0    -3.0  -34.972  -58.888   2153.3    783.6
     1     1    20     2    18    23     0     1    -4.0  -34.793  -58.733     12.7   1007.2
     2     1    20     2    18    23     0     1    -4.0  -35.089  -58.837    319.6    974.0
     3     1    20     2    18    23     0     1    -4.0  -35.240  -58.842    757.4    925.4
     4     1    20     2    18    23     0     1    -4.0  -35.388  -59.000   1216.0    878.5
     5     1    20     2    18    23     0     1    -4.0  -35.157  -59.030   2210.2    779.0
     1     1    20     2    18    22     0     2    -5.0  -34.885  -58.816     14.0   1006.8
     2     1    20     2    18    22     0     2    -5.0  -35.236  -58.949    362.9    968.5
     3     1    20     2    18    22     0     2    -5.0  -35.420  -58.958    843.3    916.7
     4     1    20     2    18    22     0     2    -5.0  -35.591  -59.152   1256.2    867.5
     5     1    20     2    18    22     0     2    -5.0  -35.350  -59.179   2268.9    771.8
     1     1    20     2    18    21     0     3    -6.0  -34.998  -58.911     14.7   1006.4
     2     1    20     2    18    21     0     3    -6.0  -35.389  -59.061    391.9    963.8
     3     1    20     2    18    21     0     3    -6.0  -35.592  -59.073    914.6    905.7
     4     1    20     2    18    21     0     3    -6.0  -35.764  -59.282   1195.6    869.5
     5     1    20     2    18    21     0     3    -6.0  -35.549  -59.339   2294.7    765.9
     1     1    20     2    18    20     0     2    -7.0  -35.119  -59.018     14.9   1006.3
     2     1    20     2    18    20     0     2    -7.0  -35.544  -59.173    391.1    962.9
     3     1    20     2    18    20     0     2    -7.0  -35.760  -59.182    922.0    901.4
     4     1    20     2    18    20     0     2    -7.0  -35.926  -59.392   1054.0    887.6
     5     1    20     2    18    20     0     2    -7.0  -35.757  -59.502   2278.6    767.6
     1     1    20     2    18    19     0     1    -8.0  -35.239  -59.129     14.9   1005.9
     2     1    20     2    18    19     0     1    -8.0  -35.708  -59.280    372.3    965.7
     3     1    20     2    18    19     0     1    -8.0  -35.941  -59.286    873.2    909.6
     4     1    20     2    18    19     0     1    -8.0  -36.104  -59.491    934.8    905.3
     5     1    20     2    18    19     0     1    -8.0  -35.977  -59.663   2276.4    768.7
     1     1    20     2    18    18     0     0    -9.0  -35.369  -59.239     15.3   1005.7
     2     1    20     2    18    18     0     0    -9.0  -35.891  -59.377    369.9    967.1
     3     1    20     2    18    18     0     0    -9.0  -36.142  -59.380    852.0    914.2
     4     1    20     2    18    18     0     0    -9.0  -36.306  -59.581    918.7    905.7
     5     1    20     2    18    18     0     0    -9.0  -36.216  -59.830   2362.1    760.2
     1     1    20     2    18    17     0     1   -10.0  -35.522  -59.339     15.9   1004.9
     2     1    20     2    18    17     0     1   -10.0  -36.106  -59.462    383.9    960.5
     3     1    20     2    18    17     0     1   -10.0  -36.377  -59.470    858.8    904.6
     4     1    20     2    18    17     0     1   -10.0  -36.547  -59.671    933.3    890.1
     5     1    20     2    18    17     0     1   -10.0  -36.489  -60.013   2457.8    737.0
     1     1    20     2    18    16     0     2   -11.0  -35.703  -59.424     16.6   1004.0
     2     1    20     2    18    16     0     2   -11.0  -36.362  -59.542    390.9    954.9
     3     1    20     2    18    16     0     2   -11.0  -36.657  -59.557    838.1    901.2
     4     1    20     2    18    16     0     2   -11.0  -36.834  -59.757    886.2    890.1
     5     1    20     2    18    16     0     2   -11.0  -36.796  -60.194   2471.5    732.2
     1     1    20     2    18    15     0     3   -12.0  -35.910  -59.506     17.5   1002.8
     2     1    20     2    18    15     0     3   -12.0  -36.662  -59.616    387.9    950.4
     3     1    20     2    18    15     0     3   -12.0  -36.990  -59.632    788.6    901.5
     4     1    20     2    18    15     0     3   -12.0  -37.173  -59.834    814.1    897.5
     5     1    20     2    18    15     0     3   -12.0  -37.133  -60.347   2415.4    737.1
     1     1    20     2    18    14     0     2   -13.0  -36.139  -59.595     19.4    999.4
     2     1    20     2    18    14     0     2   -13.0  -37.005  -59.690    393.9    945.7
     3     1    20     2    18    14     0     2   -13.0  -37.372  -59.709    753.0    906.3
     4     1    20     2    18    14     0     2   -13.0  -37.558  -59.916    778.4    901.7
     5     1    20     2    18    14     0     2   -13.0  -37.501  -60.476   2393.2    745.4
     1     1    20     2    18    13     0     1   -14.0  -36.383  -59.699     24.7    994.5
     2     1    20     2    18    13     0     1   -14.0  -37.393  -59.779    412.4    940.0
     3     1    20     2    18    13     0     1   -14.0  -37.798  -59.808    748.9    902.6
     4     1    20     2    18    13     0     1   -14.0  -37.983  -60.020    782.2    897.8
     5     1    20     2    18    13     0     1   -14.0  -37.898  -60.603   2464.5    735.3
     1     1    20     2    18    12     0     0   -15.0  -36.653  -59.817     41.9    987.9
     2     1    20     2    18    12     0     0   -15.0  -37.821  -59.888    415.9    935.8
     3     1    20     2    18    12     0     0   -15.0  -38.251  -59.924    747.8    905.3
     4     1    20     2    18    12     0     0   -15.0  -38.431  -60.137    786.0    904.6
     5     1    20     2    18    12     0     0   -15.0  -38.310  -60.719   2587.7    727.1
     1     1    20     2    18    11     0     1   -16.0  -36.957  -59.959     93.3    976.1
     2     1    20     2    18    11     0     1   -16.0  -38.254  -60.032    402.9    943.4
     3     1    20     2    18    11     0     1   -16.0  -38.697  -60.067    730.7    916.5
     4     1    20     2    18    11     0     1   -16.0  -38.871  -60.279    749.8    917.2
     5     1    20     2    18    11     0     1   -16.0  -38.704  -60.860   2694.0    721.3
     1     1    20     2    18    10     0     2   -17.0  -37.299  -60.152    166.0    963.4
     2     1    20     2    18    10     0     2   -17.0  -38.672  -60.220    375.6    954.9
     3     1    20     2    18    10     0     2   -17.0  -39.123  -60.242    676.4    927.7
     4     1    20     2    18    10     0     2   -17.0  -39.293  -60.451    675.5    929.7
     5     1    20     2    18    10     0     2   -17.0  -39.091  -61.062   2728.7    722.8
     1     1    20     2    18     9     0     3   -18.0  -37.646  -60.407    207.7    957.3
     2     1    20     2    18     9     0     3   -18.0  -39.087  -60.424    314.1    968.5
     3     1    20     2    18     9     0     3   -18.0  -39.544  -60.428    612.2    939.3
     4     1    20     2    18     9     0     3   -18.0  -39.709  -60.630    611.2    940.1
     5     1    20     2    18     9     0     3   -18.0  -39.488  -61.312   2746.1    727.2
     1     1    20     2    18     8     0     2   -19.0  -37.983  -60.718    211.7    956.4
     2     1    20     2    18     8     0     2   -19.0  -39.478  -60.620    252.8    979.7
     3     1    20     2    18     8     0     2   -19.0  -39.948  -60.607    597.6    942.1
     4     1    20     2    18     8     0     2   -19.0  -40.103  -60.801    593.2    942.0
     5     1    20     2    18     8     0     2   -19.0  -39.852  -61.561   2836.9    718.6
     1     1    20     2    18     7     0     1   -20.0  -38.301  -61.041    196.0    965.4
     2     1    20     2    18     7     0     1   -20.0  -39.832  -60.804    224.3    982.5
     3     1    20     2    18     7     0     1   -20.0  -40.316  -60.774    619.9    936.5
     4     1    20     2    18     7     0     1   -20.0  -40.460  -60.964    604.5    938.0
     5     1    20     2    18     7     0     1   -20.0  -40.158  -61.765   2935.8    704.4
     1     1    20     2    18     6     0     0   -21.0  -38.595  -61.332    169.4    972.7
     2     1    20     2    18     6     0     0   -21.0  -40.156  -60.975    225.3    981.5
     3     1    20     2    18     6     0     0   -21.0  -40.650  -60.925    657.2    932.5
     4     1    20     2    18     6     0     0   -21.0  -40.791  -61.104    636.5    936.0
     5     1    20     2    18     6     0     0   -21.0  -40.419  -61.935   2972.5    699.4
     1     1    20     2    18     5     0     1   -22.0  -38.873  -61.569    132.6    986.1
     2     1    20     2    18     5     0     1   -22.0  -40.446  -61.094    243.3    978.8
     3     1    20     2    18     5     0     1   -22.0  -40.961  -61.022    710.6    926.1
     4     1    20     2    18     5     0     1   -22.0  -41.099  -61.186    700.1    928.5
     5     1    20     2    18     5     0     1   -22.0  -40.666  -62.094   2952.0    702.9
     1     1    20     2    18     4     0     2   -23.0  -39.147  -61.743     94.4    996.8
     2     1    20     2    18     4     0     2   -23.0  -40.704  -61.131    265.5    976.5
     3     1    20     2    18     4     0     2   -23.0  -41.240  -61.048    780.2    919.2
     4     1    20     2    18     4     0     2   -23.0  -41.375  -61.201    785.1    918.5
     5     1    20     2    18     4     0     2   -23.0  -40.931  -62.243   2929.5    708.0
     1     1    20     2    18     3     0     3   -24.0  -39.411  -61.858     67.6   1000.8
     2     1    20     2    18     3     0     3   -24.0  -40.936  -61.091    287.7    973.5
     3     1    20     2    18     3     0     3   -24.0  -41.495  -61.026    852.2    909.3
     4     1    20     2    18     3     0     3   -24.0  -41.634  -61.177    866.7    907.8
     5     1    20     2    18     3     0     3   -24.0  -41.207  -62.369   2949.3    706.7
     1     1    20     2    18     2     0     2   -25.0  -39.664  -61.929     50.8   1002.0
     2     1    20     2    18     2     0     2   -25.0  -41.150  -60.983    310.0    970.8
     3     1    20     2    18     2     0     2   -25.0  -41.733  -60.961    910.1    903.6
     4     1    20     2    18     2     0     2   -25.0  -41.880  -61.116    928.7    901.3
     5     1    20     2    18     2     0     2   -25.0  -41.470  -62.507   2997.1    700.6
     1     1    20     2    18     1     0     1   -26.0  -39.923  -61.956     41.7   1002.8
     2     1    20     2    18     1     0     1   -26.0  -41.348  -60.809    328.1    967.5
     3     1    20     2    18     1     0     1   -26.0  -41.944  -60.849    976.9    897.4
     4     1    20     2    18     1     0     1   -26.0  -42.094  -61.026    997.7    895.5
     5     1    20     2    18     1     0     1   -26.0  -41.721  -62.674   3043.7    695.8
     1     1    20     2    18     0     0     0   -27.0  -40.197  -61.929     37.6   1002.6
     2     1    20     2    18     0     0     0   -27.0  -41.522  -60.556    323.1    966.9
     3     1    20     2    18     0     0     0   -27.0  -42.121  -60.720   1075.6    887.8
     4     1    20     2    18     0     0     0   -27.0  -42.271  -60.942   1100.0    885.3
     5     1    20     2    18     0     0     0   -27.0  -41.978  -62.835   3062.9    692.7
     1     1    20     2    17    23     0     1   -28.0  -40.445  -61.864     33.4   1001.8
     2     1    20     2    17    23     0     1   -28.0  -41.657  -60.233    305.3    971.0
     3     1    20     2    17    23     0     1   -28.0  -42.273  -60.624   1139.5    872.7
     4     1    20     2    17    23     0     1   -28.0  -42.419  -60.902   1142.7    869.9
     5     1    20     2    17    23     0     1   -28.0  -42.209  -63.015   3068.6    694.3
     1     1    20     2    17    22     0     2   -29.0  -40.639  -61.786     27.5   1001.3
     2     1    20     2    17    22     0     2   -29.0  -41.746  -59.843    323.5    971.6
     3     1    20     2    17    22     0     2   -29.0  -42.379  -60.526   1104.0    878.6
     4     1    20     2    17    22     0     2   -29.0  -42.511  -60.850   1048.2    882.9
     5     1    20     2    17    22     0     2   -29.0  -42.403  -63.259   3102.3    692.3
     1     1    20     2    17    21     0     3   -30.0  -40.781  -61.713     20.5   1001.2
     2     1    20     2    17    21     0     3   -30.0  -41.811  -59.382    375.8    961.6
     3     1    20     2    17    21     0     3   -30.0  -42.436  -60.380   1020.3    888.9
     4     1    20     2    17    21     0     3   -30.0  -42.545  -60.717    868.6    904.2
     5     1    20     2    17    21     0     3   -30.0  -42.587  -63.593   3171.2    684.9
     1     1    20     2    17    20     0     2   -31.0  -40.876  -61.617     15.3   1002.4
     2     1    20     2    17    20     0     2   -31.0  -41.863  -58.878    450.2    956.5
     3     1    20     2    17    20     0     2   -31.0  -42.438  -60.195    967.7    899.7
     4     1    20     2    17    20     0     2   -31.0  -42.523  -60.479    713.3    929.8
     5     1    20     2    17    20     0     2   -31.0  -42.761  -64.009   3241.4    676.7
     1     1    20     2    17    19     0     1   -32.0  -40.929  -61.452     13.1   1002.8
     2     1    20     2    17    19     0     1   -32.0  -41.877  -58.427    558.1    942.3
     3     1    20     2    17    19     0     1   -32.0  -42.390  -60.057    969.9    898.3
     4     1    20     2    17    19     0     1   -32.0  -42.452  -60.220    654.2    936.7
     5     1    20     2    17    19     0     1   -32.0  -42.894  -64.484   3373.9    669.4
     1     1    20     2    17    18     0     0   -33.0  -40.944  -61.216     12.6   1002.8
     2     1    20     2    17    18     0     0   -33.0  -41.805  -58.048    698.2    928.3
     3     1    20     2    17    18     0     0   -33.0  -42.302  -60.010    991.0    894.8
     4     1    20     2    17    18     0     0   -33.0  -42.343  -59.994    687.6    932.9
     5     1    20     2    17    18     0     0   -33.0  -42.942  -65.020   3607.4    642.4
     1     1    20     2    17    17     0     1   -34.0  -40.951  -60.930     12.4   1002.7
     2     1    20     2    17    17     0     1   -34.0  -41.643  -57.739    775.1    910.9
     3     1    20     2    17    17     0     1   -34.0  -42.176  -60.004   1006.5    892.3
     4     1    20     2    17    17     0     1   -34.0  -42.207  -59.815    764.5    920.0
     5     1    20     2    17    17     0     1   -34.0  -42.924  -65.590   3809.3    616.2
     1     1    20     2    17    16     0     2   -35.0  -40.970  -60.624     11.6   1002.9
     2     1    20     2    17    16     0     2   -35.0  -41.433  -57.457    733.3    918.3
     3     1    20     2    17    16     0     2   -35.0  -42.005  -59.930   1012.7    891.3
     4     1    20     2    17    16     0     2   -35.0  -42.053  -59.615    847.7    910.2
     5     1    20     2    17    16     0     2   -35.0  -42.880  -66.150   3942.6    602.8
     1     1    20     2    17    15     0     3   -36.0  -40.997  -60.301     11.1   1003.2
     2     1    20     2    17    15     0     3   -36.0  -41.169  -57.143    655.4    933.3
     3     1    20     2    17    15     0     3   -36.0  -41.773  -59.751    986.3    891.8
     4     1    20     2    17    15     0     3   -36.0  -41.867  -59.356    882.6    901.8
     5     1    20     2    17    15     0     3   -36.0  -42.827  -66.668   4007.6    596.5
     1     1    20     2    17    14     0     2   -37.0  -40.999  -59.938     11.2   1003.3
     2     1    20     2    17    14     0     2   -37.0  -40.878  -56.786    607.4    940.2
     3     1    20     2    17    14     0     2   -37.0  -41.490  -59.506    979.2    901.1
     4     1    20     2    17    14     0     2   -37.0  -41.653  -59.052    879.0    907.6
     5     1    20     2    17    14     0     2   -37.0  -42.769  -67.172   3980.8    587.7
     1     1    20     2    17    13     0     1   -38.0  -40.959  -59.538     11.2   1004.3
     2     1    20     2    17    13     0     1   -38.0  -40.608  -56.431    577.6    941.2
     3     1    20     2    17    13     0     1   -38.0  -41.167  -59.276    970.9    893.9
     4     1    20     2    17    13     0     1   -38.0  -41.396  -58.752    857.3    908.9
     5     1    20     2    17    13     0     1   -38.0  -42.700  -67.725   3810.5    565.8
     1     1    20     2    17    12     0     0   -39.0  -40.887  -59.127     10.7   1006.1
     2     1    20     2    17    12     0     0   -39.0  -40.376  -56.092    542.2    944.8
     3     1    20     2    17    12     0     0   -39.0  -40.810  -58.987    929.3    902.6
     4     1    20     2    17    12     0     0   -39.0  -41.089  -58.421    808.1    914.4
     5     1    20     2    17    12     0     0   -39.0  -42.630  -68.322   3594.8    568.0
     1     1    20     2    17    11     0     1   -40.0  -40.801  -58.752      9.7   1006.6
     2     1    20     2    17    11     0     1   -40.0  -40.187  -55.764    516.5    950.1
     3     1    20     2    17    11     0     1   -40.0  -40.493  -58.667    883.4    906.4
     4     1    20     2    17    11     0     1   -40.0  -40.795  -58.069    738.8    922.6
     5     1    20     2    17    11     0     1   -40.0  -42.569  -68.922   3524.9    576.7
     1     1    20     2    17    10     0     2   -41.0  -40.707  -58.431      8.4   1006.7
     2     1    20     2    17    10     0     2   -41.0  -40.045  -55.462    523.7    950.4
     3     1    20     2    17    10     0     2   -41.0  -40.239  -58.365    850.0    913.9
     4     1    20     2    17    10     0     2   -41.0  -40.569  -57.731    686.7    932.2
     5     1    20     2    17    10     0     2   -41.0  -42.496  -69.529   3535.3    566.5
     1     1    20     2    17     9     0     3   -42.0  -40.601  -58.144      7.1   1007.2
     2     1    20     2    17     9     0     3   -42.0  -39.957  -55.210    571.4    945.9
     3     1    20     2    17     9     0     3   -42.0  -40.035  -58.108    890.2    912.8
     4     1    20     2    17     9     0     3   -42.0  -40.404  -57.418    677.3    932.9
     5     1    20     2    17     9     0     3   -42.0  -42.416  -70.089   3377.5    578.6
     1     1    20     2    17     8     0     2   -43.0  -40.489  -57.867      6.2   1007.5
     2     1    20     2    17     8     0     2   -43.0  -39.922  -55.032    658.3    936.6
     3     1    20     2    17     8     0     2   -43.0  -39.900  -57.933    973.9    897.7
     4     1    20     2    17     8     0     2   -43.0  -40.300  -57.144    697.8    929.9
     5     1    20     2    17     8     0     2   -43.0  -42.334  -70.624   3046.4    611.6
     1     1    20     2    17     7     0     1   -44.0  -40.386  -57.587      5.6   1007.6
     2     1    20     2    17     7     0     1   -44.0  -39.933  -54.949    780.5    923.1
     3     1    20     2    17     7     0     1   -44.0  -39.838  -57.823   1037.5    890.8
     4     1    20     2    17     7     0     1   -44.0  -40.256  -56.934    740.6    925.7
     5     1    20     2    17     7     0     1   -44.0  -42.256  -71.213   2705.5    642.5
     1     1    20     2    17     6     0     0   -45.0  -40.304  -57.313      5.3   1007.7
     2     1    20     2    17     6     0     0   -45.0  -39.985  -54.981    942.1    906.2
     3     1    20     2    17     6     0     0   -45.0  -39.845  -57.767   1078.7    887.3
     4     1    20     2    17     6     0     0   -45.0  -40.275  -56.806    806.4    918.6
     5     1    20     2    17     6     0     0   -45.0  -42.173  -71.823   2584.7    658.6
     1     1    20     2    17     5     0     1   -46.0  -40.265  -57.067      5.6   1007.8
     2     1    20     2    17     5     0     1   -46.0  -40.063  -55.145   1086.4    884.2
     3     1    20     2    17     5     0     1   -46.0  -39.907  -57.790   1111.2    885.2
     4     1    20     2    17     5     0     1   -46.0  -40.351  -56.788    889.8    909.5
     5     1    20     2    17     5     0     1   -46.0  -42.079  -72.379   2722.5    666.6
     1     1    20     2    17     4     0     2   -47.0  -40.285  -56.874      6.7   1007.8
     2     1    20     2    17     4     0     2   -47.0  -40.151  -55.400   1141.6    878.2
     3     1    20     2    17     4     0     2   -47.0  -40.010  -57.924   1140.1    881.9
     4     1    20     2    17     4     0     2   -47.0  -40.460  -56.910    996.6    898.3
     5     1    20     2    17     4     0     2   -47.0  -42.001  -72.798   2814.6    688.5
     1     1    20     2    17     3     0     3   -48.0  -40.362  -56.744      8.4   1007.9
     2     1    20     2    17     3     0     3   -48.0  -40.244  -55.722   1133.8    880.9
     3     1    20     2    17     3     0     3   -48.0  -40.142  -58.163   1164.1    879.5
     4     1    20     2    17     3     0     3   -48.0  -40.591  -57.187   1147.8    883.6
     5     1    20     2    17     3     0     3   -48.0  -41.940  -73.106   2796.0    713.6
     1     1    20     2    17     2     0     2   -49.0  -40.460  -56.676     10.4   1007.9
     2     1    20     2    17     2     0     2   -49.0  -40.337  -56.083   1148.3    885.5
     3     1    20     2    17     2     0     2   -49.0  -40.266  -58.474   1191.0    877.7
     4     1    20     2    17     2     0     2   -49.0  -40.719  -57.593   1310.1    862.6
     5     1    20     2    17     2     0     2   -49.0  -41.887  -73.375   2727.2    722.9
     1     1    20     2    17     1     0     1   -50.0  -40.549  -56.659     12.5   1007.7
     2     1    20     2    17     1     0     1   -50.0  -40.419  -56.497   1220.4    875.5
     3     1    20     2    17     1     0     1   -50.0  -40.361  -58.838   1235.0    873.0
     4     1    20     2    17     1     0     1   -50.0  -40.827  -58.077   1443.8    848.9
     5     1    20     2    17     1     0     1   -50.0  -41.841  -73.663   2653.4    728.6
     1     1    20     2    17     0     0     0   -51.0  -40.624  -56.684     14.6   1007.4
     2     1    20     2    17     0     0     0   -51.0  -40.482  -56.964   1295.2    864.0
     3     1    20     2    17     0     0     0   -51.0  -40.435  -59.255   1318.9    866.1
     4     1    20     2    17     0     0     0   -51.0  -40.934  -58.637   1529.7    838.2
     5     1    20     2    17     0     0     0   -51.0  -41.806  -73.970   2555.0    737.6
     1     1    20     2    16    23     0     1   -52.0  -40.701  -56.739     16.1   1005.7
     2     1    20     2    16    23     0     1   -52.0  -40.534  -57.474   1364.2    858.3
     3     1    20     2    16    23     0     1   -52.0  -40.475  -59.735   1442.9    850.1
     4     1    20     2    16    23     0     1   -52.0  -41.032  -59.229   1588.2    834.8
     5     1    20     2    16    23     0     1   -52.0  -41.775  -74.288   2474.0    749.4
     1     1    20     2    16    22     0     2   -53.0  -40.800  -56.809     16.8   1004.2
     2     1    20     2    16    22     0     2   -53.0  -40.580  -58.031   1448.3    849.2
     3     1    20     2    16    22     0     2   -53.0  -40.472  -60.267   1560.7    835.4
     4     1    20     2    16    22     0     2   -53.0  -41.088  -59.831   1658.9    827.1
     5     1    20     2    16    22     0     2   -53.0  -41.741  -74.618   2441.1    751.6
     1     1    20     2    16    21     0     3   -54.0  -40.927  -56.881     17.1   1002.8
     2     1    20     2    16    21     0     3   -54.0  -40.613  -58.634   1535.9    838.2
     3     1    20     2    16    21     0     3   -54.0  -40.436  -60.840   1659.5    825.7
     4     1    20     2    16    21     0     3   -54.0  -41.099  -60.469   1735.6    817.7
     5     1    20     2    16    21     0     3   -54.0  -41.704  -74.970   2444.7    750.4
     1     1    20     2    16    20     0     2   -55.0  -41.068  -56.973     17.3   1002.6
     2     1    20     2    16    20     0     2   -55.0  -40.629  -59.274   1618.9    829.9
     3     1    20     2    16    20     0     2   -55.0  -40.375  -61.438   1745.5    816.8
     4     1    20     2    16    20     0     2   -55.0  -41.071  -61.118   1826.9    810.8
     5     1    20     2    16    20     0     2   -55.0  -41.673  -75.343   2449.3    747.2
     1     1    20     2    16    19     0     1   -56.0  -41.207  -57.109     17.5   1002.2
     2     1    20     2    16    19     0     1   -56.0  -40.629  -59.940   1707.9    821.7
     3     1    20     2    16    19     0     1   -56.0  -40.293  -62.017   1758.3    810.5
     4     1    20     2    16    19     0     1   -56.0  -40.994  -61.763   1919.7    798.5
     5     1    20     2    16    19     0     1   -56.0  -41.648  -75.719   2437.0    749.7
     1     1    20     2    16    18     0     0   -57.0  -41.351  -57.275     18.0   1001.7
     2     1    20     2    16    18     0     0   -57.0  -40.604  -60.626   1837.1    811.6
     3     1    20     2    16    18     0     0   -57.0  -40.232  -62.487   1718.0    821.7
     4     1    20     2    16    18     0     0   -57.0  -40.890  -62.393   1981.2    791.9
     5     1    20     2    16    18     0     0   -57.0  -41.629  -76.098   2431.7    751.3
     1     1    20     2    16    17     0     1   -58.0  -41.486  -57.483     18.6   1000.4
     2     1    20     2    16    17     0     1   -58.0  -40.547  -61.349   1967.7    792.2
     3     1    20     2    16    17     0     1   -58.0  -40.213  -62.873   1704.4    823.4
     4     1    20     2    16    17     0     1   -58.0  -40.803  -62.978   2039.8    789.5
     5     1    20     2    16    17     0     1   -58.0  -41.622  -76.497   2435.7    750.2
     1     1    20     2    16    16     0     2   -59.0  -41.605  -57.754     19.3    999.4
     2     1    20     2    16    16     0     2   -59.0  -40.493  -62.074   2058.5    786.4
     3     1    20     2    16    16     0     2   -59.0  -40.222  -63.246   1710.7    820.0
     4     1    20     2    16    16     0     2   -59.0  -40.741  -63.558   2091.9    780.8
     5     1    20     2    16    16     0     2   -59.0  -41.634  -76.921   2446.2    749.9
     1     1    20     2    16    15     0     3   -60.0  -41.742  -58.078     19.8    998.7
     2     1    20     2    16    15     0     3   -60.0  -40.456  -62.791   2132.4    778.9
     3     1    20     2    16    15     0     3   -60.0  -40.247  -63.660   1725.1    816.1
     4     1    20     2    16    15     0     3   -60.0  -40.698  -64.139   2128.2    777.4
     5     1    20     2    16    15     0     3   -60.0  -41.666  -77.360   2463.2    747.7
     1     1    20     2    16    14     0     2   -61.0  -41.883  -58.391     20.0    997.6
     2     1    20     2    16    14     0     2   -61.0  -40.428  -63.505   2182.3    772.0
     3     1    20     2    16    14     0     2   -61.0  -40.285  -64.140   1745.8    811.6
     4     1    20     2    16    14     0     2   -61.0  -40.683  -64.711   2189.0    774.1
     5     1    20     2    16    14     0     2   -61.0  -41.711  -77.810   2465.8    745.8
     1     1    20     2    16    13     0     1   -62.0  -41.989  -58.661     19.2    996.6
     2     1    20     2    16    13     0     1   -62.0  -40.417  -64.228   2229.5    766.9
     3     1    20     2    16    13     0     1   -62.0  -40.345  -64.650   1765.5    809.8
     4     1    20     2    16    13     0     1   -62.0  -40.699  -65.279   2248.8    756.9
     5     1    20     2    16    13     0     1   -62.0  -41.770  -78.278   2448.4    748.0
     1     1    20     2    16    12     0     0   -63.0  -42.062  -58.921     17.3    995.7
     2     1    20     2    16    12     0     0   -63.0  -40.444  -64.932   2296.5    760.8
     3     1    20     2    16    12     0     0   -63.0  -40.445  -65.152   1782.9    805.8
     4     1    20     2    16    12     0     0   -63.0  -40.745  -65.842   2255.4    742.0
     5     1    20     2    16    12     0     0   -63.0  -41.849  -78.772   2430.1    750.3
     1     1    20     2    16    11     0     1   -64.0  -42.080  -59.152     15.1    996.1
     2     1    20     2    16    11     0     1   -64.0  -40.489  -65.614   2318.9    741.6
     3     1    20     2    16    11     0     1   -64.0  -40.576  -65.653   1779.7    792.6
     4     1    20     2    16    11     0     1   -64.0  -40.804  -66.415   2200.9    726.9
     5     1    20     2    16    11     0     1   -64.0  -41.951  -79.288   2421.3    751.2
     1     1    20     2    16    10     0     2   -65.0  -42.006  -59.320     12.8    996.4
     2     1    20     2    16    10     0     2   -65.0  -40.534  -66.306   2250.7    731.0
     3     1    20     2    16    10     0     2   -65.0  -40.717  -66.185   1748.5    779.8
     4     1    20     2    16    10     0     2   -65.0  -40.843  -67.032   2138.1    716.4
     5     1    20     2    16    10     0     2   -65.0  -42.072  -79.824   2422.1    751.1
     1     1    20     2    16     9     0     3   -66.0  -41.833  -59.433     10.2    996.9
     2     1    20     2    16     9     0     3   -66.0  -40.572  -67.050   2164.0    728.0
     3     1    20     2    16     9     0     3   -66.0  -40.848  -66.784   1773.5    760.2
     4     1    20     2    16     9     0     3   -66.0  -40.884  -67.723   2154.6    707.6
     5     1    20     2    16     9     0     3   -66.0  -42.209  -80.393   2428.6    750.2
     1     1    20     2    16     8     0     2   -67.0  -41.613  -59.518      8.6    996.9
     2     1    20     2    16     8     0     2   -67.0  -40.600  -67.872   2169.3    707.7
     3     1    20     2    16     8     0     2   -67.0  -40.947  -67.479   1931.3    729.7
     4     1    20     2    16     8     0     2   -67.0  -40.975  -68.488   2306.7    683.5
     5     1    20     2    16     8     0     2   -67.0  -42.361  -80.987   2433.3    749.4
     1     1    20     2    16     7     0     1   -68.0  -41.387  -59.563      8.5    996.9
     2     1    20     2    16     7     0     1   -68.0  -40.650  -68.765   2295.5    681.9
     3     1    20     2    16     7     0     1   -68.0  -41.062  -68.258   2112.5    694.4
     4     1    20     2    16     7     0     1   -68.0  -41.098  -69.426   2708.7    626.4
     5     1    20     2    16     7     0     1   -68.0  -42.528  -81.580   2438.5    748.9
     1     1    20     2    16     6     0     0   -69.0  -41.142  -59.517     10.4    996.9
     2     1    20     2    16     6     0     0   -69.0  -40.705  -69.798   2601.6    646.8
     3     1    20     2    16     6     0     0   -69.0  -41.205  -69.175   2383.7    653.7
     4     1    20     2    16     6     0     0   -69.0  -41.148  -70.550   2938.7    609.5
     5     1    20     2    16     6     0     0   -69.0  -42.704  -82.185   2420.5    750.3
     1     1    20     2    16     5     0     1   -70.0  -40.893  -59.402     13.5    997.2
     2     1    20     2    16     5     0     1   -70.0  -40.695  -70.992   2761.8    630.2
     3     1    20     2    16     5     0     1   -70.0  -41.290  -70.262   2614.1    637.0
     4     1    20     2    16     5     0     1   -70.0  -41.128  -71.728   3202.1    609.1
     5     1    20     2    16     5     0     1   -70.0  -42.898  -82.807   2407.1    752.9
     1     1    20     2    16     4     0     2   -71.0  -40.663  -59.285     14.4    998.3
     2     1    20     2    16     4     0     2   -71.0  -40.632  -72.167   3127.7    619.8
     3     1    20     2    16     4     0     2   -71.0  -41.288  -71.455   2790.7    636.5
     4     1    20     2    16     4     0     2   -71.0  -41.097  -72.819   3803.1    598.6
     5     1    20     2    16     4     0     2   -71.0  -43.127  -83.454   2431.0    750.4
     1     1    20     2    16     3     0     3   -72.0  -40.456  -59.140     14.0   1000.0
     2     1    20     2    16     3     0     3   -72.0  -40.572  -73.147   3358.1    651.9
     3     1    20     2    16     3     0     3   -72.0  -41.251  -72.578   3438.6    613.1
     4     1    20     2    16     3     0     3   -72.0  -41.094  -73.700   3879.8    626.7
     5     1    20     2    16     3     0     3   -72.0  -43.385  -84.118   2444.1    749.1
