     7     1
    GDAS    19    12    29     0     0
    GDAS    20     1     1     0     0
    GDAS    20     1     8     0     0
    GDAS    20     1    15     0     0
    GDAS    20     1    22     0     0
    GDAS    20     1    29     0     0
    GDAS    20     2     1     0     0
     5 BACKWARD OMEGA   
    20     1    20     9  -34.572  -58.513    10.0
    20     1    20     9  -34.572  -58.513   200.0
    20     1    20     9  -34.572  -58.513   500.0
    20     1    20     9  -34.572  -58.513  1000.0
    20     1    20     9  -34.572  -58.513  2000.0
     1 PRESSURE
     1     1    20     1    20     9     0     3     0.0  -34.572  -58.513     10.0   1005.7
     2     1    20     1    20     9     0     3     0.0  -34.572  -58.513    200.0    984.6
     3     1    20     1    20     9     0     3     0.0  -34.572  -58.513    500.0    951.7
     4     1    20     1    20     9     0     3     0.0  -34.572  -58.513   1000.0    899.1
     5     1    20     1    20     9     0     3     0.0  -34.572  -58.513   2000.0    800.7
     1     1    20     1    20     8     0     2    -1.0  -34.522  -58.479     10.4   1005.3
     2     1    20     1    20     8     0     2    -1.0  -34.450  -58.480    209.8    983.1
     3     1    20     1    20     8     0     2    -1.0  -34.467  -58.557    518.7    950.0
     4     1    20     1    20     8     0     2    -1.0  -34.570  -58.620   1019.9    897.2
     5     1    20     1    20     8     0     2    -1.0  -34.636  -58.621   2050.7    795.0
     1     1    20     1    20     7     0     1    -2.0  -34.465  -58.443     11.0   1004.8
     2     1    20     1    20     7     0     1    -2.0  -34.302  -58.439    229.3    980.2
     3     1    20     1    20     7     0     1    -2.0  -34.334  -58.599    550.7    946.4
     4     1    20     1    20     7     0     1    -2.0  -34.532  -58.737   1044.9    895.9
     5     1    20     1    20     7     0     1    -2.0  -34.688  -58.747   2079.0    793.8
     1     1    20     1    20     6     0     0    -3.0  -34.401  -58.406     12.1   1004.1
     2     1    20     1    20     6     0     0    -3.0  -34.117  -58.386    263.8    975.6
     3     1    20     1    20     6     0     0    -3.0  -34.172  -58.637    596.0    941.4
     4     1    20     1    20     6     0     0    -3.0  -34.459  -58.862   1089.5    892.5
     5     1    20     1    20     6     0     0    -3.0  -34.721  -58.891   2106.9    792.7
     1     1    20     1    20     5     0     1    -4.0  -34.336  -58.355     13.9   1003.8
     2     1    20     1    20     5     0     1    -4.0  -33.916  -58.296    314.4    968.6
     3     1    20     1    20     5     0     1    -4.0  -33.995  -58.647    649.4    935.2
     4     1    20     1    20     5     0     1    -4.0  -34.364  -58.983   1146.5    886.5
     5     1    20     1    20     5     0     1    -4.0  -34.735  -59.066   2140.1    789.6
     1     1    20     1    20     4     0     2    -5.0  -34.277  -58.280     16.9   1003.3
     2     1    20     1    20     4     0     2    -5.0  -33.736  -58.163    370.8    962.3
     3     1    20     1    20     4     0     2    -5.0  -33.820  -58.620    704.7    929.5
     4     1    20     1    20     4     0     2    -5.0  -34.252  -59.092   1194.3    880.9
     5     1    20     1    20     4     0     2    -5.0  -34.737  -59.273   2154.4    786.9
     1     1    20     1    20     3     0     3    -6.0  -34.227  -58.177     22.4   1002.7
     2     1    20     1    20     3     0     3    -6.0  -33.575  -57.996    423.2    957.4
     3     1    20     1    20     3     0     3    -6.0  -33.644  -58.571    763.8    924.2
     4     1    20     1    20     3     0     3    -6.0  -34.119  -59.195   1239.0    877.9
     5     1    20     1    20     3     0     3    -6.0  -34.728  -59.498   2129.6    789.1
     1     1    20     1    20     2     0     2    -7.0  -34.189  -58.069     28.2   1001.1
     2     1    20     1    20     2     0     2    -7.0  -33.430  -57.830    462.2    952.0
     3     1    20     1    20     2     0     2    -7.0  -33.478  -58.523    815.6    917.6
     4     1    20     1    20     2     0     2    -7.0  -33.968  -59.305   1290.2    871.8
     5     1    20     1    20     2     0     2    -7.0  -34.696  -59.728   2068.2    795.1
     1     1    20     1    20     1     0     1    -8.0  -34.167  -57.985     28.7   1000.4
     2     1    20     1    20     1     0     1    -8.0  -33.302  -57.678    499.1    949.7
     3     1    20     1    20     1     0     1    -8.0  -33.340  -58.478    846.8    914.9
     4     1    20     1    20     1     0     1    -8.0  -33.802  -59.417   1309.3    866.7
     5     1    20     1    20     1     0     1    -8.0  -34.621  -59.952   1970.2    803.1
     1     1    20     1    20     0     0     0    -9.0  -34.163  -57.927     23.1   1000.9
     2     1    20     1    20     0     0     0    -9.0  -33.188  -57.530    565.8    943.4
     3     1    20     1    20     0     0     0    -9.0  -33.237  -58.423    860.4    914.0
     4     1    20     1    20     0     0     0    -9.0  -33.621  -59.509   1262.1    870.8
     5     1    20     1    20     0     0     0    -9.0  -34.498  -60.138   1813.9    816.2
     1     1    20     1    19    23     0     1   -10.0  -34.146  -57.889     18.3   1001.7
     2     1    20     1    19    23     0     1   -10.0  -33.074  -57.412    648.0    931.8
     3     1    20     1    19    23     0     1   -10.0  -33.152  -58.372    919.9    914.3
     4     1    20     1    19    23     0     1   -10.0  -33.448  -59.567   1222.7    882.8
     5     1    20     1    19    23     0     1   -10.0  -34.343  -60.259   1645.2    836.2
     1     1    20     1    19    22     0     2   -11.0  -34.085  -57.865     17.5   1000.8
     2     1    20     1    19    22     0     2   -11.0  -32.950  -57.344    690.3    923.5
     3     1    20     1    19    22     0     2   -11.0  -33.065  -58.364   1086.7    897.3
     4     1    20     1    19    22     0     2   -11.0  -33.292  -59.614   1289.7    876.4
     5     1    20     1    19    22     0     2   -11.0  -34.185  -60.341   1553.2    847.3
     1     1    20     1    19    21     0     3   -12.0  -33.976  -57.859     20.3    999.6
     2     1    20     1    19    21     0     3   -12.0  -32.822  -57.314    683.0    924.6
     3     1    20     1    19    21     0     3   -12.0  -32.971  -58.403   1338.3    870.1
     4     1    20     1    19    21     0     3   -12.0  -33.154  -59.661   1458.7    858.8
     5     1    20     1    19    21     0     3   -12.0  -34.032  -60.417   1585.4    845.4
     1     1    20     1    19    20     0     2   -13.0  -33.837  -57.869     23.2    999.7
     2     1    20     1    19    20     0     2   -13.0  -32.700  -57.296    654.6    929.2
     3     1    20     1    19    20     0     2   -13.0  -32.872  -58.456   1509.2    839.6
     4     1    20     1    19    20     0     2   -13.0  -33.030  -59.710   1597.0    833.6
     5     1    20     1    19    20     0     2   -13.0  -33.882  -60.501   1662.9    828.3
     1     1    20     1    19    19     0     1   -14.0  -33.692  -57.888     20.4   1001.1
     2     1    20     1    19    19     0     1   -14.0  -32.586  -57.265    614.8    934.0
     3     1    20     1    19    19     0     1   -14.0  -32.770  -58.490   1536.1    842.3
     4     1    20     1    19    19     0     1   -14.0  -32.905  -59.750   1611.1    834.7
     5     1    20     1    19    19     0     1   -14.0  -33.722  -60.582   1700.9    824.2
     1     1    20     1    19    18     0     0   -15.0  -33.541  -57.907     13.4   1003.5
     2     1    20     1    19    18     0     0   -15.0  -32.472  -57.229    586.2    937.4
     3     1    20     1    19    18     0     0   -15.0  -32.669  -58.505   1487.3    850.9
     4     1    20     1    19    18     0     0   -15.0  -32.774  -59.781   1563.5    842.5
     5     1    20     1    19    18     0     0   -15.0  -33.548  -60.648   1696.7    824.1
     1     1    20     1    19    17     0     1   -16.0  -33.397  -57.906      7.7   1005.1
     2     1    20     1    19    17     0     1   -16.0  -32.351  -57.198    599.8    937.3
     3     1    20     1    19    17     0     1   -16.0  -32.573  -58.524   1445.5    860.4
     4     1    20     1    19    17     0     1   -16.0  -32.650  -59.811   1536.0    849.2
     5     1    20     1    19    17     0     1   -16.0  -33.371  -60.693   1672.8    829.0
     1     1    20     1    19    16     0     2   -17.0  -33.273  -57.876      4.7   1005.8
     2     1    20     1    19    16     0     2   -17.0  -32.222  -57.179    664.8    929.0
     3     1    20     1    19    16     0     2   -17.0  -32.490  -58.569   1442.9    859.2
     4     1    20     1    19    16     0     2   -17.0  -32.542  -59.852   1547.1    845.1
     5     1    20     1    19    16     0     2   -17.0  -33.206  -60.730   1669.0    830.3
     1     1    20     1    19    15     0     3   -18.0  -33.165  -57.821      2.8   1006.4
     2     1    20     1    19    15     0     3   -18.0  -32.096  -57.165    761.7    917.2
     3     1    20     1    19    15     0     3   -18.0  -32.419  -58.640   1446.1    857.8
     4     1    20     1    19    15     0     3   -18.0  -32.446  -59.901   1552.1    841.9
     5     1    20     1    19    15     0     3   -18.0  -33.053  -60.768   1703.7    827.8
     1     1    20     1    19    14     0     2   -19.0  -33.072  -57.737      2.0   1007.0
     2     1    20     1    19    14     0     2   -19.0  -31.978  -57.164    857.6    904.4
     3     1    20     1    19    14     0     2   -19.0  -32.351  -58.736   1446.9    858.1
     4     1    20     1    19    14     0     2   -19.0  -32.364  -59.961   1540.1    843.2
     5     1    20     1    19    14     0     2   -19.0  -32.916  -60.822   1749.9    819.9
     1     1    20     1    19    13     0     1   -20.0  -32.990  -57.620      1.5   1007.5
     2     1    20     1    19    13     0     1   -20.0  -31.866  -57.195    908.0    897.8
     3     1    20     1    19    13     0     1   -20.0  -32.285  -58.853   1451.9    857.7
     4     1    20     1    19    13     0     1   -20.0  -32.302  -60.042   1524.5    844.0
     5     1    20     1    19    13     0     1   -20.0  -32.802  -60.894   1770.1    817.7
     1     1    20     1    19    12     0     0   -21.0  -32.909  -57.471      1.4   1007.1
     2     1    20     1    19    12     0     0   -21.0  -31.755  -57.260    895.9    899.9
     3     1    20     1    19    12     0     0   -21.0  -32.229  -58.991   1462.5    856.5
     4     1    20     1    19    12     0     0   -21.0  -32.256  -60.143   1503.9    845.8
     5     1    20     1    19    12     0     0   -21.0  -32.709  -60.976   1758.4    818.9
     1     1    20     1    19    11     0     1   -22.0  -32.827  -57.308      2.0   1005.6
     2     1    20     1    19    11     0     1   -22.0  -31.624  -57.338    852.3    908.9
     3     1    20     1    19    11     0     1   -22.0  -32.174  -59.145   1479.8    853.9
     4     1    20     1    19    11     0     1   -22.0  -32.208  -60.253   1481.0    848.6
     5     1    20     1    19    11     0     1   -22.0  -32.619  -61.075   1726.5    823.4
     1     1    20     1    19    10     0     2   -23.0  -32.745  -57.143      3.4   1003.6
     2     1    20     1    19    10     0     2   -23.0  -31.459  -57.405    811.2    914.0
     3     1    20     1    19    10     0     2   -23.0  -32.107  -59.313   1506.3    849.3
     4     1    20     1    19    10     0     2   -23.0  -32.141  -60.369   1462.0    850.7
     5     1    20     1    19    10     0     2   -23.0  -32.514  -61.196   1687.7    827.4
     1     1    20     1    19     9     0     3   -24.0  -32.666  -56.972      5.9   1001.5
     2     1    20     1    19     9     0     3   -24.0  -31.256  -57.449    774.9    918.4
     3     1    20     1    19     9     0     3   -24.0  -32.039  -59.494   1534.3    844.2
     4     1    20     1    19     9     0     3   -24.0  -32.058  -60.501   1448.9    852.7
     5     1    20     1    19     9     0     3   -24.0  -32.396  -61.336   1647.3    831.5
     1     1    20     1    19     8     0     2   -25.0  -32.595  -56.805      8.6   1000.8
     2     1    20     1    19     8     0     2   -25.0  -31.025  -57.457    727.2    921.6
     3     1    20     1    19     8     0     2   -25.0  -31.962  -59.662   1552.5    840.0
     4     1    20     1    19     8     0     2   -25.0  -31.955  -60.652   1439.0    854.6
     5     1    20     1    19     8     0     2   -25.0  -32.256  -61.483   1608.2    835.2
     1     1    20     1    19     7     0     1   -26.0  -32.533  -56.648     11.0    999.8
     2     1    20     1    19     7     0     1   -26.0  -30.785  -57.418    662.0    929.3
     3     1    20     1    19     7     0     1   -26.0  -31.857  -59.800   1555.2    839.4
     4     1    20     1    19     7     0     1   -26.0  -31.828  -60.823   1430.0    857.3
     5     1    20     1    19     7     0     1   -26.0  -32.090  -61.639   1564.3    838.4
     1     1    20     1    19     6     0     0   -27.0  -32.480  -56.496     13.6    998.5
     2     1    20     1    19     6     0     0   -27.0  -30.552  -57.338    599.5    936.0
     3     1    20     1    19     6     0     0   -27.0  -31.726  -59.924   1543.7    840.8
     4     1    20     1    19     6     0     0   -27.0  -31.686  -61.016   1426.3    859.1
     5     1    20     1    19     6     0     0   -27.0  -31.894  -61.809   1499.1    843.2
     1     1    20     1    19     5     0     1   -28.0  -32.436  -56.345     15.8    997.5
     2     1    20     1    19     5     0     1   -28.0  -30.332  -57.208    551.9    941.3
     3     1    20     1    19     5     0     1   -28.0  -31.565  -60.025   1520.1    845.0
     4     1    20     1    19     5     0     1   -28.0  -31.520  -61.172   1430.4    857.9
     5     1    20     1    19     5     0     1   -28.0  -31.671  -61.962   1452.5    851.1
     1     1    20     1    19     4     0     2   -29.0  -32.401  -56.189     16.5    996.8
     2     1    20     1    19     4     0     2   -29.0  -30.126  -57.025    510.0    945.1
     3     1    20     1    19     4     0     2   -29.0  -31.371  -60.098   1479.7    850.9
     4     1    20     1    19     4     0     2   -29.0  -31.332  -61.254   1440.1    856.1
     5     1    20     1    19     4     0     2   -29.0  -31.440  -62.094   1454.4    849.1
     1     1    20     1    19     3     0     3   -30.0  -32.373  -56.028     15.3    996.4
     2     1    20     1    19     3     0     3   -30.0  -29.941  -56.786    457.3    950.4
     3     1    20     1    19     3     0     3   -30.0  -31.155  -60.161   1415.0    858.9
     4     1    20     1    19     3     0     3   -30.0  -31.135  -61.284   1435.0    855.5
     5     1    20     1    19     3     0     3   -30.0  -31.195  -62.207   1466.5    846.4
     1     1    20     1    19     2     0     2   -31.0  -32.353  -55.878     13.7    996.3
     2     1    20     1    19     2     0     2   -31.0  -29.804  -56.510    410.5    955.8
     3     1    20     1    19     2     0     2   -31.0  -30.944  -60.195   1348.5    868.4
     4     1    20     1    19     2     0     2   -31.0  -30.935  -61.287   1428.8    857.8
     5     1    20     1    19     2     0     2   -31.0  -30.928  -62.287   1477.9    846.3
     1     1    20     1    19     1     0     1   -32.0  -32.343  -55.747     13.0    996.1
     2     1    20     1    19     1     0     1   -32.0  -29.720  -56.241    374.9    957.2
     3     1    20     1    19     1     0     1   -32.0  -30.747  -60.173   1307.1    873.2
     4     1    20     1    19     1     0     1   -32.0  -30.737  -61.297   1448.6    854.3
     5     1    20     1    19     1     0     1   -32.0  -30.656  -62.329   1460.1    843.9
     1     1    20     1    19     0     0     0   -33.0  -32.344  -55.629     12.6    995.8
     2     1    20     1    19     0     0     0   -33.0  -29.670  -55.994    338.2    959.8
     3     1    20     1    19     0     0     0   -33.0  -30.559  -60.083   1276.5    873.9
     4     1    20     1    19     0     0     0   -33.0  -30.536  -61.322   1482.4    848.0
     5     1    20     1    19     0     0     0   -33.0  -30.397  -62.315   1345.0    851.0
     1     1    20     1    18    23     0     1   -34.0  -32.344  -55.514     11.8    995.4
     2     1    20     1    18    23     0     1   -34.0  -29.643  -55.774    319.4    964.0
     3     1    20     1    18    23     0     1   -34.0  -30.391  -59.941   1262.2    877.5
     4     1    20     1    18    23     0     1   -34.0  -30.341  -61.335   1505.1    843.3
     5     1    20     1    18    23     0     1   -34.0  -30.170  -62.222   1137.3    875.5
     1     1    20     1    18    22     0     2   -35.0  -32.333  -55.397     10.5    994.9
     2     1    20     1    18    22     0     2   -35.0  -29.634  -55.582    344.8    960.4
     3     1    20     1    18    22     0     2   -35.0  -30.251  -59.802   1288.0    874.4
     4     1    20     1    18    22     0     2   -35.0  -30.171  -61.305   1523.5    841.4
     5     1    20     1    18    22     0     2   -35.0  -29.990  -62.076    895.2    901.7
     1     1    20     1    18    21     0     3   -36.0  -32.312  -55.279      9.0    994.2
     2     1    20     1    18    21     0     3   -36.0  -29.644  -55.425    427.6    952.3
     3     1    20     1    18    21     0     3   -36.0  -30.131  -59.688   1339.1    867.6
     4     1    20     1    18    21     0     3   -36.0  -30.040  -61.241   1561.8    837.9
     5     1    20     1    18    21     0     3   -36.0  -29.858  -61.920    682.9    930.4
     1     1    20     1    18    20     0     2   -37.0  -32.286  -55.158      7.6    995.1
     2     1    20     1    18    20     0     2   -37.0  -29.658  -55.286    547.6    935.9
     3     1    20     1    18    20     0     2   -37.0  -30.023  -59.596   1381.2    862.1
     4     1    20     1    18    20     0     2   -37.0  -29.913  -61.180   1620.6    831.3
     5     1    20     1    18    20     0     2   -37.0  -29.751  -61.777    546.1    943.9
     1     1    20     1    18    19     0     1   -38.0  -32.255  -55.031      6.2    996.3
     2     1    20     1    18    19     0     1   -38.0  -29.657  -55.155    647.4    924.4
     3     1    20     1    18    19     0     1   -38.0  -29.927  -59.513   1390.8    861.1
     4     1    20     1    18    19     0     1   -38.0  -29.753  -61.144   1665.6    826.1
     5     1    20     1    18    19     0     1   -38.0  -29.649  -61.643    453.8    952.8
     1     1    20     1    18    18     0     0   -39.0  -32.220  -54.902      4.9    998.5
     2     1    20     1    18    18     0     0   -39.0  -29.644  -55.033    706.3    917.2
     3     1    20     1    18    18     0     0   -39.0  -29.843  -59.435   1369.4    863.3
     4     1    20     1    18    18     0     0   -39.0  -29.567  -61.127   1676.6    824.7
     5     1    20     1    18    18     0     0   -39.0  -29.558  -61.525    375.7    960.2
     1     1    20     1    18    17     0     1   -40.0  -32.183  -54.773      3.5    999.7
     2     1    20     1    18    17     0     1   -40.0  -29.619  -54.919    740.8    915.1
     3     1    20     1    18    17     0     1   -40.0  -29.760  -59.361   1326.2    867.8
     4     1    20     1    18    17     0     1   -40.0  -29.379  -61.121   1658.7    827.8
     5     1    20     1    18    17     0     1   -40.0  -29.471  -61.423    314.9    969.0
     1     1    20     1    18    16     0     2   -41.0  -32.146  -54.641      1.9   1000.9
     2     1    20     1    18    16     0     2   -41.0  -29.579  -54.809    770.6    910.1
     3     1    20     1    18    16     0     2   -41.0  -29.671  -59.292   1277.0    873.1
     4     1    20     1    18    16     0     2   -41.0  -29.202  -61.131   1631.0    830.9
     5     1    20     1    18    16     0     2   -41.0  -29.377  -61.333    278.6    973.5
     1     1    20     1    18    15     0     3   -42.0  -32.111  -54.508      0.2   1002.3
     2     1    20     1    18    15     0     3   -42.0  -29.524  -54.707    782.9    905.9
     3     1    20     1    18    15     0     3   -42.0  -29.577  -59.230   1235.1    877.3
     4     1    20     1    18    15     0     3   -42.0  -29.027  -61.169   1597.0    834.6
     5     1    20     1    18    15     0     3   -42.0  -29.278  -61.252    262.4    975.6
     1     1    20     1    18    14     0     2   -43.0  -32.067  -54.378      0.0   1002.9
     2     1    20     1    18    14     0     2   -43.0  -29.441  -54.616    781.9    904.1
     3     1    20     1    18    14     0     2   -43.0  -29.478  -59.168   1198.0    879.4
     4     1    20     1    18    14     0     2   -43.0  -28.852  -61.214   1567.3    838.4
     5     1    20     1    18    14     0     2   -43.0  -29.178  -61.160    252.8    975.5
     1     1    20     1    18    13     0     1   -44.0  -32.006  -54.251      0.0   1003.1
     2     1    20     1    18    13     0     1   -44.0  -29.321  -54.544    784.7    899.7
     3     1    20     1    18    13     0     1   -44.0  -29.372  -59.098   1156.4    882.5
     4     1    20     1    18    13     0     1   -44.0  -28.679  -61.238   1549.8    840.0
     5     1    20     1    18    13     0     1   -44.0  -29.081  -61.031    242.0    977.1
     1     1    20     1    18    12     0     0   -45.0  -31.928  -54.125      0.0   1001.7
     2     1    20     1    18    12     0     0   -45.0  -29.164  -54.506    798.5    893.3
     3     1    20     1    18    12     0     0   -45.0  -29.259  -59.014   1106.2    886.1
     4     1    20     1    18    12     0     0   -45.0  -28.506  -61.250   1541.9    840.4
     5     1    20     1    18    12     0     0   -45.0  -28.989  -60.863    236.9    978.1
     1     1    20     1    18    11     0     1   -46.0  -31.850  -54.003      0.0    999.9
     2     1    20     1    18    11     0     1   -46.0  -28.981  -54.491    830.8    885.0
     3     1    20     1    18    11     0     1   -46.0  -29.141  -58.901   1069.3    890.8
     4     1    20     1    18    11     0     1   -46.0  -28.333  -61.254   1543.9    839.9
     5     1    20     1    18    11     0     1   -46.0  -28.904  -60.653    237.7    977.3
     1     1    20     1    18    10     0     2   -47.0  -31.793  -53.892      0.0    999.1
     2     1    20     1    18    10     0     2   -47.0  -28.782  -54.479    877.4    880.8
     3     1    20     1    18    10     0     2   -47.0  -29.023  -58.755   1075.3    889.2
     4     1    20     1    18    10     0     2   -47.0  -28.162  -61.260   1555.8    838.0
     5     1    20     1    18    10     0     2   -47.0  -28.832  -60.398    241.2    976.5
     1     1    20     1    18     9     0     3   -48.0  -31.754  -53.795      0.0    998.9
     2     1    20     1    18     9     0     3   -48.0  -28.564  -54.469    927.5    876.9
     3     1    20     1    18     9     0     3   -48.0  -28.904  -58.587   1123.1    883.8
     4     1    20     1    18     9     0     3   -48.0  -27.993  -61.277   1572.1    835.4
     5     1    20     1    18     9     0     3   -48.0  -28.776  -60.095    245.6    975.6
     1     1    20     1    18     8     0     2   -49.0  -31.725  -53.707      0.0    998.9
     2     1    20     1    18     8     0     2   -49.0  -28.338  -54.460    963.6    873.2
     3     1    20     1    18     8     0     2   -49.0  -28.781  -58.423   1175.4    875.9
     4     1    20     1    18     8     0     2   -49.0  -27.824  -61.291   1578.5    833.7
     5     1    20     1    18     8     0     2   -49.0  -28.730  -59.759    253.5    976.2
     1     1    20     1    18     7     0     1   -50.0  -31.698  -53.621      0.0    999.1
     2     1    20     1    18     7     0     1   -50.0  -28.110  -54.432    969.6    874.0
     3     1    20     1    18     7     0     1   -50.0  -28.655  -58.264   1202.1    873.4
     4     1    20     1    18     7     0     1   -50.0  -27.650  -61.288   1573.6    834.9
     5     1    20     1    18     7     0     1   -50.0  -28.689  -59.405    267.0    976.1
     1     1    20     1    18     6     0     0   -51.0  -31.674  -53.537      0.0    999.5
     2     1    20     1    18     6     0     0   -51.0  -27.874  -54.375    946.5    875.9
     3     1    20     1    18     6     0     0   -51.0  -28.530  -58.100   1207.9    872.8
     4     1    20     1    18     6     0     0   -51.0  -27.470  -61.280   1568.4    835.9
     5     1    20     1    18     6     0     0   -51.0  -28.657  -59.034    280.7    975.7
     1     1    20     1    18     5     0     1   -52.0  -31.650  -53.451      0.0   1000.1
     2     1    20     1    18     5     0     1   -52.0  -27.639  -54.271    920.2    879.1
     3     1    20     1    18     5     0     1   -52.0  -28.415  -57.917   1210.3    873.9
     4     1    20     1    18     5     0     1   -52.0  -27.293  -61.262   1565.5    836.1
     5     1    20     1    18     5     0     1   -52.0  -28.640  -58.638    298.3    973.7
     1     1    20     1    18     4     0     2   -53.0  -31.624  -53.358      0.0   1000.6
     2     1    20     1    18     4     0     2   -53.0  -27.426  -54.119    915.6    877.7
     3     1    20     1    18     4     0     2   -53.0  -28.321  -57.707   1222.2    872.8
     4     1    20     1    18     4     0     2   -53.0  -27.129  -61.223   1560.6    836.8
     5     1    20     1    18     4     0     2   -53.0  -28.644  -58.210    326.9    969.0
     1     1    20     1    18     3     0     3   -54.0  -31.597  -53.258      0.0   1001.2
     2     1    20     1    18     3     0     3   -54.0  -27.249  -53.917    932.2    874.7
     3     1    20     1    18     3     0     3   -54.0  -28.251  -57.465   1236.1    870.9
     4     1    20     1    18     3     0     3   -54.0  -26.979  -61.164   1551.9    838.0
     5     1    20     1    18     3     0     3   -54.0  -28.662  -57.748    359.5    964.3
     1     1    20     1    18     2     0     2   -55.0  -31.573  -53.151      0.0   1002.1
     2     1    20     1    18     2     0     2   -55.0  -27.110  -53.701    957.9    870.5
     3     1    20     1    18     2     0     2   -55.0  -28.208  -57.204   1235.7    869.9
     4     1    20     1    18     2     0     2   -55.0  -26.848  -61.074   1535.3    839.0
     5     1    20     1    18     2     0     2   -55.0  -28.704  -57.273    372.7    961.1
     1     1    20     1    18     1     0     1   -56.0  -31.556  -53.037      0.0   1003.4
     2     1    20     1    18     1     0     1   -56.0  -27.013  -53.489    968.2    867.8
     3     1    20     1    18     1     0     1   -56.0  -28.195  -56.931   1220.5    871.9
     4     1    20     1    18     1     0     1   -56.0  -26.743  -60.942   1507.5    841.5
     5     1    20     1    18     1     0     1   -56.0  -28.785  -56.810    364.9    963.3
     1     1    20     1    18     0     0     0   -57.0  -31.546  -52.911      0.0   1005.2
     2     1    20     1    18     0     0     0   -57.0  -26.969  -53.252    941.2    867.5
     3     1    20     1    18     0     0     0   -57.0  -28.213  -56.646   1217.3    872.9
     4     1    20     1    18     0     0     0   -57.0  -26.660  -60.780   1471.7    845.1
     5     1    20     1    18     0     0     0   -57.0  -28.913  -56.358    371.4    965.1
     1     1    20     1    17    23     0     1   -58.0  -31.558  -52.782      0.0   1006.5
     2     1    20     1    17    23     0     1   -58.0  -26.975  -53.003    888.5    873.7
     3     1    20     1    17    23     0     1   -58.0  -28.244  -56.378   1246.6    868.3
     4     1    20     1    17    23     0     1   -58.0  -26.590  -60.612   1444.7    848.7
     5     1    20     1    17    23     0     1   -58.0  -29.059  -55.932    419.6    959.1
     1     1    20     1    17    22     0     2   -59.0  -31.610  -52.658      0.0   1008.1
     2     1    20     1    17    22     0     2   -59.0  -27.008  -52.790    831.8    870.1
     3     1    20     1    17    22     0     2   -59.0  -28.264  -56.146   1295.6    860.9
     4     1    20     1    17    22     0     2   -59.0  -26.524  -60.447   1436.1    849.0
     5     1    20     1    17    22     0     2   -59.0  -29.177  -55.555    494.8    941.8
     1     1    20     1    17    21     0     3   -60.0  -31.700  -52.538      0.0   1009.8
     2     1    20     1    17    21     0     3   -60.0  -27.059  -52.621    748.4    867.7
     3     1    20     1    17    21     0     3   -60.0  -28.267  -55.944   1347.9    853.8
     4     1    20     1    17    21     0     3   -60.0  -26.459  -60.276   1442.0    848.4
     5     1    20     1    17    21     0     3   -60.0  -29.266  -55.229    579.9    928.8
     1     1    20     1    17    20     0     2   -61.0  -31.814  -52.424      0.0   1012.0
     2     1    20     1    17    20     0     2   -61.0  -27.122  -52.475    657.4    876.3
     3     1    20     1    17    20     0     2   -61.0  -28.256  -55.762   1402.6    848.7
     4     1    20     1    17    20     0     2   -61.0  -26.384  -60.101   1447.6    847.7
     5     1    20     1    17    20     0     2   -61.0  -29.345  -54.925    668.4    917.2
     1     1    20     1    17    19     0     1   -62.0  -31.936  -52.322      0.0   1013.9
     2     1    20     1    17    19     0     1   -62.0  -27.175  -52.340    592.4    878.9
     3     1    20     1    17    19     0     1   -62.0  -28.232  -55.596   1464.2    842.5
     4     1    20     1    17    19     0     1   -62.0  -26.299  -59.929   1438.5    849.7
     5     1    20     1    17    19     0     1   -62.0  -29.422  -54.627    742.1    906.9
     1     1    20     1    17    18     0     0   -63.0  -32.068  -52.237      0.0   1015.6
     2     1    20     1    17    18     0     0   -63.0  -27.215  -52.218    558.3    878.9
     3     1    20     1    17    18     0     0   -63.0  -28.195  -55.448   1530.9    836.0
     4     1    20     1    17    18     0     0   -63.0  -26.222  -59.761   1406.6    853.0
     5     1    20     1    17    18     0     0   -63.0  -29.497  -54.344    792.7    902.1
     1     1    20     1    17    17     0     1   -64.0  -32.196  -52.180      0.0   1017.8
     2     1    20     1    17    17     0     1   -64.0  -27.235  -52.101    541.3    875.2
     3     1    20     1    17    17     0     1   -64.0  -28.166  -55.309   1597.2    828.6
     4     1    20     1    17    17     0     1   -64.0  -26.161  -59.590   1361.7    859.3
     5     1    20     1    17    17     0     1   -64.0  -29.567  -54.075    843.8    899.2
     1     1    20     1    17    16     0     2   -65.0  -32.312  -52.160      0.0   1019.2
     2     1    20     1    17    16     0     2   -65.0  -27.228  -51.982    520.1    872.8
     3     1    20     1    17    16     0     2   -65.0  -28.158  -55.167   1655.5    822.4
     4     1    20     1    17    16     0     2   -65.0  -26.104  -59.413   1332.9    863.6
     5     1    20     1    17    16     0     2   -65.0  -29.632  -53.815    915.7    895.5
     1     1    20     1    17    15     0     3   -66.0  -32.417  -52.179      0.0   1020.0
     2     1    20     1    17    15     0     3   -66.0  -27.194  -51.869    489.8    873.4
     3     1    20     1    17    15     0     3   -66.0  -28.170  -55.019   1707.5    817.3
     4     1    20     1    17    15     0     3   -66.0  -26.043  -59.229   1346.2    864.0
     5     1    20     1    17    15     0     3   -66.0  -29.695  -53.564   1001.2    890.7
     1     1    20     1    17    14     0     2   -67.0  -32.517  -52.235      0.0   1019.9
     2     1    20     1    17    14     0     2   -67.0  -27.138  -51.759    447.8    874.5
     3     1    20     1    17    14     0     2   -67.0  -28.200  -54.875   1755.6    809.3
     4     1    20     1    17    14     0     2   -67.0  -25.968  -59.048   1379.6    857.3
     5     1    20     1    17    14     0     2   -67.0  -29.767  -53.313   1080.6    886.1
     1     1    20     1    17    13     0     1   -68.0  -32.614  -52.316      0.0   1019.8
     2     1    20     1    17    13     0     1   -68.0  -27.069  -51.645    398.7    876.8
     3     1    20     1    17    13     0     1   -68.0  -28.245  -54.747   1803.3    801.4
     4     1    20     1    17    13     0     1   -68.0  -25.898  -58.871   1384.3    855.3
     5     1    20     1    17    13     0     1   -68.0  -29.857  -53.052   1144.7    885.8
     1     1    20     1    17    12     0     0   -69.0  -32.709  -52.408      0.0   1019.8
     2     1    20     1    17    12     0     0   -69.0  -26.985  -51.524    356.1    878.4
     3     1    20     1    17    12     0     0   -69.0  -28.307  -54.633   1852.3    793.5
     4     1    20     1    17    12     0     0   -69.0  -25.846  -58.695   1345.5    859.1
     5     1    20     1    17    12     0     0   -69.0  -29.976  -52.790   1205.4    885.5
     1     1    20     1    17    11     0     1   -70.0  -32.799  -52.508      0.0   1019.8
     2     1    20     1    17    11     0     1   -70.0  -26.893  -51.391    338.0    878.9
     3     1    20     1    17    11     0     1   -70.0  -28.391  -54.542   1891.5    785.6
     4     1    20     1    17    11     0     1   -70.0  -25.830  -58.497   1278.2    867.0
     5     1    20     1    17    11     0     1   -70.0  -30.135  -52.554   1266.1    878.0
     1     1    20     1    17    10     0     2   -71.0  -32.880  -52.615      0.0   1020.0
     2     1    20     1    17    10     0     2   -71.0  -26.799  -51.246    347.5    874.9
     3     1    20     1    17    10     0     2   -71.0  -28.501  -54.481   1905.4    781.4
     4     1    20     1    17    10     0     2   -71.0  -25.864  -58.261   1205.3    874.9
     5     1    20     1    17    10     0     2   -71.0  -30.324  -52.378   1316.7    871.1
     1     1    20     1    17     9     0     3   -72.0  -32.950  -52.726      0.0   1020.2
     2     1    20     1    17     9     0     3   -72.0  -26.702  -51.094    368.2    869.6
     3     1    20     1    17     9     0     3   -72.0  -28.634  -54.441   1884.8    780.6
     4     1    20     1    17     9     0     3   -72.0  -25.949  -57.991   1153.2    881.4
     5     1    20     1    17     9     0     3   -72.0  -30.538  -52.271   1348.2    866.6
