     5     1
    GDAS    19     7     1     0     0
    GDAS    19     7     8     0     0
    GDAS    19     7    15     0     0
    GDAS    19     7    22     0     0
    GDAS    19     7    29     0     0
     5 BACKWARD OMEGA   
    19     7    21    15  -34.572  -58.513    10.0
    19     7    21    15  -34.572  -58.513   200.0
    19     7    21    15  -34.572  -58.513   500.0
    19     7    21    15  -34.572  -58.513  1000.0
    19     7    21    15  -34.572  -58.513  2000.0
     1 PRESSURE
     1     1    19     7    21    15     0     3     0.0  -34.572  -58.513     10.0    999.6
     2     1    19     7    21    15     0     3     0.0  -34.572  -58.513    200.0    977.0
     3     1    19     7    21    15     0     3     0.0  -34.572  -58.513    500.0    943.7
     4     1    19     7    21    15     0     3     0.0  -34.572  -58.513   1000.0    890.2
     5     1    19     7    21    15     0     3     0.0  -34.572  -58.513   2000.0    791.4
     1     1    19     7    21    14     0     2    -1.0  -34.270  -58.573     15.0    997.3
     2     1    19     7    21    14     0     2    -1.0  -34.026  -58.638    211.3    972.6
     3     1    19     7    21    14     0     2    -1.0  -33.873  -58.730    527.6    937.6
     4     1    19     7    21    14     0     2    -1.0  -33.792  -58.955   1035.7    888.9
     5     1    19     7    21    14     0     2    -1.0  -33.904  -59.142   1923.3    799.6
     1     1    19     7    21    13     0     1    -2.0  -33.976  -58.598     15.9    997.0
     2     1    19     7    21    13     0     1    -2.0  -33.450  -58.693    218.0    976.3
     3     1    19     7    21    13     0     1    -2.0  -33.092  -58.880    579.9    938.6
     4     1    19     7    21    13     0     1    -2.0  -32.942  -59.377   1102.8    880.5
     5     1    19     7    21    13     0     1    -2.0  -33.192  -59.729   1869.0    805.0
     1     1    19     7    21    12     0     0    -3.0  -33.677  -58.594     17.6    996.9
     2     1    19     7    21    12     0     0    -3.0  -32.782  -58.678    266.7    972.6
     3     1    19     7    21    12     0     0    -3.0  -32.181  -58.980    665.8    926.5
     4     1    19     7    21    12     0     0    -3.0  -32.013  -59.745   1093.5    875.4
     5     1    19     7    21    12     0     0    -3.0  -32.435  -60.277   1760.1    810.8
     1     1    19     7    21    11     0     1    -4.0  -33.358  -58.569     24.5    996.9
     2     1    19     7    21    11     0     1    -4.0  -32.061  -58.605    310.6    967.1
     3     1    19     7    21    11     0     1    -4.0  -31.249  -59.028    695.9    919.1
     4     1    19     7    21    11     0     1    -4.0  -31.049  -60.006   1047.2    886.0
     5     1    19     7    21    11     0     1    -4.0  -31.624  -60.766   1676.3    821.5
     1     1    19     7    21    10     0     2    -5.0  -33.032  -58.528     39.3    996.9
     2     1    19     7    21    10     0     2    -5.0  -31.378  -58.511    331.4    962.4
     3     1    19     7    21    10     0     2    -5.0  -30.354  -59.086    742.7    916.7
     4     1    19     7    21    10     0     2    -5.0  -30.098  -60.166   1009.4    890.3
     5     1    19     7    21    10     0     2    -5.0  -30.776  -61.208   1601.0    827.4
     1     1    19     7    21     9     0     3    -6.0  -32.706  -58.474     60.1    995.7
     2     1    19     7    21     9     0     3    -6.0  -30.751  -58.417    337.1    960.9
     3     1    19     7    21     9     0     3    -6.0  -29.522  -59.097    747.0    915.4
     4     1    19     7    21     9     0     3    -6.0  -29.162  -60.274   1032.0    881.7
     5     1    19     7    21     9     0     3    -6.0  -29.915  -61.588   1585.6    824.1
     1     1    19     7    21     8     0     2    -7.0  -32.364  -58.405     81.8    993.8
     2     1    19     7    21     8     0     2    -7.0  -30.157  -58.308    330.8    961.0
     3     1    19     7    21     8     0     2    -7.0  -28.700  -59.054    715.2    917.9
     4     1    19     7    21     8     0     2    -7.0  -28.232  -60.344   1053.4    876.5
     5     1    19     7    21     8     0     2    -7.0  -29.050  -61.896   1638.1    818.2
     1     1    19     7    21     7     0     1    -8.0  -31.997  -58.319    105.9    992.2
     2     1    19     7    21     7     0     1    -8.0  -29.555  -58.179    321.6    960.4
     3     1    19     7    21     7     0     1    -8.0  -27.896  -58.949    703.8    926.4
     4     1    19     7    21     7     0     1    -8.0  -27.304  -60.340   1020.7    884.4
     5     1    19     7    21     7     0     1    -8.0  -28.156  -62.137   1668.1    815.0
     1     1    19     7    21     6     0     0    -9.0  -31.619  -58.224    127.8    990.0
     2     1    19     7    21     6     0     0    -9.0  -28.936  -58.030    316.1    961.1
     3     1    19     7    21     6     0     0    -9.0  -27.081  -58.828    743.8    915.6
     4     1    19     7    21     6     0     0    -9.0  -26.370  -60.300   1065.3    877.9
     5     1    19     7    21     6     0     0    -9.0  -27.233  -62.314   1714.7    807.5
     1     1    19     7    21     5     0     1   -10.0  -31.258  -58.139    136.2    989.8
     2     1    19     7    21     5     0     1   -10.0  -28.320  -57.841    328.3    960.5
     3     1    19     7    21     5     0     1   -10.0  -26.254  -58.692    782.3    911.3
     4     1    19     7    21     5     0     1   -10.0  -25.455  -60.235   1094.3    876.0
     5     1    19     7    21     5     0     1   -10.0  -26.336  -62.440   1774.8    799.1
     1     1    19     7    21     4     0     2   -11.0  -30.930  -58.067    132.7    990.5
     2     1    19     7    21     4     0     2   -11.0  -27.719  -57.602    348.6    959.5
     3     1    19     7    21     4     0     2   -11.0  -25.461  -58.527    804.4    909.6
     4     1    19     7    21     4     0     2   -11.0  -24.573  -60.117   1115.8    873.8
     5     1    19     7    21     4     0     2   -11.0  -25.480  -62.514   1805.9    796.8
     1     1    19     7    21     3     0     3   -12.0  -30.606  -57.990    127.6    988.8
     2     1    19     7    21     3     0     3   -12.0  -27.126  -57.312    427.4    953.6
     3     1    19     7    21     3     0     3   -12.0  -24.707  -58.336    810.3    910.9
     4     1    19     7    21     3     0     3   -12.0  -23.695  -59.982   1165.8    865.5
     5     1    19     7    21     3     0     3   -12.0  -24.646  -62.550   1853.0    791.6
     1     1    19     7    21     2     0     2   -13.0  -30.241  -57.874    126.9    985.4
     2     1    19     7    21     2     0     2   -13.0  -26.505  -57.029    631.2    928.3
     3     1    19     7    21     2     0     2   -13.0  -23.995  -58.115    835.7    908.4
     4     1    19     7    21     2     0     2   -13.0  -22.859  -59.829   1165.9    867.2
     5     1    19     7    21     2     0     2   -13.0  -23.869  -62.552   1843.3    790.7
     1     1    19     7    21     1     0     1   -14.0  -29.840  -57.703    127.3    984.2
     2     1    19     7    21     1     0     1   -14.0  -25.880  -56.842    879.3    897.1
     3     1    19     7    21     1     0     1   -14.0  -23.337  -57.910    855.2    906.9
     4     1    19     7    21     1     0     1   -14.0  -22.103  -59.679   1132.4    871.7
     5     1    19     7    21     1     0     1   -14.0  -23.117  -62.514   1769.7    797.7
     1     1    19     7    21     0     0     0   -15.0  -29.454  -57.490    125.2    984.8
     2     1    19     7    21     0     0     0   -15.0  -25.324  -56.708   1042.7    878.8
     3     1    19     7    21     0     0     0   -15.0  -22.748  -57.721    904.0    900.5
     4     1    19     7    21     0     0     0   -15.0  -21.415  -59.515   1067.8    881.1
     5     1    19     7    21     0     0     0   -15.0  -22.353  -62.454   1675.3    806.0
     1     1    19     7    20    23     0     1   -16.0  -29.110  -57.262    122.4    985.8
     2     1    19     7    20    23     0     1   -16.0  -24.843  -56.582   1128.8    869.8
     3     1    19     7    20    23     0     1   -16.0  -22.246  -57.526    947.9    889.4
     4     1    19     7    20    23     0     1   -16.0  -20.809  -59.333   1085.9    881.3
     5     1    19     7    20    23     0     1   -16.0  -21.594  -62.376   1641.6    804.7
     1     1    19     7    20    22     0     2   -17.0  -28.810  -57.044    117.9    986.9
     2     1    19     7    20    22     0     2   -17.0  -24.427  -56.469   1196.7    862.7
     3     1    19     7    20    22     0     2   -17.0  -21.819  -57.340    947.2    885.4
     4     1    19     7    20    22     0     2   -17.0  -20.296  -59.187   1156.8    874.2
     5     1    19     7    20    22     0     2   -17.0  -20.907  -62.336   1682.7    792.4
     1     1    19     7    20    21     0     3   -18.0  -28.555  -56.841    115.5    987.4
     2     1    19     7    20    21     0     3   -18.0  -24.077  -56.347   1228.9    858.6
     3     1    19     7    20    21     0     3   -18.0  -21.456  -57.177    971.6    882.2
     4     1    19     7    20    21     0     3   -18.0  -19.854  -59.079   1202.9    867.3
     5     1    19     7    20    21     0     3   -18.0  -20.272  -62.365   1728.9    781.2
     1     1    19     7    20    20     0     2   -19.0  -28.326  -56.652    120.2    986.6
     2     1    19     7    20    20     0     2   -19.0  -23.771  -56.230   1259.7    856.1
     3     1    19     7    20    20     0     2   -19.0  -21.134  -57.029   1073.2    872.8
     4     1    19     7    20    20     0     2   -19.0  -19.460  -59.002   1229.7    862.1
     5     1    19     7    20    20     0     2   -19.0  -19.668  -62.470   1794.1    777.2
     1     1    19     7    20    19     0     1   -20.0  -28.109  -56.484    133.4    984.3
     2     1    19     7    20    19     0     1   -20.0  -23.488  -56.153   1307.9    846.5
     3     1    19     7    20    19     0     1   -20.0  -20.834  -56.895   1237.7    851.8
     4     1    19     7    20    19     0     1   -20.0  -19.095  -58.958   1286.9    856.0
     5     1    19     7    20    19     0     1   -20.0  -19.086  -62.654   1884.6    773.9
     1     1    19     7    20    18     0     0   -21.0  -27.904  -56.344    152.3    981.1
     2     1    19     7    20    18     0     0   -21.0  -23.228  -56.120   1356.5    837.4
     3     1    19     7    20    18     0     0   -21.0  -20.553  -56.779   1370.7    836.2
     4     1    19     7    20    18     0     0   -21.0  -18.743  -58.950   1402.8    837.3
     5     1    19     7    20    18     0     0   -21.0  -18.528  -62.920   1977.5    768.4
     1     1    19     7    20    17     0     1   -22.0  -27.699  -56.224    171.1    978.4
     2     1    19     7    20    17     0     1   -22.0  -22.983  -56.124   1388.0    831.5
     3     1    19     7    20    17     0     1   -22.0  -20.275  -56.678   1427.8    832.9
     4     1    19     7    20    17     0     1   -22.0  -18.383  -58.959   1538.9    812.5
     5     1    19     7    20    17     0     1   -22.0  -17.997  -63.254   2105.8    738.0
     1     1    19     7    20    16     0     2   -23.0  -27.484  -56.114    185.5    976.9
     2     1    19     7    20    16     0     2   -23.0  -22.742  -56.142   1414.3    828.9
     3     1    19     7    20    16     0     2   -23.0  -19.987  -56.580   1433.0    837.6
     4     1    19     7    20    16     0     2   -23.0  -18.000  -58.972   1678.9    792.3
     5     1    19     7    20    16     0     2   -23.0  -17.550  -63.601   2266.1    710.0
     1     1    19     7    20    15     0     3   -24.0  -27.259  -56.014    193.6    976.2
     2     1    19     7    20    15     0     3   -24.0  -22.505  -56.173   1444.7    823.4
     3     1    19     7    20    15     0     3   -24.0  -19.687  -56.479   1418.3    843.9
     4     1    19     7    20    15     0     3   -24.0  -17.608  -58.986   1795.2    787.5
     5     1    19     7    20    15     0     3   -24.0  -17.198  -63.920   2383.9    719.2
     1     1    19     7    20    14     0     2   -25.0  -27.017  -55.908    198.4    974.8
     2     1    19     7    20    14     0     2   -25.0  -22.269  -56.217   1475.4    818.8
     3     1    19     7    20    14     0     2   -25.0  -19.395  -56.374   1384.6    849.8
     4     1    19     7    20    14     0     2   -25.0  -17.231  -58.983   1844.5    797.9
     5     1    19     7    20    14     0     2   -25.0  -16.894  -64.200   2445.9    736.1
     1     1    19     7    20    13     0     1   -26.0  -26.749  -55.776    221.7    971.4
     2     1    19     7    20    13     0     1   -26.0  -22.035  -56.276   1500.5    813.2
     3     1    19     7    20    13     0     1   -26.0  -19.123  -56.268   1327.4    856.5
     4     1    19     7    20    13     0     1   -26.0  -16.882  -58.957   1869.5    801.6
     5     1    19     7    20    13     0     1   -26.0  -16.616  -64.441   2459.2    739.9
     1     1    19     7    20    12     0     0   -27.0  -26.432  -55.614    282.5    962.8
     2     1    19     7    20    12     0     0   -27.0  -21.805  -56.344   1501.6    815.8
     3     1    19     7    20    12     0     0   -27.0  -18.865  -56.164   1237.4    864.9
     4     1    19     7    20    12     0     0   -27.0  -16.562  -58.917   1896.2    798.3
     5     1    19     7    20    12     0     0   -27.0  -16.376  -64.654   2487.5    740.8
     1     1    19     7    20    11     0     1   -28.0  -26.069  -55.439    351.0    950.8
     2     1    19     7    20    11     0     1   -28.0  -21.576  -56.413   1478.4    823.2
     3     1    19     7    20    11     0     1   -28.0  -18.612  -56.053   1146.1    876.4
     4     1    19     7    20    11     0     1   -28.0  -16.282  -58.858   1935.6    789.0
     5     1    19     7    20    11     0     1   -28.0  -16.176  -64.851   2540.4    738.7
     1     1    19     7    20    10     0     2   -29.0  -25.692  -55.246    402.2    942.4
     2     1    19     7    20    10     0     2   -29.0  -21.342  -56.475   1443.0    829.5
     3     1    19     7    20    10     0     2   -29.0  -18.362  -55.917   1097.0    880.2
     4     1    19     7    20    10     0     2   -29.0  -16.042  -58.774   1949.3    784.4
     5     1    19     7    20    10     0     2   -29.0  -16.008  -65.041   2614.6    733.9
     1     1    19     7    20     9     0     3   -30.0  -25.307  -55.017    439.2    936.2
     2     1    19     7    20     9     0     3   -30.0  -21.108  -56.522   1392.8    836.4
     3     1    19     7    20     9     0     3   -30.0  -18.109  -55.750   1091.3    879.2
     4     1    19     7    20     9     0     3   -30.0  -15.825  -58.660   1923.1    783.4
     5     1    19     7    20     9     0     3   -30.0  -15.860  -65.234   2683.6    725.1
     1     1    19     7    20     8     0     2   -31.0  -24.922  -54.757    503.8    926.4
     2     1    19     7    20     8     0     2   -31.0  -20.864  -56.555   1328.0    844.6
     3     1    19     7    20     8     0     2   -31.0  -17.876  -55.571   1075.0    877.2
     4     1    19     7    20     8     0     2   -31.0  -15.624  -58.521   1902.0    787.3
     5     1    19     7    20     8     0     2   -31.0  -15.719  -65.422   2738.3    720.4
     1     1    19     7    20     7     0     1   -32.0  -24.560  -54.515    571.0    911.1
     2     1    19     7    20     7     0     1   -32.0  -20.606  -56.577   1262.3    852.9
     3     1    19     7    20     7     0     1   -32.0  -17.678  -55.388   1017.8    883.3
     4     1    19     7    20     7     0     1   -32.0  -15.443  -58.366   1920.8    783.4
     5     1    19     7    20     7     0     1   -32.0  -15.586  -65.604   2789.6    716.4
     1     1    19     7    20     6     0     0   -33.0  -24.239  -54.283    562.2    911.6
     2     1    19     7    20     6     0     0   -33.0  -20.346  -56.581   1212.3    859.5
     3     1    19     7    20     6     0     0   -33.0  -17.510  -55.197    941.2    891.4
     4     1    19     7    20     6     0     0   -33.0  -15.282  -58.193   1965.6    778.7
     5     1    19     7    20     6     0     0   -33.0  -15.461  -65.785   2846.7    711.8
     1     1    19     7    20     5     0     1   -34.0  -23.966  -54.032    496.2    927.5
     2     1    19     7    20     5     0     1   -34.0  -20.093  -56.560   1198.5    863.8
     3     1    19     7    20     5     0     1   -34.0  -17.368  -55.002    872.1    899.3
     4     1    19     7    20     5     0     1   -34.0  -15.138  -58.011   2006.8    773.1
     5     1    19     7    20     5     0     1   -34.0  -15.339  -65.967   2900.4    706.6
     1     1    19     7    20     4     0     2   -35.0  -23.733  -53.765    456.4    934.9
     2     1    19     7    20     4     0     2   -35.0  -19.842  -56.527   1229.4    862.4
     3     1    19     7    20     4     0     2   -35.0  -17.266  -54.811    822.2    896.7
     4     1    19     7    20     4     0     2   -35.0  -15.010  -57.823   1996.3    772.6
     5     1    19     7    20     4     0     2   -35.0  -15.213  -66.142   2935.8    700.9
     1     1    19     7    20     3     0     3   -36.0  -23.516  -53.508    495.8    925.3
     2     1    19     7    20     3     0     3   -36.0  -19.593  -56.492   1292.9    858.4
     3     1    19     7    20     3     0     3   -36.0  -17.204  -54.627    782.9    891.8
     4     1    19     7    20     3     0     3   -36.0  -14.894  -57.628   1926.9    780.4
     5     1    19     7    20     3     0     3   -36.0  -15.080  -66.312   2967.2    698.1
     1     1    19     7    20     2     0     2   -37.0  -23.298  -53.276    584.8    911.5
     2     1    19     7    20     2     0     2   -37.0  -19.351  -56.455   1373.3    852.0
     3     1    19     7    20     2     0     2   -37.0  -17.150  -54.457    736.0    887.9
     4     1    19     7    20     2     0     2   -37.0  -14.787  -57.444   1824.1    790.9
     5     1    19     7    20     2     0     2   -37.0  -14.944  -66.476   2982.5    696.3
     1     1    19     7    20     1     0     1   -38.0  -23.063  -53.066    690.4    896.6
     2     1    19     7    20     1     0     1   -38.0  -19.121  -56.414   1459.2    845.8
     3     1    19     7    20     1     0     1   -38.0  -17.075  -54.304    686.1    886.1
     4     1    19     7    20     1     0     1   -38.0  -14.686  -57.283   1713.0    802.1
     5     1    19     7    20     1     0     1   -38.0  -14.809  -66.631   2968.7    697.3
     1     1    19     7    20     0     0     0   -39.0  -22.834  -52.878    796.2    885.4
     2     1    19     7    20     0     0     0   -39.0  -18.906  -56.370   1558.7    837.9
     3     1    19     7    20     0     0     0   -39.0  -16.973  -54.177    646.1    884.0
     4     1    19     7    20     0     0     0   -39.0  -14.593  -57.140   1625.6    811.7
     5     1    19     7    20     0     0     0   -39.0  -14.675  -66.780   2949.3    699.8
     1     1    19     7    19    23     0     1   -40.0  -22.646  -52.730    888.5    875.7
     2     1    19     7    19    23     0     1   -40.0  -18.722  -56.329   1661.7    825.4
     3     1    19     7    19    23     0     1   -40.0  -16.866  -54.068    650.3    884.1
     4     1    19     7    19    23     0     1   -40.0  -14.510  -57.012   1605.9    815.3
     5     1    19     7    19    23     0     1   -40.0  -14.531  -66.932   2952.1    700.8
     1     1    19     7    19    22     0     2   -41.0  -22.494  -52.627    948.2    868.6
     2     1    19     7    19    22     0     2   -41.0  -18.572  -56.301   1732.6    816.2
     3     1    19     7    19    22     0     2   -41.0  -16.781  -53.962    740.8    874.3
     4     1    19     7    19    22     0     2   -41.0  -14.442  -56.903   1656.0    805.9
     5     1    19     7    19    22     0     2   -41.0  -14.371  -67.090   2970.0    694.7
     1     1    19     7    19    21     0     3   -42.0  -22.354  -52.551    958.6    867.5
     2     1    19     7    19    21     0     3   -42.0  -18.450  -56.288   1734.8    813.7
     3     1    19     7    19    21     0     3   -42.0  -16.720  -53.867    898.4    857.6
     4     1    19     7    19    21     0     3   -42.0  -14.384  -56.813   1744.1    794.4
     5     1    19     7    19    21     0     3   -42.0  -14.192  -67.246   2975.8    689.4
     1     1    19     7    19    20     0     2   -43.0  -22.212  -52.476    938.1    872.9
     2     1    19     7    19    20     0     2   -43.0  -18.331  -56.281   1697.5    822.2
     3     1    19     7    19    20     0     2   -43.0  -16.662  -53.778   1046.2    840.9
     4     1    19     7    19    20     0     2   -43.0  -14.326  -56.735   1843.0    783.0
     5     1    19     7    19    20     0     2   -43.0  -14.011  -67.390   2982.2    691.8
     1     1    19     7    19    19     0     1   -44.0  -22.056  -52.390    907.6    877.5
     2     1    19     7    19    19     0     1   -44.0  -18.197  -56.279   1682.9    824.8
     3     1    19     7    19    19     0     1   -44.0  -16.590  -53.685   1143.6    835.8
     4     1    19     7    19    19     0     1   -44.0  -14.257  -56.655   1934.9    773.3
     5     1    19     7    19    19     0     1   -44.0  -13.838  -67.516   3005.4    689.4
     1     1    19     7    19    18     0     0   -45.0  -21.891  -52.298    875.9    883.0
     2     1    19     7    19    18     0     0   -45.0  -18.047  -56.283   1711.2    823.6
     3     1    19     7    19    18     0     0   -45.0  -16.507  -53.593   1229.7    831.9
     4     1    19     7    19    18     0     0   -45.0  -14.182  -56.573   2017.0    764.8
     5     1    19     7    19    18     0     0   -45.0  -13.670  -67.626   3048.3    685.7
     1     1    19     7    19    17     0     1   -46.0  -21.712  -52.201    847.6    886.3
     2     1    19     7    19    17     0     1   -46.0  -17.873  -56.294   1753.4    816.1
     3     1    19     7    19    17     0     1   -46.0  -16.408  -53.499   1298.0    825.2
     4     1    19     7    19    17     0     1   -46.0  -14.095  -56.486   2078.6    757.9
     5     1    19     7    19    17     0     1   -46.0  -13.504  -67.722   3093.9    682.0
     1     1    19     7    19    16     0     2   -47.0  -21.511  -52.099    821.3    890.1
     2     1    19     7    19    16     0     2   -47.0  -17.669  -56.303   1757.0    814.9
     3     1    19     7    19    16     0     2   -47.0  -16.288  -53.391   1321.0    826.0
     4     1    19     7    19    16     0     2   -47.0  -13.994  -56.391   2111.7    754.8
     5     1    19     7    19    16     0     2   -47.0  -13.341  -67.804   3131.2    681.0
     1     1    19     7    19    15     0     3   -48.0  -21.292  -51.989    803.4    893.1
     2     1    19     7    19    15     0     3   -48.0  -17.434  -56.309   1693.5    819.8
     3     1    19     7    19    15     0     3   -48.0  -16.143  -53.263   1299.5    831.1
     4     1    19     7    19    15     0     3   -48.0  -13.883  -56.286   2131.5    755.5
     5     1    19     7    19    15     0     3   -48.0  -13.187  -67.871   3163.8    680.8
     1     1    19     7    19    14     0     2   -49.0  -21.059  -51.870    801.5    893.2
     2     1    19     7    19    14     0     2   -49.0  -17.184  -56.298   1583.5    834.2
     3     1    19     7    19    14     0     2   -49.0  -15.982  -53.110   1247.0    840.1
     4     1    19     7    19    14     0     2   -49.0  -13.769  -56.174   2166.0    754.7
     5     1    19     7    19    14     0     2   -49.0  -13.044  -67.933   3181.3    680.4
     1     1    19     7    19    13     0     1   -50.0  -20.806  -51.745    812.2    890.0
     2     1    19     7    19    13     0     1   -50.0  -16.929  -56.260   1493.9    845.3
     3     1    19     7    19    13     0     1   -50.0  -15.810  -52.928   1190.9    847.7
     4     1    19     7    19    13     0     1   -50.0  -13.655  -56.065   2224.8    749.5
     5     1    19     7    19    13     0     1   -50.0  -12.916  -67.998   3168.1    681.7
     1     1    19     7    19    12     0     0   -51.0  -20.520  -51.615    817.1    887.8
     2     1    19     7    19    12     0     0   -51.0  -16.661  -56.199   1448.1    848.8
     3     1    19     7    19    12     0     0   -51.0  -15.620  -52.711   1152.9    854.5
     4     1    19     7    19    12     0     0   -51.0  -13.544  -55.966   2290.7    742.5
     5     1    19     7    19    12     0     0   -51.0  -12.802  -68.067   3129.7    684.9
     1     1    19     7    19    11     0     1   -52.0  -20.219  -51.460    798.8    888.4
     2     1    19     7    19    11     0     1   -52.0  -16.399  -56.113   1404.2    848.2
     3     1    19     7    19    11     0     1   -52.0  -15.433  -52.470   1139.6    857.9
     4     1    19     7    19    11     0     1   -52.0  -13.433  -55.874   2324.1    736.4
     5     1    19     7    19    11     0     1   -52.0  -12.700  -68.138   3085.4    689.1
     1     1    19     7    19    10     0     2   -53.0  -19.926  -51.270    766.3    892.9
     2     1    19     7    19    10     0     2   -53.0  -16.162  -55.994   1315.3    855.0
     3     1    19     7    19    10     0     2   -53.0  -15.260  -52.216   1131.6    859.8
     4     1    19     7    19    10     0     2   -53.0  -13.319  -55.779   2304.7    738.6
     5     1    19     7    19    10     0     2   -53.0  -12.606  -68.213   3048.3    691.5
     1     1    19     7    19     9     0     3   -54.0  -19.643  -51.053    737.5    895.4
     2     1    19     7    19     9     0     3   -54.0  -15.949  -55.831   1184.5    863.7
     3     1    19     7    19     9     0     3   -54.0  -15.089  -51.944   1096.4    864.5
     4     1    19     7    19     9     0     3   -54.0  -13.196  -55.683   2248.9    743.9
     5     1    19     7    19     9     0     3   -54.0  -12.518  -68.293   3017.9    693.2
     1     1    19     7    19     8     0     2   -55.0  -19.379  -50.808    708.7    894.3
     2     1    19     7    19     8     0     2   -55.0  -15.765  -55.632   1065.1    870.2
     3     1    19     7    19     8     0     2   -55.0  -14.944  -51.662    979.5    872.6
     4     1    19     7    19     8     0     2   -55.0  -13.077  -55.568   2191.6    751.4
     5     1    19     7    19     8     0     2   -55.0  -12.436  -68.378   2993.8    694.9
     1     1    19     7    19     7     0     1   -56.0  -19.132  -50.534    679.7    893.1
     2     1    19     7    19     7     0     1   -56.0  -15.606  -55.413    986.3    868.4
     3     1    19     7    19     7     0     1   -56.0  -14.844  -51.344    808.5    897.3
     4     1    19     7    19     7     0     1   -56.0  -12.976  -55.426   2160.3    754.1
     5     1    19     7    19     7     0     1   -56.0  -12.363  -68.467   2974.3    696.1
     1     1    19     7    19     6     0     0   -57.0  -18.903  -50.233    648.3    889.1
     2     1    19     7    19     6     0     0   -57.0  -15.464  -55.182    926.4    864.9
     3     1    19     7    19     6     0     0   -57.0  -14.743  -50.967    725.7    913.7
     4     1    19     7    19     6     0     0   -57.0  -12.887  -55.272   2137.2    755.4
     5     1    19     7    19     6     0     0   -57.0  -12.301  -68.562   2958.3    697.0
     1     1    19     7    19     5     0     1   -58.0  -18.695  -49.904    561.2    890.4
     2     1    19     7    19     5     0     1   -58.0  -15.345  -54.945    874.9    864.1
     3     1    19     7    19     5     0     1   -58.0  -14.654  -50.592    760.7    898.9
     4     1    19     7    19     5     0     1   -58.0  -12.809  -55.108   2095.9    758.9
     5     1    19     7    19     5     0     1   -58.0  -12.249  -68.659   2945.5    697.7
     1     1    19     7    19     4     0     2   -59.0  -18.516  -49.551    439.9    904.7
     2     1    19     7    19     4     0     2   -59.0  -15.255  -54.705    854.3    865.4
     3     1    19     7    19     4     0     2   -59.0  -14.604  -50.258    876.7    880.0
     4     1    19     7    19     4     0     2   -59.0  -12.743  -54.925   2031.8    766.5
     5     1    19     7    19     4     0     2   -59.0  -12.207  -68.753   2933.1    698.2
     1     1    19     7    19     3     0     3   -60.0  -18.365  -49.214    347.3    911.2
     2     1    19     7    19     3     0     3   -60.0  -15.187  -54.471    879.4    860.4
     3     1    19     7    19     3     0     3   -60.0  -14.567  -49.948   1050.4    855.9
     4     1    19     7    19     3     0     3   -60.0  -12.688  -54.728   1958.7    775.2
     5     1    19     7    19     3     0     3   -60.0  -12.173  -68.843   2915.0    699.1
     1     1    19     7    19     2     0     2   -61.0  -18.241  -48.916    279.8    914.2
     2     1    19     7    19     2     0     2   -61.0  -15.123  -54.255    866.6    850.6
     3     1    19     7    19     2     0     2   -61.0  -14.541  -49.684   1194.8    831.5
     4     1    19     7    19     2     0     2   -61.0  -12.646  -54.534   1886.5    783.2
     5     1    19     7    19     2     0     2   -61.0  -12.139  -68.936   2902.2    700.5
     1     1    19     7    19     1     0     1   -62.0  -18.147  -48.653    241.8    917.2
     2     1    19     7    19     1     0     1   -62.0  -15.052  -54.048    714.1    860.8
     3     1    19     7    19     1     0     1   -62.0  -14.543  -49.461   1274.1    822.5
     4     1    19     7    19     1     0     1   -62.0  -12.610  -54.343   1827.8    790.3
     5     1    19     7    19     1     0     1   -62.0  -12.097  -69.041   2911.4    699.1
     1     1    19     7    19     0     0     0   -63.0  -18.069  -48.406    254.4    915.6
     2     1    19     7    19     0     0     0   -63.0  -14.980  -53.835    487.4    893.9
     3     1    19     7    19     0     0     0   -63.0  -14.574  -49.270   1318.4    816.4
     4     1    19     7    19     0     0     0   -63.0  -12.573  -54.139   1801.5    794.1
     5     1    19     7    19     0     0     0   -63.0  -12.044  -69.158   2949.7    694.9
     1     1    19     7    18    23     0     1   -64.0  -17.993  -48.168    329.2    905.9
     2     1    19     7    18    23     0     1   -64.0  -14.935  -53.643    356.1    924.4
     3     1    19     7    18    23     0     1   -64.0  -14.622  -49.107   1366.6    811.0
     4     1    19     7    18    23     0     1   -64.0  -12.534  -53.933   1821.7    792.7
     5     1    19     7    18    23     0     1   -64.0  -11.984  -69.283   3002.5    687.8
     1     1    19     7    18    22     0     2   -65.0  -17.916  -47.943    436.7    889.8
     2     1    19     7    18    22     0     2   -65.0  -14.899  -53.475    356.4    922.4
     3     1    19     7    18    22     0     2   -65.0  -14.669  -48.976   1438.2    802.0
     4     1    19     7    18    22     0     2   -65.0  -12.497  -53.751   1835.7    785.7
     5     1    19     7    18    22     0     2   -65.0  -11.923  -69.414   3052.0    682.8
     1     1    19     7    18    21     0     3   -66.0  -17.843  -47.739    520.0    877.4
     2     1    19     7    18    21     0     3   -66.0  -14.860  -53.319    453.9    915.7
     3     1    19     7    18    21     0     3   -66.0  -14.700  -48.869   1526.5    790.5
     4     1    19     7    18    21     0     3   -66.0  -12.464  -53.594   1767.8    789.4
     5     1    19     7    18    21     0     3   -66.0  -11.861  -69.553   3102.2    678.0
     1     1    19     7    18    20     0     2   -67.0  -17.778  -47.555    565.8    873.6
     2     1    19     7    18    20     0     2   -67.0  -14.819  -53.165    626.4    899.1
     3     1    19     7    18    20     0     2   -67.0  -14.715  -48.770   1583.7    780.2
     4     1    19     7    18    20     0     2   -67.0  -12.431  -53.449   1661.8    805.1
     5     1    19     7    18    20     0     2   -67.0  -11.798  -69.693   3149.1    673.4
     1     1    19     7    18    19     0     1   -68.0  -17.716  -47.384    586.5    870.4
     2     1    19     7    18    19     0     1   -68.0  -14.777  -53.008    842.6    881.2
     3     1    19     7    18    19     0     1   -68.0  -14.727  -48.675   1580.9    779.4
     4     1    19     7    18    19     0     1   -68.0  -12.393  -53.304   1590.3    814.2
     5     1    19     7    18    19     0     1   -68.0  -11.734  -69.824   3182.5    670.3
     1     1    19     7    18    18     0     0   -69.0  -17.653  -47.221    575.6    870.3
     2     1    19     7    18    18     0     0   -69.0  -14.735  -52.855   1094.3    856.5
     3     1    19     7    18    18     0     0   -69.0  -14.741  -48.582   1522.4    783.6
     4     1    19     7    18    18     0     0   -69.0  -12.348  -53.159   1597.1    815.8
     5     1    19     7    18    18     0     0   -69.0  -11.669  -69.943   3197.3    668.8
     1     1    19     7    18    17     0     1   -70.0  -17.588  -47.051    552.7    874.0
     2     1    19     7    18    17     0     1   -70.0  -14.692  -52.700   1304.5    832.2
     3     1    19     7    18    17     0     1   -70.0  -14.749  -48.485   1450.6    793.4
     4     1    19     7    18    17     0     1   -70.0  -12.296  -53.003   1656.8    805.9
     5     1    19     7    18    17     0     1   -70.0  -11.605  -70.053   3205.4    669.1
     1     1    19     7    18    16     0     2   -71.0  -17.523  -46.865    543.4    876.0
     2     1    19     7    18    16     0     2   -71.0  -14.645  -52.531   1411.2    824.6
     3     1    19     7    18    16     0     2   -71.0  -14.745  -48.380   1399.3    796.9
     4     1    19     7    18    16     0     2   -71.0  -12.242  -52.826   1718.7    800.7
     5     1    19     7    18    16     0     2   -71.0  -11.543  -70.157   3220.2    667.7
     1     1    19     7    18    15     0     3   -72.0  -17.464  -46.670    546.6    877.6
     2     1    19     7    18    15     0     3   -72.0  -14.590  -52.344   1434.3    825.9
     3     1    19     7    18    15     0     3   -72.0  -14.729  -48.268   1371.3    799.0
     4     1    19     7    18    15     0     3   -72.0  -12.182  -52.623   1766.5    795.3
     5     1    19     7    18    15     0     3   -72.0  -11.483  -70.255   3235.8    666.0
