     7     1
    GDAS    19     9    29     0     0
    GDAS    19    10     1     0     0
    GDAS    19    10     8     0     0
    GDAS    19    10    15     0     0
    GDAS    19    10    22     0     0
    GDAS    19    10    29     0     0
    GDAS    19    11     1     0     0
     5 BACKWARD OMEGA   
    19    10    28     9  -34.572  -58.513    10.0
    19    10    28     9  -34.572  -58.513   200.0
    19    10    28     9  -34.572  -58.513   500.0
    19    10    28     9  -34.572  -58.513  1000.0
    19    10    28     9  -34.572  -58.513  2000.0
     1 PRESSURE
     1     1    19    10    28     9     0     3     0.0  -34.572  -58.513     10.0   1000.3
     2     1    19    10    28     9     0     3     0.0  -34.572  -58.513    200.0    979.0
     3     1    19    10    28     9     0     3     0.0  -34.572  -58.513    500.0    945.4
     4     1    19    10    28     9     0     3     0.0  -34.572  -58.513   1000.0    891.8
     5     1    19    10    28     9     0     3     0.0  -34.572  -58.513   2000.0    792.8
     1     1    19    10    28     8     0     2    -1.0  -34.552  -58.441     10.4   1000.2
     2     1    19    10    28     8     0     2    -1.0  -34.448  -58.341    207.8    977.5
     3     1    19    10    28     8     0     2    -1.0  -34.387  -58.320    505.8    943.9
     4     1    19    10    28     8     0     2    -1.0  -34.281  -58.454   1000.8    890.3
     5     1    19    10    28     8     0     2    -1.0  -34.209  -58.811   1883.6    799.8
     1     1    19    10    28     7     0     1    -2.0  -34.524  -58.356     11.2   1000.0
     2     1    19    10    28     7     0     1    -2.0  -34.311  -58.142    227.7    973.6
     3     1    19    10    28     7     0     1    -2.0  -34.235  -58.126    522.8    939.9
     4     1    19    10    28     7     0     1    -2.0  -34.011  -58.385    986.5    888.8
     5     1    19    10    28     7     0     1    -2.0  -33.811  -59.019   1707.0    821.7
     1     1    19    10    28     6     0     0    -3.0  -34.488  -58.260     12.3    999.6
     2     1    19    10    28     6     0     0    -3.0  -34.166  -57.921    258.0    967.5
     3     1    19    10    28     6     0     0    -3.0  -34.135  -57.940    538.6    935.0
     4     1    19    10    28     6     0     0    -3.0  -33.781  -58.288    936.6    893.5
     5     1    19    10    28     6     0     0    -3.0  -33.384  -59.103   1545.3    842.3
     1     1    19    10    28     5     0     1    -4.0  -34.454  -58.164     13.4    999.1
     2     1    19    10    28     5     0     1    -4.0  -34.037  -57.744    285.5    961.1
     3     1    19    10    28     5     0     1    -4.0  -34.072  -57.804    552.7    933.2
     4     1    19    10    28     5     0     1    -4.0  -33.576  -58.185    881.4    904.8
     5     1    19    10    28     5     0     1    -4.0  -32.947  -59.109   1449.6    852.7
     1     1    19    10    28     4     0     2    -5.0  -34.433  -58.084     13.7    998.8
     2     1    19    10    28     4     0     2    -5.0  -33.956  -57.660    301.8    958.5
     3     1    19    10    28     4     0     2    -5.0  -34.039  -57.763    574.1    930.6
     4     1    19    10    28     4     0     2    -5.0  -33.338  -58.088    839.2    910.0
     5     1    19    10    28     4     0     2    -5.0  -32.518  -59.109   1408.5    854.9
     1     1    19    10    28     3     0     3    -6.0  -34.432  -58.023     12.8    999.0
     2     1    19    10    28     3     0     3    -6.0  -33.931  -57.665    306.9    958.6
     3     1    19    10    28     3     0     3    -6.0  -34.035  -57.816    610.4    928.1
     4     1    19    10    28     3     0     3    -6.0  -33.056  -57.957    784.2    916.2
     5     1    19    10    28     3     0     3    -6.0  -32.116  -59.102   1417.4    855.4
     1     1    19    10    28     2     0     2    -7.0  -34.436  -57.973     11.1    999.4
     2     1    19    10    28     2     0     2    -7.0  -33.895  -57.728    302.8    960.1
     3     1    19    10    28     2     0     2    -7.0  -34.001  -57.921    635.5    922.3
     4     1    19    10    28     2     0     2    -7.0  -32.772  -57.782    746.2    924.9
     5     1    19    10    28     2     0     2    -7.0  -31.744  -59.093   1429.4    846.9
     1     1    19    10    28     1     0     1    -8.0  -34.426  -57.930      9.1    999.8
     2     1    19    10    28     1     0     1    -8.0  -33.782  -57.802    281.7    964.0
     3     1    19    10    28     1     0     1    -8.0  -33.896  -58.041    607.2    926.7
     4     1    19    10    28     1     0     1    -8.0  -32.531  -57.604    803.7    916.6
     5     1    19    10    28     1     0     1    -8.0  -31.392  -59.071   1369.9    848.9
     1     1    19    10    28     0     0     0    -9.0  -34.402  -57.894      7.0    999.7
     2     1    19    10    28     0     0     0    -9.0  -33.605  -57.877    254.1    970.7
     3     1    19    10    28     0     0     0    -9.0  -33.706  -58.137    554.1    938.5
     4     1    19    10    28     0     0     0    -9.0  -32.344  -57.442    968.4    897.5
     5     1    19    10    28     0     0     0    -9.0  -31.074  -59.035   1228.6    860.5
     1     1    19    10    27    23     0     1   -10.0  -34.376  -57.846      4.7    998.8
     2     1    19    10    27    23     0     1   -10.0  -33.428  -57.895    236.7    974.0
     3     1    19    10    27    23     0     1   -10.0  -33.498  -58.143    527.0    943.5
     4     1    19    10    27    23     0     1   -10.0  -32.170  -57.317   1139.0    865.4
     5     1    19    10    27    23     0     1   -10.0  -30.771  -58.928   1102.1    883.0
     1     1    19    10    27    22     0     2   -11.0  -34.368  -57.753      2.6    998.0
     2     1    19    10    27    22     0     2   -11.0  -33.295  -57.834    219.1    975.1
     3     1    19    10    27    22     0     2   -11.0  -33.340  -58.056    492.5    944.9
     4     1    19    10    27    22     0     2   -11.0  -31.976  -57.180   1098.7    861.1
     5     1    19    10    27    22     0     2   -11.0  -30.481  -58.790   1051.8    888.1
     1     1    19    10    27    21     0     3   -12.0  -34.382  -57.616      0.4    997.4
     2     1    19    10    27    21     0     3   -12.0  -33.175  -57.731    190.9    977.7
     3     1    19    10    27    21     0     3   -12.0  -33.227  -57.915    419.2    951.9
     4     1    19    10    27    21     0     3   -12.0  -31.799  -57.015    937.0    884.2
     5     1    19    10    27    21     0     3   -12.0  -30.201  -58.695   1032.5    887.6
     1     1    19    10    27    20     0     2   -13.0  -34.400  -57.461      0.0    998.0
     2     1    19    10    27    20     0     2   -13.0  -33.015  -57.647    175.6    983.6
     3     1    19    10    27    20     0     2   -13.0  -33.077  -57.788    378.4    964.2
     4     1    19    10    27    20     0     2   -13.0  -31.656  -56.896    737.4    905.8
     5     1    19    10    27    20     0     2   -13.0  -29.911  -58.650   1021.9    889.6
     1     1    19    10    27    19     0     1   -14.0  -34.404  -57.323      0.0    998.3
     2     1    19    10    27    19     0     1   -14.0  -32.793  -57.597    186.2    980.1
     3     1    19    10    27    19     0     1   -14.0  -32.825  -57.721    409.0    958.2
     4     1    19    10    27    19     0     1   -14.0  -31.517  -56.837    496.1    931.0
     5     1    19    10    27    19     0     1   -14.0  -29.598  -58.638   1040.8    887.4
     1     1    19    10    27    18     0     0   -15.0  -34.396  -57.211      1.3    998.3
     2     1    19    10    27    18     0     0   -15.0  -32.576  -57.551    198.0    976.4
     3     1    19    10    27    18     0     0   -15.0  -32.579  -57.691    477.0    948.7
     4     1    19    10    27    18     0     0   -15.0  -31.343  -56.794    264.3    959.9
     5     1    19    10    27    18     0     0   -15.0  -29.244  -58.674   1080.0    879.9
     1     1    19    10    27    17     0     1   -16.0  -34.378  -57.108      2.9    997.5
     2     1    19    10    27    17     0     1   -16.0  -32.378  -57.480    198.6    975.0
     3     1    19    10    27    17     0     1   -16.0  -32.370  -57.651    544.7    937.1
     4     1    19    10    27    17     0     1   -16.0  -31.154  -56.731    142.3    984.0
     5     1    19    10    27    17     0     1   -16.0  -28.855  -58.745   1113.4    875.6
     1     1    19    10    27    16     0     2   -17.0  -34.355  -56.996      3.6    996.5
     2     1    19    10    27    16     0     2   -17.0  -32.161  -57.364    201.0    974.8
     3     1    19    10    27    16     0     2   -17.0  -32.140  -57.565    568.8    935.3
     4     1    19    10    27    16     0     2   -17.0  -30.919  -56.594    141.9    973.6
     5     1    19    10    27    16     0     2   -17.0  -28.480  -58.840   1042.5    876.7
     1     1    19    10    27    15     0     3   -18.0  -34.325  -56.872      3.6    996.2
     2     1    19    10    27    15     0     3   -18.0  -31.862  -57.208    254.2    968.9
     3     1    19    10    27    15     0     3   -18.0  -31.813  -57.440    621.5    931.7
     4     1    19    10    27    15     0     3   -18.0  -30.692  -56.415    237.2    964.6
     5     1    19    10    27    15     0     3   -18.0  -28.175  -58.920    744.2    906.1
     1     1    19    10    27    14     0     2   -19.0  -34.286  -56.755      3.1    996.1
     2     1    19    10    27    14     0     2   -19.0  -31.532  -57.004    364.2    950.8
     3     1    19    10    27    14     0     2   -19.0  -31.438  -57.337    700.1    917.2
     4     1    19    10    27    14     0     2   -19.0  -30.533  -56.292    427.3    942.5
     5     1    19    10    27    14     0     2   -19.0  -27.916  -59.000    479.0    959.9
     1     1    19    10    27    13     0     1   -20.0  -34.229  -56.664      2.2    995.7
     2     1    19    10    27    13     0     1   -20.0  -31.244  -56.817    453.2    934.1
     3     1    19    10    27    13     0     1   -20.0  -31.069  -57.304    720.5    911.5
     4     1    19    10    27    13     0     1   -20.0  -30.434  -56.303    640.8    917.7
     5     1    19    10    27    13     0     1   -20.0  -27.608  -59.110    349.1    968.6
     1     1    19    10    27    12     0     0   -21.0  -34.154  -56.597      1.0    995.0
     2     1    19    10    27    12     0     0   -21.0  -31.023  -56.648    445.6    928.8
     3     1    19    10    27    12     0     0   -21.0  -30.750  -57.317    820.9    918.9
     4     1    19    10    27    12     0     0   -21.0  -30.353  -56.467    870.5    897.6
     5     1    19    10    27    12     0     0   -21.0  -27.228  -59.245    306.2    963.4
     1     1    19    10    27    11     0     1   -22.0  -34.067  -56.543      0.0    994.3
     2     1    19    10    27    11     0     1   -22.0  -30.879  -56.430    411.5    939.1
     3     1    19    10    27    11     0     1   -22.0  -30.436  -57.465   1059.4    893.2
     4     1    19    10    27    11     0     1   -22.0  -30.226  -56.743   1210.9    870.4
     5     1    19    10    27    11     0     1   -22.0  -26.790  -59.362    298.7    961.1
     1     1    19    10    27    10     0     2   -23.0  -33.979  -56.485      0.0    993.9
     2     1    19    10    27    10     0     2   -23.0  -30.737  -56.219    385.2    940.1
     3     1    19    10    27    10     0     2   -23.0  -30.113  -57.779   1396.3    850.8
     4     1    19    10    27    10     0     2   -23.0  -30.054  -57.092   1852.2    816.8
     5     1    19    10    27    10     0     2   -23.0  -26.334  -59.408    294.1    959.3
     1     1    19    10    27     9     0     3   -24.0  -33.893  -56.422      0.0    994.6
     2     1    19    10    27     9     0     3   -24.0  -30.574  -56.024    364.8    940.7
     3     1    19    10    27     9     0     3   -24.0  -29.769  -58.235   1568.0    814.8
     4     1    19    10    27     9     0     3   -24.0  -29.935  -57.522   2381.3    727.5
     5     1    19    10    27     9     0     3   -24.0  -25.895  -59.382    262.3    961.8
     1     1    19    10    27     8     0     2   -25.0  -33.824  -56.350      0.0    995.4
     2     1    19    10    27     8     0     2   -25.0  -30.379  -55.836    323.4    946.4
     3     1    19    10    27     8     0     2   -25.0  -29.296  -58.710   1469.6    831.2
     4     1    19    10    27     8     0     2   -25.0  -29.787  -58.004   2376.5    734.0
     5     1    19    10    27     8     0     2   -25.0  -25.493  -59.319    238.4    968.7
     1     1    19    10    27     7     0     1   -26.0  -33.779  -56.267      0.1    996.1
     2     1    19    10    27     7     0     1   -26.0  -30.192  -55.620    254.8    959.4
     3     1    19    10    27     7     0     1   -26.0  -28.720  -59.087   1381.4    858.8
     4     1    19    10    27     7     0     1   -26.0  -29.507  -58.468   2139.0    776.7
     5     1    19    10    27     7     0     1   -26.0  -25.071  -59.261    249.8    966.1
     1     1    19    10    27     6     0     0   -27.0  -33.759  -56.171      0.9    996.9
     2     1    19    10    27     6     0     0   -27.0  -30.057  -55.385    181.8    971.6
     3     1    19    10    27     6     0     0   -27.0  -28.118  -59.390   1370.5    853.7
     4     1    19    10    27     6     0     0   -27.0  -29.113  -58.880   2078.4    802.0
     5     1    19    10    27     6     0     0   -27.0  -24.634  -59.203    273.1    962.5
     1     1    19    10    27     5     0     1   -28.0  -33.747  -56.077      1.1    996.9
     2     1    19    10    27     5     0     1   -28.0  -29.971  -55.148    124.3    980.9
     3     1    19    10    27     5     0     1   -28.0  -27.475  -59.611   1357.6    853.1
     4     1    19    10    27     5     0     1   -28.0  -28.693  -59.268   2139.5    773.1
     5     1    19    10    27     5     0     1   -28.0  -24.185  -59.128    298.3    959.7
     1     1    19    10    27     4     0     2   -29.0  -33.724  -55.999      0.0    996.7
     2     1    19    10    27     4     0     2   -29.0  -29.896  -54.911     85.2    984.2
     3     1    19    10    27     4     0     2   -29.0  -26.824  -59.766   1369.7    851.6
     4     1    19    10    27     4     0     2   -29.0  -28.207  -59.598   2111.0    781.3
     5     1    19    10    27     4     0     2   -29.0  -23.725  -59.038    310.0    957.5
     1     1    19    10    27     3     0     3   -30.0  -33.687  -55.938      0.0    995.9
     2     1    19    10    27     3     0     3   -30.0  -29.806  -54.692     61.2    984.6
     3     1    19    10    27     3     0     3   -30.0  -26.216  -59.883   1421.1    847.8
     4     1    19    10    27     3     0     3   -30.0  -27.651  -59.870   2126.3    785.8
     5     1    19    10    27     3     0     3   -30.0  -23.266  -58.942    295.5    960.1
     1     1    19    10    27     2     0     2   -31.0  -33.624  -55.870      0.0    994.3
     2     1    19    10    27     2     0     2   -31.0  -29.727  -54.487     51.0    983.0
     3     1    19    10    27     2     0     2   -31.0  -25.655  -59.960   1420.4    839.3
     4     1    19    10    27     2     0     2   -31.0  -27.068  -60.094   2143.5    772.2
     5     1    19    10    27     2     0     2   -31.0  -22.826  -58.827    271.8    964.7
     1     1    19    10    27     1     0     1   -32.0  -33.530  -55.771      0.0    992.6
     2     1    19    10    27     1     0     1   -32.0  -29.680  -54.291     51.2    981.0
     3     1    19    10    27     1     0     1   -32.0  -25.115  -59.975   1364.5    852.1
     4     1    19    10    27     1     0     1   -32.0  -26.503  -60.240   2040.8    781.6
     5     1    19    10    27     1     0     1   -32.0  -22.422  -58.684    260.6    966.9
     1     1    19    10    27     0     0     0   -33.0  -33.411  -55.643      0.0    990.7
     2     1    19    10    27     0     0     0   -33.0  -29.662  -54.090     58.3    979.0
     3     1    19    10    27     0     0     0   -33.0  -24.600  -59.924   1315.7    854.1
     4     1    19    10    27     0     0     0   -33.0  -25.973  -60.321   1879.2    800.9
     5     1    19    10    27     0     0     0   -33.0  -22.042  -58.532    263.6    966.4
     1     1    19    10    26    23     0     1   -34.0  -33.284  -55.512      0.0    989.0
     2     1    19    10    26    23     0     1   -34.0  -29.657  -53.889     71.6    977.1
     3     1    19    10    26    23     0     1   -34.0  -24.093  -59.835   1313.4    855.3
     4     1    19    10    26    23     0     1   -34.0  -25.470  -60.352   1788.6    815.9
     5     1    19    10    26    23     0     1   -34.0  -21.690  -58.409    274.3    964.5
     1     1    19    10    26    22     0     2   -35.0  -33.160  -55.402      0.0    987.2
     2     1    19    10    26    22     0     2   -35.0  -29.648  -53.698     93.6    975.7
     3     1    19    10    26    22     0     2   -35.0  -23.613  -59.748   1280.0    847.8
     4     1    19    10    26    22     0     2   -35.0  -24.995  -60.343   1721.9    809.7
     5     1    19    10    26    22     0     2   -35.0  -21.375  -58.327    297.2    962.1
     1     1    19    10    26    21     0     3   -36.0  -33.035  -55.308      0.0    985.4
     2     1    19    10    26    21     0     3   -36.0  -29.636  -53.515    127.7    973.3
     3     1    19    10    26    21     0     3   -36.0  -23.192  -59.651   1045.5    863.1
     4     1    19    10    26    21     0     3   -36.0  -24.555  -60.323   1639.1    824.3
     5     1    19    10    26    21     0     3   -36.0  -21.098  -58.275    331.4    956.9
     1     1    19    10    26    20     0     2   -37.0  -32.905  -55.219      0.0    985.5
     2     1    19    10    26    20     0     2   -37.0  -29.611  -53.330    173.6    969.0
     3     1    19    10    26    20     0     2   -37.0  -22.814  -59.553    783.2    912.4
     4     1    19    10    26    20     0     2   -37.0  -24.126  -60.307   1701.4    823.3
     5     1    19    10    26    20     0     2   -37.0  -20.838  -58.237    374.0    953.5
     1     1    19    10    26    19     0     1   -38.0  -32.766  -55.121      0.0    986.3
     2     1    19    10    26    19     0     1   -38.0  -29.561  -53.141    233.9    962.7
     3     1    19    10    26    19     0     1   -38.0  -22.454  -59.489    640.9    928.4
     4     1    19    10    26    19     0     1   -38.0  -23.685  -60.299   1799.4    796.9
     5     1    19    10    26    19     0     1   -38.0  -20.576  -58.207    427.5    949.4
     1     1    19    10    26    18     0     0   -39.0  -32.619  -55.014      0.0    987.6
     2     1    19    10    26    18     0     0   -39.0  -29.484  -52.964    315.7    952.3
     3     1    19    10    26    18     0     0   -39.0  -22.112  -59.464    597.3    930.4
     4     1    19    10    26    18     0     0   -39.0  -23.242  -60.302   1761.3    803.9
     5     1    19    10    26    18     0     0   -39.0  -20.317  -58.190    472.0    942.7
     1     1    19    10    26    17     0     1   -40.0  -32.473  -54.905      0.4    990.8
     2     1    19    10    26    17     0     1   -40.0  -29.389  -52.806    408.7    937.1
     3     1    19    10    26    17     0     1   -40.0  -21.778  -59.453    581.0    928.5
     4     1    19    10    26    17     0     1   -40.0  -22.802  -60.305   1699.2    816.9
     5     1    19    10    26    17     0     1   -40.0  -20.074  -58.183    492.2    942.6
     1     1    19    10    26    16     0     2   -41.0  -32.333  -54.801      1.4    993.3
     2     1    19    10    26    16     0     2   -41.0  -29.282  -52.660    496.0    922.5
     3     1    19    10    26    16     0     2   -41.0  -21.452  -59.450    577.8    933.1
     4     1    19    10    26    16     0     2   -41.0  -22.369  -60.296   1699.6    817.5
     5     1    19    10    26    16     0     2   -41.0  -19.847  -58.179    513.1    942.5
     1     1    19    10    26    15     0     3   -42.0  -32.198  -54.698      2.8    995.1
     2     1    19    10    26    15     0     3   -42.0  -29.164  -52.521    575.0    908.9
     3     1    19    10    26    15     0     3   -42.0  -21.139  -59.470    664.4    929.8
     4     1    19    10    26    15     0     3   -42.0  -21.945  -60.286   1750.3    811.0
     5     1    19    10    26    15     0     3   -42.0  -19.631  -58.172    555.8    939.2
     1     1    19    10    26    14     0     2   -43.0  -32.066  -54.599      4.2    996.6
     2     1    19    10    26    14     0     2   -43.0  -29.020  -52.381    648.0    894.2
     3     1    19    10    26    14     0     2   -43.0  -20.830  -59.513    816.4    906.0
     4     1    19    10    26    14     0     2   -43.0  -21.532  -60.267   1869.5    804.5
     5     1    19    10    26    14     0     2   -43.0  -19.419  -58.182    620.8    931.9
     1     1    19    10    26    13     0     1   -44.0  -31.938  -54.507      5.2    996.9
     2     1    19    10    26    13     0     1   -44.0  -28.840  -52.234    720.7    883.0
     3     1    19    10    26    13     0     1   -44.0  -20.524  -59.582    906.4    893.9
     4     1    19    10    26    13     0     1   -44.0  -21.135  -60.218   2084.7    783.8
     5     1    19    10    26    13     0     1   -44.0  -19.205  -58.228    698.7    922.9
     1     1    19    10    26    12     0     0   -45.0  -31.814  -54.420      6.0    995.8
     2     1    19    10    26    12     0     0   -45.0  -28.633  -52.078    790.7    872.1
     3     1    19    10    26    12     0     0   -45.0  -20.223  -59.690    939.4    893.7
     4     1    19    10    26    12     0     0   -45.0  -20.771  -60.138   2279.2    758.1
     5     1    19    10    26    12     0     0   -45.0  -18.980  -58.306    788.9    911.6
     1     1    19    10    26    11     0     1   -46.0  -31.698  -54.339      6.7    993.9
     2     1    19    10    26    11     0     1   -46.0  -28.420  -51.927    849.4    860.0
     3     1    19    10    26    11     0     1   -46.0  -19.934  -59.811    991.2    890.3
     4     1    19    10    26    11     0     1   -46.0  -20.450  -60.050   2405.5    751.3
     5     1    19    10    26    11     0     1   -46.0  -18.742  -58.385    884.4    895.3
     1     1    19    10    26    10     0     2   -47.0  -31.597  -54.268      7.7    991.9
     2     1    19    10    26    10     0     2   -47.0  -28.222  -51.791    899.5    848.9
     3     1    19    10    26    10     0     2   -47.0  -19.669  -59.904   1050.1    876.2
     4     1    19    10    26    10     0     2   -47.0  -20.181  -59.973   2600.0    742.2
     5     1    19    10    26    10     0     2   -47.0  -18.511  -58.418    984.2    879.8
     1     1    19    10    26     9     0     3   -48.0  -31.509  -54.211      9.4    990.0
     2     1    19    10    26     9     0     3   -48.0  -28.036  -51.675    955.3    838.5
     3     1    19    10    26     9     0     3   -48.0  -19.419  -59.985   1017.7    871.7
     4     1    19    10    26     9     0     3   -48.0  -19.971  -59.908   2975.0    710.4
     5     1    19    10    26     9     0     3   -48.0  -18.300  -58.384   1097.6    865.2
     1     1    19    10    26     8     0     2   -49.0  -31.430  -54.157     11.8    987.8
     2     1    19    10    26     8     0     2   -49.0  -27.884  -51.593   1009.7    826.8
     3     1    19    10    26     8     0     2   -49.0  -19.170  -60.069    864.1    886.5
     4     1    19    10    26     8     0     2   -49.0  -19.809  -59.881   3369.2    660.9
     5     1    19    10    26     8     0     2   -49.0  -18.113  -58.291   1229.2    851.6
     1     1    19    10    26     7     0     1   -50.0  -31.352  -54.093     15.7    985.0
     2     1    19    10    26     7     0     1   -50.0  -27.777  -51.540   1046.1    819.6
     3     1    19    10    26     7     0     1   -50.0  -18.907  -60.150    668.9    909.1
     4     1    19    10    26     7     0     1   -50.0  -19.680  -59.885   3617.9    642.8
     5     1    19    10    26     7     0     1   -50.0  -17.958  -58.154   1382.2    838.9
     1     1    19    10    26     6     0     0   -51.0  -31.277  -54.019     21.8    981.8
     2     1    19    10    26     6     0     0   -51.0  -27.706  -51.503   1060.3    815.9
     3     1    19    10    26     6     0     0   -51.0  -18.628  -60.219    524.8    923.4
     4     1    19    10    26     6     0     0   -51.0  -19.582  -59.917   3768.3    632.7
     5     1    19    10    26     6     0     0   -51.0  -17.849  -57.976   1547.9    827.0
     1     1    19    10    26     5     0     1   -52.0  -31.209  -53.937     29.8    979.9
     2     1    19    10    26     5     0     1   -52.0  -27.654  -51.471   1067.4    815.5
     3     1    19    10    26     5     0     1   -52.0  -18.358  -60.267    435.2    927.5
     4     1    19    10    26     5     0     1   -52.0  -19.505  -59.962   3853.4    626.8
     5     1    19    10    26     5     0     1   -52.0  -17.784  -57.781   1650.0    815.1
     1     1    19    10    26     4     0     2   -53.0  -31.155  -53.849     37.7    979.2
     2     1    19    10    26     4     0     2   -53.0  -27.618  -51.447   1084.6    813.4
     3     1    19    10    26     4     0     2   -53.0  -18.125  -60.276    342.5    929.8
     4     1    19    10    26     4     0     2   -53.0  -19.437  -60.006   3889.6    625.1
     5     1    19    10    26     4     0     2   -53.0  -17.747  -57.599   1672.7    819.2
     1     1    19    10    26     3     0     3   -54.0  -31.114  -53.760     43.9    979.4
     2     1    19    10    26     3     0     3   -54.0  -27.598  -51.434   1116.4    810.4
     3     1    19    10    26     3     0     3   -54.0  -17.936  -60.232    214.3    942.4
     4     1    19    10    26     3     0     3   -54.0  -19.372  -60.044   3902.4    624.8
     5     1    19    10    26     3     0     3   -54.0  -17.741  -57.434   1686.0    822.7
     1     1    19    10    26     2     0     2   -55.0  -31.085  -53.668     47.4    980.2
     2     1    19    10    26     2     0     2   -55.0  -27.592  -51.448   1146.9    806.1
     3     1    19    10    26     2     0     2   -55.0  -17.811  -60.191    121.0    960.3
     4     1    19    10    26     2     0     2   -55.0  -19.305  -60.081   3897.9    624.2
     5     1    19    10    26     2     0     2   -55.0  -17.775  -57.276   1704.0    821.0
     1     1    19    10    26     1     0     1   -56.0  -31.068  -53.575     48.1    981.5
     2     1    19    10    26     1     0     1   -56.0  -27.592  -51.488   1159.1    805.9
     3     1    19    10    26     1     0     1   -56.0  -17.727  -60.192     81.0    961.8
     4     1    19    10    26     1     0     1   -56.0  -19.233  -60.121   3873.9    625.6
     5     1    19    10    26     1     0     1   -56.0  -17.846  -57.112   1721.1    821.3
     1     1    19    10    26     0     0     0   -57.0  -31.057  -53.477     46.1    983.2
     2     1    19    10    26     0     0     0   -57.0  -27.600  -51.547   1152.5    808.0
     3     1    19    10    26     0     0     0   -57.0  -17.678  -60.220     67.8    962.0
     4     1    19    10    26     0     0     0   -57.0  -19.152  -60.169   3833.4    628.0
     5     1    19    10    26     0     0     0   -57.0  -17.956  -56.943   1747.8    819.9
     1     1    19    10    25    23     0     1   -58.0  -31.054  -53.385     43.1    985.1
     2     1    19    10    25    23     0     1   -58.0  -27.622  -51.620   1143.5    812.3
     3     1    19    10    25    23     0     1   -58.0  -17.648  -60.245     64.1    961.1
     4     1    19    10    25    23     0     1   -58.0  -19.056  -60.246   3813.9    630.6
     5     1    19    10    25    23     0     1   -58.0  -18.071  -56.793   1806.4    815.0
     1     1    19    10    25    22     0     2   -59.0  -31.061  -53.307     40.7    986.7
     2     1    19    10    25    22     0     2   -59.0  -27.663  -51.714   1146.0    814.2
     3     1    19    10    25    22     0     2   -59.0  -17.629  -60.249     61.0    960.8
     4     1    19    10    25    22     0     2   -59.0  -18.949  -60.369   3842.6    625.1
     5     1    19    10    25    22     0     2   -59.0  -18.162  -56.681   1943.8    805.0
     1     1    19    10    25    21     0     3   -60.0  -31.079  -53.242     39.3    988.1
     2     1    19    10    25    21     0     3   -60.0  -27.722  -51.827   1148.2    816.8
     3     1    19    10    25    21     0     3   -60.0  -17.622  -60.232     59.1    960.2
     4     1    19    10    25    21     0     3   -60.0  -18.830  -60.533   3904.2    617.7
     5     1    19    10    25    21     0     3   -60.0  -18.238  -56.600   2211.6    779.9
     1     1    19    10    25    20     0     2   -61.0  -31.105  -53.191     39.8    989.5
     2     1    19    10    25    20     0     2   -61.0  -27.785  -51.945   1134.7    821.4
     3     1    19    10    25    20     0     2   -61.0  -17.602  -60.205     43.9    960.9
     4     1    19    10    25    20     0     2   -61.0  -18.698  -60.707   3980.2    609.6
     5     1    19    10    25    20     0     2   -61.0  -18.293  -56.554   2510.7    743.5
     1     1    19    10    25    19     0     1   -62.0  -31.135  -53.155     43.1    990.4
     2     1    19    10    25    19     0     1   -62.0  -27.842  -52.059   1109.7    828.6
     3     1    19    10    25    19     0     1   -62.0  -17.546  -60.176     18.5    965.3
     4     1    19    10    25    19     0     1   -62.0  -18.555  -60.867   4042.7    604.2
     5     1    19    10    25    19     0     1   -62.0  -18.310  -56.540   2723.0    723.2
     1     1    19    10    25    18     0     0   -63.0  -31.170  -53.135     50.3    990.8
     2     1    19    10    25    18     0     0   -63.0  -27.896  -52.169   1091.3    834.1
     3     1    19    10    25    18     0     0   -63.0  -17.458  -60.144      0.0    968.3
     4     1    19    10    25    18     0     0   -63.0  -18.394  -61.012   4064.7    602.3
     5     1    19    10    25    18     0     0   -63.0  -18.289  -56.556   2846.6    713.7
     1     1    19    10    25    17     0     1   -64.0  -31.206  -53.124     62.3    990.3
     2     1    19    10    25    17     0     1   -64.0  -27.944  -52.276   1096.8    837.1
     3     1    19    10    25    17     0     1   -64.0  -17.362  -60.111      0.0    970.3
     4     1    19    10    25    17     0     1   -64.0  -18.223  -61.139   4044.7    606.4
     5     1    19    10    25    17     0     1   -64.0  -18.248  -56.582   2963.5    710.0
     1     1    19    10    25    16     0     2   -65.0  -31.238  -53.114     80.6    988.8
     2     1    19    10    25    16     0     2   -65.0  -27.980  -52.381   1130.8    835.7
     3     1    19    10    25    16     0     2   -65.0  -17.280  -60.085      0.0    972.0
     4     1    19    10    25    16     0     2   -65.0  -18.056  -61.250   4024.9    610.1
     5     1    19    10    25    16     0     2   -65.0  -18.207  -56.607   3110.3    697.3
     1     1    19    10    25    15     0     3   -66.0  -31.266  -53.105    108.4    986.7
     2     1    19    10    25    15     0     3   -66.0  -28.001  -52.495   1177.6    831.8
     3     1    19    10    25    15     0     3   -66.0  -17.207  -60.065      0.0    973.6
     4     1    19    10    25    15     0     3   -66.0  -17.898  -61.344   4031.5    610.7
     5     1    19    10    25    15     0     3   -66.0  -18.166  -56.633   3261.0    683.7
     1     1    19    10    25    14     0     2   -67.0  -31.288  -53.099    145.6    983.9
     2     1    19    10    25    14     0     2   -67.0  -28.009  -52.618   1206.1    828.5
     3     1    19    10    25    14     0     2   -67.0  -17.143  -60.049      0.0    974.5
     4     1    19    10    25    14     0     2   -67.0  -17.745  -61.425   4061.2    606.9
     5     1    19    10    25    14     0     2   -67.0  -18.125  -56.669   3362.1    672.3
     1     1    19    10    25    13     0     1   -68.0  -31.303  -53.100    188.8    979.2
     2     1    19    10    25    13     0     1   -68.0  -28.014  -52.738   1207.9    831.1
     3     1    19    10    25    13     0     1   -68.0  -17.088  -60.032      0.0    975.3
     4     1    19    10    25    13     0     1   -68.0  -17.596  -61.491   4103.9    603.5
     5     1    19    10    25    13     0     1   -68.0  -18.075  -56.709   3392.6    670.8
     1     1    19    10    25    12     0     0   -69.0  -31.313  -53.109    234.9    974.2
     2     1    19    10    25    12     0     0   -69.0  -28.017  -52.847   1201.0    834.2
     3     1    19    10    25    12     0     0   -69.0  -17.044  -60.015      0.0    976.1
     4     1    19    10    25    12     0     0   -69.0  -17.453  -61.540   4162.3    599.0
     5     1    19    10    25    12     0     0   -69.0  -18.013  -56.738   3365.5    673.6
     1     1    19    10    25    11     0     1   -70.0  -31.334  -53.128    277.8    968.3
     2     1    19    10    25    11     0     1   -70.0  -28.013  -52.940   1200.4    835.5
     3     1    19    10    25    11     0     1   -70.0  -17.015  -59.998      0.0    975.7
     4     1    19    10    25    11     0     1   -70.0  -17.312  -61.572   4229.5    592.7
     5     1    19    10    25    11     0     1   -70.0  -17.941  -56.754   3347.5    679.7
     1     1    19    10    25    10     0     2   -71.0  -31.385  -53.163    314.1    963.0
     2     1    19    10    25    10     0     2   -71.0  -27.994  -53.016   1210.1    834.3
     3     1    19    10    25    10     0     2   -71.0  -17.006  -59.982      0.0    975.2
     4     1    19    10    25    10     0     2   -71.0  -17.174  -61.588   4296.4    587.0
     5     1    19    10    25    10     0     2   -71.0  -17.852  -56.772   3388.2    675.2
     1     1    19    10    25     9     0     3   -72.0  -31.468  -53.218    346.0    958.9
     2     1    19    10    25     9     0     3   -72.0  -27.961  -53.083   1225.8    832.4
     3     1    19    10    25     9     0     3   -72.0  -17.017  -59.965      0.0    974.5
     4     1    19    10    25     9     0     3   -72.0  -17.046  -61.586   4359.6    581.5
     5     1    19    10    25     9     0     3   -72.0  -17.740  -56.793   3474.3    667.0
