     9     1
    GDAS    20     1    29     0     0
    GDAS    20     2     1     0     0
    GDAS    20     2     8     0     0
    GDAS    20     2    15     0     0
    GDAS    20     2    22     0     0
    GDAS    20     2    29     0     0
    GDAS    20     3     1     0     0
    GDAS    20     3     8     0     0
    GDAS    20     3    15     0     0
     5 BACKWARD OMEGA   
    20     2    10     9  -34.572  -58.513    10.0
    20     2    10     9  -34.572  -58.513   200.0
    20     2    10     9  -34.572  -58.513   500.0
    20     2    10     9  -34.572  -58.513  1000.0
    20     2    10     9  -34.572  -58.513  2000.0
     1 PRESSURE
     1     1    20     2    10     9     0     3     0.0  -34.572  -58.513     10.0   1016.7
     2     1    20     2    10     9     0     3     0.0  -34.572  -58.513    200.0    994.6
     3     1    20     2    10     9     0     3     0.0  -34.572  -58.513    500.0    960.1
     4     1    20     2    10     9     0     3     0.0  -34.572  -58.513   1000.0    904.2
     5     1    20     2    10     9     0     3     0.0  -34.572  -58.513   2000.0    801.2
     1     1    20     2    10     8     0     2    -1.0  -34.617  -58.456     11.1   1016.7
     2     1    20     2    10     8     0     2    -1.0  -34.660  -58.376    206.0    994.5
     3     1    20     2    10     8     0     2    -1.0  -34.673  -58.343    499.5    961.3
     4     1    20     2    10     8     0     2    -1.0  -34.714  -58.397   1021.5    903.4
     5     1    20     2    10     8     0     2    -1.0  -34.739  -58.509   2005.0    801.7
     1     1    20     2    10     7     0     1    -2.0  -34.663  -58.395     12.6   1016.9
     2     1    20     2    10     7     0     1    -2.0  -34.752  -58.229    219.0    993.7
     3     1    20     2    10     7     0     1    -2.0  -34.777  -58.173    516.5    960.1
     4     1    20     2    10     7     0     1    -2.0  -34.865  -58.302   1061.5    900.2
     5     1    20     2    10     7     0     1    -2.0  -34.901  -58.507   2013.6    802.1
     1     1    20     2    10     6     0     0    -3.0  -34.714  -58.330     14.9   1017.2
     2     1    20     2    10     6     0     0    -3.0  -34.855  -58.081    241.1    992.4
     3     1    20     2    10     6     0     0    -3.0  -34.891  -58.016    554.0    957.0
     4     1    20     2    10     6     0     0    -3.0  -35.036  -58.232   1117.4    895.1
     5     1    20     2    10     6     0     0    -3.0  -35.058  -58.506   2030.4    801.3
     1     1    20     2    10     5     0     1    -4.0  -34.768  -58.254     17.9   1016.7
     2     1    20     2    10     5     0     1    -4.0  -34.973  -57.923    263.2    989.8
     3     1    20     2    10     5     0     1    -4.0  -35.015  -57.858    586.7    951.3
     4     1    20     2    10     5     0     1    -4.0  -35.221  -58.180   1166.9    887.9
     5     1    20     2    10     5     0     1    -4.0  -35.219  -58.502   2049.3    798.6
     1     1    20     2    10     4     0     2    -5.0  -34.827  -58.162     21.3   1016.3
     2     1    20     2    10     4     0     2    -5.0  -35.111  -57.745    272.9    988.5
     3     1    20     2    10     4     0     2    -5.0  -35.157  -57.676    590.9    951.2
     4     1    20     2    10     4     0     2    -5.0  -35.415  -58.137   1199.2    884.8
     5     1    20     2    10     4     0     2    -5.0  -35.394  -58.493   2061.2    797.3
     1     1    20     2    10     3     0     3    -6.0  -34.889  -58.052     24.1   1016.3
     2     1    20     2    10     3     0     3    -6.0  -35.273  -57.548    272.7    988.7
     3     1    20     2    10     3     0     3    -6.0  -35.326  -57.481    581.3    953.0
     4     1    20     2    10     3     0     3    -6.0  -35.621  -58.107   1223.9    882.5
     5     1    20     2    10     3     0     3    -6.0  -35.584  -58.477   2064.8    796.8
     1     1    20     2    10     2     0     2    -7.0  -34.965  -57.931     25.9   1016.8
     2     1    20     2    10     2     0     2    -7.0  -35.460  -57.356    274.3    989.7
     3     1    20     2    10     2     0     2    -7.0  -35.519  -57.299    582.4    954.7
     4     1    20     2    10     2     0     2    -7.0  -35.840  -58.086   1260.5    880.2
     5     1    20     2    10     2     0     2    -7.0  -35.789  -58.459   2078.5    797.3
     1     1    20     2    10     1     0     1    -8.0  -35.066  -57.805     26.9   1017.1
     2     1    20     2    10     1     0     1    -8.0  -35.666  -57.188    286.6    988.3
     3     1    20     2    10     1     0     1    -8.0  -35.725  -57.143    607.3    951.9
     4     1    20     2    10     1     0     1    -8.0  -36.072  -58.070   1326.8    873.5
     5     1    20     2    10     1     0     1    -8.0  -36.007  -58.440   2119.6    793.2
     1     1    20     2    10     0     0     0    -9.0  -35.192  -57.670     28.8   1017.1
     2     1    20     2    10     0     0     0    -9.0  -35.884  -57.051    309.0    985.6
     3     1    20     2    10     0     0     0    -9.0  -35.939  -57.017    647.3    947.0
     4     1    20     2    10     0     0     0    -9.0  -36.313  -58.062   1410.6    863.2
     5     1    20     2    10     0     0     0    -9.0  -36.238  -58.424   2187.1    786.1
     1     1    20     2     9    23     0     1   -10.0  -35.346  -57.530     29.4   1016.1
     2     1    20     2     9    23     0     1   -10.0  -36.109  -56.930    318.0    981.2
     3     1    20     2     9    23     0     1   -10.0  -36.162  -56.908    665.0    940.6
     4     1    20     2     9    23     0     1   -10.0  -36.548  -58.066   1484.9    853.9
     5     1    20     2     9    23     0     1   -10.0  -36.474  -58.431   2259.7    775.9
     1     1    20     2     9    22     0     2   -11.0  -35.524  -57.382     27.0   1016.4
     2     1    20     2     9    22     0     2   -11.0  -36.344  -56.807    300.7    984.2
     3     1    20     2     9    22     0     2   -11.0  -36.402  -56.801    648.8    944.6
     4     1    20     2     9    22     0     2   -11.0  -36.766  -58.093   1547.7    847.7
     5     1    20     2     9    22     0     2   -11.0  -36.709  -58.473   2321.6    769.2
     1     1    20     2     9    21     0     3   -12.0  -35.727  -57.213     23.0   1016.9
     2     1    20     2     9    21     0     3   -12.0  -36.590  -56.693    282.3    987.7
     3     1    20     2     9    21     0     3   -12.0  -36.660  -56.702    638.1    947.4
     4     1    20     2     9    21     0     3   -12.0  -36.972  -58.151   1615.3    840.4
     5     1    20     2     9    21     0     3   -12.0  -36.941  -58.543   2386.8    761.8
     1     1    20     2     9    20     0     2   -13.0  -35.943  -57.027     17.2   1017.8
     2     1    20     2     9    20     0     2   -13.0  -36.844  -56.601    277.2    989.2
     3     1    20     2     9    20     0     2   -13.0  -36.930  -56.620    652.3    946.5
     4     1    20     2     9    20     0     2   -13.0  -37.170  -58.223   1668.2    830.0
     5     1    20     2     9    20     0     2   -13.0  -37.172  -58.631   2448.7    752.8
     1     1    20     2     9    19     0     1   -14.0  -36.156  -56.858     12.3   1019.0
     2     1    20     2     9    19     0     1   -14.0  -37.110  -56.535    284.5    988.3
     3     1    20     2     9    19     0     1   -14.0  -37.206  -56.561    679.7    942.1
     4     1    20     2     9    19     0     1   -14.0  -37.366  -58.286   1690.3    825.8
     5     1    20     2     9    19     0     1   -14.0  -37.400  -58.733   2495.8    746.2
     1     1    20     2     9    18     0     0   -15.0  -36.365  -56.728      9.1   1019.0
     2     1    20     2     9    18     0     0   -15.0  -37.386  -56.488    295.6    986.6
     3     1    20     2     9    18     0     0   -15.0  -37.483  -56.519    708.1    939.3
     4     1    20     2     9    18     0     0   -15.0  -37.560  -58.335   1696.5    823.6
     5     1    20     2     9    18     0     0   -15.0  -37.618  -58.842   2524.7    741.5
     1     1    20     2     9    17     0     1   -16.0  -36.579  -56.642      7.6   1019.0
     2     1    20     2     9    17     0     1   -16.0  -37.665  -56.457    303.8    985.0
     3     1    20     2     9    17     0     1   -16.0  -37.759  -56.492    735.0    935.1
     4     1    20     2     9    17     0     1   -16.0  -37.765  -58.368   1706.7    820.7
     5     1    20     2     9    17     0     1   -16.0  -37.834  -58.952   2537.9    738.7
     1     1    20     2     9    16     0     2   -17.0  -36.799  -56.596      7.1   1019.1
     2     1    20     2     9    16     0     2   -17.0  -37.945  -56.447    306.7    984.2
     3     1    20     2     9    16     0     2   -17.0  -38.038  -56.482    749.4    932.3
     4     1    20     2     9    16     0     2   -17.0  -37.994  -58.384   1735.7    814.8
     5     1    20     2     9    16     0     2   -17.0  -38.059  -59.059   2543.2    737.5
     1     1    20     2     9    15     0     3   -18.0  -37.022  -56.579      7.2   1019.1
     2     1    20     2     9    15     0     3   -18.0  -38.233  -56.454    305.9    984.1
     3     1    20     2     9    15     0     3   -18.0  -38.328  -56.481    751.8    932.3
     4     1    20     2     9    15     0     3   -18.0  -38.251  -58.385   1779.6    812.7
     5     1    20     2     9    15     0     3   -18.0  -38.302  -59.161   2551.7    740.0
     1     1    20     2     9    14     0     2   -19.0  -37.252  -56.574      7.4   1019.2
     2     1    20     2     9    14     0     2   -19.0  -38.531  -56.467    304.4    984.6
     3     1    20     2     9    14     0     2   -19.0  -38.630  -56.478    752.7    932.7
     4     1    20     2     9    14     0     2   -19.0  -38.525  -58.382   1820.4    812.9
     5     1    20     2     9    14     0     2   -19.0  -38.558  -59.256   2572.9    742.3
     1     1    20     2     9    13     0     1   -20.0  -37.495  -56.567      7.4   1019.3
     2     1    20     2     9    13     0     1   -20.0  -38.836  -56.473    303.1    984.9
     3     1    20     2     9    13     0     1   -20.0  -38.941  -56.469    754.3    932.5
     4     1    20     2     9    13     0     1   -20.0  -38.803  -58.386   1850.9    813.6
     5     1    20     2     9    13     0     1   -20.0  -38.817  -59.338   2610.7    742.7
     1     1    20     2     9    12     0     0   -21.0  -37.752  -56.558      7.3   1019.4
     2     1    20     2     9    12     0     0   -21.0  -39.154  -56.475    302.7    985.1
     3     1    20     2     9    12     0     0   -21.0  -39.265  -56.458    755.3    932.4
     4     1    20     2     9    12     0     0   -21.0  -39.082  -58.392   1863.5    815.2
     5     1    20     2     9    12     0     0   -21.0  -39.081  -59.402   2660.3    741.0
     1     1    20     2     9    11     0     1   -22.0  -38.022  -56.545      7.0   1019.2
     2     1    20     2     9    11     0     1   -22.0  -39.481  -56.481    305.9    984.5
     3     1    20     2     9    11     0     1   -22.0  -39.601  -56.447    766.0    931.8
     4     1    20     2     9    11     0     1   -22.0  -39.366  -58.409   1875.5    815.5
     5     1    20     2     9    11     0     1   -22.0  -39.351  -59.471   2714.8    735.2
     1     1    20     2     9    10     0     2   -23.0  -38.305  -56.531      6.8   1018.9
     2     1    20     2     9    10     0     2   -23.0  -39.813  -56.498    320.9    982.8
     3     1    20     2     9    10     0     2   -23.0  -39.943  -56.435    803.0    927.7
     4     1    20     2     9    10     0     2   -23.0  -39.659  -58.438   1915.2    811.3
     5     1    20     2     9    10     0     2   -23.0  -39.627  -59.551   2777.1    729.2
     1     1    20     2     9     9     0     3   -24.0  -38.597  -56.517      6.8   1018.7
     2     1    20     2     9     9     0     3   -24.0  -40.145  -56.530    352.4    978.5
     3     1    20     2     9     9     0     3   -24.0  -40.285  -56.426    862.3    919.8
     4     1    20     2     9     9     0     3   -24.0  -39.953  -58.465   1994.0    803.3
     5     1    20     2     9     9     0     3   -24.0  -39.906  -59.620   2856.3    721.8
     1     1    20     2     9     8     0     2   -25.0  -38.898  -56.509      6.9   1018.9
     2     1    20     2     9     8     0     2   -25.0  -40.477  -56.566    385.6    973.2
     3     1    20     2     9     8     0     2   -25.0  -40.627  -56.413    924.4    911.6
     4     1    20     2     9     8     0     2   -25.0  -40.244  -58.498   2082.4    791.1
     5     1    20     2     9     8     0     2   -25.0  -40.190  -59.690   2939.4    712.8
     1     1    20     2     9     7     0     1   -26.0  -39.200  -56.509      7.2   1019.2
     2     1    20     2     9     7     0     1   -26.0  -40.814  -56.596    411.9    971.2
     3     1    20     2     9     7     0     1   -26.0  -40.969  -56.386    981.2    905.4
     4     1    20     2     9     7     0     1   -26.0  -40.527  -58.543   2133.4    785.5
     5     1    20     2     9     7     0     1   -26.0  -40.484  -59.769   3001.0    707.0
     1     1    20     2     9     6     0     0   -27.0  -39.497  -56.511      7.7   1019.5
     2     1    20     2     9     6     0     0   -27.0  -41.158  -56.616    444.9    968.1
     3     1    20     2     9     6     0     0   -27.0  -41.319  -56.348   1039.8    899.4
     4     1    20     2     9     6     0     0   -27.0  -40.803  -58.574   2132.4    785.0
     5     1    20     2     9     6     0     0   -27.0  -40.785  -59.836   3029.3    703.9
     1     1    20     2     9     5     0     1   -28.0  -39.789  -56.516      8.2   1019.5
     2     1    20     2     9     5     0     1   -28.0  -41.508  -56.638    481.5    962.4
     3     1    20     2     9     5     0     1   -28.0  -41.673  -56.316   1109.2    892.1
     4     1    20     2     9     5     0     1   -28.0  -41.080  -58.590   2113.3    790.5
     5     1    20     2     9     5     0     1   -28.0  -41.100  -59.895   3043.5    704.8
     1     1    20     2     9     4     0     2   -29.0  -40.081  -56.524      8.5   1019.5
     2     1    20     2     9     4     0     2   -29.0  -41.854  -56.675    515.4    958.6
     3     1    20     2     9     4     0     2   -29.0  -42.019  -56.300   1194.9    883.2
     4     1    20     2     9     4     0     2   -29.0  -41.366  -58.615   2122.5    790.0
     5     1    20     2     9     4     0     2   -29.0  -41.436  -59.973   3068.7    702.2
     1     1    20     2     9     3     0     3   -30.0  -40.377  -56.537      8.6   1019.4
     2     1    20     2     9     3     0     3   -30.0  -42.189  -56.730    549.0    954.6
     3     1    20     2     9     3     0     3   -30.0  -42.356  -56.306   1284.2    871.3
     4     1    20     2     9     3     0     3   -30.0  -41.662  -58.649   2153.7    785.5
     5     1    20     2     9     3     0     3   -30.0  -41.787  -60.072   3100.3    699.0
     1     1    20     2     9     2     0     2   -31.0  -40.671  -56.557      8.6   1019.2
     2     1    20     2     9     2     0     2   -31.0  -42.520  -56.796    575.1    951.0
     3     1    20     2     9     2     0     2   -31.0  -42.695  -56.321   1353.0    863.2
     4     1    20     2     9     2     0     2   -31.0  -41.972  -58.682   2188.4    781.7
     5     1    20     2     9     2     0     2   -31.0  -42.143  -60.183   3133.9    695.9
     1     1    20     2     9     1     0     1   -32.0  -40.961  -56.586      8.6   1019.1
     2     1    20     2     9     1     0     1   -32.0  -42.851  -56.864    587.1    950.0
     3     1    20     2     9     1     0     1   -32.0  -43.033  -56.325   1402.5    859.0
     4     1    20     2     9     1     0     1   -32.0  -42.303  -58.719   2227.3    778.7
     5     1    20     2     9     1     0     1   -32.0  -42.501  -60.304   3174.6    693.1
     1     1    20     2     9     0     0     0   -33.0  -41.249  -56.622      8.6   1019.4
     2     1    20     2     9     0     0     0   -33.0  -43.183  -56.940    593.7    950.3
     3     1    20     2     9     0     0     0   -33.0  -43.376  -56.325   1439.0    855.1
     4     1    20     2     9     0     0     0   -33.0  -42.652  -58.755   2276.4    774.1
     5     1    20     2     9     0     0     0   -33.0  -42.858  -60.426   3234.9    688.3
     1     1    20     2     8    23     0     1   -34.0  -41.534  -56.664      8.7   1019.1
     2     1    20     2     8    23     0     1   -34.0  -43.515  -57.025    605.0    949.1
     3     1    20     2     8    23     0     1   -34.0  -43.731  -56.333   1465.4    852.7
     4     1    20     2     8    23     0     1   -34.0  -43.006  -58.803   2329.5    767.9
     5     1    20     2     8    23     0     1   -34.0  -43.207  -60.558   3302.0    680.5
     1     1    20     2     8    22     0     2   -35.0  -41.814  -56.715      9.0   1018.4
     2     1    20     2     8    22     0     2   -35.0  -43.843  -57.117    621.4    946.8
     3     1    20     2     8    22     0     2   -35.0  -44.081  -56.340   1491.3    850.2
     4     1    20     2     8    22     0     2   -35.0  -43.352  -58.883   2385.7    762.6
     5     1    20     2     8    22     0     2   -35.0  -43.543  -60.705   3355.7    675.5
     1     1    20     2     8    21     0     3   -36.0  -42.089  -56.773      9.6   1017.4
     2     1    20     2     8    21     0     3   -36.0  -44.166  -57.210    637.7    944.5
     3     1    20     2     8    21     0     3   -36.0  -44.413  -56.354   1527.0    846.8
     4     1    20     2     8    21     0     3   -36.0  -43.694  -58.972   2452.6    756.1
     5     1    20     2     8    21     0     3   -36.0  -43.865  -60.851   3394.0    671.7
     1     1    20     2     8    20     0     2   -37.0  -42.356  -56.837     10.1   1017.6
     2     1    20     2     8    20     0     2   -37.0  -44.480  -57.299    650.6    943.2
     3     1    20     2     8    20     0     2   -37.0  -44.729  -56.386   1565.4    841.4
     4     1    20     2     8    20     0     2   -37.0  -44.026  -59.063   2515.9    748.8
     5     1    20     2     8    20     0     2   -37.0  -44.165  -60.986   3440.7    669.9
     1     1    20     2     8    19     0     1   -38.0  -42.613  -56.907     10.2   1017.8
     2     1    20     2     8    19     0     1   -38.0  -44.785  -57.382    662.3    942.3
     3     1    20     2     8    19     0     1   -38.0  -45.033  -56.419   1591.4    838.7
     4     1    20     2     8    19     0     1   -38.0  -44.333  -59.187   2558.9    744.8
     5     1    20     2     8    19     0     1   -38.0  -44.440  -61.113   3516.7    663.0
     1     1    20     2     8    18     0     0   -39.0  -42.863  -56.980     10.1   1018.1
     2     1    20     2     8    18     0     0   -39.0  -45.085  -57.462    676.9    940.9
     3     1    20     2     8    18     0     0   -39.0  -45.325  -56.447   1601.3    837.4
     4     1    20     2     8    18     0     0   -39.0  -44.619  -59.342   2577.3    742.9
     5     1    20     2     8    18     0     0   -39.0  -44.699  -61.225   3607.9    654.8
     1     1    20     2     8    17     0     1   -40.0  -43.109  -57.049     10.0   1018.7
     2     1    20     2     8    17     0     1   -40.0  -45.380  -57.542    690.6    938.5
     3     1    20     2     8    17     0     1   -40.0  -45.610  -56.478   1600.5    838.1
     4     1    20     2     8    17     0     1   -40.0  -44.884  -59.498   2588.3    743.6
     5     1    20     2     8    17     0     1   -40.0  -44.952  -61.310   3703.6    646.2
     1     1    20     2     8    16     0     2   -41.0  -43.350  -57.108      9.9   1019.2
     2     1    20     2     8    16     0     2   -41.0  -45.666  -57.624    698.3    937.4
     3     1    20     2     8    16     0     2   -41.0  -45.885  -56.500   1595.0    838.3
     4     1    20     2     8    16     0     2   -41.0  -45.119  -59.639   2612.3    741.1
     5     1    20     2     8    16     0     2   -41.0  -45.207  -61.363   3794.7    637.8
     1     1    20     2     8    15     0     3   -42.0  -43.585  -57.159      9.8   1019.5
     2     1    20     2     8    15     0     3   -42.0  -45.944  -57.712    700.2    937.1
     3     1    20     2     8    15     0     3   -42.0  -46.146  -56.496   1585.9    839.3
     4     1    20     2     8    15     0     3   -42.0  -45.323  -59.773   2643.5    737.5
     5     1    20     2     8    15     0     3   -42.0  -45.467  -61.395   3865.0    630.8
     1     1    20     2     8    14     0     2   -43.0  -43.815  -57.193      9.7   1019.9
     2     1    20     2     8    14     0     2   -43.0  -46.217  -57.799    710.3    937.8
     3     1    20     2     8    14     0     2   -43.0  -46.405  -56.488   1580.9    840.6
     4     1    20     2     8    14     0     2   -43.0  -45.514  -59.887   2673.6    734.7
     5     1    20     2     8    14     0     2   -43.0  -45.733  -61.403   3903.8    627.6
     1     1    20     2     8    13     0     1   -44.0  -44.042  -57.205      9.2   1020.4
     2     1    20     2     8    13     0     1   -44.0  -46.486  -57.871    743.0    934.2
     3     1    20     2     8    13     0     1   -44.0  -46.670  -56.493   1581.0    840.3
     4     1    20     2     8    13     0     1   -44.0  -45.714  -59.960   2701.2    732.6
     5     1    20     2     8    13     0     1   -44.0  -46.006  -61.372   3922.0    627.0
     1     1    20     2     8    12     0     0   -45.0  -44.270  -57.196      8.5   1020.8
     2     1    20     2     8    12     0     0   -45.0  -46.744  -57.925    797.5    928.0
     3     1    20     2     8    12     0     0   -45.0  -46.931  -56.499   1576.9    840.5
     4     1    20     2     8    12     0     0   -45.0  -45.925  -59.979   2730.8    730.0
     5     1    20     2     8    12     0     0   -45.0  -46.285  -61.299   3941.3    626.2
     1     1    20     2     8    11     0     1   -46.0  -44.503  -57.184      7.9   1019.9
     2     1    20     2     8    11     0     1   -46.0  -46.992  -57.975    847.2    919.6
     3     1    20     2     8    11     0     1   -46.0  -47.188  -56.514   1577.0    841.5
     4     1    20     2     8    11     0     1   -46.0  -46.137  -60.012   2752.5    726.8
     5     1    20     2     8    11     0     1   -46.0  -46.553  -61.236   3962.5    623.4
     1     1    20     2     8    10     0     2   -47.0  -44.740  -57.182      7.4   1019.1
     2     1    20     2     8    10     0     2   -47.0  -47.242  -58.040    867.7    917.1
     3     1    20     2     8    10     0     2   -47.0  -47.439  -56.549   1588.4    839.5
     4     1    20     2     8    10     0     2   -47.0  -46.340  -60.125   2762.7    725.9
     5     1    20     2     8    10     0     2   -47.0  -46.806  -61.222   3980.7    621.9
     1     1    20     2     8     9     0     3   -48.0  -44.973  -57.187      6.6   1018.4
     2     1    20     2     8     9     0     3   -48.0  -47.492  -58.110    867.5    917.8
     3     1    20     2     8     9     0     3   -48.0  -47.679  -56.593   1596.4    837.5
     4     1    20     2     8     9     0     3   -48.0  -46.536  -60.294   2761.8    725.7
     5     1    20     2     8     9     0     3   -48.0  -47.051  -61.252   4005.0    619.9
     1     1    20     2     8     8     0     2   -49.0  -45.200  -57.192      5.7   1018.3
     2     1    20     2     8     8     0     2   -49.0  -47.734  -58.180    867.8    919.1
     3     1    20     2     8     8     0     2   -49.0  -47.903  -56.634   1602.4    838.0
     4     1    20     2     8     8     0     2   -49.0  -46.721  -60.480   2764.6    726.9
     5     1    20     2     8     8     0     2   -49.0  -47.260  -61.308   4028.1    617.2
     1     1    20     2     8     7     0     1   -50.0  -45.426  -57.193      4.9   1018.4
     2     1    20     2     8     7     0     1   -50.0  -47.963  -58.258    878.9    917.7
     3     1    20     2     8     7     0     1   -50.0  -48.111  -56.669   1620.4    836.5
     4     1    20     2     8     7     0     1   -50.0  -46.887  -60.669   2797.6    725.0
     5     1    20     2     8     7     0     1   -50.0  -47.419  -61.386   4039.9    616.3
     1     1    20     2     8     6     0     0   -51.0  -45.650  -57.192      4.4   1018.5
     2     1    20     2     8     6     0     0   -51.0  -48.179  -58.355    898.9    915.3
     3     1    20     2     8     6     0     0   -51.0  -48.308  -56.710   1651.4    832.9
     4     1    20     2     8     6     0     0   -51.0  -47.021  -60.884   2877.5    718.2
     5     1    20     2     8     6     0     0   -51.0  -47.544  -61.498   4048.6    616.1
     1     1    20     2     8     5     0     1   -52.0  -45.867  -57.177      4.1   1018.5
     2     1    20     2     8     5     0     1   -52.0  -48.374  -58.444    917.5    912.3
     3     1    20     2     8     5     0     1   -52.0  -48.503  -56.743   1672.9    828.9
     4     1    20     2     8     5     0     1   -52.0  -47.118  -61.095   2961.2    706.6
     5     1    20     2     8     5     0     1   -52.0  -47.651  -61.623   4053.4    615.3
     1     1    20     2     8     4     0     2   -53.0  -46.074  -57.136      4.0   1018.5
     2     1    20     2     8     4     0     2   -53.0  -48.549  -58.504    926.0    911.5
     3     1    20     2     8     4     0     2   -53.0  -48.698  -56.746   1663.7    829.7
     4     1    20     2     8     4     0     2   -53.0  -47.182  -61.275   3001.6    702.6
     5     1    20     2     8     4     0     2   -53.0  -47.744  -61.727   4031.8    616.5
     1     1    20     2     8     3     0     3   -54.0  -46.268  -57.072      4.0   1018.9
     2     1    20     2     8     3     0     3   -54.0  -48.704  -58.541    923.4    912.1
     3     1    20     2     8     3     0     3   -54.0  -48.890  -56.713   1617.4    834.3
     4     1    20     2     8     3     0     3   -54.0  -47.216  -61.455   2991.3    704.1
     5     1    20     2     8     3     0     3   -54.0  -47.815  -61.807   3961.4    621.3
     1     1    20     2     8     2     0     2   -55.0  -46.453  -56.992      4.0   1019.2
     2     1    20     2     8     2     0     2   -55.0  -48.854  -58.566    919.4    913.7
     3     1    20     2     8     2     0     2   -55.0  -49.087  -56.654   1551.1    843.6
     4     1    20     2     8     2     0     2   -55.0  -47.236  -61.641   2951.7    709.9
     5     1    20     2     8     2     0     2   -55.0  -47.873  -61.858   3870.5    632.3
     1     1    20     2     8     1     0     1   -56.0  -46.636  -56.902      4.0   1019.1
     2     1    20     2     8     1     0     1   -56.0  -49.015  -58.588    925.5    913.1
     3     1    20     2     8     1     0     1   -56.0  -49.301  -56.590   1499.7    850.5
     4     1    20     2     8     1     0     1   -56.0  -47.251  -61.800   2926.5    714.0
     5     1    20     2     8     1     0     1   -56.0  -47.942  -61.866   3818.0    637.9
     1     1    20     2     8     0     0     0   -57.0  -46.820  -56.795      3.9   1018.7
     2     1    20     2     8     0     0     0   -57.0  -49.186  -58.599    940.8    911.0
     3     1    20     2     8     0     0     0   -57.0  -49.535  -56.522   1477.5    852.9
     4     1    20     2     8     0     0     0   -57.0  -47.253  -61.908   2939.5    713.9
     5     1    20     2     8     0     0     0   -57.0  -48.031  -61.828   3829.6    638.1
     1     1    20     2     7    23     0     1   -58.0  -47.006  -56.684      4.0   1019.2
     2     1    20     2     7    23     0     1   -58.0  -49.363  -58.600    959.7    908.5
     3     1    20     2     7    23     0     1   -58.0  -49.793  -56.471   1481.8    852.1
     4     1    20     2     7    23     0     1   -58.0  -47.251  -61.987   2946.9    709.0
     5     1    20     2     7    23     0     1   -58.0  -48.127  -61.817   3859.4    631.1
     1     1    20     2     7    22     0     2   -59.0  -47.193  -56.586      4.5   1019.6
     2     1    20     2     7    22     0     2   -59.0  -49.539  -58.602    983.5    906.2
     3     1    20     2     7    22     0     2   -59.0  -50.065  -56.458   1495.6    849.4
     4     1    20     2     7    22     0     2   -59.0  -47.258  -62.065   2916.8    711.7
     5     1    20     2     7    22     0     2   -59.0  -48.212  -61.882   3847.8    632.0
     1     1    20     2     7    21     0     3   -60.0  -47.377  -56.507      5.2   1020.2
     2     1    20     2     7    21     0     3   -60.0  -49.716  -58.605   1018.8    902.6
     3     1    20     2     7    21     0     3   -60.0  -50.341  -56.494   1511.7    848.3
     4     1    20     2     7    21     0     3   -60.0  -47.275  -62.142   2848.4    718.0
     5     1    20     2     7    21     0     3   -60.0  -48.289  -62.015   3787.8    636.5
     1     1    20     2     7    20     0     2   -61.0  -47.553  -56.443      6.0   1020.6
     2     1    20     2     7    20     0     2   -61.0  -49.884  -58.623   1055.6    897.4
     3     1    20     2     7    20     0     2   -61.0  -50.605  -56.584   1531.8    846.2
     4     1    20     2     7    20     0     2   -61.0  -47.294  -62.210   2797.0    728.0
     5     1    20     2     7    20     0     2   -61.0  -48.358  -62.178   3718.3    646.0
     1     1    20     2     7    19     0     1   -62.0  -47.713  -56.387      6.8   1021.0
     2     1    20     2     7    19     0     1   -62.0  -50.035  -58.684   1076.1    895.1
     3     1    20     2     7    19     0     1   -62.0  -50.842  -56.714   1548.4    844.4
     4     1    20     2     7    19     0     1   -62.0  -47.307  -62.270   2808.2    726.6
     5     1    20     2     7    19     0     1   -62.0  -48.412  -62.345   3687.6    648.9
     1     1    20     2     7    18     0     0   -63.0  -47.857  -56.341      7.8   1021.1
     2     1    20     2     7    18     0     0   -63.0  -50.171  -58.797   1077.9    895.3
     3     1    20     2     7    18     0     0   -63.0  -51.051  -56.859   1551.1    843.8
     4     1    20     2     7    18     0     0   -63.0  -47.314  -62.327   2870.5    720.5
     5     1    20     2     7    18     0     0   -63.0  -48.448  -62.522   3699.6    648.2
     1     1    20     2     7    17     0     1   -64.0  -47.987  -56.303      8.6   1022.1
     2     1    20     2     7    17     0     1   -64.0  -50.295  -58.919   1083.5    897.2
     3     1    20     2     7    17     0     1   -64.0  -51.245  -57.010   1545.0    845.5
     4     1    20     2     7    17     0     1   -64.0  -47.316  -62.396   2948.5    710.7
     5     1    20     2     7    17     0     1   -64.0  -48.457  -62.706   3741.8    643.6
     1     1    20     2     7    16     0     2   -65.0  -48.107  -56.269      9.1   1023.2
     2     1    20     2     7    16     0     2   -65.0  -50.408  -59.015   1112.4    894.0
     3     1    20     2     7    16     0     2   -65.0  -51.443  -57.166   1545.3    845.9
     4     1    20     2     7    16     0     2   -65.0  -47.315  -62.479   3019.6    705.2
     5     1    20     2     7    16     0     2   -65.0  -48.443  -62.887   3800.2    638.8
     1     1    20     2     7    15     0     3   -66.0  -48.219  -56.239      9.2   1024.2
     2     1    20     2     7    15     0     3   -66.0  -50.508  -59.095   1161.5    888.6
     3     1    20     2     7    15     0     3   -66.0  -51.653  -57.323   1553.2    844.5
     4     1    20     2     7    15     0     3   -66.0  -47.305  -62.564   3099.8    698.8
     5     1    20     2     7    15     0     3   -66.0  -48.411  -63.056   3872.7    632.8
     1     1    20     2     7    14     0     2   -67.0  -48.327  -56.218      9.1   1024.3
     2     1    20     2     7    14     0     2   -67.0  -50.600  -59.171   1215.5    881.6
     3     1    20     2     7    14     0     2   -67.0  -51.876  -57.491   1558.1    843.7
     4     1    20     2     7    14     0     2   -67.0  -47.285  -62.654   3168.2    690.7
     5     1    20     2     7    14     0     2   -67.0  -48.365  -63.214   3929.7    626.2
     1     1    20     2     7    13     0     1   -68.0  -48.435  -56.210      9.0   1024.3
     2     1    20     2     7    13     0     1   -68.0  -50.695  -59.247   1262.1    877.0
     3     1    20     2     7    13     0     1   -68.0  -52.107  -57.691   1552.7    844.8
     4     1    20     2     7    13     0     1   -68.0  -47.255  -62.757   3194.1    688.6
     5     1    20     2     7    13     0     1   -68.0  -48.306  -63.373   3947.4    625.4
     1     1    20     2     7    12     0     0   -69.0  -48.544  -56.217      8.9   1024.3
     2     1    20     2     7    12     0     0   -69.0  -50.798  -59.326   1302.1    873.1
     3     1    20     2     7    12     0     0   -69.0  -52.332  -57.935   1540.7    846.9
     4     1    20     2     7    12     0     0   -69.0  -47.221  -62.876   3169.6    690.8
     5     1    20     2     7    12     0     0   -69.0  -48.236  -63.545   3932.5    627.2
     1     1    20     2     7    11     0     1   -70.0  -48.644  -56.231      8.9   1024.0
     2     1    20     2     7    11     0     1   -70.0  -50.902  -59.420   1328.4    869.5
     3     1    20     2     7    11     0     1   -70.0  -52.537  -58.213   1532.8    848.6
     4     1    20     2     7    11     0     1   -70.0  -47.171  -62.986   3123.9    697.6
     5     1    20     2     7    11     0     1   -70.0  -48.148  -63.726   3919.9    630.7
     1     1    20     2     7    10     0     2   -71.0  -48.730  -56.244      8.6   1023.6
     2     1    20     2     7    10     0     2   -71.0  -51.001  -59.545   1331.5    869.0
     3     1    20     2     7    10     0     2   -71.0  -52.717  -58.506   1548.2    848.5
     4     1    20     2     7    10     0     2   -71.0  -47.096  -63.064   3090.6    700.6
     5     1    20     2     7    10     0     2   -71.0  -48.042  -63.905   3945.1    628.8
     1     1    20     2     7     9     0     3   -72.0  -48.801  -56.250      8.2   1023.2
     2     1    20     2     7     9     0     3   -72.0  -51.089  -59.703   1306.4    871.5
     3     1    20     2     7     9     0     3   -72.0  -52.874  -58.794   1613.4    843.2
     4     1    20     2     7     9     0     3   -72.0  -47.001  -63.099   3066.3    702.6
     5     1    20     2     7     9     0     3   -72.0  -47.919  -64.088   3999.4    623.5
