     4     1
    GDAS    19     8     8     0     0
    GDAS    19     8    15     0     0
    GDAS    19     8    22     0     0
    GDAS    19     8    29     0     0
     3 BACKWARD OMEGA   
    19     8    28    15  -34.572  -58.513    10.0
    19     8    28    15  -34.572  -58.513   200.0
    19     8    28    15  -34.572  -58.513   500.0
     1 PRESSURE
     1     1    19     8    28    15     0     3     0.0  -34.572  -58.513     10.0   1008.5
     2     1    19     8    28    15     0     3     0.0  -34.572  -58.513    200.0    987.8
     3     1    19     8    28    15     0     3     0.0  -34.572  -58.513    500.0    953.2
     1     1    19     8    28    14     0     2    -1.0  -34.364  -58.546     11.0   1009.1
     2     1    19     8    28    14     0     2    -1.0  -34.238  -58.589    216.5    985.1
     3     1    19     8    28    14     0     2    -1.0  -34.143  -58.705    519.4    951.0
     1     1    19     8    28    13     0     1    -2.0  -34.149  -58.567     12.6   1009.8
     2     1    19     8    28    13     0     1    -2.0  -33.874  -58.650    232.7    984.2
     3     1    19     8    28    13     0     1    -2.0  -33.677  -58.882    538.9    951.7
     1     1    19     8    28    12     0     0    -3.0  -33.925  -58.576     15.7   1010.2
     2     1    19     8    28    12     0     0    -3.0  -33.474  -58.696    252.3    984.2
     3     1    19     8    28    12     0     0    -3.0  -33.164  -59.049    565.4    950.5
     1     1    19     8    28    11     0     1    -4.0  -33.703  -58.569     19.9   1009.3
     2     1    19     8    28    11     0     1    -4.0  -33.044  -58.719    270.3    982.7
     3     1    19     8    28    11     0     1    -4.0  -32.628  -59.186    591.2    945.9
     1     1    19     8    28    10     0     2    -5.0  -33.496  -58.546     24.4   1008.6
     2     1    19     8    28    10     0     2    -5.0  -32.617  -58.701    283.0    981.5
     3     1    19     8    28    10     0     2    -5.0  -32.114  -59.274    609.4    942.8
     1     1    19     8    28     9     0     3    -6.0  -33.308  -58.506     29.0   1008.0
     2     1    19     8    28     9     0     3    -6.0  -32.203  -58.643    288.9    980.4
     3     1    19     8    28     9     0     3    -6.0  -31.634  -59.318    620.0    939.4
     1     1    19     8    28     8     0     2    -7.0  -33.129  -58.451     33.5   1008.5
     2     1    19     8    28     8     0     2    -7.0  -31.806  -58.538    292.0    980.5
     3     1    19     8    28     8     0     2    -7.0  -31.187  -59.314    631.1    938.3
     1     1    19     8    28     7     0     1    -8.0  -32.953  -58.380     37.4   1009.3
     2     1    19     8    28     7     0     1    -8.0  -31.423  -58.385    302.0    979.1
     3     1    19     8    28     7     0     1    -8.0  -30.774  -59.268    651.3    936.9
     1     1    19     8    28     6     0     0    -9.0  -32.784  -58.295     41.3   1009.7
     2     1    19     8    28     6     0     0    -9.0  -31.062  -58.198    321.9    978.0
     3     1    19     8    28     6     0     0    -9.0  -30.401  -59.187    667.4    936.5
     1     1    19     8    28     5     0     1   -10.0  -32.618  -58.190     47.1   1009.5
     2     1    19     8    28     5     0     1   -10.0  -30.721  -57.966    347.7    974.1
     3     1    19     8    28     5     0     1   -10.0  -30.062  -59.062    673.8    939.6
     1     1    19     8    28     4     0     2   -11.0  -32.452  -58.059     56.7   1009.2
     2     1    19     8    28     4     0     2   -11.0  -30.397  -57.674    372.0    966.9
     3     1    19     8    28     4     0     2   -11.0  -29.759  -58.895    695.4    937.2
     1     1    19     8    28     3     0     3   -12.0  -32.278  -57.898     71.6   1007.5
     2     1    19     8    28     3     0     3   -12.0  -30.102  -57.321    384.8    963.1
     3     1    19     8    28     3     0     3   -12.0  -29.497  -58.708    752.1    928.0
     1     1    19     8    28     2     0     2   -13.0  -32.101  -57.701     95.2   1002.2
     2     1    19     8    28     2     0     2   -13.0  -29.867  -56.924    396.0    964.2
     3     1    19     8    28     2     0     2   -13.0  -29.280  -58.525    820.4    916.8
     1     1    19     8    28     1     0     1   -14.0  -31.927  -57.459    133.4    994.3
     2     1    19     8    28     1     0     1   -14.0  -29.712  -56.525    420.5    959.4
     3     1    19     8    28     1     0     1   -14.0  -29.101  -58.359    874.6    910.6
     1     1    19     8    28     0     0     0   -15.0  -31.758  -57.150    195.3    983.8
     2     1    19     8    28     0     0     0   -15.0  -29.623  -56.130    442.2    954.1
     3     1    19     8    28     0     0     0   -15.0  -28.958  -58.210    915.3    906.8
     1     1    19     8    27    23     0     1   -16.0  -31.610  -56.807    265.0    969.5
     2     1    19     8    27    23     0     1   -16.0  -29.579  -55.754    453.7    952.2
     3     1    19     8    27    23     0     1   -16.0  -28.840  -58.077    948.0    903.6
     1     1    19     8    27    22     0     2   -17.0  -31.507  -56.491    320.4    961.4
     2     1    19     8    27    22     0     2   -17.0  -29.565  -55.418    467.8    949.0
     3     1    19     8    27    22     0     2   -17.0  -28.739  -57.956    976.8    899.7
     1     1    19     8    27    21     0     3   -18.0  -31.455  -56.204    375.2    954.4
     2     1    19     8    27    21     0     3   -18.0  -29.583  -55.126    488.9    945.4
     3     1    19     8    27    21     0     3   -18.0  -28.650  -57.842   1001.7    896.8
     1     1    19     8    27    20     0     2   -19.0  -31.428  -55.942    435.3    945.7
     2     1    19     8    27    20     0     2   -19.0  -29.616  -54.876    518.5    941.8
     3     1    19     8    27    20     0     2   -19.0  -28.572  -57.733   1027.8    894.9
     1     1    19     8    27    19     0     1   -20.0  -31.396  -55.709    487.2    940.6
     2     1    19     8    27    19     0     1   -20.0  -29.647  -54.664    549.6    937.5
     3     1    19     8    27    19     0     1   -20.0  -28.503  -57.629   1055.5    892.1
     1     1    19     8    27    18     0     0   -21.0  -31.361  -55.506    525.2    938.9
     2     1    19     8    27    18     0     0   -21.0  -29.674  -54.488    567.8    934.7
     3     1    19     8    27    18     0     0   -21.0  -28.442  -57.535   1079.0    889.9
     1     1    19     8    27    17     0     1   -22.0  -31.338  -55.320    546.9    937.8
     2     1    19     8    27    17     0     1   -22.0  -29.708  -54.333    572.9    935.7
     3     1    19     8    27    17     0     1   -22.0  -28.391  -57.450   1101.1    888.7
     1     1    19     8    27    16     0     2   -23.0  -31.341  -55.139    547.2    940.1
     2     1    19     8    27    16     0     2   -23.0  -29.757  -54.187    577.0    937.0
     3     1    19     8    27    16     0     2   -23.0  -28.353  -57.376   1126.3    886.4
     1     1    19     8    27    15     0     3   -24.0  -31.371  -54.964    533.6    943.3
     2     1    19     8    27    15     0     3   -24.0  -29.820  -54.046    584.8    938.7
     3     1    19     8    27    15     0     3   -24.0  -28.326  -57.315   1150.7    884.2
     1     1    19     8    27    14     0     2   -25.0  -31.429  -54.804    518.9    943.8
     2     1    19     8    27    14     0     2   -25.0  -29.876  -53.900    595.2    940.2
     3     1    19     8    27    14     0     2   -25.0  -28.304  -57.266   1176.2    881.9
     1     1    19     8    27    13     0     1   -26.0  -31.515  -54.664    510.8    943.6
     2     1    19     8    27    13     0     1   -26.0  -29.910  -53.745    600.7    942.1
     3     1    19     8    27    13     0     1   -26.0  -28.279  -57.236   1209.3    878.7
     1     1    19     8    27    12     0     0   -27.0  -31.626  -54.546    509.9    943.7
     2     1    19     8    27    12     0     0   -27.0  -29.921  -53.583    595.7    944.2
     3     1    19     8    27    12     0     0   -27.0  -28.250  -57.227   1253.3    874.4
     1     1    19     8    27    11     0     1   -28.0  -31.731  -54.456    516.2    942.6
     2     1    19     8    27    11     0     1   -28.0  -29.908  -53.433    587.1    946.0
     3     1    19     8    27    11     0     1   -28.0  -28.214  -57.249   1292.4    867.9
     1     1    19     8    27    10     0     2   -29.0  -31.799  -54.403    522.7    941.2
     2     1    19     8    27    10     0     2   -29.0  -29.874  -53.318    580.5    945.1
     3     1    19     8    27    10     0     2   -29.0  -28.168  -57.304   1311.4    865.0
     1     1    19     8    27     9     0     3   -30.0  -31.831  -54.387    522.5    940.4
     2     1    19     8    27     9     0     3   -30.0  -29.820  -53.241    569.8    943.5
     3     1    19     8    27     9     0     3   -30.0  -28.109  -57.387   1311.6    864.0
     1     1    19     8    27     8     0     2   -31.0  -31.830  -54.380    523.7    941.2
     2     1    19     8    27     8     0     2   -31.0  -29.752  -53.168    562.4    943.1
     3     1    19     8    27     8     0     2   -31.0  -28.032  -57.492   1305.0    866.0
     1     1    19     8    27     7     0     1   -32.0  -31.801  -54.361    535.0    939.4
     2     1    19     8    27     7     0     1   -32.0  -29.666  -53.078    570.5    939.5
     3     1    19     8    27     7     0     1   -32.0  -27.927  -57.611   1306.4    866.0
     1     1    19     8    27     6     0     0   -33.0  -31.745  -54.331    556.7    936.1
     2     1    19     8    27     6     0     0   -33.0  -29.558  -52.990    599.6    932.7
     3     1    19     8    27     6     0     0   -33.0  -27.799  -57.734   1320.8    864.8
     1     1    19     8    27     5     0     1   -34.0  -31.673  -54.296    591.4    931.3
     2     1    19     8    27     5     0     1   -34.0  -29.440  -52.915    647.4    921.3
     3     1    19     8    27     5     0     1   -34.0  -27.652  -57.846   1345.7    861.3
     1     1    19     8    27     4     0     2   -35.0  -31.596  -54.260    643.1    924.4
     2     1    19     8    27     4     0     2   -35.0  -29.332  -52.847    702.2    909.2
     3     1    19     8    27     4     0     2   -35.0  -27.491  -57.936   1372.1    858.0
     1     1    19     8    27     3     0     3   -36.0  -31.519  -54.215    715.9    914.4
     2     1    19     8    27     3     0     3   -36.0  -29.229  -52.782    754.8    898.0
     3     1    19     8    27     3     0     3   -36.0  -27.310  -58.011   1395.1    855.1
     1     1    19     8    27     2     0     2   -37.0  -31.447  -54.169    806.6    902.1
     2     1    19     8    27     2     0     2   -37.0  -29.123  -52.753    767.3    888.4
     3     1    19     8    27     2     0     2   -37.0  -27.110  -58.075   1417.8    853.2
     1     1    19     8    27     1     0     1   -38.0  -31.383  -54.140    907.0    890.4
     2     1    19     8    27     1     0     1   -38.0  -29.023  -52.771    699.2    890.7
     3     1    19     8    27     1     0     1   -38.0  -26.902  -58.125   1447.7    850.4
     1     1    19     8    27     0     0     0   -39.0  -31.334  -54.137   1018.6    877.6
     2     1    19     8    27     0     0     0   -39.0  -28.939  -52.811    572.3    905.4
     3     1    19     8    27     0     0     0   -39.0  -26.696  -58.156   1478.6    846.3
     1     1    19     8    26    23     0     1   -40.0  -31.307  -54.181   1110.9    864.2
     2     1    19     8    26    23     0     1   -40.0  -28.853  -52.831    460.0    921.9
     3     1    19     8    26    23     0     1   -40.0  -26.495  -58.182   1489.5    843.9
     1     1    19     8    26    22     0     2   -41.0  -31.289  -54.273   1148.0    860.7
     2     1    19     8    26    22     0     2   -41.0  -28.725  -52.816    398.3    926.7
     3     1    19     8    26    22     0     2   -41.0  -26.280  -58.211   1471.1    845.7
     1     1    19     8    26    21     0     3   -42.0  -31.275  -54.407   1131.9    863.9
     2     1    19     8    26    21     0     3   -42.0  -28.557  -52.786    375.7    926.3
     3     1    19     8    26    21     0     3   -42.0  -26.032  -58.230   1427.5    850.1
     1     1    19     8    26    20     0     2   -43.0  -31.253  -54.574   1098.6    872.4
     2     1    19     8    26    20     0     2   -43.0  -28.391  -52.757    383.3    923.6
     3     1    19     8    26    20     0     2   -43.0  -25.767  -58.253   1325.3    857.2
     1     1    19     8    26    19     0     1   -44.0  -31.215  -54.775   1061.5    877.9
     2     1    19     8    26    19     0     1   -44.0  -28.261  -52.724    416.4    918.2
     3     1    19     8    26    19     0     1   -44.0  -25.490  -58.282   1145.5    877.7
     1     1    19     8    26    18     0     0   -45.0  -31.166  -55.017    997.5    886.6
     2     1    19     8    26    18     0     0   -45.0  -28.162  -52.682    470.0    910.7
     3     1    19     8    26    18     0     0   -45.0  -25.175  -58.297    940.8    901.8
     1     1    19     8    26    17     0     1   -46.0  -31.107  -55.223    972.1    895.5
     2     1    19     8    26    17     0     1   -46.0  -28.074  -52.653    528.4    902.5
     3     1    19     8    26    17     0     1   -46.0  -24.837  -58.269    920.3    922.4
     1     1    19     8    26    16     0     2   -47.0  -31.029  -55.353   1028.1    884.8
     2     1    19     8    26    16     0     2   -47.0  -27.980  -52.656    582.5    897.4
     3     1    19     8    26    16     0     2   -47.0  -24.541  -58.318   1276.1    879.6
     1     1    19     8    26    15     0     3   -48.0  -30.934  -55.428   1131.5    871.7
     2     1    19     8    26    15     0     3   -48.0  -27.880  -52.703    640.8    892.5
     3     1    19     8    26    15     0     3   -48.0  -24.279  -58.475   1761.4    819.8
     1     1    19     8    26    14     0     2   -49.0  -30.818  -55.450   1180.9    859.7
     2     1    19     8    26    14     0     2   -49.0  -27.737  -52.794    709.0    886.6
     3     1    19     8    26    14     0     2   -49.0  -23.989  -58.723   1951.0    776.5
     1     1    19     8    26    13     0     1   -50.0  -30.683  -55.414   1089.1    871.5
     2     1    19     8    26    13     0     1   -50.0  -27.511  -52.916    769.4    881.8
     3     1    19     8    26    13     0     1   -50.0  -23.641  -58.988   1797.7    806.9
     1     1    19     8    26    12     0     0   -51.0  -30.542  -55.359    862.5    898.4
     2     1    19     8    26    12     0     0   -51.0  -27.179  -53.039    757.1    883.0
     3     1    19     8    26    12     0     0   -51.0  -23.251  -59.206   1573.9    836.8
     1     1    19     8    26    11     0     1   -52.0  -30.367  -55.312    649.9    936.7
     2     1    19     8    26    11     0     1   -52.0  -26.762  -53.065    701.5    892.8
     3     1    19     8    26    11     0     1   -52.0  -22.828  -59.372   1438.6    856.9
     1     1    19     8    26    10     0     2   -53.0  -30.185  -55.276    518.1    947.6
     2     1    19     8    26    10     0     2   -53.0  -26.332  -53.016    680.6    885.7
     3     1    19     8    26    10     0     2   -53.0  -22.376  -59.503   1388.3    852.0
     1     1    19     8    26     9     0     3   -54.0  -30.061  -55.170    420.2    958.8
     2     1    19     8    26     9     0     3   -54.0  -25.932  -52.928    679.7    873.9
     3     1    19     8    26     9     0     3   -54.0  -21.901  -59.586   1279.0    855.4
     1     1    19     8    26     8     0     2   -55.0  -30.017  -55.010    341.2    968.4
     2     1    19     8    26     8     0     2   -55.0  -25.551  -52.818    700.5    866.5
     3     1    19     8    26     8     0     2   -55.0  -21.425  -59.614   1115.3    876.6
     1     1    19     8    26     7     0     1   -56.0  -30.040  -54.842    290.4    976.5
     2     1    19     8    26     7     0     1   -56.0  -25.168  -52.702    757.3    854.7
     3     1    19     8    26     7     0     1   -56.0  -20.972  -59.606    979.4    895.2
     1     1    19     8    26     6     0     0   -57.0  -30.074  -54.677    274.3    976.5
     2     1    19     8    26     6     0     0   -57.0  -24.794  -52.571    820.9    851.1
     3     1    19     8    26     6     0     0   -57.0  -20.536  -59.564    919.7    903.1
     1     1    19     8    26     5     0     1   -58.0  -30.063  -54.490    266.5    975.6
     2     1    19     8    26     5     0     1   -58.0  -24.454  -52.401    853.3    859.1
     3     1    19     8    26     5     0     1   -58.0  -20.091  -59.479    905.0    900.8
     1     1    19     8    26     4     0     2   -59.0  -29.992  -54.247    255.1    978.0
     2     1    19     8    26     4     0     2   -59.0  -24.167  -52.181    829.2    871.5
     3     1    19     8    26     4     0     2   -59.0  -19.649  -59.374    905.2    899.2
     1     1    19     8    26     3     0     3   -60.0  -29.885  -53.963    256.0    974.9
     2     1    19     8    26     3     0     3   -60.0  -23.936  -51.904    748.6    885.1
     3     1    19     8    26     3     0     3   -60.0  -19.239  -59.264    976.3    892.7
     1     1    19     8    26     2     0     2   -61.0  -29.742  -53.661    281.2    968.9
     2     1    19     8    26     2     0     2   -61.0  -23.747  -51.580    681.6    889.9
     3     1    19     8    26     2     0     2   -61.0  -18.875  -59.146   1072.9    867.2
     1     1    19     8    26     1     0     1   -62.0  -29.556  -53.345    342.8    958.4
     2     1    19     8    26     1     0     1   -62.0  -23.583  -51.240    667.3    883.0
     3     1    19     8    26     1     0     1   -62.0  -18.549  -59.031   1142.3    858.0
     1     1    19     8    26     0     0     0   -63.0  -29.308  -53.031    448.0    938.3
     2     1    19     8    26     0     0     0   -63.0  -23.444  -50.871    649.3    883.3
     3     1    19     8    26     0     0     0   -63.0  -18.261  -58.904   1327.2    843.5
     1     1    19     8    25    23     0     1   -64.0  -29.008  -52.787    558.3    908.9
     2     1    19     8    25    23     0     1   -64.0  -23.354  -50.494    610.4    890.4
     3     1    19     8    25    23     0     1   -64.0  -17.993  -58.784   1621.0    804.3
     1     1    19     8    25    22     0     2   -65.0  -28.726  -52.608    629.2    894.2
     2     1    19     8    25    22     0     2   -65.0  -23.323  -50.141    545.6    895.8
     3     1    19     8    25    22     0     2   -65.0  -17.744  -58.680   1878.1    778.1
     1     1    19     8    25    21     0     3   -66.0  -28.504  -52.437    641.6    889.5
     2     1    19     8    25    21     0     3   -66.0  -23.342  -49.814    459.3    901.5
     3     1    19     8    25    21     0     3   -66.0  -17.513  -58.572   2029.6    776.7
     1     1    19     8    25    20     0     2   -67.0  -28.319  -52.269    615.8    891.0
     2     1    19     8    25    20     0     2   -67.0  -23.396  -49.518    400.5    906.8
     3     1    19     8    25    20     0     2   -67.0  -17.290  -58.471   2177.2    773.4
     1     1    19     8    25    19     0     1   -68.0  -28.146  -52.111    582.5    891.9
     2     1    19     8    25    19     0     1   -68.0  -23.463  -49.256    387.6    902.4
     3     1    19     8    25    19     0     1   -68.0  -17.068  -58.412   2420.9    761.7
     1     1    19     8    25    18     0     0   -69.0  -27.982  -51.968    570.6    890.1
     2     1    19     8    25    18     0     0   -69.0  -23.534  -49.022    399.9    896.8
     3     1    19     8    25    18     0     0   -69.0  -16.846  -58.410   2682.1    731.1
     1     1    19     8    25    17     0     1   -70.0  -27.810  -51.839    578.7    880.7
     2     1    19     8    25    17     0     1   -70.0  -23.611  -48.800    431.9    895.3
     3     1    19     8    25    17     0     1   -70.0  -16.626  -58.408   2846.1    710.1
     1     1    19     8    25    16     0     2   -71.0  -27.619  -51.718    590.5    872.6
     2     1    19     8    25    16     0     2   -71.0  -23.695  -48.582    482.8    890.7
     3     1    19     8    25    16     0     2   -71.0  -16.419  -58.363   2953.3    705.1
     1     1    19     8    25    15     0     3   -72.0  -27.413  -51.601    601.0    865.0
     2     1    19     8    25    15     0     3   -72.0  -23.775  -48.373    544.3    884.6
     3     1    19     8    25    15     0     3   -72.0  -16.234  -58.284   3075.1    696.8
