     4     1
    GDAS    19     5     8     0     0
    GDAS    19     5    15     0     0
    GDAS    19     5    22     0     0
    GDAS    19     5    29     0     0
     3 BACKWARD OMEGA   
    19     5    28     9  -34.572  -58.513    10.0
    19     5    28     9  -34.572  -58.513   200.0
    19     5    28     9  -34.572  -58.513   500.0
     1 PRESSURE
     1     1    19     5    28     9     0     3     0.0  -34.572  -58.513     10.0   1008.8
     2     1    19     5    28     9     0     3     0.0  -34.572  -58.513    200.0    986.4
     3     1    19     5    28     9     0     3     0.0  -34.572  -58.513    500.0    951.1
     1     1    19     5    28     8     0     2    -1.0  -34.632  -58.490     11.1   1008.8
     2     1    19     5    28     8     0     2    -1.0  -34.661  -58.490    209.6    985.5
     3     1    19     5    28     8     0     2    -1.0  -34.628  -58.541    511.6    950.5
     1     1    19     5    28     7     0     1    -2.0  -34.684  -58.467     12.2   1008.8
     2     1    19     5    28     7     0     1    -2.0  -34.726  -58.469    222.3    984.1
     3     1    19     5    28     7     0     1    -2.0  -34.649  -58.568    531.1    948.4
     1     1    19     5    28     6     0     0    -3.0  -34.730  -58.444     13.1   1008.9
     2     1    19     5    28     6     0     0    -3.0  -34.763  -58.450    239.5    982.1
     3     1    19     5    28     6     0     0    -3.0  -34.634  -58.591    557.5    945.6
     1     1    19     5    28     5     0     1    -4.0  -34.769  -58.416     14.1   1008.8
     2     1    19     5    28     5     0     1    -4.0  -34.780  -58.424    259.5    979.3
     3     1    19     5    28     5     0     1    -4.0  -34.600  -58.604    583.6    942.1
     1     1    19     5    28     4     0     2    -5.0  -34.805  -58.380     15.2   1008.6
     2     1    19     5    28     4     0     2    -5.0  -34.787  -58.384    279.4    976.9
     3     1    19     5    28     4     0     2    -5.0  -34.562  -58.598    603.1    939.9
     1     1    19     5    28     3     0     3    -6.0  -34.836  -58.337     16.3   1008.5
     2     1    19     5    28     3     0     3    -6.0  -34.784  -58.327    298.0    974.6
     3     1    19     5    28     3     0     3    -6.0  -34.520  -58.574    616.0    938.4
     1     1    19     5    28     2     0     2    -7.0  -34.863  -58.286     17.5   1008.1
     2     1    19     5    28     2     0     2    -7.0  -34.778  -58.256    314.9    972.4
     3     1    19     5    28     2     0     2    -7.0  -34.478  -58.533    623.7    937.4
     1     1    19     5    28     1     0     1    -8.0  -34.887  -58.227     19.3   1007.3
     2     1    19     5    28     1     0     1    -8.0  -34.773  -58.175    330.1    970.3
     3     1    19     5    28     1     0     1    -8.0  -34.437  -58.479    627.7    936.5
     1     1    19     5    28     0     0     0    -9.0  -34.910  -58.159     22.2   1006.4
     2     1    19     5    28     0     0     0    -9.0  -34.772  -58.082    343.4    968.5
     3     1    19     5    28     0     0     0    -9.0  -34.398  -58.411    627.2    936.1
     1     1    19     5    27    23     0     1   -10.0  -34.938  -58.085     25.8   1005.7
     2     1    19     5    27    23     0     1   -10.0  -34.785  -57.981    353.6    967.0
     3     1    19     5    27    23     0     1   -10.0  -34.373  -58.330    622.7    936.1
     1     1    19     5    27    22     0     2   -11.0  -34.977  -58.009     28.5   1005.3
     2     1    19     5    27    22     0     2   -11.0  -34.821  -57.878    359.8    966.2
     3     1    19     5    27    22     0     2   -11.0  -34.374  -58.238    616.4    936.3
     1     1    19     5    27    21     0     3   -12.0  -35.028  -57.932     29.6   1005.3
     2     1    19     5    27    21     0     3   -12.0  -34.881  -57.773    362.7    966.1
     3     1    19     5    27    21     0     3   -12.0  -34.404  -58.136    609.5    936.6
     1     1    19     5    27    20     0     2   -13.0  -35.086  -57.855     30.1   1005.5
     2     1    19     5    27    20     0     2   -13.0  -34.951  -57.676    361.1    966.7
     3     1    19     5    27    20     0     2   -13.0  -34.451  -58.037    604.2    937.2
     1     1    19     5    27    19     0     1   -14.0  -35.144  -57.779     31.0   1005.6
     2     1    19     5    27    19     0     1   -14.0  -35.019  -57.593    353.7    968.1
     3     1    19     5    27    19     0     1   -14.0  -34.505  -57.958    601.0    937.5
     1     1    19     5    27    18     0     0   -15.0  -35.204  -57.704     32.5   1005.5
     2     1    19     5    27    18     0     0   -15.0  -35.084  -57.522    343.2    969.5
     3     1    19     5    27    18     0     0   -15.0  -34.562  -57.900    598.8    937.8
     1     1    19     5    27    17     0     1   -16.0  -35.269  -57.642     34.3   1005.7
     2     1    19     5    27    17     0     1   -16.0  -35.154  -57.474    336.5    971.3
     3     1    19     5    27    17     0     1   -16.0  -34.622  -57.872    598.8    938.6
     1     1    19     5    27    16     0     2   -17.0  -35.344  -57.603     36.6   1005.8
     2     1    19     5    27    16     0     2   -17.0  -35.234  -57.457    337.3    971.5
     3     1    19     5    27    16     0     2   -17.0  -34.688  -57.881    602.1    939.0
     1     1    19     5    27    15     0     3   -18.0  -35.429  -57.590     39.1   1005.9
     2     1    19     5    27    15     0     3   -18.0  -35.324  -57.473    344.3    971.1
     3     1    19     5    27    15     0     3   -18.0  -34.761  -57.926    609.4    939.1
     1     1    19     5    27    14     0     2   -19.0  -35.520  -57.597     41.5   1005.6
     2     1    19     5    27    14     0     2   -19.0  -35.416  -57.517    354.4    969.5
     3     1    19     5    27    14     0     2   -19.0  -34.836  -58.008    623.8    938.0
     1     1    19     5    27    13     0     1   -20.0  -35.614  -57.616     42.8   1005.4
     2     1    19     5    27    13     0     1   -20.0  -35.504  -57.581    365.0    968.1
     3     1    19     5    27    13     0     1   -20.0  -34.899  -58.126    649.1    935.5
     1     1    19     5    27    12     0     0   -21.0  -35.711  -57.641     43.3   1005.4
     2     1    19     5    27    12     0     0   -21.0  -35.589  -57.660    375.8    966.7
     3     1    19     5    27    12     0     0   -21.0  -34.946  -58.276    687.9    931.2
     1     1    19     5    27    11     0     1   -22.0  -35.811  -57.666     43.3   1005.3
     2     1    19     5    27    11     0     1   -22.0  -35.668  -57.742    387.7    965.3
     3     1    19     5    27    11     0     1   -22.0  -34.974  -58.439    728.1    925.0
     1     1    19     5    27    10     0     2   -23.0  -35.915  -57.688     43.3   1005.2
     2     1    19     5    27    10     0     2   -23.0  -35.740  -57.823    403.5    963.2
     3     1    19     5    27    10     0     2   -23.0  -34.988  -58.596    754.3    921.8
     1     1    19     5    27     9     0     3   -24.0  -36.028  -57.706     43.3   1005.1
     2     1    19     5    27     9     0     3   -24.0  -35.804  -57.904    426.7    960.2
     3     1    19     5    27     9     0     3   -24.0  -34.990  -58.746    763.5    920.5
     1     1    19     5    27     8     0     2   -25.0  -36.140  -57.719     43.3   1004.9
     2     1    19     5    27     8     0     2   -25.0  -35.855  -57.981    448.5    956.0
     3     1    19     5    27     8     0     2   -25.0  -34.980  -58.886    765.2    921.4
     1     1    19     5    27     7     0     1   -26.0  -36.240  -57.729     43.3   1004.7
     2     1    19     5    27     7     0     1   -26.0  -35.892  -58.040    455.8    954.6
     3     1    19     5    27     7     0     1   -26.0  -34.956  -59.015    769.6    920.7
     1     1    19     5    27     6     0     0   -27.0  -36.328  -57.735     43.3   1004.5
     2     1    19     5    27     6     0     0   -27.0  -35.917  -58.080    446.8    955.5
     3     1    19     5    27     6     0     0   -27.0  -34.918  -59.132    774.0    919.7
     1     1    19     5    27     5     0     1   -28.0  -36.409  -57.742     43.3   1004.4
     2     1    19     5    27     5     0     1   -28.0  -35.941  -58.105    432.2    958.6
     3     1    19     5    27     5     0     1   -28.0  -34.883  -59.230    770.9    919.0
     1     1    19     5    27     4     0     2   -29.0  -36.484  -57.752     43.3   1004.2
     2     1    19     5    27     4     0     2   -29.0  -35.972  -58.117    422.1    959.9
     3     1    19     5    27     4     0     2   -29.0  -34.862  -59.306    756.6    920.6
     1     1    19     5    27     3     0     3   -30.0  -36.553  -57.767     43.3   1004.1
     2     1    19     5    27     3     0     3   -30.0  -36.008  -58.119    416.9    960.6
     3     1    19     5    27     3     0     3   -30.0  -34.855  -59.365    735.0    922.9
     1     1    19     5    27     2     0     2   -31.0  -36.608  -57.792     43.3   1003.9
     2     1    19     5    27     2     0     2   -31.0  -36.039  -58.117    413.4    960.4
     3     1    19     5    27     2     0     2   -31.0  -34.846  -59.416    708.0    925.8
     1     1    19     5    27     1     0     1   -32.0  -36.636  -57.829     43.3   1003.8
     2     1    19     5    27     1     0     1   -32.0  -36.054  -58.115    406.8    961.1
     3     1    19     5    27     1     0     1   -32.0  -34.821  -59.469    678.3    929.2
     1     1    19     5    27     0     0     0   -33.0  -36.635  -57.878     43.3   1003.6
     2     1    19     5    27     0     0     0   -33.0  -36.054  -58.113    396.1    962.3
     3     1    19     5    27     0     0     0   -33.0  -34.777  -59.525    650.2    932.6
     1     1    19     5    26    23     0     1   -34.0  -36.619  -57.928     43.4   1003.0
     2     1    19     5    26    23     0     1   -34.0  -36.044  -58.120    374.9    963.8
     3     1    19     5    26    23     0     1   -34.0  -34.721  -59.589    631.6    935.0
     1     1    19     5    26    22     0     2   -35.0  -36.601  -57.974     43.5   1002.5
     2     1    19     5    26    22     0     2   -35.0  -36.034  -58.146    339.9    967.1
     3     1    19     5    26    22     0     2   -35.0  -34.658  -59.665    626.1    935.0
     1     1    19     5    26    21     0     3   -36.0  -36.581  -58.020     43.2   1001.9
     2     1    19     5    26    21     0     3   -36.0  -36.026  -58.192    295.2    971.8
     3     1    19     5    26    21     0     3   -36.0  -34.587  -59.755    630.7    933.9
     1     1    19     5    26    20     0     2   -37.0  -36.557  -58.070     41.3   1001.5
     2     1    19     5    26    20     0     2   -37.0  -36.014  -58.252    253.7    977.8
     3     1    19     5    26    20     0     2   -37.0  -34.506  -59.857    636.7    932.3
     1     1    19     5    26    19     0     1   -38.0  -36.523  -58.127     37.1   1001.6
     2     1    19     5    26    19     0     1   -38.0  -35.986  -58.325    223.0    981.4
     3     1    19     5    26    19     0     1   -38.0  -34.414  -59.964    633.6    932.3
     1     1    19     5    26    18     0     0   -39.0  -36.480  -58.194     31.5   1002.0
     2     1    19     5    26    18     0     0   -39.0  -35.941  -58.413    201.7    983.9
     3     1    19     5    26    18     0     0   -39.0  -34.307  -60.075    615.3    934.0
     1     1    19     5    26    17     0     1   -40.0  -36.426  -58.275     27.0   1002.9
     2     1    19     5    26    17     0     1   -40.0  -35.874  -58.518    188.2    985.6
     3     1    19     5    26    17     0     1   -40.0  -34.177  -60.199    587.9    937.6
     1     1    19     5    26    16     0     2   -41.0  -36.360  -58.372     24.7   1003.3
     2     1    19     5    26    16     0     2   -41.0  -35.782  -58.641    180.0    986.8
     3     1    19     5    26    16     0     2   -41.0  -34.009  -60.341    557.5    940.2
     1     1    19     5    26    15     0     3   -42.0  -36.281  -58.483     24.0   1003.6
     2     1    19     5    26    15     0     3   -42.0  -35.662  -58.778    175.4    987.7
     3     1    19     5    26    15     0     3   -42.0  -33.804  -60.489    521.4    943.7
     1     1    19     5    26    14     0     2   -43.0  -36.187  -58.598     24.0   1004.0
     2     1    19     5    26    14     0     2   -43.0  -35.508  -58.926    172.4    987.9
     3     1    19     5    26    14     0     2   -43.0  -33.556  -60.646    486.3    948.1
     1     1    19     5    26    13     0     1   -44.0  -36.076  -58.708     24.0   1004.8
     2     1    19     5    26    13     0     1   -44.0  -35.314  -59.083    170.1    987.9
     3     1    19     5    26    13     0     1   -44.0  -33.255  -60.819    453.7    951.1
     1     1    19     5    26    12     0     0   -45.0  -35.947  -58.811     24.0   1005.9
     2     1    19     5    26    12     0     0   -45.0  -35.072  -59.246    168.7    987.5
     3     1    19     5    26    12     0     0   -45.0  -32.893  -60.988    412.7    955.6
     1     1    19     5    26    11     0     1   -46.0  -35.807  -58.901     24.1   1005.6
     2     1    19     5    26    11     0     1   -46.0  -34.801  -59.393    171.1    987.1
     3     1    19     5    26    11     0     1   -46.0  -32.498  -61.112    378.6    962.1
     1     1    19     5    26    10     0     2   -47.0  -35.670  -58.974     24.8   1005.2
     2     1    19     5    26    10     0     2   -47.0  -34.525  -59.507    178.1    986.3
     3     1    19     5    26    10     0     2   -47.0  -32.092  -61.182    365.8    963.6
     1     1    19     5    26     9     0     3   -48.0  -35.534  -59.030     26.7   1004.5
     2     1    19     5    26     9     0     3   -48.0  -34.244  -59.592    187.1    985.5
     3     1    19     5    26     9     0     3   -48.0  -31.670  -61.216    363.1    961.8
     1     1    19     5    26     8     0     2   -49.0  -35.391  -59.075     29.5   1003.9
     2     1    19     5    26     8     0     2   -49.0  -33.952  -59.652    196.9    985.5
     3     1    19     5    26     8     0     2   -49.0  -31.230  -61.221    354.7    961.6
     1     1    19     5    26     7     0     1   -50.0  -35.231  -59.112     31.7   1003.5
     2     1    19     5    26     7     0     1   -50.0  -33.645  -59.698    206.3    985.0
     3     1    19     5    26     7     0     1   -50.0  -30.786  -61.198    342.6    963.6
     1     1    19     5    26     6     0     0   -51.0  -35.056  -59.139     32.6   1003.4
     2     1    19     5    26     6     0     0   -51.0  -33.324  -59.739    213.3    985.0
     3     1    19     5    26     6     0     0   -51.0  -30.349  -61.149    339.8    965.1
     1     1    19     5    26     5     0     1   -52.0  -34.876  -59.160     32.9   1003.7
     2     1    19     5    26     5     0     1   -52.0  -32.997  -59.771    215.9    985.4
     3     1    19     5    26     5     0     1   -52.0  -29.923  -61.073    347.1    964.4
     1     1    19     5    26     4     0     2   -53.0  -34.698  -59.181     33.9   1003.9
     2     1    19     5    26     4     0     2   -53.0  -32.657  -59.783    217.8    983.2
     3     1    19     5    26     4     0     2   -53.0  -29.501  -60.960    353.0    963.6
     1     1    19     5    26     3     0     3   -54.0  -34.523  -59.198     35.3   1004.1
     2     1    19     5    26     3     0     3   -54.0  -32.286  -59.771    227.1    979.3
     3     1    19     5    26     3     0     3   -54.0  -29.079  -60.803    354.0    964.1
     1     1    19     5    26     2     0     2   -55.0  -34.349  -59.201     36.5   1004.2
     2     1    19     5    26     2     0     2   -55.0  -31.890  -59.725    243.1    975.3
     3     1    19     5    26     2     0     2   -55.0  -28.674  -60.603    358.2    964.3
     1     1    19     5    26     1     0     1   -56.0  -34.176  -59.184     36.9   1004.6
     2     1    19     5    26     1     0     1   -56.0  -31.503  -59.633    259.4    975.2
     3     1    19     5    26     1     0     1   -56.0  -28.296  -60.371    366.2    963.5
     1     1    19     5    26     0     0     0   -57.0  -34.004  -59.152     37.0   1005.1
     2     1    19     5    26     0     0     0   -57.0  -31.144  -59.500    274.1    975.2
     3     1    19     5    26     0     0     0   -57.0  -27.946  -60.116    372.6    962.8
     1     1    19     5    25    23     0     1   -58.0  -33.838  -59.113     37.0   1005.0
     2     1    19     5    25    23     0     1   -58.0  -30.818  -59.348    289.9    974.2
     3     1    19     5    25    23     0     1   -58.0  -27.632  -59.859    378.4    961.7
     1     1    19     5    25    22     0     2   -59.0  -33.681  -59.070     37.0   1005.0
     2     1    19     5    25    22     0     2   -59.0  -30.534  -59.198    307.2    972.7
     3     1    19     5    25    22     0     2   -59.0  -27.359  -59.620    387.6    960.6
     1     1    19     5    25    21     0     3   -60.0  -33.532  -59.027     37.0   1005.1
     2     1    19     5    25    21     0     3   -60.0  -30.293  -59.055    322.8    971.5
     3     1    19     5    25    21     0     3   -60.0  -27.127  -59.408    398.7    959.2
     1     1    19     5    25    20     0     2   -61.0  -33.382  -58.994     37.0   1005.6
     2     1    19     5    25    20     0     2   -61.0  -30.081  -58.929    332.9    971.2
     3     1    19     5    25    20     0     2   -61.0  -26.926  -59.223    406.6    958.7
     1     1    19     5    25    19     0     1   -62.0  -33.221  -58.984     37.0   1005.8
     2     1    19     5    25    19     0     1   -62.0  -29.875  -58.826    337.6    970.7
     3     1    19     5    25    19     0     1   -62.0  -26.743  -59.058    409.1    959.6
     1     1    19     5    25    18     0     0   -63.0  -33.047  -58.998     37.0   1005.8
     2     1    19     5    25    18     0     0   -63.0  -29.675  -58.743    338.8    969.8
     3     1    19     5    25    18     0     0   -63.0  -26.580  -58.910    409.5    960.5
     1     1    19     5    25    17     0     1   -64.0  -32.867  -59.025     37.0   1006.2
     2     1    19     5    25    17     0     1   -64.0  -29.477  -58.676    338.5    969.8
     3     1    19     5    25    17     0     1   -64.0  -26.428  -58.778    408.7    961.4
     1     1    19     5    25    16     0     2   -65.0  -32.692  -59.056     36.8   1006.5
     2     1    19     5    25    16     0     2   -65.0  -29.278  -58.621    338.0    969.7
     3     1    19     5    25    16     0     2   -65.0  -26.283  -58.660    406.1    962.5
     1     1    19     5    25    15     0     3   -66.0  -32.520  -59.091     36.3   1006.8
     2     1    19     5    25    15     0     3   -66.0  -29.081  -58.577    337.4    969.6
     3     1    19     5    25    15     0     3   -66.0  -26.145  -58.555    401.7    963.8
     1     1    19     5    25    14     0     2   -67.0  -32.348  -59.122     35.5   1006.5
     2     1    19     5    25    14     0     2   -67.0  -28.881  -58.529    336.8    969.6
     3     1    19     5    25    14     0     2   -67.0  -26.005  -58.447    397.4    964.8
     1     1    19     5    25    13     0     1   -68.0  -32.173  -59.140     34.9   1006.2
     2     1    19     5    25    13     0     1   -68.0  -28.675  -58.459    336.3    970.0
     3     1    19     5    25    13     0     1   -68.0  -25.856  -58.320    395.4    965.1
     1     1    19     5    25    12     0     0   -69.0  -31.993  -59.144     34.6   1005.8
     2     1    19     5    25    12     0     0   -69.0  -28.463  -58.367    335.7    970.5
     3     1    19     5    25    12     0     0   -69.0  -25.703  -58.170    395.3    965.2
     1     1    19     5    25    11     0     1   -70.0  -31.817  -59.141     35.9   1005.3
     2     1    19     5    25    11     0     1   -70.0  -28.267  -58.266    337.7    970.6
     3     1    19     5    25    11     0     1   -70.0  -25.563  -58.019    399.5    965.0
     1     1    19     5    25    10     0     2   -71.0  -31.649  -59.140     40.1   1004.3
     2     1    19     5    25    10     0     2   -71.0  -28.104  -58.178    345.3    969.9
     3     1    19     5    25    10     0     2   -71.0  -25.448  -57.889    412.0    962.8
     1     1    19     5    25     9     0     3   -72.0  -31.486  -59.139     48.1   1003.0
     2     1    19     5    25     9     0     3   -72.0  -27.973  -58.105    358.6    968.5
     3     1    19     5    25     9     0     3   -72.0  -25.357  -57.784    432.9    959.5
