     7     1
    GDAS    19    10    29     0     0
    GDAS    19    11     1     0     0
    GDAS    19    11     8     0     0
    GDAS    19    11    15     0     0
    GDAS    19    11    22     0     0
    GDAS    19    11    29     0     0
    GDAS    19    12     1     0     0
     5 BACKWARD OMEGA   
    19    11     9    15  -34.572  -58.513    10.0
    19    11     9    15  -34.572  -58.513   200.0
    19    11     9    15  -34.572  -58.513   500.0
    19    11     9    15  -34.572  -58.513  1000.0
    19    11     9    15  -34.572  -58.513  2000.0
     1 PRESSURE
     1     1    19    11     9    15     0     3     0.0  -34.572  -58.513     10.0   1011.4
     2     1    19    11     9    15     0     3     0.0  -34.572  -58.513    200.0    990.4
     3     1    19    11     9    15     0     3     0.0  -34.572  -58.513    500.0    956.5
     4     1    19    11     9    15     0     3     0.0  -34.572  -58.513   1000.0    901.9
     5     1    19    11     9    15     0     3     0.0  -34.572  -58.513   2000.0    800.5
     1     1    19    11     9    14     0     2    -1.0  -34.582  -58.468      8.3   1011.5
     2     1    19    11     9    14     0     2    -1.0  -34.581  -58.447    166.0    996.9
     3     1    19    11     9    14     0     2    -1.0  -34.598  -58.450    437.9    967.0
     4     1    19    11     9    14     0     2    -1.0  -34.637  -58.513    996.2    908.6
     5     1    19    11     9    14     0     2    -1.0  -34.579  -58.758   2051.0    800.7
     1     1    19    11     9    13     0     1    -2.0  -34.574  -58.412      9.3   1011.7
     2     1    19    11     9    13     0     1    -2.0  -34.561  -58.359    169.1    996.2
     3     1    19    11     9    13     0     1    -2.0  -34.586  -58.366    441.1    967.1
     4     1    19    11     9    13     0     1    -2.0  -34.671  -58.518   1105.5    896.5
     5     1    19    11     9    13     0     1    -2.0  -34.557  -59.041   2135.3    788.2
     1     1    19    11     9    12     0     0    -3.0  -34.550  -58.342     15.1   1011.3
     2     1    19    11     9    12     0     0    -3.0  -34.523  -58.247    231.6    990.2
     3     1    19    11     9    12     0     0    -3.0  -34.553  -58.270    564.6    956.8
     4     1    19    11     9    12     0     0    -3.0  -34.691  -58.535   1331.4    873.1
     5     1    19    11     9    12     0     0    -3.0  -34.516  -59.337   2191.3    781.7
     1     1    19    11     9    11     0     1    -4.0  -34.531  -58.254     31.0   1008.4
     2     1    19    11     9    11     0     1    -4.0  -34.481  -58.115    353.8    971.4
     3     1    19    11     9    11     0     1    -4.0  -34.527  -58.196    797.9    921.3
     4     1    19    11     9    11     0     1    -4.0  -34.732  -58.606   1559.6    838.6
     5     1    19    11     9    11     0     1    -4.0  -34.497  -59.602   2210.2    780.1
     1     1    19    11     9    10     0     2    -5.0  -34.530  -58.148     53.5   1005.0
     2     1    19    11     9    10     0     2    -5.0  -34.428  -57.980    469.1    953.9
     3     1    19    11     9    10     0     2    -5.0  -34.513  -58.167    932.1    897.4
     4     1    19    11     9    10     0     2    -5.0  -34.818  -58.762   1723.8    827.7
     5     1    19    11     9    10     0     2    -5.0  -34.499  -59.840   2233.5    780.3
     1     1    19    11     9     9     0     3    -6.0  -34.541  -58.026     72.8   1000.9
     2     1    19    11     9     9     0     3    -6.0  -34.345  -57.846    524.4    942.5
     3     1    19    11     9     9     0     3    -6.0  -34.498  -58.170    865.3    901.0
     4     1    19    11     9     9     0     3    -6.0  -34.990  -59.000   2090.7    809.5
     5     1    19    11     9     9     0     3    -6.0  -34.488  -60.080   2289.2    774.6
     1     1    19    11     9     8     0     2    -7.0  -34.535  -57.868     85.3    999.3
     2     1    19    11     9     8     0     2    -7.0  -34.233  -57.683    551.8    942.7
     3     1    19    11     9     8     0     2    -7.0  -34.432  -58.108    756.6    928.5
     4     1    19    11     9     8     0     2    -7.0  -35.209  -59.299   2587.3    730.5
     5     1    19    11     9     8     0     2    -7.0  -34.480  -60.328   2257.1    765.4
     1     1    19    11     9     7     0     1    -8.0  -34.482  -57.653     97.1    996.9
     2     1    19    11     9     7     0     1    -8.0  -34.109  -57.492    575.5    935.9
     3     1    19    11     9     7     0     1    -8.0  -34.321  -57.986    692.1    931.2
     4     1    19    11     9     7     0     1    -8.0  -35.352  -59.631   2791.6    709.6
     5     1    19    11     9     7     0     1    -8.0  -34.461  -60.547   2102.1    780.5
     1     1    19    11     9     6     0     0    -9.0  -34.398  -57.395    103.8    993.9
     2     1    19    11     9     6     0     0    -9.0  -33.970  -57.272    563.0    932.7
     3     1    19    11     9     6     0     0    -9.0  -34.180  -57.813    649.7    932.6
     4     1    19    11     9     6     0     0    -9.0  -35.443  -59.997   2678.8    720.3
     5     1    19    11     9     6     0     0    -9.0  -34.395  -60.727   1854.5    804.4
     1     1    19    11     9     5     0     1   -10.0  -34.321  -57.120    103.9    992.2
     2     1    19    11     9     5     0     1   -10.0  -33.815  -57.003    530.3    938.7
     3     1    19    11     9     5     0     1   -10.0  -34.033  -57.596    621.7    932.4
     4     1    19    11     9     5     0     1   -10.0  -35.467  -60.355   2342.7    758.4
     5     1    19    11     9     5     0     1   -10.0  -34.275  -60.843   1632.5    834.3
     1     1    19    11     9     4     0     2   -11.0  -34.265  -56.833     99.7    991.9
     2     1    19    11     9     4     0     2   -11.0  -33.655  -56.686    512.0    942.8
     3     1    19    11     9     4     0     2   -11.0  -33.892  -57.344    607.3    932.3
     4     1    19    11     9     4     0     2   -11.0  -35.387  -60.624   1949.4    798.8
     5     1    19    11     9     4     0     2   -11.0  -34.123  -60.893   1527.3    845.3
     1     1    19    11     9     3     0     3   -12.0  -34.227  -56.538     92.2    993.8
     2     1    19    11     9     3     0     3   -12.0  -33.501  -56.322    497.9    945.5
     3     1    19    11     9     3     0     3   -12.0  -33.746  -57.064    600.2    931.3
     4     1    19    11     9     3     0     3   -12.0  -35.243  -60.735   1578.0    838.2
     5     1    19    11     9     3     0     3   -12.0  -33.945  -60.892   1550.7    843.5
     1     1    19    11     9     2     0     2   -13.0  -34.194  -56.238     84.0    995.4
     2     1    19    11     9     2     0     2   -13.0  -33.361  -55.919    482.8    947.5
     3     1    19    11     9     2     0     2   -13.0  -33.604  -56.760    577.4    933.0
     4     1    19    11     9     2     0     2   -13.0  -35.085  -60.676   1253.7    873.0
     5     1    19    11     9     2     0     2   -13.0  -33.767  -60.892   1608.3    828.2
     1     1    19    11     9     1     0     1   -14.0  -34.159  -55.936     76.7    996.3
     2     1    19    11     9     1     0     1   -14.0  -33.250  -55.491    477.1    943.2
     3     1    19    11     9     1     0     1   -14.0  -33.471  -56.422    535.1    940.9
     4     1    19    11     9     1     0     1   -14.0  -34.947  -60.473   1032.1    901.8
     5     1    19    11     9     1     0     1   -14.0  -33.581  -60.881   1608.4    829.1
     1     1    19    11     9     0     0     0   -15.0  -34.123  -55.626     65.0    993.2
     2     1    19    11     9     0     0     0   -15.0  -33.178  -55.067    490.2    935.8
     3     1    19    11     9     0     0     0   -15.0  -33.350  -56.042    512.3    947.4
     4     1    19    11     9     0     0     0   -15.0  -34.837  -60.201    930.5    913.9
     5     1    19    11     9     0     0     0   -15.0  -33.390  -60.843   1584.6    833.5
     1     1    19    11     8    23     0     1   -16.0  -34.093  -55.335     50.7    992.0
     2     1    19    11     8    23     0     1   -16.0  -33.139  -54.681    501.8    938.0
     3     1    19    11     8    23     0     1   -16.0  -33.255  -55.662    528.2    939.9
     4     1    19    11     8    23     0     1   -16.0  -34.732  -59.922    905.6    913.6
     5     1    19    11     8    23     0     1   -16.0  -33.200  -60.775   1570.0    836.0
     1     1    19    11     8    22     0     2   -17.0  -34.068  -55.057     36.1    989.7
     2     1    19    11     8    22     0     2   -17.0  -33.131  -54.327    497.3    947.9
     3     1    19    11     8    22     0     2   -17.0  -33.198  -55.324    543.5    930.0
     4     1    19    11     8    22     0     2   -17.0  -34.621  -59.655    905.1    911.2
     5     1    19    11     8    22     0     2   -17.0  -33.009  -60.680   1582.3    835.9
     1     1    19    11     8    21     0     3   -18.0  -34.050  -54.791     24.5    993.5
     2     1    19    11     8    21     0     3   -18.0  -33.154  -53.994    513.4    955.4
     3     1    19    11     8    21     0     3   -18.0  -33.174  -55.012    500.5    927.1
     4     1    19    11     8    21     0     3   -18.0  -34.513  -59.397    892.1    909.4
     5     1    19    11     8    21     0     3   -18.0  -32.805  -60.570   1615.8    831.9
     1     1    19    11     8    20     0     2   -19.0  -34.046  -54.551     18.6    997.4
     2     1    19    11     8    20     0     2   -19.0  -33.186  -53.703    556.2    949.3
     3     1    19    11     8    20     0     2   -19.0  -33.184  -54.723    446.7    947.8
     4     1    19    11     8    20     0     2   -19.0  -34.415  -59.145    816.1    914.8
     5     1    19    11     8    20     0     2   -19.0  -32.582  -60.456   1639.1    828.4
     1     1    19    11     8    19     0     1   -20.0  -34.062  -54.343     16.3   1000.3
     2     1    19    11     8    19     0     1   -20.0  -33.217  -53.464    597.5    944.2
     3     1    19    11     8    19     0     1   -20.0  -33.209  -54.477    449.6    952.5
     4     1    19    11     8    19     0     1   -20.0  -34.332  -58.905    683.8    932.2
     5     1    19    11     8    19     0     1   -20.0  -32.343  -60.334   1636.9    828.8
     1     1    19    11     8    18     0     0   -21.0  -34.103  -54.152     15.7   1003.1
     2     1    19    11     8    18     0     0   -21.0  -33.254  -53.266    616.5    941.9
     3     1    19    11     8    18     0     0   -21.0  -33.240  -54.282    496.2    950.5
     4     1    19    11     8    18     0     0   -21.0  -34.262  -58.685    566.7    948.5
     5     1    19    11     8    18     0     0   -21.0  -32.100  -60.200   1612.6    830.1
     1     1    19    11     8    17     0     1   -22.0  -34.160  -53.967     17.6   1005.8
     2     1    19    11     8    17     0     1   -22.0  -33.296  -53.083    597.2    943.9
     3     1    19    11     8    17     0     1   -22.0  -33.272  -54.113    567.0    944.9
     4     1    19    11     8    17     0     1   -22.0  -34.199  -58.469    507.3    954.7
     5     1    19    11     8    17     0     1   -22.0  -31.864  -60.047   1592.2    834.3
     1     1    19    11     8    16     0     2   -23.0  -34.220  -53.783     23.4   1007.0
     2     1    19    11     8    16     0     2   -23.0  -33.342  -52.893    539.8    951.6
     3     1    19    11     8    16     0     2   -23.0  -33.301  -53.947    640.6    939.1
     4     1    19    11     8    16     0     2   -23.0  -34.145  -58.241    502.5    952.0
     5     1    19    11     8    16     0     2   -23.0  -31.649  -59.870   1603.9    835.4
     1     1    19    11     8    15     0     3   -24.0  -34.279  -53.596     31.7   1008.0
     2     1    19    11     8    15     0     3   -24.0  -33.394  -52.696    470.1    961.5
     3     1    19    11     8    15     0     3   -24.0  -33.324  -53.791    691.6    931.7
     4     1    19    11     8    15     0     3   -24.0  -34.097  -58.006    527.0    946.2
     5     1    19    11     8    15     0     3   -24.0  -31.458  -59.667   1635.3    832.8
     1     1    19    11     8    14     0     2   -25.0  -34.349  -53.409     38.2   1008.4
     2     1    19    11     8    14     0     2   -25.0  -33.467  -52.497    418.3    969.2
     3     1    19    11     8    14     0     2   -25.0  -33.349  -53.645    706.1    930.7
     4     1    19    11     8    14     0     2   -25.0  -34.064  -57.775    562.0    939.7
     5     1    19    11     8    14     0     2   -25.0  -31.294  -59.444   1681.6    828.7
     1     1    19    11     8    13     0     1   -26.0  -34.445  -53.230     40.1   1009.5
     2     1    19    11     8    13     0     1   -26.0  -33.569  -52.305    393.3    971.1
     3     1    19    11     8    13     0     1   -26.0  -33.393  -53.507    695.3    933.0
     4     1    19    11     8    13     0     1   -26.0  -34.055  -57.555    597.1    934.1
     5     1    19    11     8    13     0     1   -26.0  -31.164  -59.216   1758.1    820.7
     1     1    19    11     8    12     0     0   -27.0  -34.565  -53.060     40.3   1010.3
     2     1    19    11     8    12     0     0   -27.0  -33.699  -52.124    382.9    971.5
     3     1    19    11     8    12     0     0   -27.0  -33.461  -53.371    675.8    936.4
     4     1    19    11     8    12     0     0   -27.0  -34.070  -57.356    627.8    929.6
     5     1    19    11     8    12     0     0   -27.0  -31.068  -58.995   1875.6    808.0
     1     1    19    11     8    11     0     1   -28.0  -34.711  -52.903     40.3   1010.5
     2     1    19    11     8    11     0     1   -28.0  -33.850  -51.961    377.3    971.3
     3     1    19    11     8    11     0     1   -28.0  -33.546  -53.240    655.7    938.7
     4     1    19    11     8    11     0     1   -28.0  -34.100  -57.170    658.3    925.8
     5     1    19    11     8    11     0     1   -28.0  -31.000  -58.798   1980.0    793.1
     1     1    19    11     8    10     0     2   -29.0  -34.886  -52.766     40.3   1010.5
     2     1    19    11     8    10     0     2   -29.0  -34.015  -51.827    374.0    971.4
     3     1    19    11     8    10     0     2   -29.0  -33.640  -53.115    635.7    941.4
     4     1    19    11     8    10     0     2   -29.0  -34.137  -56.993    688.0    921.3
     5     1    19    11     8    10     0     2   -29.0  -30.951  -58.620   2026.9    791.1
     1     1    19    11     8     9     0     3   -30.0  -35.090  -52.649     40.3   1010.4
     2     1    19    11     8     9     0     3   -30.0  -34.192  -51.728    373.1    970.9
     3     1    19    11     8     9     0     3   -30.0  -33.745  -52.999    618.4    943.7
     4     1    19    11     8     9     0     3   -30.0  -34.182  -56.818    707.9    920.1
     5     1    19    11     8     9     0     3   -30.0  -30.917  -58.455   2038.4    792.0
     1     1    19    11     8     8     0     2   -31.0  -35.313  -52.553     40.0   1010.0
     2     1    19    11     8     8     0     2   -31.0  -34.376  -51.656    369.5    970.4
     3     1    19    11     8     8     0     2   -31.0  -33.857  -52.902    603.1    944.7
     4     1    19    11     8     8     0     2   -31.0  -34.237  -56.648    712.6    921.1
     5     1    19    11     8     8     0     2   -31.0  -30.891  -58.301   2041.0    794.1
     1     1    19    11     8     7     0     1   -32.0  -35.544  -52.474     39.6   1009.8
     2     1    19    11     8     7     0     1   -32.0  -34.565  -51.598    360.4    971.2
     3     1    19    11     8     7     0     1   -32.0  -33.972  -52.835    583.8    945.9
     4     1    19    11     8     7     0     1   -32.0  -34.308  -56.481    702.2    923.9
     5     1    19    11     8     7     0     1   -32.0  -30.864  -58.157   2047.3    794.0
     1     1    19    11     8     6     0     0   -33.0  -35.781  -52.416     39.5   1009.8
     2     1    19    11     8     6     0     0   -33.0  -34.767  -51.546    349.5    972.1
     3     1    19    11     8     6     0     0   -33.0  -34.092  -52.791    556.0    948.4
     4     1    19    11     8     6     0     0   -33.0  -34.400  -56.307    675.3    928.6
     5     1    19    11     8     6     0     0   -33.0  -30.834  -58.023   2051.3    793.9
     1     1    19    11     8     5     0     1   -34.0  -36.026  -52.376     39.3   1010.1
     2     1    19    11     8     5     0     1   -34.0  -34.980  -51.513    342.2    973.4
     3     1    19    11     8     5     0     1   -34.0  -34.223  -52.756    527.2    952.6
     4     1    19    11     8     5     0     1   -34.0  -34.516  -56.110    638.5    935.9
     5     1    19    11     8     5     0     1   -34.0  -30.810  -57.893   2056.0    793.1
     1     1    19    11     8     4     0     2   -35.0  -36.278  -52.344     38.7   1010.1
     2     1    19    11     8     4     0     2   -35.0  -35.190  -51.520    340.7    973.5
     3     1    19    11     8     4     0     2   -35.0  -34.368  -52.722    503.3    955.2
     4     1    19    11     8     4     0     2   -35.0  -34.651  -55.889    600.4    941.4
     5     1    19    11     8     4     0     2   -35.0  -30.805  -57.769   2069.2    790.5
     1     1    19    11     8     3     0     3   -36.0  -36.539  -52.318     38.2   1010.1
     2     1    19    11     8     3     0     3   -36.0  -35.398  -51.555    343.0    973.1
     3     1    19    11     8     3     0     3   -36.0  -34.527  -52.688    481.8    957.7
     4     1    19    11     8     3     0     3   -36.0  -34.801  -55.645    565.1    946.4
     5     1    19    11     8     3     0     3   -36.0  -30.816  -57.648   2089.8    787.4
     1     1    19    11     8     2     0     2   -37.0  -36.810  -52.307     38.0   1009.7
     2     1    19    11     8     2     0     2   -37.0  -35.612  -51.603    343.7    972.6
     3     1    19    11     8     2     0     2   -37.0  -34.691  -52.673    456.4    960.2
     4     1    19    11     8     2     0     2   -37.0  -34.982  -55.389    537.3    952.5
     5     1    19    11     8     2     0     2   -37.0  -30.840  -57.533   2118.2    783.7
     1     1    19    11     8     1     0     1   -38.0  -37.093  -52.316     38.4   1009.1
     2     1    19    11     8     1     0     1   -38.0  -35.834  -51.656    337.2    973.2
     3     1    19    11     8     1     0     1   -38.0  -34.849  -52.699    426.6    964.5
     4     1    19    11     8     1     0     1   -38.0  -35.209  -55.151    525.1    955.0
     5     1    19    11     8     1     0     1   -38.0  -30.871  -57.426   2155.3    779.0
     1     1    19    11     8     0     0     0   -39.0  -37.393  -52.340     39.2   1008.6
     2     1    19    11     8     0     0     0   -39.0  -36.070  -51.705    322.7    974.9
     3     1    19    11     8     0     0     0   -39.0  -35.004  -52.776    400.9    967.6
     4     1    19    11     8     0     0     0   -39.0  -35.472  -54.954    529.2    953.8
     5     1    19    11     8     0     0     0   -39.0  -30.912  -57.328   2200.8    773.7
     1     1    19    11     7    23     0     1   -40.0  -37.702  -52.376     39.7   1007.9
     2     1    19    11     7    23     0     1   -40.0  -36.303  -51.789    307.0    976.7
     3     1    19    11     7    23     0     1   -40.0  -35.156  -52.891    374.8    968.9
     4     1    19    11     7    23     0     1   -40.0  -35.759  -54.799    535.8    951.3
     5     1    19    11     7    23     0     1   -40.0  -30.964  -57.243   2258.9    767.4
     1     1    19    11     7    22     0     2   -41.0  -38.011  -52.440     40.0   1007.5
     2     1    19    11     7    22     0     2   -41.0  -36.524  -51.919    291.6    977.2
     3     1    19    11     7    22     0     2   -41.0  -35.302  -53.030    349.9    971.7
     4     1    19    11     7    22     0     2   -41.0  -36.078  -54.661    534.6    950.4
     5     1    19    11     7    22     0     2   -41.0  -31.031  -57.176   2332.6    759.0
     1     1    19    11     7    21     0     3   -42.0  -38.320  -52.542     40.2   1006.8
     2     1    19    11     7    21     0     3   -42.0  -36.755  -52.044    266.2    978.9
     3     1    19    11     7    21     0     3   -42.0  -35.444  -53.198    338.7    972.9
     4     1    19    11     7    21     0     3   -42.0  -36.433  -54.544    534.0    950.8
     5     1    19    11     7    21     0     3   -42.0  -31.115  -57.130   2415.7    750.0
     1     1    19    11     7    20     0     2   -43.0  -38.626  -52.659     40.2   1006.3
     2     1    19    11     7    20     0     2   -43.0  -36.983  -52.176    229.9    983.1
     3     1    19    11     7    20     0     2   -43.0  -35.586  -53.397    335.3    971.9
     4     1    19    11     7    20     0     2   -43.0  -36.801  -54.481    538.6    949.3
     5     1    19    11     7    20     0     2   -43.0  -31.213  -57.101   2491.6    741.8
     1     1    19    11     7    19     0     1   -44.0  -38.924  -52.781     40.2   1006.2
     2     1    19    11     7    19     0     1   -44.0  -37.189  -52.362    202.1    987.3
     3     1    19    11     7    19     0     1   -44.0  -35.721  -53.640    319.8    972.7
     4     1    19    11     7    19     0     1   -44.0  -37.172  -54.437    542.8    948.5
     5     1    19    11     7    19     0     1   -44.0  -31.316  -57.085   2554.5    736.6
     1     1    19    11     7    18     0     0   -45.0  -39.212  -52.905     40.2   1005.8
     2     1    19    11     7    18     0     0   -45.0  -37.397  -52.571    194.4    987.9
     3     1    19    11     7    18     0     0   -45.0  -35.840  -53.963    283.8    976.7
     4     1    19    11     7    18     0     0   -45.0  -37.547  -54.402    550.1    947.6
     5     1    19    11     7    18     0     0   -45.0  -31.415  -57.088   2614.4    731.9
     1     1    19    11     7    17     0     1   -46.0  -39.497  -53.039     40.2   1004.9
     2     1    19    11     7    17     0     1   -46.0  -37.601  -52.803    196.2    986.4
     3     1    19    11     7    17     0     1   -46.0  -35.932  -54.333    243.9    983.4
     4     1    19    11     7    17     0     1   -46.0  -37.921  -54.416    559.0    946.0
     5     1    19    11     7    17     0     1   -46.0  -31.510  -57.113   2668.1    726.9
     1     1    19    11     7    16     0     2   -47.0  -39.778  -53.205     40.2   1004.3
     2     1    19    11     7    16     0     2   -47.0  -37.774  -53.095    190.0    986.2
     3     1    19    11     7    16     0     2   -47.0  -35.981  -54.716    211.3    986.3
     4     1    19    11     7    16     0     2   -47.0  -38.302  -54.476    562.0    944.8
     5     1    19    11     7    16     0     2   -47.0  -31.606  -57.156   2710.9    724.0
     1     1    19    11     7    15     0     3   -48.0  -40.048  -53.411     40.0   1003.8
     2     1    19    11     7    15     0     3   -48.0  -37.938  -53.418    166.4    988.7
     3     1    19    11     7    15     0     3   -48.0  -35.961  -55.150    182.0    990.1
     4     1    19    11     7    15     0     3   -48.0  -38.696  -54.577    560.2    945.1
     5     1    19    11     7    15     0     3   -48.0  -31.699  -57.209   2747.0    721.8
     1     1    19    11     7    14     0     2   -49.0  -40.307  -53.634     38.6   1003.5
     2     1    19    11     7    14     0     2   -49.0  -38.090  -53.746    141.6    993.8
     3     1    19    11     7    14     0     2   -49.0  -35.886  -55.596    167.0    993.0
     4     1    19    11     7    14     0     2   -49.0  -39.105  -54.729    551.8    944.9
     5     1    19    11     7    14     0     2   -49.0  -31.791  -57.271   2782.4    719.9
     1     1    19    11     7    13     0     1   -50.0  -40.554  -53.866     34.6   1003.2
     2     1    19    11     7    13     0     1   -50.0  -38.191  -54.105    127.3    994.9
     3     1    19    11     7    13     0     1   -50.0  -35.779  -56.018    161.1    992.9
     4     1    19    11     7    13     0     1   -50.0  -39.528  -54.940    528.8    946.8
     5     1    19    11     7    13     0     1   -50.0  -31.884  -57.343   2815.0    717.5
     1     1    19    11     7    12     0     0   -51.0  -40.787  -54.128     27.9   1003.1
     2     1    19    11     7    12     0     0   -51.0  -38.229  -54.523    114.9    995.2
     3     1    19    11     7    12     0     0   -51.0  -35.640  -56.419    153.0    993.9
     4     1    19    11     7    12     0     0   -51.0  -39.973  -55.223    513.6    950.5
     5     1    19    11     7    12     0     0   -51.0  -31.981  -57.423   2831.9    716.7
     1     1    19    11     7    11     0     1   -52.0  -41.003  -54.410     18.7   1003.6
     2     1    19    11     7    11     0     1   -52.0  -38.217  -54.977     96.2    996.2
     3     1    19    11     7    11     0     1   -52.0  -35.474  -56.789    142.5    995.4
     4     1    19    11     7    11     0     1   -52.0  -40.408  -55.570    520.1    947.2
     5     1    19    11     7    11     0     1   -52.0  -32.082  -57.512   2851.8    717.9
     1     1    19    11     7    10     0     2   -53.0  -41.186  -54.682     11.3   1004.8
     2     1    19    11     7    10     0     2   -53.0  -38.146  -55.437     78.0    998.4
     3     1    19    11     7    10     0     2   -53.0  -35.283  -57.119    131.9    996.2
     4     1    19    11     7    10     0     2   -53.0  -40.794  -56.015    526.3    945.3
     5     1    19    11     7    10     0     2   -53.0  -32.179  -57.612   2900.6    714.6
     1     1    19    11     7     9     0     3   -54.0  -41.311  -54.947      5.4   1003.8
     2     1    19    11     7     9     0     3   -54.0  -37.973  -55.939     65.1    999.2
     3     1    19    11     7     9     0     3   -54.0  -35.066  -57.394    125.0    997.0
     4     1    19    11     7     9     0     3   -54.0  -41.140  -56.572    553.6    943.2
     5     1    19    11     7     9     0     3   -54.0  -32.272  -57.733   2975.0    708.8
     1     1    19    11     7     8     0     2   -55.0  -41.381  -55.198      0.7   1003.7
     2     1    19    11     7     8     0     2   -55.0  -37.728  -56.428     57.0   1001.1
     3     1    19    11     7     8     0     2   -55.0  -34.828  -57.609    127.3    994.8
     4     1    19    11     7     8     0     2   -55.0  -41.452  -57.143    565.0    937.2
     5     1    19    11     7     8     0     2   -55.0  -32.352  -57.890   3041.3    702.6
     1     1    19    11     7     7     0     1   -56.0  -41.411  -55.416      0.0   1003.6
     2     1    19    11     7     7     0     1   -56.0  -37.474  -56.834     53.8   1001.8
     3     1    19    11     7     7     0     1   -56.0  -34.572  -57.778    141.2    990.9
     4     1    19    11     7     7     0     1   -56.0  -41.726  -57.704    494.6    941.3
     5     1    19    11     7     7     0     1   -56.0  -32.414  -58.087   3074.0    701.6
     1     1    19    11     7     6     0     0   -57.0  -41.405  -55.593      0.0   1003.5
     2     1    19    11     7     6     0     0   -57.0  -37.220  -57.168     54.7   1001.6
     3     1    19    11     7     6     0     0   -57.0  -34.304  -57.910    173.1    985.6
     4     1    19    11     7     6     0     0   -57.0  -41.961  -58.327    366.4    961.0
     5     1    19    11     7     6     0     0   -57.0  -32.457  -58.322   3084.8    701.4
     1     1    19    11     7     5     0     1   -58.0  -41.375  -55.736      0.0   1003.5
     2     1    19    11     7     5     0     1   -58.0  -36.976  -57.449     55.8   1001.8
     3     1    19    11     7     5     0     1   -58.0  -34.029  -58.012    220.6    977.3
     4     1    19    11     7     5     0     1   -58.0  -42.147  -58.926    283.4    976.3
     5     1    19    11     7     5     0     1   -58.0  -32.483  -58.595   3079.8    701.7
     1     1    19    11     7     4     0     2   -59.0  -41.335  -55.856      0.0   1003.4
     2     1    19    11     7     4     0     2   -59.0  -36.741  -57.691     54.6   1002.2
     3     1    19    11     7     4     0     2   -59.0  -33.760  -58.067    265.2    974.6
     4     1    19    11     7     4     0     2   -59.0  -42.238  -59.419    236.4    976.6
     5     1    19    11     7     4     0     2   -59.0  -32.498  -58.900   3055.8    704.0
     1     1    19    11     7     3     0     3   -60.0  -41.291  -55.950      0.0   1003.4
     2     1    19    11     7     3     0     3   -60.0  -36.506  -57.899     53.3   1002.6
     3     1    19    11     7     3     0     3   -60.0  -33.512  -58.052    307.2    973.0
     4     1    19    11     7     3     0     3   -60.0  -42.172  -59.848    184.4    981.4
     5     1    19    11     7     3     0     3   -60.0  -32.501  -59.229   3013.7    707.1
     1     1    19    11     7     2     0     2   -61.0  -41.255  -56.031      0.0   1003.4
     2     1    19    11     7     2     0     2   -61.0  -36.276  -58.066     52.7   1003.4
     3     1    19    11     7     2     0     2   -61.0  -33.301  -57.974    348.0    969.5
     4     1    19    11     7     2     0     2   -61.0  -42.010  -60.180    159.1    988.6
     5     1    19    11     7     2     0     2   -61.0  -32.468  -59.557   2969.1    710.8
     1     1    19    11     7     1     0     1   -62.0  -41.238  -56.112      0.1   1003.4
     2     1    19    11     7     1     0     1   -62.0  -36.058  -58.193     52.0   1004.6
     3     1    19    11     7     1     0     1   -62.0  -33.127  -57.846    374.3    966.2
     4     1    19    11     7     1     0     1   -62.0  -41.866  -60.388    170.8    985.6
     5     1    19    11     7     1     0     1   -62.0  -32.384  -59.868   2914.4    711.8
     1     1    19    11     7     0     0     0   -63.0  -41.240  -56.195      0.2   1003.5
     2     1    19    11     7     0     0     0   -63.0  -35.851  -58.289     50.9   1005.5
     3     1    19    11     7     0     0     0   -63.0  -32.980  -57.673    364.1    965.6
     4     1    19    11     7     0     0     0   -63.0  -41.752  -60.469    210.2    980.5
     5     1    19    11     7     0     0     0   -63.0  -32.259  -60.160   2800.0    718.5
     1     1    19    11     6    23     0     1   -64.0  -41.254  -56.305      0.4   1003.8
     2     1    19    11     6    23     0     1   -64.0  -35.653  -58.378     49.4   1005.3
     3     1    19    11     6    23     0     1   -64.0  -32.861  -57.480    341.4    969.8
     4     1    19    11     6    23     0     1   -64.0  -41.692  -60.505    271.4    973.1
     5     1    19    11     6    23     0     1   -64.0  -32.104  -60.406   2657.7    736.9
     1     1    19    11     6    22     0     2   -65.0  -41.274  -56.457      0.6   1003.8
     2     1    19    11     6    22     0     2   -65.0  -35.463  -58.477     47.3   1005.1
     3     1    19    11     6    22     0     2   -65.0  -32.777  -57.299    349.3    967.8
     4     1    19    11     6    22     0     2   -65.0  -41.706  -60.587    343.0    964.5
     5     1    19    11     6    22     0     2   -65.0  -31.939  -60.601   2590.8    748.0
     1     1    19    11     6    21     0     3   -66.0  -41.303  -56.642      0.7   1003.5
     2     1    19    11     6    21     0     3   -66.0  -35.293  -58.577     44.6   1004.9
     3     1    19    11     6    21     0     3   -66.0  -32.727  -57.145    407.9    960.4
     4     1    19    11     6    21     0     3   -66.0  -41.778  -60.709    423.4    955.7
     5     1    19    11     6    21     0     3   -66.0  -31.761  -60.767   2644.4    745.3
     1     1    19    11     6    20     0     2   -67.0  -41.331  -56.844      0.7   1003.6
     2     1    19    11     6    20     0     2   -67.0  -35.138  -58.677     43.1   1005.6
     3     1    19    11     6    20     0     2   -67.0  -32.691  -57.018    512.1    945.7
     4     1    19    11     6    20     0     2   -67.0  -41.875  -60.870    507.6    945.7
     5     1    19    11     6    20     0     2   -67.0  -31.552  -60.915   2712.4    731.0
     1     1    19    11     6    19     0     1   -68.0  -41.350  -57.052      0.7   1004.0
     2     1    19    11     6    19     0     1   -68.0  -34.980  -58.779     44.9   1006.4
     3     1    19    11     6    19     0     1   -68.0  -32.651  -56.908    627.6    932.1
     4     1    19    11     6    19     0     1   -68.0  -41.971  -61.080    612.0    936.2
     5     1    19    11     6    19     0     1   -68.0  -31.335  -61.008   2698.4    733.4
     1     1    19    11     6    18     0     0   -69.0  -41.356  -57.272      0.7   1004.7
     2     1    19    11     6    18     0     0   -69.0  -34.816  -58.889     50.7   1007.1
     3     1    19    11     6    18     0     0   -69.0  -32.604  -56.819    742.9    919.8
     4     1    19    11     6    18     0     0   -69.0  -42.083  -61.383    766.2    920.2
     5     1    19    11     6    18     0     0   -69.0  -31.120  -61.045   2617.7    742.1
     1     1    19    11     6    17     0     1   -70.0  -41.346  -57.515      0.7   1004.9
     2     1    19    11     6    17     0     1   -70.0  -34.649  -59.005     58.1   1006.8
     3     1    19    11     6    17     0     1   -70.0  -32.550  -56.738    853.8    907.2
     4     1    19    11     6    17     0     1   -70.0  -42.214  -61.821    908.8    897.3
     5     1    19    11     6    17     0     1   -70.0  -30.906  -61.028   2492.2    753.6
     1     1    19    11     6    16     0     2   -71.0  -41.332  -57.786      0.7   1005.2
     2     1    19    11     6    16     0     2   -71.0  -34.484  -59.118     63.1   1006.3
     3     1    19    11     6    16     0     2   -71.0  -32.499  -56.639    944.9    896.2
     4     1    19    11     6    16     0     2   -71.0  -42.349  -62.331    969.7    891.5
     5     1    19    11     6    16     0     2   -71.0  -30.694  -60.953   2338.9    767.5
     1     1    19    11     6    15     0     3   -72.0  -41.329  -58.088      0.7   1005.4
     2     1    19    11     6    15     0     3   -72.0  -34.314  -59.223     64.8   1006.4
     3     1    19    11     6    15     0     3   -72.0  -32.460  -56.512   1008.9    889.1
     4     1    19    11     6    15     0     3   -72.0  -42.471  -62.905   1019.6    892.5
     5     1    19    11     6    15     0     3   -72.0  -30.493  -60.826   2193.8    781.9
