     5     1
    GDAS    19     4     1     0     0
    GDAS    19     4     8     0     0
    GDAS    19     4    15     0     0
    GDAS    19     4    22     0     0
    GDAS    19     4    29     0     0
     5 BACKWARD OMEGA   
    19     4     4     9  -34.572  -58.513    10.0
    19     4     4     9  -34.572  -58.513   200.0
    19     4     4     9  -34.572  -58.513   500.0
    19     4     4     9  -34.572  -58.513  1000.0
    19     4     4     9  -34.572  -58.513  2000.0
     1 PRESSURE
     1     1    19     4     4     9     0     3     0.0  -34.572  -58.513     10.0    997.7
     2     1    19     4     4     9     0     3     0.0  -34.572  -58.513    200.0    975.1
     3     1    19     4     4     9     0     3     0.0  -34.572  -58.513    500.0    941.9
     4     1    19     4     4     9     0     3     0.0  -34.572  -58.513   1000.0    889.0
     5     1    19     4     4     9     0     3     0.0  -34.572  -58.513   2000.0    790.6
     1     1    19     4     4     8     0     2    -1.0  -34.470  -58.481     10.4    997.6
     2     1    19     4     4     8     0     2    -1.0  -34.293  -58.508    209.2    974.3
     3     1    19     4     4     8     0     2    -1.0  -34.249  -58.691    512.8    940.6
     4     1    19     4     4     8     0     2    -1.0  -34.345  -58.889    985.9    890.9
     5     1    19     4     4     8     0     2    -1.0  -34.526  -58.883   1926.0    799.2
     1     1    19     4     4     7     0     1    -2.0  -34.371  -58.433     10.9    997.6
     2     1    19     4     4     7     0     1    -2.0  -34.015  -58.466    222.9    972.9
     3     1    19     4     4     7     0     1    -2.0  -33.941  -58.835    520.6    940.6
     4     1    19     4     4     7     0     1    -2.0  -34.104  -59.237    963.6    893.7
     5     1    19     4     4     7     0     1    -2.0  -34.473  -59.262   1862.2    805.1
     1     1    19     4     4     6     0     0    -3.0  -34.276  -58.370     11.7    997.4
     2     1    19     4     4     6     0     0    -3.0  -33.745  -58.386    239.3    971.6
     3     1    19     4     4     6     0     0    -3.0  -33.654  -58.936    524.4    941.2
     4     1    19     4     4     6     0     0    -3.0  -33.847  -59.541    937.1    897.8
     5     1    19     4     4     6     0     0    -3.0  -34.413  -59.643   1802.5    810.3
     1     1    19     4     4     5     0     1    -4.0  -34.191  -58.287     12.7    997.6
     2     1    19     4     4     5     0     1    -4.0  -33.514  -58.263    257.5    971.2
     3     1    19     4     4     5     0     1    -4.0  -33.399  -58.990    527.3    942.1
     4     1    19     4     4     5     0     1    -4.0  -33.585  -59.791    922.2    901.9
     5     1    19     4     4     5     0     1    -4.0  -34.343  -60.019   1760.7    816.0
     1     1    19     4     4     4     0     2    -5.0  -34.122  -58.180     14.3    997.8
     2     1    19     4     4     4     0     2    -5.0  -33.342  -58.104    282.7    969.6
     3     1    19     4     4     4     0     2    -5.0  -33.188  -59.001    530.9    942.3
     4     1    19     4     4     4     0     2    -5.0  -33.342  -59.987    923.6    902.5
     5     1    19     4     4     4     0     2    -5.0  -34.270  -60.384   1756.7    815.9
     1     1    19     4     4     3     0     3    -6.0  -34.075  -58.045     17.3    998.0
     2     1    19     4     4     3     0     3    -6.0  -33.226  -57.919    315.4    966.1
     3     1    19     4     4     3     0     3    -6.0  -33.028  -58.974    532.8    942.6
     4     1    19     4     4     3     0     3    -6.0  -33.135  -60.127    930.0    901.7
     5     1    19     4     4     3     0     3    -6.0  -34.202  -60.735   1785.2    811.1
     1     1    19     4     4     2     0     2    -7.0  -34.051  -57.895     22.2    996.5
     2     1    19     4     4     2     0     2    -7.0  -33.156  -57.739    344.3    961.8
     3     1    19     4     4     2     0     2    -7.0  -32.910  -58.924    545.7    942.7
     4     1    19     4     4     2     0     2    -7.0  -32.961  -60.221    932.5    900.9
     5     1    19     4     4     2     0     2    -7.0  -34.135  -61.071   1814.0    805.1
     1     1    19     4     4     1     0     1    -8.0  -34.053  -57.748     27.7    994.8
     2     1    19     4     4     1     0     1    -8.0  -33.127  -57.580    364.9    959.8
     3     1    19     4     4     1     0     1    -8.0  -32.819  -58.885    578.6    938.9
     4     1    19     4     4     1     0     1    -8.0  -32.809  -60.279    925.7    900.8
     5     1    19     4     4     1     0     1    -8.0  -34.065  -61.388   1826.2    804.5
     1     1    19     4     4     0     0     0    -9.0  -34.083  -57.600     31.8    993.6
     2     1    19     4     4     0     0     0    -9.0  -33.126  -57.426    383.9    957.8
     3     1    19     4     4     0     0     0    -9.0  -32.754  -58.862    627.7    933.9
     4     1    19     4     4     0     0     0    -9.0  -32.682  -60.307    909.1    902.2
     5     1    19     4     4     0     0     0    -9.0  -33.985  -61.683   1830.0    804.7
     1     1    19     4     3    23     0     1   -10.0  -34.132  -57.462     33.3    993.1
     2     1    19     4     3    23     0     1   -10.0  -33.136  -57.281    401.9    955.1
     3     1    19     4     3    23     0     1   -10.0  -32.707  -58.863    683.2    926.8
     4     1    19     4     3    23     0     1   -10.0  -32.582  -60.319    887.2    904.8
     5     1    19     4     3    23     0     1   -10.0  -33.896  -61.949   1832.7    805.0
     1     1    19     4     3    22     0     2   -11.0  -34.190  -57.347     32.3    993.2
     2     1    19     4     3    22     0     2   -11.0  -33.157  -57.163    415.9    953.2
     3     1    19     4     3    22     0     2   -11.0  -32.674  -58.883    735.7    921.1
     4     1    19     4     3    22     0     2   -11.0  -32.507  -60.329    869.0    907.0
     5     1    19     4     3    22     0     2   -11.0  -33.810  -62.189   1840.5    804.2
     1     1    19     4     3    21     0     3   -12.0  -34.252  -57.250     30.5    993.7
     2     1    19     4     3    21     0     3   -12.0  -33.202  -57.070    424.4    951.7
     3     1    19     4     3    21     0     3   -12.0  -32.657  -58.912    785.7    916.0
     4     1    19     4     3    21     0     3   -12.0  -32.457  -60.343    862.8    908.0
     5     1    19     4     3    21     0     3   -12.0  -33.730  -62.408   1860.0    802.3
     1     1    19     4     3    20     0     2   -13.0  -34.314  -57.159     28.5    995.3
     2     1    19     4     3    20     0     2   -13.0  -33.259  -56.999    424.3    951.6
     3     1    19     4     3    20     0     2   -13.0  -32.649  -58.942    829.6    911.8
     4     1    19     4     3    20     0     2   -13.0  -32.423  -60.358    868.4    907.7
     5     1    19     4     3    20     0     2   -13.0  -33.664  -62.607   1895.7    798.9
     1     1    19     4     3    19     0     1   -14.0  -34.377  -57.064     26.4    997.1
     2     1    19     4     3    19     0     1   -14.0  -33.314  -56.949    416.3    952.5
     3     1    19     4     3    19     0     1   -14.0  -32.645  -58.968    861.8    909.2
     4     1    19     4     3    19     0     1   -14.0  -32.396  -60.371    882.4    906.9
     5     1    19     4     3    19     0     1   -14.0  -33.611  -62.788   1943.7    793.9
     1     1    19     4     3    18     0     0   -15.0  -34.444  -56.963     24.8    999.3
     2     1    19     4     3    18     0     0   -15.0  -33.369  -56.922    401.5    954.4
     3     1    19     4     3    18     0     0   -15.0  -32.647  -58.988    881.5    907.7
     4     1    19     4     3    18     0     0   -15.0  -32.375  -60.383    903.7    905.1
     5     1    19     4     3    18     0     0   -15.0  -33.567  -62.949   1996.8    788.7
     1     1    19     4     3    17     0     1   -16.0  -34.520  -56.852     24.1   1001.1
     2     1    19     4     3    17     0     1   -16.0  -33.429  -56.891    386.4    956.6
     3     1    19     4     3    17     0     1   -16.0  -32.653  -59.001    892.5    907.5
     4     1    19     4     3    17     0     1   -16.0  -32.364  -60.395    924.5    902.6
     5     1    19     4     3    17     0     1   -16.0  -33.542  -63.101   2052.5    782.9
     1     1    19     4     3    16     0     2   -17.0  -34.606  -56.729     24.1   1002.8
     2     1    19     4     3    16     0     2   -17.0  -33.500  -56.830    376.3    957.8
     3     1    19     4     3    16     0     2   -17.0  -32.662  -59.014    899.5    907.3
     4     1    19     4     3    16     0     2   -17.0  -32.363  -60.410    937.1    901.7
     5     1    19     4     3    16     0     2   -17.0  -33.552  -63.257   2113.0    776.2
     1     1    19     4     3    15     0     3   -18.0  -34.702  -56.597     24.2   1004.5
     2     1    19     4     3    15     0     3   -18.0  -33.584  -56.740    372.6    958.3
     3     1    19     4     3    15     0     3   -18.0  -32.674  -59.025    902.5    907.6
     4     1    19     4     3    15     0     3   -18.0  -32.374  -60.426    940.8    901.9
     5     1    19     4     3    15     0     3   -18.0  -33.594  -63.422   2179.9    769.1
     1     1    19     4     3    14     0     2   -19.0  -34.819  -56.457     24.2   1006.5
     2     1    19     4     3    14     0     2   -19.0  -33.689  -56.619    374.6    957.7
     3     1    19     4     3    14     0     2   -19.0  -32.688  -59.030    904.3    907.9
     4     1    19     4     3    14     0     2   -19.0  -32.391  -60.442    942.6    902.8
     5     1    19     4     3    14     0     2   -19.0  -33.665  -63.601   2252.6    761.2
     1     1    19     4     3    13     0     1   -20.0  -34.965  -56.302     24.2   1008.4
     2     1    19     4     3    13     0     1   -20.0  -33.825  -56.463    380.9    957.1
     3     1    19     4     3    13     0     1   -20.0  -32.704  -59.028    907.8    907.6
     4     1    19     4     3    13     0     1   -20.0  -32.410  -60.462    950.1    902.2
     5     1    19     4     3    13     0     1   -20.0  -33.755  -63.798   2327.8    753.2
     1     1    19     4     3    12     0     0   -21.0  -35.143  -56.142     24.5   1008.9
     2     1    19     4     3    12     0     0   -21.0  -33.995  -56.274    391.2    956.5
     3     1    19     4     3    12     0     0   -21.0  -32.720  -59.021    912.6    907.3
     4     1    19     4     3    12     0     0   -21.0  -32.434  -60.486    963.0    901.0
     5     1    19     4     3    12     0     0   -21.0  -33.860  -64.010   2404.8    745.8
     1     1    19     4     3    11     0     1   -22.0  -35.347  -55.999     24.6   1008.7
     2     1    19     4     3    11     0     1   -22.0  -34.198  -56.072    396.7    957.4
     3     1    19     4     3    11     0     1   -22.0  -32.744  -59.011    916.1    906.4
     4     1    19     4     3    11     0     1   -22.0  -32.468  -60.514    975.8    899.0
     5     1    19     4     3    11     0     1   -22.0  -33.973  -64.243   2475.7    736.5
     1     1    19     4     3    10     0     2   -23.0  -35.569  -55.885     24.0   1008.7
     2     1    19     4     3    10     0     2   -23.0  -34.429  -55.886    385.4    959.8
     3     1    19     4     3    10     0     2   -23.0  -32.781  -59.000    914.9    906.3
     4     1    19     4     3    10     0     2   -23.0  -32.520  -60.542    983.2    898.2
     5     1    19     4     3    10     0     2   -23.0  -34.092  -64.502   2538.0    728.8
     1     1    19     4     3     9     0     3   -24.0  -35.808  -55.801     23.1   1008.7
     2     1    19     4     3     9     0     3   -24.0  -34.688  -55.724    357.2    964.9
     3     1    19     4     3     9     0     3   -24.0  -32.829  -58.985    907.4    906.9
     4     1    19     4     3     9     0     3   -24.0  -32.589  -60.568    985.3    897.9
     5     1    19     4     3     9     0     3   -24.0  -34.225  -64.784   2599.4    721.0
     1     1    19     4     3     8     0     2   -25.0  -36.064  -55.736     22.6   1008.9
     2     1    19     4     3     8     0     2   -25.0  -34.970  -55.587    314.1    973.3
     3     1    19     4     3     8     0     2   -25.0  -32.894  -58.968    900.8    908.9
     4     1    19     4     3     8     0     2   -25.0  -32.677  -60.593    974.7    898.5
     5     1    19     4     3     8     0     2   -25.0  -34.356  -65.085   2651.5    712.7
     1     1    19     4     3     7     0     1   -26.0  -36.337  -55.684     22.6   1008.8
     2     1    19     4     3     7     0     1   -26.0  -35.275  -55.472    270.8    980.7
     3     1    19     4     3     7     0     1   -26.0  -32.982  -58.955    904.1    908.9
     4     1    19     4     3     7     0     1   -26.0  -32.791  -60.610    939.6    902.1
     5     1    19     4     3     7     0     1   -26.0  -34.465  -65.400   2676.7    706.1
     1     1    19     4     3     6     0     0   -27.0  -36.621  -55.648     22.6   1008.8
     2     1    19     4     3     6     0     0   -27.0  -35.604  -55.377    245.6    983.5
     3     1    19     4     3     6     0     0   -27.0  -33.095  -58.943    919.0    907.5
     4     1    19     4     3     6     0     0   -27.0  -32.939  -60.609    870.2    909.3
     5     1    19     4     3     6     0     0   -27.0  -34.551  -65.733   2670.1    702.4
     1     1    19     4     3     5     0     1   -28.0  -36.918  -55.633     22.6   1008.8
     2     1    19     4     3     5     0     1   -28.0  -35.965  -55.306    244.3    983.8
     3     1    19     4     3     5     0     1   -28.0  -33.225  -58.936    921.6    904.7
     4     1    19     4     3     5     0     1   -28.0  -33.115  -60.602    794.8    920.6
     5     1    19     4     3     5     0     1   -28.0  -34.623  -66.067   2645.2    703.0
     1     1    19     4     3     4     0     2   -29.0  -37.231  -55.645     22.4   1008.7
     2     1    19     4     3     4     0     2   -29.0  -36.357  -55.269    257.8    981.0
     3     1    19     4     3     4     0     2   -29.0  -33.367  -58.947    884.8    908.6
     4     1    19     4     3     4     0     2   -29.0  -33.287  -60.624    749.3    924.6
     5     1    19     4     3     4     0     2   -29.0  -34.682  -66.381   2627.8    707.7
     1     1    19     4     3     3     0     3   -30.0  -37.560  -55.686     22.3   1008.7
     2     1    19     4     3     3     0     3   -30.0  -36.777  -55.265    275.0    979.4
     3     1    19     4     3     3     0     3   -30.0  -33.526  -58.991    809.2    916.8
     4     1    19     4     3     3     0     3   -30.0  -33.453  -60.709    724.2    925.6
     5     1    19     4     3     3     0     3   -30.0  -34.736  -66.677   2612.3    710.4
     1     1    19     4     3     2     0     2   -31.0  -37.893  -55.765     22.3   1008.5
     2     1    19     4     3     2     0     2   -31.0  -37.207  -55.307    296.1    976.0
     3     1    19     4     3     2     0     2   -31.0  -33.693  -59.076    720.1    928.4
     4     1    19     4     3     2     0     2   -31.0  -33.619  -60.832    727.1    925.2
     5     1    19     4     3     2     0     2   -31.0  -34.786  -66.967   2595.2    713.0
     1     1    19     4     3     1     0     1   -32.0  -38.219  -55.881     22.3   1008.4
     2     1    19     4     3     1     0     1   -32.0  -37.641  -55.409    313.5    973.1
     3     1    19     4     3     1     0     1   -32.0  -33.849  -59.213    652.8    937.3
     4     1    19     4     3     1     0     1   -32.0  -33.783  -60.952    772.5    919.3
     5     1    19     4     3     1     0     1   -32.0  -34.836  -67.266   2592.0    711.5
     1     1    19     4     3     0     0     0   -33.0  -38.538  -56.024     22.3   1008.6
     2     1    19     4     3     0     0     0   -33.0  -38.101  -55.561    319.6    971.8
     3     1    19     4     3     0     0     0   -33.0  -33.981  -59.417    647.2    940.1
     4     1    19     4     3     0     0     0   -33.0  -33.956  -61.055    860.4    908.9
     5     1    19     4     3     0     0     0   -33.0  -34.904  -67.609   2640.8    704.8
     1     1    19     4     2    23     0     1   -34.0  -38.837  -56.208     22.3   1007.5
     2     1    19     4     2    23     0     1   -34.0  -38.553  -55.781    328.1    972.0
     3     1    19     4     2    23     0     1   -34.0  -34.079  -59.648    694.0    930.4
     4     1    19     4     2    23     0     1   -34.0  -34.132  -61.161    936.6    895.5
     5     1    19     4     2    23     0     1   -34.0  -34.997  -68.037   2730.0    687.8
     1     1    19     4     2    22     0     2   -35.0  -39.118  -56.449     22.3   1006.3
     2     1    19     4     2    22     0     2   -35.0  -38.987  -56.085    355.8    968.3
     3     1    19     4     2    22     0     2   -35.0  -34.150  -59.882    740.3    923.7
     4     1    19     4     2    22     0     2   -35.0  -34.278  -61.311    977.3    893.4
     5     1    19     4     2    22     0     2   -35.0  -35.097  -68.452   2747.0    654.8
     1     1    19     4     2    21     0     3   -36.0  -39.392  -56.746     22.3   1005.3
     2     1    19     4     2    21     0     3   -36.0  -39.430  -56.478    391.3    961.9
     3     1    19     4     2    21     0     3   -36.0  -34.202  -60.129    772.7    919.1
     4     1    19     4     2    21     0     3   -36.0  -34.388  -61.494   1024.2    890.5
     5     1    19     4     2    21     0     3   -36.0  -35.204  -68.811   2696.9    635.4
     1     1    19     4     2    20     0     2   -37.0  -39.651  -57.080     22.3   1004.7
     2     1    19     4     2    20     0     2   -37.0  -39.871  -56.936    422.5    958.4
     3     1    19     4     2    20     0     2   -37.0  -34.241  -60.384    800.2    916.2
     4     1    19     4     2    20     0     2   -37.0  -34.475  -61.692   1074.7    883.3
     5     1    19     4     2    20     0     2   -37.0  -35.329  -69.138   2615.7    617.6
     1     1    19     4     2    19     0     1   -38.0  -39.878  -57.424     22.3   1004.4
     2     1    19     4     2    19     0     1   -38.0  -40.294  -57.435    450.7    954.7
     3     1    19     4     2    19     0     1   -38.0  -34.265  -60.639    833.3    911.7
     4     1    19     4     2    19     0     1   -38.0  -34.549  -61.889   1109.6    879.8
     5     1    19     4     2    19     0     1   -38.0  -35.485  -69.446   2570.7    593.4
     1     1    19     4     2    18     0     0   -39.0  -40.070  -57.767     22.3   1004.4
     2     1    19     4     2    18     0     0   -39.0  -40.701  -57.968    470.0    951.3
     3     1    19     4     2    18     0     0   -39.0  -34.273  -60.898    873.8    906.8
     4     1    19     4     2    18     0     0   -39.0  -34.609  -62.083   1133.2    877.4
     5     1    19     4     2    18     0     0   -39.0  -35.686  -69.756   2596.8    572.4
     1     1    19     4     2    17     0     1   -40.0  -40.234  -58.126     21.4   1003.8
     2     1    19     4     2    17     0     1   -40.0  -41.115  -58.524    482.6    950.2
     3     1    19     4     2    17     0     1   -40.0  -34.266  -61.158    910.7    901.0
     4     1    19     4     2    17     0     1   -40.0  -34.664  -62.278   1146.2    875.5
     5     1    19     4     2    17     0     1   -40.0  -35.937  -70.070   2682.7    566.1
     1     1    19     4     2    16     0     2   -41.0  -40.386  -58.504     19.7   1003.5
     2     1    19     4     2    16     0     2   -41.0  -41.546  -59.106    502.8    947.7
     3     1    19     4     2    16     0     2   -41.0  -34.241  -61.421    924.1    898.9
     4     1    19     4     2    16     0     2   -41.0  -34.723  -62.481   1148.3    875.0
     5     1    19     4     2    16     0     2   -41.0  -36.210  -70.369   2765.6    571.6
     1     1    19     4     2    15     0     3   -42.0  -40.545  -58.893     18.8   1002.9
     2     1    19     4     2    15     0     3   -42.0  -42.000  -59.719    534.8    943.1
     3     1    19     4     2    15     0     3   -42.0  -34.188  -61.694    907.7    900.7
     4     1    19     4     2    15     0     3   -42.0  -34.791  -62.684   1143.1    875.2
     5     1    19     4     2    15     0     3   -42.0  -36.489  -70.646   2803.3    575.6
     1     1    19     4     2    14     0     2   -43.0  -40.687  -59.287     18.7   1002.4
     2     1    19     4     2    14     0     2   -43.0  -42.485  -60.368    561.5    937.6
     3     1    19     4     2    14     0     2   -43.0  -34.095  -61.979    880.5    905.7
     4     1    19     4     2    14     0     2   -43.0  -34.860  -62.883   1134.3    875.5
     5     1    19     4     2    14     0     2   -43.0  -36.776  -70.917   2812.0    577.0
     1     1    19     4     2    13     0     1   -44.0  -40.802  -59.678     20.3   1002.1
     2     1    19     4     2    13     0     1   -44.0  -42.992  -61.090    584.8    936.7
     3     1    19     4     2    13     0     1   -44.0  -33.980  -62.261    870.0    906.5
     4     1    19     4     2    13     0     1   -44.0  -34.917  -63.080   1122.3    875.9
     5     1    19     4     2    13     0     1   -44.0  -37.064  -71.188   2829.5    598.6
     1     1    19     4     2    12     0     0   -45.0  -40.934  -60.064     26.4   1001.6
     2     1    19     4     2    12     0     0   -45.0  -43.525  -61.882    606.3    932.3
     3     1    19     4     2    12     0     0   -45.0  -33.848  -62.530    881.8    904.3
     4     1    19     4     2    12     0     0   -45.0  -34.960  -63.275   1107.5    876.8
     5     1    19     4     2    12     0     0   -45.0  -37.353  -71.451   2864.2    627.3
     1     1    19     4     2    11     0     1   -46.0  -41.052  -60.455     35.7    999.1
     2     1    19     4     2    11     0     1   -46.0  -44.077  -62.715    621.7    931.0
     3     1    19     4     2    11     0     1   -46.0  -33.691  -62.772    904.2    899.7
     4     1    19     4     2    11     0     1   -46.0  -34.979  -63.459   1102.0    876.8
     5     1    19     4     2    11     0     1   -46.0  -37.648  -71.723   2929.1    646.7
     1     1    19     4     2    10     0     2   -47.0  -41.101  -60.868     40.3    997.9
     2     1    19     4     2    10     0     2   -47.0  -44.613  -63.619    634.3    927.8
     3     1    19     4     2    10     0     2   -47.0  -33.502  -62.973    926.5    896.4
     4     1    19     4     2    10     0     2   -47.0  -34.961  -63.619   1113.7    874.7
     5     1    19     4     2    10     0     2   -47.0  -37.947  -72.047   3028.5    660.0
     1     1    19     4     2     9     0     3   -48.0  -41.113  -61.301     39.3    997.4
     2     1    19     4     2     9     0     3   -48.0  -45.152  -64.618    638.3    926.9
     3     1    19     4     2     9     0     3   -48.0  -33.287  -63.139    944.7    891.8
     4     1    19     4     2     9     0     3   -48.0  -34.899  -63.759   1136.3    871.4
     5     1    19     4     2     9     0     3   -48.0  -38.264  -72.451   3099.9    666.2
     1     1    19     4     2     8     0     2   -49.0  -41.118  -61.717     37.2    997.8
     2     1    19     4     2     8     0     2   -49.0  -45.663  -65.647    644.6    925.4
     3     1    19     4     2     8     0     2   -49.0  -33.071  -63.277    961.1    887.5
     4     1    19     4     2     8     0     2   -49.0  -34.814  -63.882   1164.5    868.2
     5     1    19     4     2     8     0     2   -49.0  -38.614  -72.910   3177.2    680.4
     1     1    19     4     2     7     0     1   -50.0  -41.069  -62.082     36.4    997.6
     2     1    19     4     2     7     0     1   -50.0  -46.088  -66.737    673.5    919.1
     3     1    19     4     2     7     0     1   -50.0  -32.859  -63.393    988.5    881.7
     4     1    19     4     2     7     0     1   -50.0  -34.725  -63.984   1196.8    864.3
     5     1    19     4     2     7     0     1   -50.0  -38.982  -73.394   3283.9    682.6
     1     1    19     4     2     6     0     0   -51.0  -40.921  -62.403     34.7    996.3
     2     1    19     4     2     6     0     0   -51.0  -46.468  -67.920    729.6    881.3
     3     1    19     4     2     6     0     0   -51.0  -32.644  -63.483   1031.9    874.7
     4     1    19     4     2     6     0     0   -51.0  -34.627  -64.070   1229.4    859.9
     5     1    19     4     2     6     0     0   -51.0  -39.332  -73.888   3394.3    675.9
     1     1    19     4     2     5     0     1   -52.0  -40.734  -62.697     31.8    996.7
     2     1    19     4     2     5     0     1   -52.0  -46.913  -69.149   1061.0    828.8
     3     1    19     4     2     5     0     1   -52.0  -32.431  -63.538   1079.9    867.6
     4     1    19     4     2     5     0     1   -52.0  -34.526  -64.145   1255.7    856.0
     5     1    19     4     2     5     0     1   -52.0  -39.661  -74.395   3490.0    669.7
     1     1    19     4     2     4     0     2   -53.0  -40.556  -62.945     29.4    997.0
     2     1    19     4     2     4     0     2   -53.0  -47.454  -70.334   1430.8    757.9
     3     1    19     4     2     4     0     2   -53.0  -32.230  -63.546   1117.8    862.9
     4     1    19     4     2     4     0     2   -53.0  -34.432  -64.207   1275.3    853.0
     5     1    19     4     2     4     0     2   -53.0  -39.979  -74.935   3579.2    662.4
     1     1    19     4     2     3     0     3   -54.0  -40.366  -63.143     27.6    996.9
     2     1    19     4     2     3     0     3   -54.0  -47.956  -71.659   1473.3    761.0
     3     1    19     4     2     3     0     3   -54.0  -32.040  -63.509   1139.9    860.7
     4     1    19     4     2     3     0     3   -54.0  -34.344  -64.251   1292.1    850.5
     5     1    19     4     2     3     0     3   -54.0  -40.284  -75.503   3660.7    655.8
     1     1    19     4     2     2     0     2   -55.0  -40.177  -63.304     25.3    996.7
     2     1    19     4     2     2     0     2   -55.0  -48.372  -73.065   2043.2    703.7
     3     1    19     4     2     2     0     2   -55.0  -31.872  -63.443   1161.7    860.4
     4     1    19     4     2     2     0     2   -55.0  -34.260  -64.275   1316.9    847.6
     5     1    19     4     2     2     0     2   -55.0  -40.588  -76.092   3730.1    650.1
     1     1    19     4     2     1     0     1   -56.0  -40.013  -63.446     22.5    996.7
     2     1    19     4     2     1     0     1   -56.0  -48.690  -74.149   2185.1    728.7
     3     1    19     4     2     1     0     1   -56.0  -31.733  -63.357   1201.2    858.5
     4     1    19     4     2     1     0     1   -56.0  -34.178  -64.284   1362.3    842.8
     5     1    19     4     2     1     0     1   -56.0  -40.897  -76.718   3784.0    645.6
     1     1    19     4     2     0     0     0   -57.0  -39.872  -63.571     20.6    996.7
     2     1    19     4     2     0     0     0   -57.0  -49.049  -75.046   2075.3    762.1
     3     1    19     4     2     0     0     0   -57.0  -31.620  -63.249   1257.6    855.8
     4     1    19     4     2     0     0     0   -57.0  -34.103  -64.280   1433.4    835.7
     5     1    19     4     2     0     0     0   -57.0  -41.213  -77.400   3825.0    642.1
     1     1    19     4     1    23     0     1   -58.0  -39.744  -63.693     19.7    996.3
     2     1    19     4     1    23     0     1   -58.0  -49.433  -75.924   1913.9    791.0
     3     1    19     4     1    23     0     1   -58.0  -31.514  -63.130   1313.3    853.3
     4     1    19     4     1    23     0     1   -58.0  -34.024  -64.269   1505.4    827.6
     5     1    19     4     1    23     0     1   -58.0  -41.524  -78.163   3856.8    639.1
     1     1    19     4     1    22     0     2   -59.0  -39.621  -63.830     18.8    995.9
     2     1    19     4     1    22     0     2   -59.0  -49.762  -76.845   1788.9    804.6
     3     1    19     4     1    22     0     2   -59.0  -31.402  -63.010   1357.5    852.9
     4     1    19     4     1    22     0     2   -59.0  -33.928  -64.260   1550.2    821.2
     5     1    19     4     1    22     0     2   -59.0  -41.824  -79.030   3885.1    636.5
     1     1    19     4     1    21     0     3   -60.0  -39.497  -63.982     17.6    995.4
     2     1    19     4     1    21     0     3   -60.0  -50.114  -77.855   1800.8    799.7
     3     1    19     4     1    21     0     3   -60.0  -31.292  -62.896   1401.8    849.6
     4     1    19     4     1    21     0     3   -60.0  -33.817  -64.254   1575.7    815.9
     5     1    19     4     1    21     0     3   -60.0  -42.114  -80.005   3917.0    633.2
     1     1    19     4     1    20     0     2   -61.0  -39.374  -64.139     16.5    995.2
     2     1    19     4     1    20     0     2   -61.0  -50.473  -78.872   1847.0    794.0
     3     1    19     4     1    20     0     2   -61.0  -31.182  -62.792   1464.3    844.8
     4     1    19     4     1    20     0     2   -61.0  -33.695  -64.248   1603.6    811.0
     5     1    19     4     1    20     0     2   -61.0  -42.385  -81.069   3957.3    629.8
     1     1    19     4     1    19     0     1   -62.0  -39.255  -64.293     15.7    994.4
     2     1    19     4     1    19     0     1   -62.0  -50.816  -79.850   1901.2    786.7
     3     1    19     4     1    19     0     1   -62.0  -31.072  -62.701   1557.2    836.6
     4     1    19     4     1    19     0     1   -62.0  -33.567  -64.240   1647.9    804.3
     5     1    19     4     1    19     0     1   -62.0  -42.622  -82.217   4017.1    624.7
     1     1    19     4     1    18     0     0   -63.0  -39.142  -64.443     15.2    993.2
     2     1    19     4     1    18     0     0   -63.0  -51.216  -80.755   1919.7    783.5
     3     1    19     4     1    18     0     0   -63.0  -30.967  -62.624   1690.4    824.1
     4     1    19     4     1    18     0     0   -63.0  -33.435  -64.226   1709.5    796.2
     5     1    19     4     1    18     0     0   -63.0  -42.818  -83.443   4103.5    617.4
     1     1    19     4     1    17     0     1   -64.0  -39.032  -64.582     15.0    993.0
     2     1    19     4     1    17     0     1   -64.0  -51.570  -81.544   1899.5    785.9
     3     1    19     4     1    17     0     1   -64.0  -30.862  -62.556   1825.0    810.8
     4     1    19     4     1    17     0     1   -64.0  -33.305  -64.208   1773.8    787.9
     5     1    19     4     1    17     0     1   -64.0  -42.976  -84.723   4199.8    609.0
     1     1    19     4     1    16     0     2   -65.0  -38.921  -64.702     15.1    992.6
     2     1    19     4     1    16     0     2   -65.0  -51.788  -82.194   1875.9    787.8
     3     1    19     4     1    16     0     2   -65.0  -30.750  -62.481   1916.6    802.2
     4     1    19     4     1    16     0     2   -65.0  -33.177  -64.187   1815.0    782.3
     5     1    19     4     1    16     0     2   -65.0  -43.094  -86.054   4297.3    600.8
     1     1    19     4     1    15     0     3   -66.0  -38.811  -64.806     15.3    991.8
     2     1    19     4     1    15     0     3   -66.0  -51.908  -82.690   1860.5    788.6
     3     1    19     4     1    15     0     3   -66.0  -30.630  -62.396   1964.2    797.9
     4     1    19     4     1    15     0     3   -66.0  -33.052  -64.166   1817.5    780.7
     5     1    19     4     1    15     0     3   -66.0  -43.165  -87.432   4393.1    592.8
     1     1    19     4     1    14     0     2   -67.0  -38.700  -64.902     15.3    989.9
     2     1    19     4     1    14     0     2   -67.0  -51.967  -83.068   1839.5    790.3
     3     1    19     4     1    14     0     2   -67.0  -30.506  -62.310   1982.0    796.4
     4     1    19     4     1    14     0     2   -67.0  -32.937  -64.152   1785.2    783.3
     5     1    19     4     1    14     0     2   -67.0  -43.187  -88.822   4509.0    583.7
     1     1    19     4     1    13     0     1   -68.0  -38.589  -64.994     14.6    987.9
     2     1    19     4     1    13     0     1   -68.0  -51.980  -83.367   1786.7    795.1
     3     1    19     4     1    13     0     1   -68.0  -30.380  -62.235   1986.1    796.0
     4     1    19     4     1    13     0     1   -68.0  -32.833  -64.147   1737.4    787.0
     5     1    19     4     1    13     0     1   -68.0  -43.137  -90.204   4643.4    572.9
     1     1    19     4     1    12     0     0   -69.0  -38.473  -65.078     13.6    986.7
     2     1    19     4     1    12     0     0   -69.0  -51.946  -83.585   1688.8    804.3
     3     1    19     4     1    12     0     0   -69.0  -30.252  -62.174   1986.4    796.1
     4     1    19     4     1    12     0     0   -69.0  -32.733  -64.145   1674.7    792.0
     5     1    19     4     1    12     0     0   -69.0  -43.036  -91.578   4784.7    562.6
     1     1    19     4     1    11     0     1   -70.0  -38.349  -65.151     13.3    985.5
     2     1    19     4     1    11     0     1   -70.0  -51.870  -83.781   1582.4    817.2
     3     1    19     4     1    11     0     1   -70.0  -30.113  -62.117   1984.4    795.8
     4     1    19     4     1    11     0     1   -70.0  -32.627  -64.148   1609.9    796.9
     5     1    19     4     1    11     0     1   -70.0  -42.934  -92.923   4961.1    548.9
     1     1    19     4     1    10     0     2   -71.0  -38.218  -65.217     14.4    984.2
     2     1    19     4     1    10     0     2   -71.0  -51.755  -84.007   1508.7    825.9
     3     1    19     4     1    10     0     2   -71.0  -29.956  -62.050   1975.0    796.3
     4     1    19     4     1    10     0     2   -71.0  -32.514  -64.166   1560.4    799.1
     5     1    19     4     1    10     0     2   -71.0  -42.812  -94.239   5124.6    536.7
     1     1    19     4     1     9     0     3   -72.0  -38.085  -65.272     17.2    982.8
     2     1    19     4     1     9     0     3   -72.0  -51.588  -84.248   1470.4    830.8
     3     1    19     4     1     9     0     3   -72.0  -29.787  -61.974   1957.9    797.8
     4     1    19     4     1     9     0     3   -72.0  -32.399  -64.204   1533.3    797.5
     5     1    19     4     1     9     0     3   -72.0  -42.692  -95.540   5276.2    526.0
