     4     1
    GDAS    19     8     1     0     0
    GDAS    19     8     8     0     0
    GDAS    19     8    15     0     0
    GDAS    19     8    22     0     0
     3 BACKWARD OMEGA   
    19     8    16    15  -34.572  -58.513    10.0
    19     8    16    15  -34.572  -58.513   200.0
    19     8    16    15  -34.572  -58.513   500.0
     1 PRESSURE
     1     1    19     8    16    15     0     3     0.0  -34.572  -58.513     10.0   1010.2
     2     1    19     8    16    15     0     3     0.0  -34.572  -58.513    200.0    989.1
     3     1    19     8    16    15     0     3     0.0  -34.572  -58.513    500.0    953.7
     1     1    19     8    16    14     0     2    -1.0  -34.492  -58.553      8.6   1010.7
     2     1    19     8    16    14     0     2    -1.0  -34.450  -58.591    190.4    990.2
     3     1    19     8    16    14     0     2    -1.0  -34.414  -58.685    488.2    955.5
     1     1    19     8    16    13     0     1    -2.0  -34.417  -58.578      7.6   1011.1
     2     1    19     8    16    13     0     1    -2.0  -34.310  -58.672    181.1    991.5
     3     1    19     8    16    13     0     1    -2.0  -34.221  -58.882    477.2    958.3
     1     1    19     8    16    12     0     0    -3.0  -34.346  -58.586      6.9   1011.4
     2     1    19     8    16    12     0     0    -3.0  -34.152  -58.752    174.5    992.8
     3     1    19     8    16    12     0     0    -3.0  -33.986  -59.107    472.5    960.5
     1     1    19     8    16    11     0     1    -4.0  -34.273  -58.585      6.7   1011.2
     2     1    19     8    16    11     0     1    -4.0  -33.981  -58.829    169.3    993.4
     3     1    19     8    16    11     0     1    -4.0  -33.715  -59.335    463.6    959.9
     1     1    19     8    16    10     0     2    -5.0  -34.196  -58.580      6.8   1011.0
     2     1    19     8    16    10     0     2    -5.0  -33.804  -58.894    162.0    994.7
     3     1    19     8    16    10     0     2    -5.0  -33.422  -59.529    445.4    962.8
     1     1    19     8    16     9     0     3    -6.0  -34.115  -58.570      7.2   1010.8
     2     1    19     8    16     9     0     3    -6.0  -33.618  -58.939    153.9    996.0
     3     1    19     8    16     9     0     3    -6.0  -33.104  -59.682    426.2    965.1
     1     1    19     8    16     8     0     2    -7.0  -34.027  -58.560      7.6   1011.3
     2     1    19     8    16     8     0     2    -7.0  -33.416  -58.960    150.9    997.3
     3     1    19     8    16     8     0     2    -7.0  -32.763  -59.790    406.9    966.1
     1     1    19     8    16     7     0     1    -8.0  -33.930  -58.556      8.0   1012.0
     2     1    19     8    16     7     0     1    -8.0  -33.191  -58.956    155.6    997.4
     3     1    19     8    16     7     0     1    -8.0  -32.401  -59.850    392.2    965.8
     1     1    19     8    16     6     0     0    -9.0  -33.825  -58.556      8.2   1012.7
     2     1    19     8    16     6     0     0    -9.0  -32.946  -58.930    166.4    996.8
     3     1    19     8    16     6     0     0    -9.0  -32.011  -59.857    390.1    963.7
     1     1    19     8    16     5     0     1   -10.0  -33.723  -58.543      8.9   1013.0
     2     1    19     8    16     5     0     1   -10.0  -32.699  -58.871    178.8    995.9
     3     1    19     8    16     5     0     1   -10.0  -31.622  -59.809    397.4    965.0
     1     1    19     8    16     4     0     2   -11.0  -33.630  -58.502     10.7   1013.2
     2     1    19     8    16     4     0     2   -11.0  -32.470  -58.769    190.5    995.5
     3     1    19     8    16     4     0     2   -11.0  -31.267  -59.709    403.1    966.3
     1     1    19     8    16     3     0     3   -12.0  -33.546  -58.431     14.5   1012.9
     2     1    19     8    16     3     0     3   -12.0  -32.256  -58.625    203.9    994.8
     3     1    19     8    16     3     0     3   -12.0  -30.936  -59.555    405.7    966.1
     1     1    19     8    16     2     0     2   -13.0  -33.466  -58.332     22.2   1012.1
     2     1    19     8    16     2     0     2   -13.0  -32.049  -58.447    218.1    992.9
     3     1    19     8    16     2     0     2   -13.0  -30.627  -59.355    406.4    966.5
     1     1    19     8    16     1     0     1   -14.0  -33.392  -58.212     35.9   1010.7
     2     1    19     8    16     1     0     1   -14.0  -31.852  -58.246    228.6    991.4
     3     1    19     8    16     1     0     1   -14.0  -30.344  -59.118    403.7    967.7
     1     1    19     8    16     0     0     0   -15.0  -33.326  -58.073     60.8   1008.6
     2     1    19     8    16     0     0     0   -15.0  -31.677  -58.028    238.8    991.3
     3     1    19     8    16     0     0     0   -15.0  -30.089  -58.843    383.0    970.2
     1     1    19     8    15    23     0     1   -16.0  -33.261  -57.930     99.7   1004.4
     2     1    19     8    15    23     0     1   -16.0  -31.519  -57.824    258.1    986.7
     3     1    19     8    15    23     0     1   -16.0  -29.876  -58.566    354.1    972.9
     1     1    19     8    15    22     0     2   -17.0  -33.193  -57.801    144.4    998.4
     2     1    19     8    15    22     0     2   -17.0  -31.370  -57.653    287.6    979.5
     3     1    19     8    15    22     0     2   -17.0  -29.702  -58.328    342.5    971.9
     1     1    19     8    15    21     0     3   -18.0  -33.129  -57.695    183.6    993.7
     2     1    19     8    15    21     0     3   -18.0  -31.236  -57.513    318.5    973.4
     3     1    19     8    15    21     0     3   -18.0  -29.558  -58.134    350.0    969.3
     1     1    19     8    15    20     0     2   -19.0  -33.068  -57.612    213.6    990.3
     2     1    19     8    15    20     0     2   -19.0  -31.112  -57.391    348.1    968.6
     3     1    19     8    15    20     0     2   -19.0  -29.430  -57.982    360.5    966.8
     1     1    19     8    15    19     0     1   -20.0  -33.000  -57.548    234.9    987.9
     2     1    19     8    15    19     0     1   -20.0  -30.994  -57.282    373.6    964.4
     3     1    19     8    15    19     0     1   -20.0  -29.308  -57.869    360.3    967.5
     1     1    19     8    15    18     0     0   -21.0  -32.925  -57.501    247.7    986.0
     2     1    19     8    15    18     0     0   -21.0  -30.888  -57.188    388.4    961.4
     3     1    19     8    15    18     0     0   -21.0  -29.190  -57.788    349.8    969.1
     1     1    19     8    15    17     0     1   -22.0  -32.837  -57.460    254.9    985.5
     2     1    19     8    15    17     0     1   -22.0  -30.779  -57.107    394.4    961.4
     3     1    19     8    15    17     0     1   -22.0  -29.061  -57.727    333.0    971.8
     1     1    19     8    15    16     0     2   -23.0  -32.732  -57.416    260.0    985.0
     2     1    19     8    15    16     0     2   -23.0  -30.651  -57.041    398.3    961.7
     3     1    19     8    15    16     0     2   -23.0  -28.910  -57.675    313.7    974.5
     1     1    19     8    15    15     0     3   -24.0  -32.612  -57.371    266.8    984.1
     2     1    19     8    15    15     0     3   -24.0  -30.503  -56.991    402.4    962.4
     3     1    19     8    15    15     0     3   -24.0  -28.738  -57.631    295.1    977.4
     1     1    19     8    15    14     0     2   -25.0  -32.464  -57.321    278.5    981.6
     2     1    19     8    15    14     0     2   -25.0  -30.320  -56.944    403.6    962.7
     3     1    19     8    15    14     0     2   -25.0  -28.546  -57.575    283.2    979.3
     1     1    19     8    15    13     0     1   -26.0  -32.273  -57.262    294.6    977.6
     2     1    19     8    15    13     0     1   -26.0  -30.089  -56.874    401.3    964.5
     3     1    19     8    15    13     0     1   -26.0  -28.330  -57.492    279.3    979.6
     1     1    19     8    15    12     0     0   -27.0  -32.037  -57.200    310.8    973.1
     2     1    19     8    15    12     0     0   -27.0  -29.805  -56.778    398.6    965.4
     3     1    19     8    15    12     0     0   -27.0  -28.084  -57.386    277.8    979.5
     1     1    19     8    15    11     0     1   -28.0  -31.767  -57.118    325.5    969.4
     2     1    19     8    15    11     0     1   -28.0  -29.498  -56.666    398.2    965.2
     3     1    19     8    15    11     0     1   -28.0  -27.825  -57.255    274.6    979.2
     1     1    19     8    15    10     0     2   -29.0  -31.471  -56.993    343.5    965.2
     2     1    19     8    15    10     0     2   -29.0  -29.200  -56.537    399.2    964.8
     3     1    19     8    15    10     0     2   -29.0  -27.578  -57.094    275.7    979.2
     1     1    19     8    15     9     0     3   -30.0  -31.146  -56.820    367.4    959.8
     2     1    19     8    15     9     0     3   -30.0  -28.911  -56.382    399.4    964.4
     3     1    19     8    15     9     0     3   -30.0  -27.333  -56.899    291.5    976.5
     1     1    19     8    15     8     0     2   -31.0  -30.806  -56.595    387.9    955.5
     2     1    19     8    15     8     0     2   -31.0  -28.618  -56.199    401.1    963.0
     3     1    19     8    15     8     0     2   -31.0  -27.074  -56.679    317.6    971.1
     1     1    19     8    15     7     0     1   -32.0  -30.481  -56.312    400.6    954.6
     2     1    19     8    15     7     0     1   -32.0  -28.312  -56.001    410.1    959.5
     3     1    19     8    15     7     0     1   -32.0  -26.800  -56.438    343.4    964.9
     1     1    19     8    15     6     0     0   -33.0  -30.193  -55.964    405.9    955.3
     2     1    19     8    15     6     0     0   -33.0  -27.994  -55.798    426.0    954.8
     3     1    19     8    15     6     0     0   -33.0  -26.516  -56.163    370.5    958.5
     1     1    19     8    15     5     0     1   -34.0  -29.951  -55.551    401.6    961.8
     2     1    19     8    15     5     0     1   -34.0  -27.681  -55.557    446.1    951.0
     3     1    19     8    15     5     0     1   -34.0  -26.237  -55.851    417.5    951.7
     1     1    19     8    15     4     0     2   -35.0  -29.754  -55.077    391.0    963.5
     2     1    19     8    15     4     0     2   -35.0  -27.386  -55.263    487.5    944.1
     3     1    19     8    15     4     0     2   -35.0  -25.990  -55.534    483.5    941.6
     1     1    19     8    15     3     0     3   -36.0  -29.576  -54.542    405.8    957.1
     2     1    19     8    15     3     0     3   -36.0  -27.086  -54.958    566.2    929.4
     3     1    19     8    15     3     0     3   -36.0  -25.791  -55.223    559.7    932.7
     1     1    19     8    15     2     0     2   -37.0  -29.369  -53.994    478.8    935.5
     2     1    19     8    15     2     0     2   -37.0  -26.806  -54.662    658.1    914.1
     3     1    19     8    15     2     0     2   -37.0  -25.628  -54.911    644.1    920.6
     1     1    19     8    15     1     0     1   -38.0  -29.108  -53.492    612.2    912.8
     2     1    19     8    15     1     0     1   -38.0  -26.589  -54.361    734.1    901.8
     3     1    19     8    15     1     0     1   -38.0  -25.482  -54.602    732.0    903.9
     1     1    19     8    15     0     0     0   -39.0  -28.817  -53.047    749.0    890.4
     2     1    19     8    15     0     0     0   -39.0  -26.426  -54.042    776.7    891.4
     3     1    19     8    15     0     0     0   -39.0  -25.353  -54.301    824.5    886.9
     1     1    19     8    14    23     0     1   -40.0  -28.564  -52.652    829.5    875.7
     2     1    19     8    14    23     0     1   -40.0  -26.291  -53.727    799.3    885.6
     3     1    19     8    14    23     0     1   -40.0  -25.242  -54.032    918.2    871.5
     1     1    19     8    14    22     0     2   -41.0  -28.381  -52.289    837.1    868.8
     2     1    19     8    14    22     0     2   -41.0  -26.176  -53.452    835.5    876.3
     3     1    19     8    14    22     0     2   -41.0  -25.155  -53.823   1004.7    855.4
     1     1    19     8    14    21     0     3   -42.0  -28.275  -51.953    755.2    870.4
     2     1    19     8    14    21     0     3   -42.0  -26.087  -53.190    898.1    864.5
     3     1    19     8    14    21     0     3   -42.0  -25.101  -53.662   1071.4    843.3
     1     1    19     8    14    20     0     2   -43.0  -28.233  -51.651    648.5    881.5
     2     1    19     8    14    20     0     2   -43.0  -26.021  -52.932    989.8    847.7
     3     1    19     8    14    20     0     2   -43.0  -25.075  -53.529   1106.5    835.8
     1     1    19     8    14    19     0     1   -44.0  -28.220  -51.367    587.5    878.7
     2     1    19     8    14    19     0     1   -44.0  -25.982  -52.724   1086.3    829.1
     3     1    19     8    14    19     0     1   -44.0  -25.074  -53.416   1101.2    833.7
     1     1    19     8    14    18     0     0   -45.0  -28.251  -51.106    550.4    874.5
     2     1    19     8    14    18     0     0   -45.0  -25.976  -52.569   1173.3    815.5
     3     1    19     8    14    18     0     0   -45.0  -25.101  -53.322   1048.7    836.5
     1     1    19     8    14    17     0     1   -46.0  -28.314  -50.869    523.2    870.5
     2     1    19     8    14    17     0     1   -46.0  -26.001  -52.466   1242.2    805.8
     3     1    19     8    14    17     0     1   -46.0  -25.152  -53.225    976.5    846.0
     1     1    19     8    14    16     0     2   -47.0  -28.385  -50.657    491.7    868.5
     2     1    19     8    14    16     0     2   -47.0  -26.057  -52.418   1295.0    800.5
     3     1    19     8    14    16     0     2   -47.0  -25.220  -53.111    940.1    849.6
     1     1    19     8    14    15     0     3   -48.0  -28.466  -50.472    448.7    870.5
     2     1    19     8    14    15     0     3   -48.0  -26.148  -52.410   1337.8    797.5
     3     1    19     8    14    15     0     3   -48.0  -25.299  -52.992    959.7    846.6
     1     1    19     8    14    14     0     2   -49.0  -28.562  -50.308    392.7    875.5
     2     1    19     8    14    14     0     2   -49.0  -26.280  -52.422   1373.9    796.0
     3     1    19     8    14    14     0     2   -49.0  -25.392  -52.888   1007.8    837.4
     1     1    19     8    14    13     0     1   -50.0  -28.668  -50.166    322.6    883.7
     2     1    19     8    14    13     0     1   -50.0  -26.457  -52.442   1408.3    795.5
     3     1    19     8    14    13     0     1   -50.0  -25.509  -52.796   1055.5    831.6
     1     1    19     8    14    12     0     0   -51.0  -28.776  -50.057    248.0    894.5
     2     1    19     8    14    12     0     0   -51.0  -26.689  -52.472   1448.8    795.7
     3     1    19     8    14    12     0     0   -51.0  -25.656  -52.721   1102.7    826.2
     1     1    19     8    14    11     0     1   -52.0  -28.877  -50.004    209.3    905.9
     2     1    19     8    14    11     0     1   -52.0  -26.967  -52.527   1515.7    795.8
     3     1    19     8    14    11     0     1   -52.0  -25.832  -52.678   1142.7    821.2
     1     1    19     8    14    10     0     2   -53.0  -28.969  -50.001    243.5    906.2
     2     1    19     8    14    10     0     2   -53.0  -27.263  -52.632   1625.2    791.2
     3     1    19     8    14    10     0     2   -53.0  -26.032  -52.672   1170.1    819.4
     1     1    19     8    14     9     0     3   -54.0  -29.070  -50.035    352.8    900.9
     2     1    19     8    14     9     0     3   -54.0  -27.575  -52.795   1769.3    781.6
     3     1    19     8    14     9     0     3   -54.0  -26.256  -52.691   1193.8    821.5
     1     1    19     8    14     8     0     2   -55.0  -29.215  -50.095    487.6    895.7
     2     1    19     8    14     8     0     2   -55.0  -27.908  -53.007   1913.0    768.7
     3     1    19     8    14     8     0     2   -55.0  -26.498  -52.721   1227.7    823.8
     1     1    19     8    14     7     0     1   -56.0  -29.410  -50.188    612.7    901.2
     2     1    19     8    14     7     0     1   -56.0  -28.250  -53.251   2035.6    759.1
     3     1    19     8    14     7     0     1   -56.0  -26.752  -52.760   1281.2    824.5
     1     1    19     8    14     6     0     0   -57.0  -29.644  -50.320    730.9    910.5
     2     1    19     8    14     6     0     0   -57.0  -28.598  -53.527   2146.3    750.2
     3     1    19     8    14     6     0     0   -57.0  -27.025  -52.818   1360.7    823.3
     1     1    19     8    14     5     0     1   -58.0  -29.902  -50.484    833.6    921.7
     2     1    19     8    14     5     0     1   -58.0  -28.961  -53.834   2230.5    738.9
     3     1    19     8    14     5     0     1   -58.0  -27.293  -52.898   1456.1    815.1
     1     1    19     8    14     4     0     2   -59.0  -30.174  -50.665    905.0    922.9
     2     1    19     8    14     4     0     2   -59.0  -29.330  -54.132   2312.4    746.1
     3     1    19     8    14     4     0     2   -59.0  -27.539  -52.996   1551.7    807.3
     1     1    19     8    14     3     0     3   -60.0  -30.473  -50.853    964.8    917.6
     2     1    19     8    14     3     0     3   -60.0  -29.694  -54.398   2424.4    750.6
     3     1    19     8    14     3     0     3   -60.0  -27.776  -53.123   1641.9    798.1
     1     1    19     8    14     2     0     2   -61.0  -30.804  -51.045   1014.1    909.7
     2     1    19     8    14     2     0     2   -61.0  -30.068  -54.654   2552.7    743.5
     3     1    19     8    14     2     0     2   -61.0  -28.024  -53.285   1720.2    789.1
     1     1    19     8    14     1     0     1   -62.0  -31.158  -51.253   1045.1    906.3
     2     1    19     8    14     1     0     1   -62.0  -30.446  -54.913   2627.7    730.0
     3     1    19     8    14     1     0     1   -62.0  -28.297  -53.465   1786.8    784.2
     1     1    19     8    14     0     0     0   -63.0  -31.524  -51.485   1082.6    903.8
     2     1    19     8    14     0     0     0   -63.0  -30.810  -55.170   2640.1    726.5
     3     1    19     8    14     0     0     0   -63.0  -28.603  -53.656   1848.7    777.8
     1     1    19     8    13    23     0     1   -64.0  -31.885  -51.741   1137.2    896.3
     2     1    19     8    13    23     0     1   -64.0  -31.173  -55.443   2644.3    725.6
     3     1    19     8    13    23     0     1   -64.0  -28.939  -53.885   1884.0    769.8
     1     1    19     8    13    22     0     2   -65.0  -32.232  -52.016   1172.0    889.0
     2     1    19     8    13    22     0     2   -65.0  -31.551  -55.749   2704.8    722.2
     3     1    19     8    13    22     0     2   -65.0  -29.288  -54.121   1900.8    780.7
     1     1    19     8    13    21     0     3   -66.0  -32.586  -52.318   1215.2    888.3
     2     1    19     8    13    21     0     3   -66.0  -31.949  -56.096   2856.1    712.3
     3     1    19     8    13    21     0     3   -66.0  -29.633  -54.329   1925.6    793.2
     1     1    19     8    13    20     0     2   -67.0  -32.945  -52.635   1292.8    877.4
     2     1    19     8    13    20     0     2   -67.0  -32.378  -56.492   3026.2    692.5
     3     1    19     8    13    20     0     2   -67.0  -29.984  -54.531   1964.4    799.3
     1     1    19     8    13    19     0     1   -68.0  -33.291  -52.927   1333.7    868.5
     2     1    19     8    13    19     0     1   -68.0  -32.831  -56.892   3146.6    684.4
     3     1    19     8    13    19     0     1   -68.0  -30.340  -54.749   1988.3    792.2
     1     1    19     8    13    18     0     0   -69.0  -33.644  -53.194   1340.2    870.9
     2     1    19     8    13    18     0     0   -69.0  -33.288  -57.287   3223.2    679.6
     3     1    19     8    13    18     0     0   -69.0  -30.692  -54.966   1972.2    790.2
     1     1    19     8    13    17     0     1   -70.0  -34.022  -53.472   1395.3    865.4
     2     1    19     8    13    17     0     1   -70.0  -33.742  -57.684   3278.5    675.6
     3     1    19     8    13    17     0     1   -70.0  -31.041  -55.171   1981.8    794.3
     1     1    19     8    13    16     0     2   -71.0  -34.404  -53.754   1512.6    849.6
     2     1    19     8    13    16     0     2   -71.0  -34.197  -58.082   3329.8    672.5
     3     1    19     8    13    16     0     2   -71.0  -31.420  -55.411   2072.2    782.2
     1     1    19     8    13    15     0     3   -72.0  -34.775  -54.012   1679.2    835.4
     2     1    19     8    13    15     0     3   -72.0  -34.647  -58.460   3383.5    672.8
     3     1    19     8    13    15     0     3   -72.0  -31.856  -55.679   2187.1    768.4
