     7     1
    GDAS    19    10    29     0     0
    GDAS    19    11     1     0     0
    GDAS    19    11     8     0     0
    GDAS    19    11    15     0     0
    GDAS    19    11    22     0     0
    GDAS    19    11    29     0     0
    GDAS    19    12     1     0     0
     5 BACKWARD OMEGA   
    19    11     5    15  -34.572  -58.513    10.0
    19    11     5    15  -34.572  -58.513   200.0
    19    11     5    15  -34.572  -58.513   500.0
    19    11     5    15  -34.572  -58.513  1000.0
    19    11     5    15  -34.572  -58.513  2000.0
     1 PRESSURE
     1     1    19    11     5    15     0     3     0.0  -34.572  -58.513     10.0   1011.8
     2     1    19    11     5    15     0     3     0.0  -34.572  -58.513    200.0    989.8
     3     1    19    11     5    15     0     3     0.0  -34.572  -58.513    500.0    955.7
     4     1    19    11     5    15     0     3     0.0  -34.572  -58.513   1000.0    900.8
     5     1    19    11     5    15     0     3     0.0  -34.572  -58.513   2000.0    798.6
     1     1    19    11     5    14     0     2    -1.0  -34.626  -58.542      9.0   1011.5
     2     1    19    11     5    14     0     2    -1.0  -34.637  -58.543    188.2    991.8
     3     1    19    11     5    14     0     2    -1.0  -34.652  -58.543    497.5    956.3
     4     1    19    11     5    14     0     2    -1.0  -34.697  -58.597   1044.1    896.2
     5     1    19    11     5    14     0     2    -1.0  -34.801  -58.956   2089.4    791.0
     1     1    19    11     5    13     0     1    -2.0  -34.668  -58.549      8.6   1011.1
     2     1    19    11     5    13     0     1    -2.0  -34.690  -58.544    181.3    992.5
     3     1    19    11     5    13     0     1    -2.0  -34.732  -58.549    493.9    956.6
     4     1    19    11     5    13     0     1    -2.0  -34.856  -58.692   1080.1    892.7
     5     1    19    11     5    13     0     1    -2.0  -35.048  -59.456   2164.9    782.6
     1     1    19    11     5    12     0     0    -3.0  -34.700  -58.535      8.8   1010.6
     2     1    19    11     5    12     0     0    -3.0  -34.731  -58.516    178.2    992.7
     3     1    19    11     5    12     0     0    -3.0  -34.810  -58.527    488.4    957.2
     4     1    19    11     5    12     0     0    -3.0  -35.051  -58.799   1102.1    890.1
     5     1    19    11     5    12     0     0    -3.0  -35.306  -60.004   2234.9    775.1
     1     1    19    11     5    11     0     1    -4.0  -34.735  -58.505      9.1   1009.4
     2     1    19    11     5    11     0     1    -4.0  -34.783  -58.457    179.7    991.6
     3     1    19    11     5    11     0     1    -4.0  -34.901  -58.473    492.0    957.3
     4     1    19    11     5    11     0     1    -4.0  -35.268  -58.922   1135.2    888.6
     5     1    19    11     5    11     0     1    -4.0  -35.576  -60.593   2297.1    761.9
     1     1    19    11     5    10     0     2    -5.0  -34.783  -58.469      9.5   1008.5
     2     1    19    11     5    10     0     2    -5.0  -34.865  -58.366    187.9    990.0
     3     1    19    11     5    10     0     2    -5.0  -35.024  -58.386    518.1    954.0
     4     1    19    11     5    10     0     2    -5.0  -35.495  -59.073   1187.2    879.6
     5     1    19    11     5    10     0     2    -5.0  -35.856  -61.237   2342.4    756.3
     1     1    19    11     5     9     0     3    -6.0  -34.847  -58.426     10.0   1007.8
     2     1    19    11     5     9     0     3    -6.0  -34.980  -58.238    207.4    987.6
     3     1    19    11     5     9     0     3    -6.0  -35.183  -58.273    568.1    947.1
     4     1    19    11     5     9     0     3    -6.0  -35.725  -59.243   1208.5    872.3
     5     1    19    11     5     9     0     3    -6.0  -36.153  -61.940   2354.1    751.4
     1     1    19    11     5     8     0     2    -7.0  -34.918  -58.385     10.8   1007.6
     2     1    19    11     5     8     0     2    -7.0  -35.123  -58.081    232.2    983.6
     3     1    19    11     5     8     0     2    -7.0  -35.367  -58.157    621.8    939.1
     4     1    19    11     5     8     0     2    -7.0  -35.958  -59.434   1189.0    873.6
     5     1    19    11     5     8     0     2    -7.0  -36.440  -62.620   2373.8    754.1
     1     1    19    11     5     7     0     1    -8.0  -34.993  -58.353     11.8   1007.2
     2     1    19    11     5     7     0     1    -8.0  -35.289  -57.913    250.1    981.3
     3     1    19    11     5     7     0     1    -8.0  -35.564  -58.061    661.3    934.4
     4     1    19    11     5     7     0     1    -8.0  -36.205  -59.669   1163.4    873.7
     5     1    19    11     5     7     0     1    -8.0  -36.702  -63.310   2448.0    742.4
     1     1    19    11     5     6     0     0    -9.0  -35.070  -58.331     13.1   1006.7
     2     1    19    11     5     6     0     0    -9.0  -35.482  -57.731    262.6    980.0
     3     1    19    11     5     6     0     0    -9.0  -35.781  -57.986    686.7    931.1
     4     1    19    11     5     6     0     0    -9.0  -36.463  -59.968   1153.7    868.1
     5     1    19    11     5     6     0     0    -9.0  -36.949  -64.098   2506.3    730.4
     1     1    19    11     5     5     0     1   -10.0  -35.166  -58.308     13.9   1006.4
     2     1    19    11     5     5     0     1   -10.0  -35.707  -57.550    269.7    978.6
     3     1    19    11     5     5     0     1   -10.0  -36.028  -57.907    705.4    929.6
     4     1    19    11     5     5     0     1   -10.0  -36.709  -60.314   1174.4    863.1
     5     1    19    11     5     5     0     1   -10.0  -37.164  -64.969   2597.8    711.7
     1     1    19    11     5     4     0     2   -11.0  -35.294  -58.277     13.8   1006.2
     2     1    19    11     5     4     0     2   -11.0  -35.974  -57.369    283.8    976.9
     3     1    19    11     5     4     0     2   -11.0  -36.313  -57.815    737.4    925.6
     4     1    19    11     5     4     0     2   -11.0  -36.934  -60.701   1211.2    858.5
     5     1    19    11     5     4     0     2   -11.0  -37.346  -65.820   2715.6    704.4
     1     1    19    11     5     3     0     3   -12.0  -35.451  -58.242     13.2   1005.8
     2     1    19    11     5     3     0     3   -12.0  -36.290  -57.187    328.9    970.9
     3     1    19    11     5     3     0     3   -12.0  -36.631  -57.740    778.0    920.5
     4     1    19    11     5     3     0     3   -12.0  -37.145  -61.137   1206.8    857.2
     5     1    19    11     5     3     0     3   -12.0  -37.509  -66.598   2818.3    697.0
     1     1    19    11     5     2     0     2   -13.0  -35.615  -58.198     13.6   1005.5
     2     1    19    11     5     2     0     2   -13.0  -36.614  -57.053    358.7    966.6
     3     1    19    11     5     2     0     2   -13.0  -36.964  -57.703    812.2    916.7
     4     1    19    11     5     2     0     2   -13.0  -37.339  -61.546   1140.1    860.1
     5     1    19    11     5     2     0     2   -13.0  -37.620  -67.372   2990.7    670.7
     1     1    19    11     5     1     0     1   -14.0  -35.786  -58.127     16.0   1005.2
     2     1    19    11     5     1     0     1   -14.0  -36.950  -56.973    408.5    963.3
     3     1    19    11     5     1     0     1   -14.0  -37.289  -57.715    866.9    907.7
     4     1    19    11     5     1     0     1   -14.0  -37.539  -61.943   1034.8    859.3
     5     1    19    11     5     1     0     1   -14.0  -37.695  -68.119   3065.5    658.3
     1     1    19    11     5     0     0     0   -15.0  -36.006  -58.001     22.1   1005.3
     2     1    19    11     5     0     0     0   -15.0  -37.317  -56.942    553.0    947.2
     3     1    19    11     5     0     0     0   -15.0  -37.590  -57.788    952.0    894.4
     4     1    19    11     5     0     0     0   -15.0  -37.744  -62.393    829.6    876.9
     5     1    19    11     5     0     0     0   -15.0  -37.768  -68.825   3110.0    650.1
     1     1    19    11     4    23     0     1   -16.0  -36.224  -57.878     27.7   1002.5
     2     1    19    11     4    23     0     1   -16.0  -37.642  -56.998    673.4    924.0
     3     1    19    11     4    23     0     1   -16.0  -37.879  -57.966   1050.4    876.5
     4     1    19    11     4    23     0     1   -16.0  -37.948  -62.838    660.0    914.3
     5     1    19    11     4    23     0     1   -16.0  -37.865  -69.477   3102.6    628.0
     1     1    19    11     4    22     0     2   -17.0  -36.369  -57.809     29.1   1001.2
     2     1    19    11     4    22     0     2   -17.0  -37.948  -57.127    708.9    920.1
     3     1    19    11     4    22     0     2   -17.0  -38.142  -58.293   1152.8    863.3
     4     1    19    11     4    22     0     2   -17.0  -38.155  -63.207    590.8    926.7
     5     1    19    11     4    22     0     2   -17.0  -38.013  -70.119   3037.7    609.7
     1     1    19    11     4    21     0     3   -18.0  -36.470  -57.756     28.7   1000.0
     2     1    19    11     4    21     0     3   -18.0  -38.271  -57.326    713.3    919.3
     3     1    19    11     4    21     0     3   -18.0  -38.336  -58.711   1224.3    857.7
     4     1    19    11     4    21     0     3   -18.0  -38.352  -63.515    567.1    927.3
     5     1    19    11     4    21     0     3   -18.0  -38.229  -70.842   3314.2    576.9
     1     1    19    11     4    20     0     2   -19.0  -36.526  -57.728     27.5    999.9
     2     1    19    11     4    20     0     2   -19.0  -38.578  -57.558    719.9    919.7
     3     1    19    11     4    20     0     2   -19.0  -38.467  -59.113   1291.2    855.4
     4     1    19    11     4    20     0     2   -19.0  -38.548  -63.817    505.6    932.0
     5     1    19    11     4    20     0     2   -19.0  -38.505  -71.583   3811.6    537.9
     1     1    19    11     4    19     0     1   -20.0  -36.522  -57.750     25.8    999.8
     2     1    19    11     4    19     0     1   -20.0  -38.840  -57.791    753.4    919.2
     3     1    19    11     4    19     0     1   -20.0  -38.553  -59.458   1365.0    846.1
     4     1    19    11     4    19     0     1   -20.0  -38.762  -64.137    417.0    947.4
     5     1    19    11     4    19     0     1   -20.0  -38.760  -72.323   4076.6    572.3
     1     1    19    11     4    18     0     0   -21.0  -36.451  -57.820     24.1    999.7
     2     1    19    11     4    18     0     0   -21.0  -39.065  -58.012    831.2    912.9
     3     1    19    11     4    18     0     0   -21.0  -38.623  -59.762   1410.1    839.9
     4     1    19    11     4    18     0     0   -21.0  -38.994  -64.494    389.9    954.1
     5     1    19    11     4    18     0     0   -21.0  -39.030  -73.008   4255.0    588.7
     1     1    19    11     4    17     0     1   -22.0  -36.342  -57.905     24.3   1000.2
     2     1    19    11     4    17     0     1   -22.0  -39.264  -58.265    888.9    898.0
     3     1    19    11     4    17     0     1   -22.0  -38.716  -60.057   1419.7    841.8
     4     1    19    11     4    17     0     1   -22.0  -39.232  -64.870    438.4    944.6
     5     1    19    11     4    17     0     1   -22.0  -39.324  -73.642   4338.4    583.8
     1     1    19    11     4    16     0     2   -23.0  -36.224  -57.975     27.7   1000.2
     2     1    19    11     4    16     0     2   -23.0  -39.489  -58.561    865.0    903.7
     3     1    19    11     4    16     0     2   -23.0  -38.848  -60.368   1380.8    845.6
     4     1    19    11     4    16     0     2   -23.0  -39.471  -65.227    521.1    932.4
     5     1    19    11     4    16     0     2   -23.0  -39.620  -74.268   4419.5    584.4
     1     1    19    11     4    15     0     3   -24.0  -36.095  -58.022     35.0    999.8
     2     1    19    11     4    15     0     3   -24.0  -39.761  -58.882    829.5    910.3
     3     1    19    11     4    15     0     3   -24.0  -39.037  -60.668   1258.9    860.4
     4     1    19    11     4    15     0     3   -24.0  -39.707  -65.601    603.2    918.0
     5     1    19    11     4    15     0     3   -24.0  -39.915  -74.911   4514.7    575.5
     1     1    19    11     4    14     0     2   -25.0  -35.962  -58.048     44.8    999.4
     2     1    19    11     4    14     0     2   -25.0  -40.044  -59.203    814.0    911.2
     3     1    19    11     4    14     0     2   -25.0  -39.286  -60.962   1098.6    881.7
     4     1    19    11     4    14     0     2   -25.0  -39.944  -66.020    682.3    907.0
     5     1    19    11     4    14     0     2   -25.0  -40.247  -75.571   4584.0    567.0
     1     1    19    11     4    13     0     1   -26.0  -35.834  -58.067     53.1    999.1
     2     1    19    11     4    13     0     1   -26.0  -40.312  -59.518    806.7    910.8
     3     1    19    11     4    13     0     1   -26.0  -39.576  -61.263    974.7    897.8
     4     1    19    11     4    13     0     1   -26.0  -40.175  -66.438    802.7    889.4
     5     1    19    11     4    13     0     1   -26.0  -40.644  -76.216   4628.3    565.2
     1     1    19    11     4    12     0     0   -27.0  -35.710  -58.082     56.4    998.6
     2     1    19    11     4    12     0     0   -27.0  -40.580  -59.843    806.5    910.9
     3     1    19    11     4    12     0     0   -27.0  -39.894  -61.612    906.0    903.7
     4     1    19    11     4    12     0     0   -27.0  -40.387  -66.816    998.4    856.6
     5     1    19    11     4    12     0     0   -27.0  -41.078  -76.847   4659.4    560.5
     1     1    19    11     4    11     0     1   -28.0  -35.588  -58.090     55.6    998.9
     2     1    19    11     4    11     0     1   -28.0  -40.855  -60.183    841.4    909.0
     3     1    19    11     4    11     0     1   -28.0  -40.222  -62.002    845.1    906.2
     4     1    19    11     4    11     0     1   -28.0  -40.587  -67.269   1248.0    804.3
     5     1    19    11     4    11     0     1   -28.0  -41.556  -77.509   4734.3    559.6
     1     1    19    11     4    10     0     2   -29.0  -35.472  -58.093     53.5    999.1
     2     1    19    11     4    10     0     2   -29.0  -41.117  -60.533    901.9    898.5
     3     1    19    11     4    10     0     2   -29.0  -40.539  -62.401    776.7    914.2
     4     1    19    11     4    10     0     2   -29.0  -40.804  -67.972   1488.1    756.8
     5     1    19    11     4    10     0     2   -29.0  -42.126  -78.235   4919.6    543.8
     1     1    19    11     4     9     0     3   -30.0  -35.364  -58.095     52.4    999.2
     2     1    19    11     4     9     0     3   -30.0  -41.364  -60.893    932.5    891.5
     3     1    19    11     4     9     0     3   -30.0  -40.827  -62.862    720.6    920.2
     4     1    19    11     4     9     0     3   -30.0  -41.006  -68.986   1701.5    711.3
     5     1    19    11     4     9     0     3   -30.0  -42.768  -79.009   5108.7    525.3
     1     1    19    11     4     8     0     2   -31.0  -35.261  -58.086     52.5    999.3
     2     1    19    11     4     8     0     2   -31.0  -41.622  -61.307    901.4    896.9
     3     1    19    11     4     8     0     2   -31.0  -41.114  -63.397    688.0    921.6
     4     1    19    11     4     8     0     2   -31.0  -41.087  -70.225   2031.8    676.2
     5     1    19    11     4     8     0     2   -31.0  -43.445  -79.768   5210.7    517.7
     1     1    19    11     4     7     0     1   -32.0  -35.155  -58.053     52.9    999.5
     2     1    19    11     4     7     0     1   -32.0  -41.927  -61.790    876.5    901.5
     3     1    19    11     4     7     0     1   -32.0  -41.405  -63.957    594.7    931.2
     4     1    19    11     4     7     0     1   -32.0  -41.038  -71.495   2102.4    682.9
     5     1    19    11     4     7     0     1   -32.0  -44.134  -80.474   5325.0    509.5
     1     1    19    11     4     6     0     0   -33.0  -35.046  -57.994     53.8    999.7
     2     1    19    11     4     6     0     0   -33.0  -42.274  -62.309    967.0    886.7
     3     1    19    11     4     6     0     0   -33.0  -41.651  -64.584    574.9    937.6
     4     1    19    11     4     6     0     0   -33.0  -40.922  -72.433   2345.3    692.5
     5     1    19    11     4     6     0     0   -33.0  -44.872  -81.201   5445.9    499.3
     1     1    19    11     4     5     0     1   -34.0  -34.929  -57.909     52.8    999.5
     2     1    19    11     4     5     0     1   -34.0  -42.586  -62.853    964.5    887.6
     3     1    19    11     4     5     0     1   -34.0  -41.900  -65.292    763.7    901.7
     4     1    19    11     4     5     0     1   -34.0  -40.856  -73.063   2313.5    740.4
     5     1    19    11     4     5     0     1   -34.0  -45.653  -81.876   5582.8    490.0
     1     1    19    11     4     4     0     2   -35.0  -34.802  -57.798     49.5    998.9
     2     1    19    11     4     4     0     2   -35.0  -42.866  -63.475    886.7    898.1
     3     1    19    11     4     4     0     2   -35.0  -42.146  -66.072   1095.5    837.0
     4     1    19    11     4     4     0     2   -35.0  -40.809  -73.569   2106.0    773.5
     5     1    19    11     4     4     0     2   -35.0  -46.421  -82.470   5738.7    477.6
     1     1    19    11     4     3     0     3   -36.0  -34.671  -57.664     46.5    998.1
     2     1    19    11     4     3     0     3   -36.0  -43.151  -64.201    876.6    897.2
     3     1    19    11     4     3     0     3   -36.0  -42.302  -66.901   1254.0    807.7
     4     1    19    11     4     3     0     3   -36.0  -40.822  -74.079   1969.5    794.1
     5     1    19    11     4     3     0     3   -36.0  -47.206  -83.081   5857.4    469.5
     1     1    19    11     4     2     0     2   -37.0  -34.559  -57.524     45.6    997.1
     2     1    19    11     4     2     0     2   -37.0  -43.362  -64.998    844.8    896.2
     3     1    19    11     4     2     0     2   -37.0  -42.358  -67.861   1367.4    752.2
     4     1    19    11     4     2     0     2   -37.0  -40.873  -74.587   1867.1    804.7
     5     1    19    11     4     2     0     2   -37.0  -48.051  -83.681   5966.9    460.7
     1     1    19    11     4     1     0     1   -38.0  -34.485  -57.384     46.4    996.0
     2     1    19    11     4     1     0     1   -38.0  -43.489  -65.797    754.3    890.9
     3     1    19    11     4     1     0     1   -38.0  -42.311  -69.021   1575.0    710.3
     4     1    19    11     4     1     0     1   -38.0  -40.943  -75.155   1819.6    809.0
     5     1    19    11     4     1     0     1   -38.0  -48.892  -84.267   6035.0    455.2
     1     1    19    11     4     0     0     0   -39.0  -34.451  -57.236     47.3    995.0
     2     1    19    11     4     0     0     0   -39.0  -43.580  -66.629    636.6    903.1
     3     1    19    11     4     0     0     0   -39.0  -42.153  -70.182   1592.3    732.0
     4     1    19    11     4     0     0     0   -39.0  -41.062  -75.809   1807.0    809.1
     5     1    19    11     4     0     0     0   -39.0  -49.690  -84.870   6107.4    449.5
     1     1    19    11     3    23     0     1   -40.0  -34.436  -57.096     48.8    994.0
     2     1    19    11     3    23     0     1   -40.0  -43.613  -67.449    641.4    888.7
     3     1    19    11     3    23     0     1   -40.0  -41.958  -71.417   1643.5    727.9
     4     1    19    11     3    23     0     1   -40.0  -41.202  -76.492   1785.9    810.8
     5     1    19    11     3    23     0     1   -40.0  -50.560  -85.463   6195.6    442.8
     1     1    19    11     3    22     0     2   -41.0  -34.417  -56.997     52.7    993.0
     2     1    19    11     3    22     0     2   -41.0  -43.520  -68.367    884.2    833.9
     3     1    19    11     3    22     0     2   -41.0  -41.762  -72.404   2016.4    719.2
     4     1    19    11     3    22     0     2   -41.0  -41.318  -77.170   1766.4    812.8
     5     1    19    11     3    22     0     2   -41.0  -51.466  -86.034   6317.6    434.2
     1     1    19    11     3    21     0     3   -42.0  -34.391  -56.948     60.3    991.7
     2     1    19    11     3    21     0     3   -42.0  -43.320  -69.375   1166.6    782.7
     3     1    19    11     3    21     0     3   -42.0  -41.542  -73.137   1785.8    800.3
     4     1    19    11     3    21     0     3   -42.0  -41.425  -77.872   1752.3    813.7
     5     1    19    11     3    21     0     3   -42.0  -52.371  -86.550   6468.1    422.4
     1     1    19    11     3    20     0     2   -43.0  -34.356  -56.938     70.9    990.1
     2     1    19    11     3    20     0     2   -43.0  -43.100  -70.471   1549.6    733.8
     3     1    19    11     3    20     0     2   -43.0  -41.358  -73.765   1366.5    853.1
     4     1    19    11     3    20     0     2   -43.0  -41.546  -78.584   1743.6    814.7
     5     1    19    11     3    20     0     2   -43.0  -53.357  -87.075   6534.6    417.3
     1     1    19    11     3    19     0     1   -44.0  -34.314  -56.948     81.3    988.4
     2     1    19    11     3    19     0     1   -44.0  -42.887  -71.625   1757.5    719.7
     3     1    19    11     3    19     0     1   -44.0  -41.216  -74.337    990.4    898.2
     4     1    19    11     3    19     0     1   -44.0  -41.679  -79.295   1724.8    816.4
     5     1    19    11     3    19     0     1   -44.0  -54.343  -87.664   6566.6    414.5
     1     1    19    11     3    18     0     0   -45.0  -34.264  -56.975     89.2    986.9
     2     1    19    11     3    18     0     0   -45.0  -42.627  -72.637   2210.9    717.3
     3     1    19    11     3    18     0     0   -45.0  -41.113  -74.900    800.4    920.8
     4     1    19    11     3    18     0     0   -45.0  -41.812  -80.027   1705.5    818.8
     5     1    19    11     3    18     0     0   -45.0  -55.280  -88.234   6604.0    410.7
     1     1    19    11     3    17     0     1   -46.0  -34.201  -56.996     96.0    986.0
     2     1    19    11     3    17     0     1   -46.0  -42.400  -73.329   1991.5    788.7
     3     1    19    11     3    17     0     1   -46.0  -41.054  -75.490    786.3    918.4
     4     1    19    11     3    17     0     1   -46.0  -41.976  -80.785   1704.1    819.0
     5     1    19    11     3    17     0     1   -46.0  -56.315  -88.806   6640.7    408.0
     1     1    19    11     3    16     0     2   -47.0  -34.122  -56.994    105.6    984.4
     2     1    19    11     3    16     0     2   -47.0  -42.238  -73.987   1702.1    813.1
     3     1    19    11     3    16     0     2   -47.0  -41.030  -76.091    748.9    921.8
     4     1    19    11     3    16     0     2   -47.0  -42.195  -81.553   1726.2    817.0
     5     1    19    11     3    16     0     2   -47.0  -57.355  -89.439   6714.2    402.2
     1     1    19    11     3    15     0     3   -48.0  -34.033  -56.971    118.7    982.4
     2     1    19    11     3    15     0     3   -48.0  -42.147  -74.635   1388.8    851.2
     3     1    19    11     3    15     0     3   -48.0  -41.035  -76.721    622.8    936.5
     4     1    19    11     3    15     0     3   -48.0  -42.437  -82.355   1773.5    811.8
     5     1    19    11     3    15     0     3   -48.0  -58.207  -90.096   6791.4    397.5
     1     1    19    11     3    14     0     2   -49.0  -33.963  -56.923    130.1    981.4
     2     1    19    11     3    14     0     2   -49.0  -42.121  -75.282   1184.7    876.1
     3     1    19    11     3    14     0     2   -49.0  -41.046  -77.356    480.6    956.8
     4     1    19    11     3    14     0     2   -49.0  -42.683  -83.203   1806.0    807.9
     5     1    19    11     3    14     0     2   -49.0  -59.101  -90.735   6912.1    389.5
     1     1    19    11     3    13     0     1   -50.0  -33.939  -56.849    134.0    981.9
     2     1    19    11     3    13     0     1   -50.0  -42.120  -75.958   1107.5    882.3
     3     1    19    11     3    13     0     1   -50.0  -41.087  -77.965    445.8    959.2
     4     1    19    11     3    13     0     1   -50.0  -42.947  -84.090   1817.8    806.5
     5     1    19    11     3    13     0     1   -50.0  -60.032  -91.351   6967.5    385.1
     1     1    19    11     3    12     0     0   -51.0  -33.960  -56.753    130.7    983.2
     2     1    19    11     3    12     0     0   -51.0  -42.166  -76.683   1052.1    887.8
     3     1    19    11     3    12     0     0   -51.0  -41.124  -78.625    435.5    959.8
     4     1    19    11     3    12     0     0   -51.0  -43.237  -85.064   1829.9    804.7
     5     1    19    11     3    12     0     0   -51.0  -60.597  -92.014   7014.7    382.3
     1     1    19    11     3    11     0     1   -52.0  -34.006  -56.647    128.0    984.0
     2     1    19    11     3    11     0     1   -52.0  -42.244  -77.445   1018.1    890.8
     3     1    19    11     3    11     0     1   -52.0  -41.171  -79.303    442.0    958.5
     4     1    19    11     3    11     0     1   -52.0  -43.522  -86.095   1822.0    805.6
     5     1    19    11     3    11     0     1   -52.0  -61.121  -92.715   7081.3    378.0
     1     1    19    11     3    10     0     2   -53.0  -34.055  -56.540    134.0    984.6
     2     1    19    11     3    10     0     2   -53.0  -42.343  -78.216    972.6    896.2
     3     1    19    11     3    10     0     2   -53.0  -41.260  -79.977    438.0    959.4
     4     1    19    11     3    10     0     2   -53.0  -43.806  -87.103   1819.0    805.8
     5     1    19    11     3    10     0     2   -53.0  -61.742  -93.436   7148.3    374.5
     1     1    19    11     3     9     0     3   -54.0  -34.107  -56.427    148.2    984.0
     2     1    19    11     3     9     0     3   -54.0  -42.434  -79.033    895.9    903.1
     3     1    19    11     3     9     0     3   -54.0  -41.329  -80.704    424.9    960.4
     4     1    19    11     3     9     0     3   -54.0  -44.076  -88.127   1817.6    805.9
     5     1    19    11     3     9     0     3   -54.0  -62.091  -94.205   7236.3    368.8
     1     1    19    11     3     8     0     2   -55.0  -34.201  -56.314    159.4    983.5
     2     1    19    11     3     8     0     2   -55.0  -42.521  -79.899    862.1    910.9
     3     1    19    11     3     8     0     2   -55.0  -41.406  -81.454    395.9    965.5
     4     1    19    11     3     8     0     2   -55.0  -44.323  -89.161   1816.2    806.7
     5     1    19    11     3     8     0     2   -55.0  -62.344  -94.992   7272.6    366.2
     1     1    19    11     3     7     0     1   -56.0  -34.372  -56.220    156.0    986.1
     2     1    19    11     3     7     0     1   -56.0  -42.644  -80.791    889.8    905.3
     3     1    19    11     3     7     0     1   -56.0  -41.460  -82.244    396.7    965.0
     4     1    19    11     3     7     0     1   -56.0  -44.570  -90.149   1847.9    803.8
     5     1    19    11     3     7     0     1   -56.0  -62.710  -95.823   7265.4    367.2
     1     1    19    11     3     6     0     0   -57.0  -34.604  -56.157    141.3    990.7
     2     1    19    11     3     6     0     0   -57.0  -42.769  -81.721    877.6    907.1
     3     1    19    11     3     6     0     0   -57.0  -41.478  -83.070    384.8    967.3
     4     1    19    11     3     6     0     0   -57.0  -44.819  -91.113   1912.0    797.2
     5     1    19    11     3     6     0     0   -57.0  -62.990  -96.711   7286.7    366.2
     1     1    19    11     3     5     0     1   -58.0  -34.867  -56.132    121.0    996.1
     2     1    19    11     3     5     0     1   -58.0  -42.870  -82.653    880.8    909.2
     3     1    19    11     3     5     0     1   -58.0  -41.515  -83.890    393.6    967.4
     4     1    19    11     3     5     0     1   -58.0  -45.073  -92.083   2006.0    788.2
     5     1    19    11     3     5     0     1   -58.0  -63.208  -97.588   7318.0    363.6
     1     1    19    11     3     4     0     2   -59.0  -35.158  -56.128     96.9   1000.9
     2     1    19    11     3     4     0     2   -59.0  -42.991  -83.637    911.9    903.1
     3     1    19    11     3     4     0     2   -59.0  -41.558  -84.722    405.7    966.0
     4     1    19    11     3     4     0     2   -59.0  -45.400  -93.025   2129.5    775.8
     5     1    19    11     3     4     0     2   -59.0  -63.479  -98.513   7313.4    364.6
     1     1    19    11     3     3     0     3   -60.0  -35.481  -56.172     80.1   1003.7
     2     1    19    11     3     3     0     3   -60.0  -43.097  -84.701    822.8    910.9
     3     1    19    11     3     3     0     3   -60.0  -41.544  -85.632    391.2    969.0
     4     1    19    11     3     3     0     3   -60.0  -45.797  -93.952   2213.8    765.7
     5     1    19    11     3     3     0     3   -60.0  -63.751  -99.476   7312.1    364.6
     1     1    19    11     3     2     0     2   -61.0  -35.806  -56.266     76.1   1004.0
     2     1    19    11     3     2     0     2   -61.0  -43.202  -85.671    657.3    938.3
     3     1    19    11     3     2     0     2   -61.0  -41.496  -86.583    360.1    971.5
     4     1    19    11     3     2     0     2   -61.0  -46.208  -94.910   2213.5    766.9
     5     1    19    11     3     2     0     2   -61.0  -63.964 -100.448   7304.5    364.7
     1     1    19    11     3     1     0     1   -62.0  -36.107  -56.374     83.5   1002.7
     2     1    19    11     3     1     0     1   -62.0  -43.289  -86.626    629.5    937.2
     3     1    19    11     3     1     0     1   -62.0  -41.437  -87.491    301.7    982.1
     4     1    19    11     3     1     0     1   -62.0  -46.639  -95.871   2224.2    764.9
     5     1    19    11     3     1     0     1   -62.0  -64.221 -101.472   7299.1    365.6
     1     1    19    11     3     0     0     0   -63.0  -36.384  -56.500     96.6   1000.8
     2     1    19    11     3     0     0     0   -63.0  -43.357  -87.608    619.5    937.0
     3     1    19    11     3     0     0     0   -63.0  -41.335  -88.401    295.8    980.9
     4     1    19    11     3     0     0     0   -63.0  -47.089  -96.832   2220.7    764.4
     5     1    19    11     3     0     0     0   -63.0  -64.485 -102.502   7360.3    361.4
     1     1    19    11     2    23     0     1   -64.0  -36.647  -56.674    109.8    998.4
     2     1    19    11     2    23     0     1   -64.0  -43.390  -88.576    567.9    944.2
     3     1    19    11     2    23     0     1   -64.0  -41.176  -89.319    283.9    983.7
     4     1    19    11     2    23     0     1   -64.0  -47.517  -97.805   2239.6    762.7
     5     1    19    11     2    23     0     1   -64.0  -64.699 -103.497   7418.2    357.5
     1     1    19    11     2    22     0     2   -65.0  -36.889  -56.900    114.1    997.0
     2     1    19    11     2    22     0     2   -65.0  -43.416  -89.480    491.6    954.5
     3     1    19    11     2    22     0     2   -65.0  -40.992  -90.204    277.6    986.0
     4     1    19    11     2    22     0     2   -65.0  -47.955  -98.722   2296.1    756.7
     5     1    19    11     2    22     0     2   -65.0  -64.918 -104.450   7424.0    357.2
     1     1    19    11     2    21     0     3   -66.0  -37.105  -57.173    110.8    996.7
     2     1    19    11     2    21     0     3   -66.0  -43.409  -90.351    467.1    956.3
     3     1    19    11     2    21     0     3   -66.0  -40.773  -91.062    295.2    984.4
     4     1    19    11     2    21     0     3   -66.0  -48.417  -99.570   2351.8    749.7
     5     1    19    11     2    21     0     3   -66.0  -65.057 -105.329   7401.6    358.8
     1     1    19    11     2    20     0     2   -67.0  -37.335  -57.496    114.0    993.8
     2     1    19    11     2    20     0     2   -67.0  -43.359  -91.258    439.5    959.7
     3     1    19    11     2    20     0     2   -67.0  -40.538  -91.888    308.0    982.8
     4     1    19    11     2    20     0     2   -67.0  -48.874 -100.409   2361.9    748.4
     5     1    19    11     2    20     0     2   -67.0  -65.209 -106.107   7427.1    356.6
     1     1    19    11     2    19     0     1   -68.0  -37.570  -57.853    113.8    988.4
     2     1    19    11     2    19     0     1   -68.0  -43.300  -92.101    370.5    967.7
     3     1    19    11     2    19     0     1   -68.0  -40.296  -92.677    306.0    984.4
     4     1    19    11     2    19     0     1   -68.0  -49.356 -101.217   2385.9    745.6
     5     1    19    11     2    19     0     1   -68.0  -65.335 -106.813   7471.6    353.7
     1     1    19    11     2    18     0     0   -69.0  -37.798  -58.245     96.5    985.1
     2     1    19    11     2    18     0     0   -69.0  -43.184  -92.932    297.2    977.1
     3     1    19    11     2    18     0     0   -69.0  -40.043  -93.436    306.0    984.9
     4     1    19    11     2    18     0     0   -69.0  -49.905 -101.969   2442.9    739.0
     5     1    19    11     2    18     0     0   -69.0  -65.388 -107.404   7552.9    348.7
     1     1    19    11     2    17     0     1   -70.0  -38.033  -58.634     73.4    986.7
     2     1    19    11     2    17     0     1   -70.0  -42.951  -93.822    224.6    986.8
     3     1    19    11     2    17     0     1   -70.0  -39.779  -94.147    305.8    985.8
     4     1    19    11     2    17     0     1   -70.0  -50.464 -102.753   2496.8    732.2
     5     1    19    11     2    17     0     1   -70.0  -65.429 -107.912   7629.1    343.9
     1     1    19    11     2    16     0     2   -71.0  -38.263  -58.999     55.3    993.3
     2     1    19    11     2    16     0     2   -71.0  -42.703  -94.608    188.6    992.5
     3     1    19    11     2    16     0     2   -71.0  -39.523  -94.810    308.8    986.3
     4     1    19    11     2    16     0     2   -71.0  -51.049 -103.573   2516.6    729.7
     5     1    19    11     2    16     0     2   -71.0  -65.472 -108.409   7678.9    341.1
     1     1    19    11     2    15     0     3   -72.0  -38.473  -59.367     42.3    996.9
     2     1    19    11     2    15     0     3   -72.0  -42.408  -95.333    184.2    993.0
     3     1    19    11     2    15     0     3   -72.0  -39.277  -95.437    330.6    983.9
     4     1    19    11     2    15     0     3   -72.0  -51.726 -104.352   2499.5    730.3
     5     1    19    11     2    15     0     3   -72.0  -65.491 -108.874   7723.3    338.4
