     4     1
    GDAS    19     8     1     0     0
    GDAS    19     8     8     0     0
    GDAS    19     8    15     0     0
    GDAS    19     8    22     0     0
     3 BACKWARD OMEGA   
    19     8    17     9  -34.572  -58.513    10.0
    19     8    17     9  -34.572  -58.513   200.0
    19     8    17     9  -34.572  -58.513   500.0
     1 PRESSURE
     1     1    19     8    17     9     0     3     0.0  -34.572  -58.513     10.0   1002.1
     2     1    19     8    17     9     0     3     0.0  -34.572  -58.513    200.0    980.5
     3     1    19     8    17     9     0     3     0.0  -34.572  -58.513    500.0    945.6
     1     1    19     8    17     8     0     2    -1.0  -34.628  -58.469      9.8   1002.6
     2     1    19     8    17     8     0     2    -1.0  -34.651  -58.436    173.2    984.3
     3     1    19     8    17     8     0     2    -1.0  -34.625  -58.519    433.0    954.6
     1     1    19     8    17     7     0     1    -2.0  -34.663  -58.429      9.1   1003.0
     2     1    19     8    17     7     0     1    -2.0  -34.690  -58.375    150.4    987.6
     3     1    19     8    17     7     0     1    -2.0  -34.642  -58.512    370.1    962.9
     1     1    19     8    17     6     0     0    -3.0  -34.678  -58.394      8.1   1003.4
     2     1    19     8    17     6     0     0    -3.0  -34.689  -58.329    131.4    990.4
     3     1    19     8    17     6     0     0    -3.0  -34.614  -58.504    311.7    969.6
     1     1    19     8    17     5     0     1    -4.0  -34.681  -58.360      6.7   1004.2
     2     1    19     8    17     5     0     1    -4.0  -34.669  -58.291    112.1    992.8
     3     1    19     8    17     5     0     1    -4.0  -34.562  -58.492    257.1    976.3
     1     1    19     8    17     4     0     2    -5.0  -34.681  -58.323      4.9   1004.9
     2     1    19     8    17     4     0     2    -5.0  -34.651  -58.252     91.9    996.1
     3     1    19     8    17     4     0     2    -5.0  -34.519  -58.457    208.8    983.0
     1     1    19     8    17     3     0     3    -6.0  -34.680  -58.283      2.6   1005.6
     2     1    19     8    17     3     0     3    -6.0  -34.637  -58.210     72.1    999.3
     3     1    19     8    17     3     0     3    -6.0  -34.487  -58.404    167.6    987.7
     1     1    19     8    17     2     0     2    -7.0  -34.674  -58.242      0.3   1005.8
     2     1    19     8    17     2     0     2    -7.0  -34.620  -58.166     55.7   1000.7
     3     1    19     8    17     2     0     2    -7.0  -34.458  -58.346    135.0    991.3
     1     1    19     8    17     1     0     1    -8.0  -34.663  -58.201      0.0   1006.0
     2     1    19     8    17     1     0     1    -8.0  -34.595  -58.119     43.8   1001.6
     3     1    19     8    17     1     0     1    -8.0  -34.422  -58.288    110.1    993.8
     1     1    19     8    17     0     0     0    -9.0  -34.646  -58.159      0.0   1006.1
     2     1    19     8    17     0     0     0    -9.0  -34.563  -58.069     34.9   1002.3
     3     1    19     8    17     0     0     0    -9.0  -34.382  -58.227     89.2    996.1
     1     1    19     8    16    23     0     1   -10.0  -34.626  -58.120      0.0   1006.0
     2     1    19     8    16    23     0     1   -10.0  -34.528  -58.023     28.5   1002.8
     3     1    19     8    16    23     0     1   -10.0  -34.340  -58.173     73.0    998.1
     1     1    19     8    16    22     0     2   -11.0  -34.603  -58.093      0.0   1006.0
     2     1    19     8    16    22     0     2   -11.0  -34.494  -57.990     25.0   1003.1
     3     1    19     8    16    22     0     2   -11.0  -34.298  -58.133     63.2    998.5
     1     1    19     8    16    21     0     3   -12.0  -34.578  -58.078      0.0   1005.9
     2     1    19     8    16    21     0     3   -12.0  -34.458  -57.971     23.8   1003.0
     3     1    19     8    16    21     0     3   -12.0  -34.253  -58.107     59.3    998.6
     1     1    19     8    16    20     0     2   -13.0  -34.542  -58.082      0.0   1005.7
     2     1    19     8    16    20     0     2   -13.0  -34.410  -57.975     24.0   1002.4
     3     1    19     8    16    20     0     2   -13.0  -34.194  -58.107     58.6    997.8
     1     1    19     8    16    19     0     1   -14.0  -34.487  -58.117      0.2   1005.5
     2     1    19     8    16    19     0     1   -14.0  -34.341  -58.011     24.6   1001.8
     3     1    19     8    16    19     0     1   -14.0  -34.114  -58.144     58.4    997.2
     1     1    19     8    16    18     0     0   -15.0  -34.412  -58.183      0.5   1005.2
     2     1    19     8    16    18     0     0   -15.0  -34.251  -58.081     25.3   1001.2
     3     1    19     8    16    18     0     0   -15.0  -34.013  -58.218     58.4    996.7
     1     1    19     8    16    17     0     1   -16.0  -34.327  -58.259      0.3   1006.5
     2     1    19     8    16    17     0     1   -16.0  -34.149  -58.164     24.7   1002.3
     3     1    19     8    16    17     0     1   -16.0  -33.903  -58.302     56.9    999.0
     1     1    19     8    16    16     0     2   -17.0  -34.238  -58.325      0.0   1007.9
     2     1    19     8    16    16     0     2   -17.0  -34.044  -58.236     21.8   1004.2
     3     1    19     8    16    16     0     2   -17.0  -33.794  -58.369     52.3   1001.6
     1     1    19     8    16    15     0     3   -18.0  -34.146  -58.381      0.0   1009.4
     2     1    19     8    16    15     0     3   -18.0  -33.939  -58.296     17.4   1007.0
     3     1    19     8    16    15     0     3   -18.0  -33.687  -58.426     45.1   1004.3
     1     1    19     8    16    14     0     2   -19.0  -34.054  -58.425      0.0   1009.7
     2     1    19     8    16    14     0     2   -19.0  -33.837  -58.341     13.8   1008.9
     3     1    19     8    16    14     0     2   -19.0  -33.581  -58.472     38.3   1006.2
     1     1    19     8    16    13     0     1   -20.0  -33.963  -58.454      0.0   1009.9
     2     1    19     8    16    13     0     1   -20.0  -33.738  -58.369     11.9   1009.7
     3     1    19     8    16    13     0     1   -20.0  -33.473  -58.505     33.6   1007.2
     1     1    19     8    16    12     0     0   -21.0  -33.874  -58.466      0.0   1010.3
     2     1    19     8    16    12     0     0   -21.0  -33.642  -58.382     11.0   1010.2
     3     1    19     8    16    12     0     0   -21.0  -33.365  -58.526     30.2   1007.9
     1     1    19     8    16    11     0     1   -22.0  -33.784  -58.467      0.0   1010.3
     2     1    19     8    16    11     0     1   -22.0  -33.546  -58.383     10.7   1010.3
     3     1    19     8    16    11     0     1   -22.0  -33.254  -58.536     28.1   1008.3
     1     1    19     8    16    10     0     2   -23.0  -33.691  -58.459      0.3   1010.3
     2     1    19     8    16    10     0     2   -23.0  -33.449  -58.372     10.8   1010.4
     3     1    19     8    16    10     0     2   -23.0  -33.141  -58.531     27.4   1008.5
     1     1    19     8    16     9     0     3   -24.0  -33.596  -58.439      1.0   1010.4
     2     1    19     8    16     9     0     3   -24.0  -33.350  -58.348     11.5   1010.5
     3     1    19     8    16     9     0     3   -24.0  -33.025  -58.509     28.5   1008.6
     1     1    19     8    16     8     0     2   -25.0  -33.497  -58.415      1.8   1011.0
     2     1    19     8    16     8     0     2   -25.0  -33.247  -58.319     12.4   1010.9
     3     1    19     8    16     8     0     2   -25.0  -32.902  -58.474     30.8   1009.1
     1     1    19     8    16     7     0     1   -26.0  -33.391  -58.394      2.5   1011.7
     2     1    19     8    16     7     0     1   -26.0  -33.138  -58.291     13.5   1011.5
     3     1    19     8    16     7     0     1   -26.0  -32.772  -58.437     33.8   1009.4
     1     1    19     8    16     6     0     0   -27.0  -33.281  -58.375      3.2   1012.3
     2     1    19     8    16     6     0     0   -27.0  -33.024  -58.261     14.9   1012.0
     3     1    19     8    16     6     0     0   -27.0  -32.637  -58.397     37.4   1009.6
     1     1    19     8    16     5     0     1   -28.0  -33.177  -58.340      4.2   1013.0
     2     1    19     8    16     5     0     1   -28.0  -32.915  -58.215     17.3   1012.5
     3     1    19     8    16     5     0     1   -28.0  -32.505  -58.344     42.0   1009.8
     1     1    19     8    16     4     0     2   -29.0  -33.088  -58.275      6.0   1013.9
     2     1    19     8    16     4     0     2   -29.0  -32.816  -58.138     21.3   1012.9
     3     1    19     8    16     4     0     2   -29.0  -32.382  -58.262     48.5   1009.9
     1     1    19     8    16     3     0     3   -30.0  -33.015  -58.178      8.2   1015.1
     2     1    19     8    16     3     0     3   -30.0  -32.726  -58.026     27.9   1013.3
     3     1    19     8    16     3     0     3   -30.0  -32.263  -58.148     58.0   1010.0
     1     1    19     8    16     2     0     2   -31.0  -32.955  -58.063     11.4   1015.4
     2     1    19     8    16     2     0     2   -31.0  -32.639  -57.888     38.9   1011.1
     3     1    19     8    16     2     0     2   -31.0  -32.148  -58.010     69.5   1009.4
     1     1    19     8    16     1     0     1   -32.0  -32.902  -57.944     17.8   1014.3
     2     1    19     8    16     1     0     1   -32.0  -32.553  -57.742     54.4   1008.1
     3     1    19     8    16     1     0     1   -32.0  -32.038  -57.861     79.6   1006.2
     1     1    19     8    16     0     0     0   -33.0  -32.853  -57.819     30.3   1011.9
     2     1    19     8    16     0     0     0   -33.0  -32.468  -57.588     74.1   1004.7
     3     1    19     8    16     0     0     0   -33.0  -31.933  -57.706     90.5   1002.8
     1     1    19     8    15    23     0     1   -34.0  -32.804  -57.694     47.0   1009.4
     2     1    19     8    15    23     0     1   -34.0  -32.382  -57.443     95.6    999.7
     3     1    19     8    15    23     0     1   -34.0  -31.829  -57.562    107.3    998.6
     1     1    19     8    15    22     0     2   -35.0  -32.754  -57.581     62.9   1007.0
     2     1    19     8    15    22     0     2   -35.0  -32.294  -57.325    115.1    995.1
     3     1    19     8    15    22     0     2   -35.0  -31.723  -57.441    129.3    993.9
     1     1    19     8    15    21     0     3   -36.0  -32.707  -57.489     75.6   1004.7
     2     1    19     8    15    21     0     3   -36.0  -32.213  -57.240    130.2    991.5
     3     1    19     8    15    21     0     3   -36.0  -31.623  -57.345    152.4    989.7
     1     1    19     8    15    20     0     2   -37.0  -32.657  -57.413     84.8   1002.7
     2     1    19     8    15    20     0     2   -37.0  -32.131  -57.174    141.5    989.3
     3     1    19     8    15    20     0     2   -37.0  -31.524  -57.262    173.7    986.5
     1     1    19     8    15    19     0     1   -38.0  -32.592  -57.347     91.4   1001.0
     2     1    19     8    15    19     0     1   -38.0  -32.041  -57.114    150.8    987.2
     3     1    19     8    15    19     0     1   -38.0  -31.422  -57.181    190.8    983.9
     1     1    19     8    15    18     0     0   -39.0  -32.513  -57.288     95.9    999.6
     2     1    19     8    15    18     0     0   -39.0  -31.946  -57.059    158.8    985.5
     3     1    19     8    15    18     0     0   -39.0  -31.321  -57.102    201.7    981.6
     1     1    19     8    15    17     0     1   -40.0  -32.422  -57.232    101.9    999.0
     2     1    19     8    15    17     0     1   -40.0  -31.843  -57.005    169.6    984.8
     3     1    19     8    15    17     0     1   -40.0  -31.216  -57.025    210.7    980.5
     1     1    19     8    15    16     0     2   -41.0  -32.318  -57.178    113.5    997.2
     2     1    19     8    15    16     0     2   -41.0  -31.728  -56.948    187.0    983.6
     3     1    19     8    15    16     0     2   -41.0  -31.098  -56.945    223.2    978.5
     1     1    19     8    15    15     0     3   -42.0  -32.201  -57.125    133.1    994.3
     2     1    19     8    15    15     0     3   -42.0  -31.600  -56.887    210.2    981.3
     3     1    19     8    15    15     0     3   -42.0  -30.963  -56.863    239.5    976.1
     1     1    19     8    15    14     0     2   -43.0  -32.059  -57.063    160.4    989.1
     2     1    19     8    15    14     0     2   -43.0  -31.443  -56.814    231.8    976.8
     3     1    19     8    15    14     0     2   -43.0  -30.799  -56.777    252.5    973.9
     1     1    19     8    15    13     0     1   -44.0  -31.872  -56.977    190.0    984.2
     2     1    19     8    15    13     0     1   -44.0  -31.242  -56.720    243.9    973.5
     3     1    19     8    15    13     0     1   -44.0  -30.594  -56.670    256.4    974.1
     1     1    19     8    15    12     0     0   -45.0  -31.639  -56.867    211.8    980.2
     2     1    19     8    15    12     0     0   -45.0  -30.999  -56.600    244.8    970.4
     3     1    19     8    15    12     0     0   -45.0  -30.354  -56.530    252.5    975.7
     1     1    19     8    15    11     0     1   -46.0  -31.380  -56.718    227.9    976.4
     2     1    19     8    15    11     0     1   -46.0  -30.737  -56.434    242.5    971.9
     3     1    19     8    15    11     0     1   -46.0  -30.111  -56.342    244.1    977.8
     1     1    19     8    15    10     0     2   -47.0  -31.109  -56.522    242.1    970.1
     2     1    19     8    15    10     0     2   -47.0  -30.485  -56.216    239.7    971.8
     3     1    19     8    15    10     0     2   -47.0  -29.892  -56.113    233.7    979.0
     1     1    19     8    15     9     0     3   -48.0  -30.829  -56.278    249.5    966.2
     2     1    19     8    15     9     0     3   -48.0  -30.259  -55.952    231.6    973.7
     3     1    19     8    15     9     0     3   -48.0  -29.694  -55.852    222.5    980.7
     1     1    19     8    15     8     0     2   -49.0  -30.570  -55.986    248.2    967.1
     2     1    19     8    15     8     0     2   -49.0  -30.077  -55.649    218.7    981.2
     3     1    19     8    15     8     0     2   -49.0  -29.510  -55.562    209.9    981.1
     1     1    19     8    15     7     0     1   -50.0  -30.356  -55.656    242.4    975.2
     2     1    19     8    15     7     0     1   -50.0  -29.940  -55.322    203.3    986.7
     3     1    19     8    15     7     0     1   -50.0  -29.340  -55.254    194.8    978.8
     1     1    19     8    15     6     0     0   -51.0  -30.193  -55.302    233.9    982.0
     2     1    19     8    15     6     0     0   -51.0  -29.832  -54.999    188.8    988.5
     3     1    19     8    15     6     0     0   -51.0  -29.170  -54.938    181.4    972.6
     1     1    19     8    15     5     0     1   -52.0  -30.079  -54.936    221.6    987.6
     2     1    19     8    15     5     0     1   -52.0  -29.741  -54.661    182.4    986.1
     3     1    19     8    15     5     0     1   -52.0  -28.995  -54.591    192.6    962.0
     1     1    19     8    15     4     0     2   -53.0  -30.007  -54.541    210.1    991.0
     2     1    19     8    15     4     0     2   -53.0  -29.658  -54.267    193.4    980.4
     3     1    19     8    15     4     0     2   -53.0  -28.790  -54.170    249.2    948.0
     1     1    19     8    15     3     0     3   -54.0  -29.961  -54.098    209.3    991.1
     2     1    19     8    15     3     0     3   -54.0  -29.565  -53.809    233.6    972.6
     3     1    19     8    15     3     0     3   -54.0  -28.510  -53.706    331.0    935.7
     1     1    19     8    15     2     0     2   -55.0  -29.919  -53.640    224.8    991.1
     2     1    19     8    15     2     0     2   -55.0  -29.437  -53.329    318.1    962.0
     3     1    19     8    15     2     0     2   -55.0  -28.212  -53.239    375.8    926.1
     1     1    19     8    15     1     0     1   -56.0  -29.875  -53.202    256.7    990.1
     2     1    19     8    15     1     0     1   -56.0  -29.276  -52.848    437.0    942.2
     3     1    19     8    15     1     0     1   -56.0  -27.960  -52.756    379.9    922.4
     1     1    19     8    15     0     0     0   -57.0  -29.846  -52.768    300.7    985.1
     2     1    19     8    15     0     0     0   -57.0  -29.092  -52.377    511.3    915.7
     3     1    19     8    15     0     0     0   -57.0  -27.720  -52.290    389.3    915.0
     1     1    19     8    14    23     0     1   -58.0  -29.853  -52.352    336.2    980.1
     2     1    19     8    14    23     0     1   -58.0  -28.962  -51.963    493.2    909.7
     3     1    19     8    14    23     0     1   -58.0  -27.492  -51.894    449.4    893.1
     1     1    19     8    14    22     0     2   -59.0  -29.913  -51.981    343.7    981.4
     2     1    19     8    14    22     0     2   -59.0  -28.921  -51.621    474.6    910.8
     3     1    19     8    14    22     0     2   -59.0  -27.297  -51.555    532.5    870.6
     1     1    19     8    14    21     0     3   -60.0  -30.024  -51.674    347.1    989.7
     2     1    19     8    14    21     0     3   -60.0  -28.899  -51.297    562.0    888.8
     3     1    19     8    14    21     0     3   -60.0  -27.126  -51.225    631.6    853.1
     1     1    19     8    14    20     0     2   -61.0  -30.148  -51.432    367.6    987.4
     2     1    19     8    14    20     0     2   -61.0  -28.863  -50.984    708.7    858.9
     3     1    19     8    14    20     0     2   -61.0  -26.995  -50.921    762.2    838.0
     1     1    19     8    14    19     0     1   -62.0  -30.261  -51.248    388.0    984.3
     2     1    19     8    14    19     0     1   -62.0  -28.832  -50.710    832.4    838.5
     3     1    19     8    14    19     0     1   -62.0  -26.919  -50.666    903.0    830.3
     1     1    19     8    14    18     0     0   -63.0  -30.375  -51.124    389.5    983.9
     2     1    19     8    14    18     0     0   -63.0  -28.838  -50.473    908.7    830.3
     3     1    19     8    14    18     0     0   -63.0  -26.891  -50.444   1005.4    826.9
     1     1    19     8    14    17     0     1   -64.0  -30.496  -51.082    386.4    987.4
     2     1    19     8    14    17     0     1   -64.0  -28.872  -50.262    984.9    824.4
     3     1    19     8    14    17     0     1   -64.0  -26.900  -50.244   1069.8    828.8
     1     1    19     8    14    16     0     2   -65.0  -30.617  -51.130    405.3    986.6
     2     1    19     8    14    16     0     2   -65.0  -28.925  -50.074   1105.0    812.3
     3     1    19     8    14    16     0     2   -65.0  -26.930  -50.055   1112.0    833.0
     1     1    19     8    14    15     0     3   -66.0  -30.731  -51.242    461.5    981.1
     2     1    19     8    14    15     0     3   -66.0  -29.011  -49.887   1275.0    808.9
     3     1    19     8    14    15     0     3   -66.0  -26.974  -49.882   1149.0    838.7
     1     1    19     8    14    14     0     2   -67.0  -30.845  -51.343    526.3    968.5
     2     1    19     8    14    14     0     2   -67.0  -29.148  -49.711   1451.1    810.4
     3     1    19     8    14    14     0     2   -67.0  -27.044  -49.728   1176.5    840.3
     1     1    19     8    14    13     0     1   -68.0  -30.976  -51.416    537.9    965.1
     2     1    19     8    14    13     0     1   -68.0  -29.335  -49.564   1582.4    816.3
     3     1    19     8    14    13     0     1   -68.0  -27.161  -49.603   1180.2    839.4
     1     1    19     8    14    12     0     0   -69.0  -31.125  -51.484    488.7    971.3
     2     1    19     8    14    12     0     0   -69.0  -29.565  -49.436   1659.0    823.8
     3     1    19     8    14    12     0     0   -69.0  -27.330  -49.517   1164.0    836.7
     1     1    19     8    14    11     0     1   -70.0  -31.294  -51.565    443.1    982.5
     2     1    19     8    14    11     0     1   -70.0  -29.831  -49.344   1704.2    832.7
     3     1    19     8    14    11     0     1   -70.0  -27.557  -49.490   1150.9    829.0
     1     1    19     8    14    10     0     2   -71.0  -31.482  -51.646    427.0    981.1
     2     1    19     8    14    10     0     2   -71.0  -30.121  -49.307   1754.0    832.4
     3     1    19     8    14    10     0     2   -71.0  -27.838  -49.551   1171.8    808.7
     1     1    19     8    14     9     0     3   -72.0  -31.684  -51.721    404.6    981.0
     2     1    19     8    14     9     0     3   -72.0  -30.424  -49.319   1812.1    825.2
     3     1    19     8    14     9     0     3   -72.0  -28.149  -49.703   1258.2    788.2
