     7     1
    GDAS    19     9    29     0     0
    GDAS    19    10     1     0     0
    GDAS    19    10     8     0     0
    GDAS    19    10    15     0     0
    GDAS    19    10    22     0     0
    GDAS    19    10    29     0     0
    GDAS    19    11     1     0     0
     5 BACKWARD OMEGA   
    19    10    31     3  -34.572  -58.513    10.0
    19    10    31     3  -34.572  -58.513   200.0
    19    10    31     3  -34.572  -58.513   500.0
    19    10    31     3  -34.572  -58.513  1000.0
    19    10    31     3  -34.572  -58.513  2000.0
     1 PRESSURE
     1     1    19    10    31     3     0     3     0.0  -34.572  -58.513     10.0   1016.0
     2     1    19    10    31     3     0     3     0.0  -34.572  -58.513    200.0    993.5
     3     1    19    10    31     3     0     3     0.0  -34.572  -58.513    500.0    959.1
     4     1    19    10    31     3     0     3     0.0  -34.572  -58.513   1000.0    903.7
     5     1    19    10    31     3     0     3     0.0  -34.572  -58.513   2000.0    800.9
     1     1    19    10    31     2     0     2    -1.0  -34.654  -58.414     11.9   1015.0
     2     1    19    10    31     2     0     2    -1.0  -34.745  -58.250    215.1    991.4
     3     1    19    10    31     2     0     2    -1.0  -34.797  -58.169    517.9    957.0
     4     1    19    10    31     2     0     2    -1.0  -34.838  -58.278   1027.4    900.3
     5     1    19    10    31     2     0     2    -1.0  -34.796  -58.504   2068.1    793.7
     1     1    19    10    31     1     0     1    -2.0  -34.740  -58.320     13.6   1014.2
     2     1    19    10    31     1     0     1    -2.0  -34.924  -57.992    233.9    991.2
     3     1    19    10    31     1     0     1    -2.0  -35.042  -57.853    545.0    956.8
     4     1    19    10    31     1     0     1    -2.0  -35.114  -58.095   1045.5    900.6
     5     1    19    10    31     1     0     1    -2.0  -35.021  -58.522   2107.6    790.5
     1     1    19    10    31     0     0     0    -3.0  -34.822  -58.231     15.4   1013.5
     2     1    19    10    31     0     0     0    -3.0  -35.105  -57.741    263.9    988.1
     3     1    19    10    31     0     0     0    -3.0  -35.303  -57.592    582.0    951.0
     4     1    19    10    31     0     0     0    -3.0  -35.397  -57.949   1068.0    898.3
     5     1    19    10    31     0     0     0    -3.0  -35.250  -58.564   2146.6    789.4
     1     1    19    10    30    23     0     1    -4.0  -34.903  -58.148     18.1   1012.9
     2     1    19    10    30    23     0     1    -4.0  -35.306  -57.504    293.5    982.6
     3     1    19    10    30    23     0     1    -4.0  -35.567  -57.371    606.5    946.8
     4     1    19    10    30    23     0     1    -4.0  -35.655  -57.823   1074.0    894.0
     5     1    19    10    30    23     0     1    -4.0  -35.458  -58.621   2225.8    781.9
     1     1    19    10    30    22     0     2    -5.0  -34.987  -58.069     23.4   1012.2
     2     1    19    10    30    22     0     2    -5.0  -35.524  -57.279    322.7    979.4
     3     1    19    10    30    22     0     2    -5.0  -35.818  -57.177    647.0    945.2
     4     1    19    10    30    22     0     2    -5.0  -35.874  -57.715   1030.6    897.6
     5     1    19    10    30    22     0     2    -5.0  -35.636  -58.682   2325.6    769.4
     1     1    19    10    30    21     0     3    -6.0  -35.077  -57.996     31.1   1010.8
     2     1    19    10    30    21     0     3    -6.0  -35.745  -57.061    394.8    973.9
     3     1    19    10    30    21     0     3    -6.0  -36.049  -57.034    753.9    935.0
     4     1    19    10    30    21     0     3    -6.0  -36.069  -57.626    954.6    907.4
     5     1    19    10    30    21     0     3    -6.0  -35.794  -58.754   2406.3    759.5
     1     1    19    10    30    20     0     2    -7.0  -35.174  -57.916     32.8   1009.2
     2     1    19    10    30    20     0     2    -7.0  -35.948  -56.864    546.4    956.3
     3     1    19    10    30    20     0     2    -7.0  -36.233  -56.938    899.6    914.9
     4     1    19    10    30    20     0     2    -7.0  -36.244  -57.542    857.3    917.2
     5     1    19    10    30    20     0     2    -7.0  -35.933  -58.833   2363.8    755.1
     1     1    19    10    30    19     0     1    -8.0  -35.269  -57.823     24.7   1009.9
     2     1    19    10    30    19     0     1    -8.0  -36.110  -56.697    734.2    930.4
     3     1    19    10    30    19     0     1    -8.0  -36.360  -56.870   1085.7    895.1
     4     1    19    10    30    19     0     1    -8.0  -36.396  -57.457    770.4    929.7
     5     1    19    10    30    19     0     1    -8.0  -36.036  -58.870   2115.1    778.6
     1     1    19    10    30    18     0     0    -9.0  -35.359  -57.720     15.9   1011.3
     2     1    19    10    30    18     0     0    -9.0  -36.224  -56.551    917.4    909.8
     3     1    19    10    30    18     0     0    -9.0  -36.431  -56.833   1348.9    869.5
     4     1    19    10    30    18     0     0    -9.0  -36.518  -57.392    716.8    935.6
     5     1    19    10    30    18     0     0    -9.0  -36.145  -58.838   1665.5    824.3
     1     1    19    10    30    17     0     1   -10.0  -35.464  -57.595     10.9   1012.8
     2     1    19    10    30    17     0     1   -10.0  -36.324  -56.398   1082.5    891.8
     3     1    19    10    30    17     0     1   -10.0  -36.465  -56.801   1680.2    831.9
     4     1    19    10    30    17     0     1   -10.0  -36.616  -57.323    706.2    938.6
     5     1    19    10    30    17     0     1   -10.0  -36.261  -58.775   1260.6    887.7
     1     1    19    10    30    16     0     2   -11.0  -35.596  -57.447     10.1   1013.6
     2     1    19    10    30    16     0     2   -11.0  -36.433  -56.217   1220.6    879.0
     3     1    19    10    30    16     0     2   -11.0  -36.487  -56.749   2015.2    798.6
     4     1    19    10    30    16     0     2   -11.0  -36.685  -57.213    761.2    931.5
     5     1    19    10    30    16     0     2   -11.0  -36.347  -58.696   1039.5    903.5
     1     1    19    10    30    15     0     3   -12.0  -35.748  -57.295     11.0   1014.6
     2     1    19    10    30    15     0     3   -12.0  -36.558  -56.027   1364.0    865.3
     3     1    19    10    30    15     0     3   -12.0  -36.493  -56.700   2356.9    766.6
     4     1    19    10    30    15     0     3   -12.0  -36.724  -57.023    875.6    919.5
     5     1    19    10    30    15     0     3   -12.0  -36.410  -58.585    923.6    913.7
     1     1    19    10    30    14     0     2   -13.0  -35.906  -57.140     12.5   1014.2
     2     1    19    10    30    14     0     2   -13.0  -36.716  -55.844   1544.5    847.4
     3     1    19    10    30    14     0     2   -13.0  -36.456  -56.657   2639.1    733.1
     4     1    19    10    30    14     0     2   -13.0  -36.782  -56.758   1022.1    899.0
     5     1    19    10    30    14     0     2   -13.0  -36.496  -58.423    883.0    916.4
     1     1    19    10    30    13     0     1   -14.0  -36.062  -56.962     12.7   1013.4
     2     1    19    10    30    13     0     1   -14.0  -36.908  -55.666   1763.3    823.7
     3     1    19    10    30    13     0     1   -14.0  -36.368  -56.588   2797.7    718.5
     4     1    19    10    30    13     0     1   -14.0  -36.906  -56.468   1174.6    885.1
     5     1    19    10    30    13     0     1   -14.0  -36.628  -58.215    893.0    915.6
     1     1    19    10    30    12     0     0   -15.0  -36.212  -56.764     11.6   1012.6
     2     1    19    10    30    12     0     0   -15.0  -37.110  -55.510   1988.0    799.1
     3     1    19    10    30    12     0     0   -15.0  -36.229  -56.467   2849.0    714.8
     4     1    19    10    30    12     0     0   -15.0  -37.120  -56.202   1404.1    863.7
     5     1    19    10    30    12     0     0   -15.0  -36.786  -57.984    935.1    909.8
     1     1    19    10    30    11     0     1   -16.0  -36.324  -56.561     10.9   1012.7
     2     1    19    10    30    11     0     1   -16.0  -37.314  -55.453   2148.7    778.5
     3     1    19    10    30    11     0     1   -16.0  -36.060  -56.289   2812.9    718.6
     4     1    19    10    30    11     0     1   -16.0  -37.390  -56.063   1587.5    831.8
     5     1    19    10    30    11     0     1   -16.0  -36.942  -57.759    961.2    903.2
     1     1    19    10    30    10     0     2   -17.0  -36.381  -56.357     11.0   1012.4
     2     1    19    10    30    10     0     2   -17.0  -37.543  -55.531   2183.1    773.7
     3     1    19    10    30    10     0     2   -17.0  -35.898  -56.078   2731.7    728.8
     4     1    19    10    30    10     0     2   -17.0  -37.674  -56.048   1596.6    828.3
     5     1    19    10    30    10     0     2   -17.0  -37.081  -57.556    958.8    903.3
     1     1    19    10    30     9     0     3   -18.0  -36.392  -56.143     11.1   1012.1
     2     1    19    10    30     9     0     3   -18.0  -37.812  -55.708   2055.2    783.0
     3     1    19    10    30     9     0     3   -18.0  -35.750  -55.886   2655.8    737.4
     4     1    19    10    30     9     0     3   -18.0  -37.994  -56.126   1389.0    847.6
     5     1    19    10    30     9     0     3   -18.0  -37.223  -57.387    936.9    904.5
     1     1    19    10    30     8     0     2   -19.0  -36.384  -55.915     11.5   1012.2
     2     1    19    10    30     8     0     2   -19.0  -38.109  -55.927   1916.2    813.9
     3     1    19    10    30     8     0     2   -19.0  -35.612  -55.731   2589.2    741.9
     4     1    19    10    30     8     0     2   -19.0  -38.248  -56.222   1224.5    889.6
     5     1    19    10    30     8     0     2   -19.0  -37.371  -57.241    911.8    908.8
     1     1    19    10    30     7     0     1   -20.0  -36.389  -55.689     13.1   1012.0
     2     1    19    10    30     7     0     1   -20.0  -38.372  -56.207   1994.3    808.0
     3     1    19    10    30     7     0     1   -20.0  -35.487  -55.584   2514.3    748.3
     4     1    19    10    30     7     0     1   -20.0  -38.461  -56.367   1234.4    880.0
     5     1    19    10    30     7     0     1   -20.0  -37.536  -57.109    906.6    910.1
     1     1    19    10    30     6     0     0   -21.0  -36.416  -55.477     16.2   1011.5
     2     1    19    10    30     6     0     0   -21.0  -38.588  -56.578   2176.2    778.0
     3     1    19    10    30     6     0     0   -21.0  -35.380  -55.417   2426.3    756.1
     4     1    19    10    30     6     0     0   -21.0  -38.658  -56.579   1321.2    866.8
     5     1    19    10    30     6     0     0   -21.0  -37.727  -57.013    913.5    908.1
     1     1    19    10    30     5     0     1   -22.0  -36.462  -55.282     20.5   1010.7
     2     1    19    10    30     5     0     1   -22.0  -38.770  -57.036   2319.0    763.4
     3     1    19    10    30     5     0     1   -22.0  -35.306  -55.226   2361.8    766.0
     4     1    19    10    30     5     0     1   -22.0  -38.831  -56.861   1395.8    854.1
     5     1    19    10    30     5     0     1   -22.0  -37.945  -56.982    910.8    908.2
     1     1    19    10    30     4     0     2   -23.0  -36.517  -55.109     25.2   1010.0
     2     1    19    10    30     4     0     2   -23.0  -38.922  -57.575   2416.3    753.6
     3     1    19    10    30     4     0     2   -23.0  -35.252  -55.050   2351.3    767.1
     4     1    19    10    30     4     0     2   -23.0  -38.960  -57.181   1402.6    853.5
     5     1    19    10    30     4     0     2   -23.0  -38.166  -57.022    894.8    910.6
     1     1    19    10    30     3     0     3   -24.0  -36.577  -54.960     29.4   1009.5
     2     1    19    10    30     3     0     3   -24.0  -39.061  -58.159   2467.2    749.2
     3     1    19    10    30     3     0     3   -24.0  -35.204  -54.905   2362.5    763.9
     4     1    19    10    30     3     0     3   -24.0  -39.037  -57.525   1322.7    859.8
     5     1    19    10    30     3     0     3   -24.0  -38.347  -57.119    867.1    912.5
     1     1    19    10    30     2     0     2   -25.0  -36.642  -54.818     32.3   1009.3
     2     1    19    10    30     2     0     2   -25.0  -39.180  -58.769   2473.9    749.9
     3     1    19    10    30     2     0     2   -25.0  -35.178  -54.779   2368.6    762.4
     4     1    19    10    30     2     0     2   -25.0  -39.073  -57.886   1216.3    879.2
     5     1    19    10    30     2     0     2   -25.0  -38.469  -57.243    853.2    915.6
     1     1    19    10    30     1     0     1   -26.0  -36.715  -54.665     33.9   1009.2
     2     1    19    10    30     1     0     1   -26.0  -39.264  -59.400   2490.7    750.9
     3     1    19    10    30     1     0     1   -26.0  -35.204  -54.668   2367.2    763.1
     4     1    19    10    30     1     0     1   -26.0  -39.105  -58.274   1164.6    884.7
     5     1    19    10    30     1     0     1   -26.0  -38.561  -57.393    877.2    912.0
     1     1    19    10    30     0     0     0   -27.0  -36.799  -54.505     34.4   1009.2
     2     1    19    10    30     0     0     0   -27.0  -39.317  -60.071   2481.4    744.2
     3     1    19    10    30     0     0     0   -27.0  -35.289  -54.588   2375.6    763.2
     4     1    19    10    30     0     0     0   -27.0  -39.134  -58.680   1177.3    883.5
     5     1    19    10    30     0     0     0   -27.0  -38.646  -57.585    938.6    904.2
     1     1    19    10    29    23     0     1   -28.0  -36.905  -54.361     34.4   1008.1
     2     1    19    10    29    23     0     1   -28.0  -39.325  -60.723   2533.0    754.3
     3     1    19    10    29    23     0     1   -28.0  -35.392  -54.563   2400.3    760.0
     4     1    19    10    29    23     0     1   -28.0  -39.150  -59.094   1226.8    874.1
     5     1    19    10    29    23     0     1   -28.0  -38.734  -57.826   1012.7    892.6
     1     1    19    10    29    22     0     2   -29.0  -37.035  -54.255     34.4   1006.9
     2     1    19    10    29    22     0     2   -29.0  -39.280  -61.390   2698.4    728.2
     3     1    19    10    29    22     0     2   -29.0  -35.474  -54.591   2424.6    756.8
     4     1    19    10    29    22     0     2   -29.0  -39.158  -59.520   1275.5    867.9
     5     1    19    10    29    22     0     2   -29.0  -38.815  -58.095   1081.3    886.0
     1     1    19    10    29    21     0     3   -30.0  -37.188  -54.189     34.4   1005.6
     2     1    19    10    29    21     0     3   -30.0  -39.172  -62.091   2864.2    713.2
     3     1    19    10    29    21     0     3   -30.0  -35.533  -54.658   2436.9    754.7
     4     1    19    10    29    21     0     3   -30.0  -39.171  -59.980   1340.8    862.9
     5     1    19    10    29    21     0     3   -30.0  -38.878  -58.368   1160.4    879.4
     1     1    19    10    29    20     0     2   -31.0  -37.359  -54.157     34.4   1005.8
     2     1    19    10    29    20     0     2   -31.0  -39.009  -62.845   3163.6    696.9
     3     1    19    10    29    20     0     2   -31.0  -35.583  -54.749   2448.8    755.0
     4     1    19    10    29    20     0     2   -31.0  -39.170  -60.463   1424.0    852.4
     5     1    19    10    29    20     0     2   -31.0  -38.919  -58.653   1236.2    869.7
     1     1    19    10    29    19     0     1   -32.0  -37.541  -54.148     34.4   1005.9
     2     1    19    10    29    19     0     1   -32.0  -38.755  -63.700   3457.1    649.8
     3     1    19    10    29    19     0     1   -32.0  -35.631  -54.863   2476.5    752.4
     4     1    19    10    29    19     0     1   -32.0  -39.150  -60.957   1578.0    843.5
     5     1    19    10    29    19     0     1   -32.0  -38.940  -58.949   1282.8    864.4
     1     1    19    10    29    18     0     0   -33.0  -37.734  -54.158     34.4   1006.0
     2     1    19    10    29    18     0     0   -33.0  -38.450  -64.513   3519.0    641.5
     3     1    19    10    29    18     0     0   -33.0  -35.677  -55.004   2519.2    747.9
     4     1    19    10    29    18     0     0   -33.0  -39.108  -61.485   1842.2    810.8
     5     1    19    10    29    18     0     0   -33.0  -38.941  -59.232   1302.8    863.9
     1     1    19    10    29    17     0     1   -34.0  -37.933  -54.175     34.6   1005.9
     2     1    19    10    29    17     0     1   -34.0  -38.118  -65.283   3497.2    635.9
     3     1    19    10    29    17     0     1   -34.0  -35.727  -55.165   2583.5    742.1
     4     1    19    10    29    17     0     1   -34.0  -39.047  -62.046   2112.4    782.1
     5     1    19    10    29    17     0     1   -34.0  -38.940  -59.498   1323.1    861.8
     1     1    19    10    29    16     0     2   -35.0  -38.127  -54.195     34.7   1005.9
     2     1    19    10    29    16     0     2   -35.0  -37.791  -66.007   3394.5    647.2
     3     1    19    10    29    16     0     2   -35.0  -35.782  -55.336   2665.1    734.7
     4     1    19    10    29    16     0     2   -35.0  -38.957  -62.623   2288.2    764.6
     5     1    19    10    29    16     0     2   -35.0  -38.944  -59.766   1339.9    859.6
     1     1    19    10    29    15     0     3   -36.0  -38.320  -54.222     34.8   1005.9
     2     1    19    10    29    15     0     3   -36.0  -37.454  -66.699   3128.5    654.4
     3     1    19    10    29    15     0     3   -36.0  -35.842  -55.515   2750.4    726.8
     4     1    19    10    29    15     0     3   -36.0  -38.822  -63.237   2470.9    747.7
     5     1    19    10    29    15     0     3   -36.0  -38.944  -60.039   1322.0    859.3
     1     1    19    10    29    14     0     2   -37.0  -38.520  -54.269     34.9   1005.8
     2     1    19    10    29    14     0     2   -37.0  -37.106  -67.285   2790.9    690.2
     3     1    19    10    29    14     0     2   -37.0  -35.909  -55.705   2815.2    719.3
     4     1    19    10    29    14     0     2   -37.0  -38.665  -63.926   2669.8    719.4
     5     1    19    10    29    14     0     2   -37.0  -38.950  -60.309   1282.3    865.8
     1     1    19    10    29    13     0     1   -38.0  -38.725  -54.344     35.6   1005.9
     2     1    19    10    29    13     0     1   -38.0  -36.742  -67.855   2523.7    691.2
     3     1    19    10    29    13     0     1   -38.0  -35.999  -55.909   2841.0    716.5
     4     1    19    10    29    13     0     1   -38.0  -38.496  -64.697   2808.7    696.6
     5     1    19    10    29    13     0     1   -38.0  -38.967  -60.575   1249.0    870.5
     1     1    19    10    29    12     0     0   -39.0  -38.921  -54.442     37.4   1006.1
     2     1    19    10    29    12     0     0   -39.0  -36.357  -68.516   2380.6    663.8
     3     1    19    10    29    12     0     0   -39.0  -36.129  -56.146   2846.7    718.2
     4     1    19    10    29    12     0     0   -39.0  -38.294  -65.544   2817.5    693.9
     5     1    19    10    29    12     0     0   -39.0  -38.985  -60.844   1240.8    871.6
     1     1    19    10    29    11     0     1   -40.0  -39.093  -54.523     40.9   1004.7
     2     1    19    10    29    11     0     1   -40.0  -35.884  -69.268   2299.2    620.3
     3     1    19    10    29    11     0     1   -40.0  -36.287  -56.461   2888.0    714.2
     4     1    19    10    29    11     0     1   -40.0  -38.069  -66.392   2653.6    707.6
     5     1    19    10    29    11     0     1   -40.0  -38.998  -61.112   1271.4    867.7
     1     1    19    10    29    10     0     2   -41.0  -39.249  -54.549     44.7   1003.2
     2     1    19    10    29    10     0     2   -41.0  -35.335  -70.241   2707.3    539.6
     3     1    19    10    29    10     0     2   -41.0  -36.471  -56.858   2952.0    707.5
     4     1    19    10    29    10     0     2   -41.0  -37.770  -67.162   2527.6    713.0
     5     1    19    10    29    10     0     2   -41.0  -39.008  -61.371   1296.1    864.2
     1     1    19    10    29     9     0     3   -42.0  -39.394  -54.522     48.4   1001.9
     2     1    19    10    29     9     0     3   -42.0  -34.799  -71.051   2953.1    642.6
     3     1    19    10    29     9     0     3   -42.0  -36.691  -57.312   2985.1    703.6
     4     1    19    10    29     9     0     3   -42.0  -37.428  -67.859   2526.2    699.6
     5     1    19    10    29     9     0     3   -42.0  -38.993  -61.611   1269.8    865.8
     1     1    19    10    29     8     0     2   -43.0  -39.551  -54.458     52.9   1001.2
     2     1    19    10    29     8     0     2   -43.0  -34.342  -71.492   2675.3    697.0
     3     1    19    10    29     8     0     2   -43.0  -36.933  -57.808   3016.8    701.5
     4     1    19    10    29     8     0     2   -43.0  -37.018  -68.664   2204.2    674.5
     5     1    19    10    29     8     0     2   -43.0  -38.952  -61.829   1179.2    874.1
     1     1    19    10    29     7     0     1   -44.0  -39.740  -54.361     59.8   1000.1
     2     1    19    10    29     7     0     1   -44.0  -33.979  -71.857   2603.7    729.5
     3     1    19    10    29     7     0     1   -44.0  -37.180  -58.379   3093.0    690.1
     4     1    19    10    29     7     0     1   -44.0  -36.603  -69.501   1931.6    661.8
     5     1    19    10    29     7     0     1   -44.0  -38.901  -62.025   1052.8    885.2
     1     1    19    10    29     6     0     0   -45.0  -39.959  -54.226     72.8    998.1
     2     1    19    10    29     6     0     0   -45.0  -33.688  -72.182   2590.6    741.0
     3     1    19    10    29     6     0     0   -45.0  -37.432  -59.057   3228.9    671.1
     4     1    19    10    29     6     0     0   -45.0  -36.084  -70.525   2603.2    550.8
     5     1    19    10    29     6     0     0   -45.0  -38.828  -62.182    957.7    893.1
     1     1    19    10    29     5     0     1   -46.0  -40.193  -54.084     94.5    995.8
     2     1    19    10    29     5     0     1   -46.0  -33.428  -72.530   2570.0    743.6
     3     1    19    10    29     5     0     1   -46.0  -37.653  -59.855   3363.1    652.5
     4     1    19    10    29     5     0     1   -46.0  -35.580  -71.209   2368.5    666.1
     5     1    19    10    29     5     0     1   -46.0  -38.738  -62.286    921.8    893.6
     1     1    19    10    29     4     0     2   -47.0  -40.443  -53.944    123.5    993.1
     2     1    19    10    29     4     0     2   -47.0  -33.197  -72.915   2561.6    744.8
     3     1    19    10    29     4     0     2   -47.0  -37.806  -60.762   3300.5    653.3
     4     1    19    10    29     4     0     2   -47.0  -35.180  -71.616   2053.7    756.8
     5     1    19    10    29     4     0     2   -47.0  -38.655  -62.332    934.4    889.0
     1     1    19    10    29     3     0     3   -48.0  -40.729  -53.793    149.2    990.6
     2     1    19    10    29     3     0     3   -48.0  -32.986  -73.331   2559.6    745.1
     3     1    19    10    29     3     0     3   -48.0  -37.931  -61.686   3143.6    663.6
     4     1    19    10    29     3     0     3   -48.0  -34.922  -72.004   1928.0    794.9
     5     1    19    10    29     3     0     3   -48.0  -38.600  -62.325    987.7    880.7
     1     1    19    10    29     2     0     2   -49.0  -41.010  -53.618    158.0    989.3
     2     1    19    10    29     2     0     2   -49.0  -32.782  -73.761   2548.7    746.2
     3     1    19    10    29     2     0     2   -49.0  -38.001  -62.718   3311.1    648.7
     4     1    19    10    29     2     0     2   -49.0  -34.718  -72.403   1872.8    804.0
     5     1    19    10    29     2     0     2   -49.0  -38.584  -62.297   1071.5    870.7
     1     1    19    10    29     1     0     1   -50.0  -41.231  -53.412    160.8    989.5
     2     1    19    10    29     1     0     1   -50.0  -32.585  -74.208   2538.2    747.1
     3     1    19    10    29     1     0     1   -50.0  -38.008  -63.791   3608.4    639.9
     4     1    19    10    29     1     0     1   -50.0  -34.519  -72.802   1763.3    818.8
     5     1    19    10    29     1     0     1   -50.0  -38.611  -62.280   1178.3    860.9
     1     1    19    10    29     0     0     0   -51.0  -41.414  -53.156    173.8    988.0
     2     1    19    10    29     0     0     0   -51.0  -32.402  -74.687   2527.8    748.0
     3     1    19    10    29     0     0     0   -51.0  -37.896  -64.915   4138.5    585.5
     4     1    19    10    29     0     0     0   -51.0  -34.367  -73.229   1561.0    842.5
     5     1    19    10    29     0     0     0   -51.0  -38.685  -62.286   1322.3    849.0
     1     1    19    10    28    23     0     1   -52.0  -41.589  -52.851    183.2    985.9
     2     1    19    10    28    23     0     1   -52.0  -32.233  -75.203   2519.9    748.8
     3     1    19    10    28    23     0     1   -52.0  -37.665  -66.148   4552.7    552.7
     4     1    19    10    28    23     0     1   -52.0  -34.248  -73.693   1413.4    858.3
     5     1    19    10    28    23     0     1   -52.0  -38.803  -62.333   1496.2    835.3
     1     1    19    10    28    22     0     2   -53.0  -41.772  -52.541    163.8    988.5
     2     1    19    10    28    22     0     2   -53.0  -32.085  -75.766   2524.8    748.1
     3     1    19    10    28    22     0     2   -53.0  -37.302  -67.268   4584.4    535.4
     4     1    19    10    28    22     0     2   -53.0  -34.124  -74.216   1334.2    865.0
     5     1    19    10    28    22     0     2   -53.0  -38.938  -62.428   1658.6    823.4
     1     1    19    10    28    21     0     3   -54.0  -41.939  -52.221    134.0    992.5
     2     1    19    10    28    21     0     3   -54.0  -31.964  -76.388   2533.7    746.8
     3     1    19    10    28    21     0     3   -54.0  -36.930  -68.214   3059.5    616.9
     4     1    19    10    28    21     0     3   -54.0  -34.015  -74.799   1294.9    869.8
     5     1    19    10    28    21     0     3   -54.0  -39.079  -62.551   1805.7    810.6
     1     1    19    10    28    20     0     2   -55.0  -42.075  -51.906    112.7    995.2
     2     1    19    10    28    20     0     2   -55.0  -31.852  -77.027   2545.5    746.0
     3     1    19    10    28    20     0     2   -55.0  -36.589  -68.820   1779.7    708.5
     4     1    19    10    28    20     0     2   -55.0  -33.922  -75.418   1314.4    866.3
     5     1    19    10    28    20     0     2   -55.0  -39.219  -62.724   1950.3    796.4
     1     1    19    10    28    19     0     1   -56.0  -42.216  -51.663    101.2    997.8
     2     1    19    10    28    19     0     1   -56.0  -31.743  -77.668   2576.2    743.6
     3     1    19    10    28    19     0     1   -56.0  -36.254  -69.395   1334.9    723.0
     4     1    19    10    28    19     0     1   -56.0  -33.820  -76.038   1343.9    863.3
     5     1    19    10    28    19     0     1   -56.0  -39.354  -62.983   2084.3    781.8
     1     1    19    10    28    18     0     0   -57.0  -42.382  -51.482    104.3    998.2
     2     1    19    10    28    18     0     0   -57.0  -31.639  -78.323   2622.5    739.5
     3     1    19    10    28    18     0     0   -57.0  -35.882  -70.001   1654.5    655.8
     4     1    19    10    28    18     0     0   -57.0  -33.705  -76.674   1364.4    859.2
     5     1    19    10    28    18     0     0   -57.0  -39.472  -63.302   2171.0    769.3
     1     1    19    10    28    17     0     1   -58.0  -42.556  -51.352    124.3    996.5
     2     1    19    10    28    17     0     1   -58.0  -31.551  -79.014   2660.3    733.6
     3     1    19    10    28    17     0     1   -58.0  -35.355  -70.670   2047.3    610.4
     4     1    19    10    28    17     0     1   -58.0  -33.579  -77.322   1350.9    859.8
     5     1    19    10    28    17     0     1   -58.0  -39.562  -63.624   2257.7    764.9
     1     1    19    10    28    16     0     2   -59.0  -42.718  -51.273    159.1    993.1
     2     1    19    10    28    16     0     2   -59.0  -31.491  -79.728   2675.0    733.3
     3     1    19    10    28    16     0     2   -59.0  -34.878  -70.994   1869.8    730.0
     4     1    19    10    28    16     0     2   -59.0  -33.456  -77.967   1280.5    865.5
     5     1    19    10    28    16     0     2   -59.0  -39.637  -63.996   2399.1    747.5
     1     1    19    10    28    15     0     3   -60.0  -42.863  -51.254    215.6    987.3
     2     1    19    10    28    15     0     3   -60.0  -31.453  -80.454   2683.2    733.0
     3     1    19    10    28    15     0     3   -60.0  -34.496  -71.116   1494.0    791.3
     4     1    19    10    28    15     0     3   -60.0  -33.360  -78.606   1204.2    880.8
     5     1    19    10    28    15     0     3   -60.0  -39.693  -64.479   2558.4    728.7
     1     1    19    10    28    14     0     2   -61.0  -42.984  -51.272    290.8    977.7
     2     1    19    10    28    14     0     2   -61.0  -31.435  -81.202   2699.6    732.0
     3     1    19    10    28    14     0     2   -61.0  -34.201  -71.219   1299.9    810.4
     4     1    19    10    28    14     0     2   -61.0  -33.291  -79.239   1183.0    882.8
     5     1    19    10    28    14     0     2   -61.0  -39.720  -65.071   2747.0    714.8
     1     1    19    10    28    13     0     1   -62.0  -43.080  -51.299    359.4    968.4
     2     1    19    10    28    13     0     1   -62.0  -31.439  -81.979   2711.5    729.5
     3     1    19    10    28    13     0     1   -62.0  -33.972  -71.308   1228.2    817.9
     4     1    19    10    28    13     0     1   -62.0  -33.244  -79.867   1184.6    878.8
     5     1    19    10    28    13     0     1   -62.0  -39.677  -65.759   2937.2    683.6
     1     1    19    10    28    12     0     0   -63.0  -43.156  -51.329    402.6    964.6
     2     1    19    10    28    12     0     0   -63.0  -31.467  -82.788   2725.5    728.4
     3     1    19    10    28    12     0     0   -63.0  -33.769  -71.387   1229.7    819.3
     4     1    19    10    28    12     0     0   -63.0  -33.218  -80.505   1187.9    878.7
     5     1    19    10    28    12     0     0   -63.0  -39.571  -66.482   3017.0    675.3
     1     1    19    10    28    11     0     1   -64.0  -43.240  -51.352    428.2    961.5
     2     1    19    10    28    11     0     1   -64.0  -31.521  -83.616   2756.0    724.9
     3     1    19    10    28    11     0     1   -64.0  -33.579  -71.463   1243.1    824.3
     4     1    19    10    28    11     0     1   -64.0  -33.190  -81.167   1198.0    876.4
     5     1    19    10    28    11     0     1   -64.0  -39.435  -67.211   3027.6    670.4
     1     1    19    10    28    10     0     2   -65.0  -43.356  -51.368    452.7    957.6
     2     1    19    10    28    10     0     2   -65.0  -31.588  -84.459   2787.3    721.8
     3     1    19    10    28    10     0     2   -65.0  -33.403  -71.537   1246.5    830.7
     4     1    19    10    28    10     0     2   -65.0  -33.184  -81.824   1180.5    878.8
     5     1    19    10    28    10     0     2   -65.0  -39.243  -67.941   3052.3    656.8
     1     1    19    10    28     9     0     3   -66.0  -43.513  -51.391    485.0    952.9
     2     1    19    10    28     9     0     3   -66.0  -31.664  -85.326   2817.1    718.7
     3     1    19    10    28     9     0     3   -66.0  -33.250  -71.603   1242.9    836.9
     4     1    19    10    28     9     0     3   -66.0  -33.220  -82.476   1198.6    877.5
     5     1    19    10    28     9     0     3   -66.0  -38.970  -68.703   2976.6    657.9
     1     1    19    10    28     8     0     2   -67.0  -43.693  -51.471    522.6    947.9
     2     1    19    10    28     8     0     2   -67.0  -31.758  -86.212   2838.1    716.8
     3     1    19    10    28     8     0     2   -67.0  -33.117  -71.663   1227.5    844.1
     4     1    19    10    28     8     0     2   -67.0  -33.262  -83.148   1247.1    870.1
     5     1    19    10    28     8     0     2   -67.0  -38.654  -69.444   2743.4    657.2
     1     1    19    10    28     7     0     1   -68.0  -43.864  -51.640    551.7    944.4
     2     1    19    10    28     7     0     1   -68.0  -31.868  -87.096   2850.5    716.2
     3     1    19    10    28     7     0     1   -68.0  -33.007  -71.717   1191.0    853.2
     4     1    19    10    28     7     0     1   -68.0  -33.301  -83.836   1234.1    871.8
     5     1    19    10    28     7     0     1   -68.0  -38.312  -70.130   2271.3    669.1
     1     1    19    10    28     6     0     0   -69.0  -44.014  -51.881    584.7    941.0
     2     1    19    10    28     6     0     0   -69.0  -31.995  -87.975   2881.7    713.6
     3     1    19    10    28     6     0     0   -69.0  -32.923  -71.760   1129.6    863.2
     4     1    19    10    28     6     0     0   -69.0  -33.354  -84.539   1228.9    874.3
     5     1    19    10    28     6     0     0   -69.0  -37.942  -70.886   2466.9    616.3
     1     1    19    10    28     5     0     1   -70.0  -44.134  -52.155    631.3    935.6
     2     1    19    10    28     5     0     1   -70.0  -32.142  -88.846   2914.7    710.5
     3     1    19    10    28     5     0     1   -70.0  -32.875  -71.798   1080.3    872.7
     4     1    19    10    28     5     0     1   -70.0  -33.420  -85.247   1273.3    867.3
     5     1    19    10    28     5     0     1   -70.0  -37.585  -71.701   3262.6    588.4
     1     1    19    10    28     4     0     2   -71.0  -44.229  -52.436    653.4    933.4
     2     1    19    10    28     4     0     2   -71.0  -32.299  -89.702   2950.5    708.3
     3     1    19    10    28     4     0     2   -71.0  -32.865  -71.842   1077.1    877.8
     4     1    19    10    28     4     0     2   -71.0  -33.500  -85.955   1267.1    869.2
     5     1    19    10    28     4     0     2   -71.0  -37.230  -72.244   3181.9    655.4
     1     1    19    10    28     3     0     3   -72.0  -44.304  -52.724    653.2    933.8
     2     1    19    10    28     3     0     3   -72.0  -32.459  -90.562   3021.7    701.8
     3     1    19    10    28     3     0     3   -72.0  -32.886  -71.898   1124.7    879.1
     4     1    19    10    28     3     0     3   -72.0  -33.609  -86.668   1269.9    870.3
     5     1    19    10    28     3     0     3   -72.0  -36.929  -72.633   2953.7    685.3
