     5     1
    GDAS    19     9     1     0     0
    GDAS    19     9     8     0     0
    GDAS    19     9    15     0     0
    GDAS    19     9    22     0     0
    GDAS    19     9    29     0     0
     5 BACKWARD OMEGA   
    19     9    22     9  -34.572  -58.513    10.0
    19     9    22     9  -34.572  -58.513   200.0
    19     9    22     9  -34.572  -58.513   500.0
    19     9    22     9  -34.572  -58.513  1000.0
    19     9    22     9  -34.572  -58.513  2000.0
     1 PRESSURE
     1     1    19     9    22     9     0     3     0.0  -34.572  -58.513     10.0   1023.7
     2     1    19     9    22     9     0     3     0.0  -34.572  -58.513    200.0   1000.2
     3     1    19     9    22     9     0     3     0.0  -34.572  -58.513    500.0    964.9
     4     1    19     9    22     9     0     3     0.0  -34.572  -58.513   1000.0    908.1
     5     1    19     9    22     9     0     3     0.0  -34.572  -58.513   2000.0    802.7
     1     1    19     9    22     8     0     2    -1.0  -34.622  -58.439     11.2   1022.4
     2     1    19     9    22     8     0     2    -1.0  -34.718  -58.322    215.1    998.1
     3     1    19     9    22     8     0     2    -1.0  -34.811  -58.364    514.7    962.8
     4     1    19     9    22     8     0     2    -1.0  -34.850  -58.579   1047.4    902.6
     5     1    19     9    22     8     0     2    -1.0  -34.851  -58.748   2075.7    797.7
     1     1    19     9    22     7     0     1    -2.0  -34.692  -58.359     13.0   1021.0
     2     1    19     9    22     7     0     1    -2.0  -34.896  -58.148    231.4    996.8
     3     1    19     9    22     7     0     1    -2.0  -35.068  -58.236    521.4    963.3
     4     1    19     9    22     7     0     1    -2.0  -35.124  -58.667   1078.3    900.1
     5     1    19     9    22     7     0     1    -2.0  -35.136  -58.984   2178.0    787.5
     1     1    19     9    22     6     0     0    -3.0  -34.781  -58.273     15.8   1019.7
     2     1    19     9    22     6     0     0    -3.0  -35.101  -57.994    252.0    995.4
     3     1    19     9    22     6     0     0    -3.0  -35.342  -58.128    534.9    962.1
     4     1    19     9    22     6     0     0    -3.0  -35.397  -58.785   1110.9    897.4
     5     1    19     9    22     6     0     0    -3.0  -35.444  -59.235   2285.6    773.5
     1     1    19     9    22     5     0     1    -4.0  -34.882  -58.194     17.9   1019.1
     2     1    19     9    22     5     0     1    -4.0  -35.328  -57.868    269.0    991.6
     3     1    19     9    22     5     0     1    -4.0  -35.637  -58.077    554.8    958.5
     4     1    19     9    22     5     0     1    -4.0  -35.665  -58.945   1161.6    892.1
     5     1    19     9    22     5     0     1    -4.0  -35.786  -59.513   2368.9    762.0
     1     1    19     9    22     4     0     2    -5.0  -34.988  -58.129     17.6   1019.3
     2     1    19     9    22     4     0     2    -5.0  -35.569  -57.768    276.0    991.2
     3     1    19     9    22     4     0     2    -5.0  -35.945  -58.085    576.0    956.3
     4     1    19     9    22     4     0     2    -5.0  -35.908  -59.112   1207.7    883.4
     5     1    19     9    22     4     0     2    -5.0  -36.166  -59.819   2420.0    751.5
     1     1    19     9    22     3     0     3    -6.0  -35.094  -58.071     15.3   1019.8
     2     1    19     9    22     3     0     3    -6.0  -35.819  -57.688    282.2    990.6
     3     1    19     9    22     3     0     3    -6.0  -36.258  -58.140    614.5    952.8
     4     1    19     9    22     3     0     3    -6.0  -36.127  -59.272   1223.8    878.0
     5     1    19     9    22     3     0     3    -6.0  -36.579  -60.175   2455.1    743.2
     1     1    19     9    22     2     0     2    -7.0  -35.194  -58.039     13.4   1019.5
     2     1    19     9    22     2     0     2    -7.0  -36.085  -57.639    276.7    988.7
     3     1    19     9    22     2     0     2    -7.0  -36.577  -58.250    676.4    943.1
     4     1    19     9    22     2     0     2    -7.0  -36.354  -59.456   1250.5    874.9
     5     1    19     9    22     2     0     2    -7.0  -37.002  -60.604   2507.0    737.1
     1     1    19     9    22     1     0     1    -8.0  -35.286  -58.047     12.6   1018.7
     2     1    19     9    22     1     0     1    -8.0  -36.362  -57.625    260.6    991.7
     3     1    19     9    22     1     0     1    -8.0  -36.899  -58.426    771.0    930.9
     4     1    19     9    22     1     0     1    -8.0  -36.603  -59.704   1325.4    859.7
     5     1    19     9    22     1     0     1    -8.0  -37.431  -61.103   2602.2    728.1
     1     1    19     9    22     0     0     0    -9.0  -35.372  -58.086     12.1   1017.9
     2     1    19     9    22     0     0     0    -9.0  -36.653  -57.647    257.1    992.5
     3     1    19     9    22     0     0     0    -9.0  -37.213  -58.686    886.0    909.8
     4     1    19     9    22     0     0     0    -9.0  -36.845  -60.015   1421.1    840.5
     5     1    19     9    22     0     0     0    -9.0  -37.876  -61.670   2784.7    699.9
     1     1    19     9    21    23     0     1   -10.0  -35.449  -58.160     11.4   1017.3
     2     1    19     9    21    23     0     1   -10.0  -36.971  -57.734    288.2    989.1
     3     1    19     9    21    23     0     1   -10.0  -37.526  -59.019    978.1    891.9
     4     1    19     9    21    23     0     1   -10.0  -37.099  -60.373   1508.9    829.3
     5     1    19     9    21    23     0     1   -10.0  -38.327  -62.297   3062.6    675.8
     1     1    19     9    21    22     0     2   -11.0  -35.515  -58.275     10.4   1016.8
     2     1    19     9    21    22     0     2   -11.0  -37.309  -57.926    350.4    972.9
     3     1    19     9    21    22     0     2   -11.0  -37.847  -59.406   1042.0    879.9
     4     1    19     9    21    22     0     2   -11.0  -37.390  -60.772   1628.8    823.0
     5     1    19     9    21    22     0     2   -11.0  -38.759  -62.915   3290.9    668.6
     1     1    19     9    21    21     0     3   -12.0  -35.575  -58.432      9.4   1016.1
     2     1    19     9    21    21     0     3   -12.0  -37.654  -58.225    394.9    957.3
     3     1    19     9    21    21     0     3   -12.0  -38.175  -59.848   1108.8    874.5
     4     1    19     9    21    21     0     3   -12.0  -37.693  -61.233   1796.4    797.2
     5     1    19     9    21    21     0     3   -12.0  -39.177  -63.492   3398.7    662.2
     1     1    19     9    21    20     0     2   -13.0  -35.633  -58.631      9.0   1015.2
     2     1    19     9    21    20     0     2   -13.0  -37.986  -58.583    365.4    952.3
     3     1    19     9    21    20     0     2   -13.0  -38.490  -60.342   1174.7    870.3
     4     1    19     9    21    20     0     2   -13.0  -38.009  -61.786   1993.1    761.4
     5     1    19     9    21    20     0     2   -13.0  -39.616  -64.060   3492.3    654.7
     1     1    19     9    21    19     0     1   -14.0  -35.686  -58.871      9.3   1013.7
     2     1    19     9    21    19     0     1   -14.0  -38.278  -58.942    301.2    969.7
     3     1    19     9    21    19     0     1   -14.0  -38.772  -60.851   1155.1    872.8
     4     1    19     9    21    19     0     1   -14.0  -38.339  -62.445   2217.5    749.3
     5     1    19     9    21    19     0     1   -14.0  -40.114  -64.638   3628.0    640.7
     1     1    19     9    21    18     0     0   -15.0  -35.737  -59.156     10.0   1011.8
     2     1    19     9    21    18     0     0   -15.0  -38.530  -59.316    258.3    978.2
     3     1    19     9    21    18     0     0   -15.0  -39.046  -61.345   1144.9    894.3
     4     1    19     9    21    18     0     0   -15.0  -38.636  -63.114   2291.8    752.4
     5     1    19     9    21    18     0     0   -15.0  -40.682  -65.252   3820.5    626.7
     1     1    19     9    21    17     0     1   -16.0  -35.785  -59.459     11.1   1011.8
     2     1    19     9    21    17     0     1   -16.0  -38.759  -59.728    249.9    983.5
     3     1    19     9    21    17     0     1   -16.0  -39.324  -61.852   1262.8    879.1
     4     1    19     9    21    17     0     1   -16.0  -38.893  -63.725   2242.8    764.8
     5     1    19     9    21    17     0     1   -16.0  -41.315  -65.953   3939.3    583.8
     1     1    19     9    21    16     0     2   -17.0  -35.832  -59.749     12.7   1011.0
     2     1    19     9    21    16     0     2   -17.0  -38.989  -60.178    281.8    985.1
     3     1    19     9    21    16     0     2   -17.0  -39.611  -62.372   1383.5    854.2
     4     1    19     9    21    16     0     2   -17.0  -39.133  -64.285   2210.1    770.4
     5     1    19     9    21    16     0     2   -17.0  -41.992  -66.695   4010.4    571.5
     1     1    19     9    21    15     0     3   -18.0  -35.883  -60.017     15.1   1009.5
     2     1    19     9    21    15     0     3   -18.0  -39.222  -60.651    320.8    976.1
     3     1    19     9    21    15     0     3   -18.0  -39.917  -62.904   1470.7    851.9
     4     1    19     9    21    15     0     3   -18.0  -39.361  -64.818   2282.5    765.1
     5     1    19     9    21    15     0     3   -18.0  -42.718  -67.448   4239.8    552.4
     1     1    19     9    21    14     0     2   -19.0  -35.941  -60.271     18.1   1008.2
     2     1    19     9    21    14     0     2   -19.0  -39.449  -61.131    319.3    974.0
     3     1    19     9    21    14     0     2   -19.0  -40.250  -63.450   1560.0    834.8
     4     1    19     9    21    14     0     2   -19.0  -39.615  -65.324   2441.5    741.3
     5     1    19     9    21    14     0     2   -19.0  -43.494  -68.265   4574.8    514.3
     1     1    19     9    21    13     0     1   -20.0  -36.006  -60.523     22.0   1006.4
     2     1    19     9    21    13     0     1   -20.0  -39.688  -61.625    304.2    979.4
     3     1    19     9    21    13     0     1   -20.0  -40.614  -63.984   1616.9    829.4
     4     1    19     9    21    13     0     1   -20.0  -39.969  -65.778   2595.3    720.2
     5     1    19     9    21    13     0     1   -20.0  -44.238  -69.113   4623.5    527.0
     1     1    19     9    21    12     0     0   -21.0  -36.084  -60.775     28.3   1003.8
     2     1    19     9    21    12     0     0   -21.0  -39.966  -62.150    355.2    973.4
     3     1    19     9    21    12     0     0   -21.0  -41.050  -64.514   1662.8    826.9
     4     1    19     9    21    12     0     0   -21.0  -40.422  -66.216   2695.3    698.2
     5     1    19     9    21    12     0     0   -21.0  -45.053  -70.028   5220.3    475.0
     1     1    19     9    21    11     0     1   -22.0  -36.150  -61.026     36.2   1002.1
     2     1    19     9    21    11     0     1   -22.0  -40.287  -62.722    408.9    964.4
     3     1    19     9    21    11     0     1   -22.0  -41.554  -65.016   1668.4    823.6
     4     1    19     9    21    11     0     1   -22.0  -40.893  -66.741   2646.8    674.2
     5     1    19     9    21    11     0     1   -22.0  -45.946  -70.928   5257.2    451.7
     1     1    19     9    21    10     0     2   -23.0  -36.170  -61.277     41.6   1001.5
     2     1    19     9    21    10     0     2   -23.0  -40.602  -63.346    420.2    961.5
     3     1    19     9    21    10     0     2   -23.0  -42.108  -65.566   1559.2    812.7
     4     1    19     9    21    10     0     2   -23.0  -41.367  -67.351   2556.1    662.1
     5     1    19     9    21    10     0     2   -23.0  -46.873  -71.726   5222.6    428.6
     1     1    19     9    21     9     0     3   -24.0  -36.149  -61.530     43.3   1001.6
     2     1    19     9    21     9     0     3   -24.0  -40.880  -63.959    357.5    966.8
     3     1    19     9    21     9     0     3   -24.0  -42.735  -66.254   1365.9    831.2
     4     1    19     9    21     9     0     3   -24.0  -41.907  -68.047   2420.5    638.6
     5     1    19     9    21     9     0     3   -24.0  -47.971  -72.585   5155.3    446.9
     1     1    19     9    21     8     0     2   -25.0  -36.108  -61.775     43.4   1002.0
     2     1    19     9    21     8     0     2   -25.0  -41.046  -64.499    301.1    979.4
     3     1    19     9    21     8     0     2   -25.0  -43.316  -67.074   1290.5    844.7
     4     1    19     9    21     8     0     2   -25.0  -42.465  -68.839   2441.4    644.0
     5     1    19     9    21     8     0     2   -25.0  -49.058  -73.670   5032.8    475.5
     1     1    19     9    21     7     0     1   -26.0  -36.060  -62.008     43.6   1002.2
     2     1    19     9    21     7     0     1   -26.0  -41.172  -64.993    372.7    969.7
     3     1    19     9    21     7     0     1   -26.0  -43.880  -67.958   1289.8    814.6
     4     1    19     9    21     7     0     1   -26.0  -43.029  -69.764   2225.4    684.8
     5     1    19     9    21     7     0     1   -26.0  -49.930  -74.842   4742.0    531.9
     1     1    19     9    21     6     0     0   -27.0  -35.999  -62.236     43.9   1002.1
     2     1    19     9    21     6     0     0   -27.0  -41.353  -65.487    513.1    931.9
     3     1    19     9    21     6     0     0   -27.0  -44.404  -68.930    920.5    845.7
     4     1    19     9    21     6     0     0   -27.0  -43.534  -70.819   2460.9    657.3
     5     1    19     9    21     6     0     0   -27.0  -50.635  -75.893   4296.4    584.6
     1     1    19     9    21     5     0     1   -28.0  -35.917  -62.440     44.2   1002.1
     2     1    19     9    21     5     0     1   -28.0  -41.630  -66.079    643.3    889.0
     3     1    19     9    21     5     0     1   -28.0  -44.702  -70.033    626.8    849.4
     4     1    19     9    21     5     0     1   -28.0  -43.977  -71.856   3013.2    619.8
     5     1    19     9    21     5     0     1   -28.0  -51.319  -76.921   4190.1    588.0
     1     1    19     9    21     4     0     2   -29.0  -35.818  -62.602     45.1   1002.1
     2     1    19     9    21     4     0     2   -29.0  -41.938  -66.914    493.0    872.7
     3     1    19     9    21     4     0     2   -29.0  -44.842  -71.241    999.7    808.3
     4     1    19     9    21     4     0     2   -29.0  -44.378  -72.956   3848.3    564.8
     5     1    19     9    21     4     0     2   -29.0  -51.971  -77.965   4134.6    589.6
     1     1    19     9    21     3     0     3   -30.0  -35.705  -62.724     46.4   1002.3
     2     1    19     9    21     3     0     3   -30.0  -42.185  -67.952    743.3    816.7
     3     1    19     9    21     3     0     3   -30.0  -44.955  -72.345   1555.0    741.9
     4     1    19     9    21     3     0     3   -30.0  -44.751  -73.974   3963.6    593.0
     5     1    19     9    21     3     0     3   -30.0  -52.602  -79.003   4053.4    597.1
     1     1    19     9    21     2     0     2   -31.0  -35.599  -62.824     48.4   1002.2
     2     1    19     9    21     2     0     2   -31.0  -42.584  -69.285   1311.9    747.0
     3     1    19     9    21     2     0     2   -31.0  -45.050  -73.145   1724.3    755.6
     4     1    19     9    21     2     0     2   -31.0  -45.126  -74.902   3911.0    612.9
     5     1    19     9    21     2     0     2   -31.0  -53.265  -80.050   4043.2    596.8
     1     1    19     9    21     1     0     1   -32.0  -35.520  -62.914     50.2   1002.1
     2     1    19     9    21     1     0     1   -32.0  -42.820  -70.680   1461.0    775.8
     3     1    19     9    21     1     0     1   -32.0  -45.191  -73.822   1788.8    776.7
     4     1    19     9    21     1     0     1   -32.0  -45.495  -75.792   3827.8    622.9
     5     1    19     9    21     1     0     1   -32.0  -53.926  -81.133   4077.4    594.0
     1     1    19     9    21     0     0     0   -33.0  -35.468  -62.991     51.0   1002.1
     2     1    19     9    21     0     0     0   -33.0  -42.935  -72.025   2294.0    651.6
     3     1    19     9    21     0     0     0   -33.0  -45.400  -74.461   1804.4    789.7
     4     1    19     9    21     0     0     0   -33.0  -45.869  -76.666   3750.2    630.7
     5     1    19     9    21     0     0     0   -33.0  -54.591  -82.281   4148.3    586.0
     1     1    19     9    20    23     0     1   -34.0  -35.447  -63.076     51.9   1001.1
     2     1    19     9    20    23     0     1   -34.0  -43.009  -72.965   2006.9    772.5
     3     1    19     9    20    23     0     1   -34.0  -45.624  -75.052   1678.2    808.9
     4     1    19     9    20    23     0     1   -34.0  -46.256  -77.520   3677.7    637.3
     5     1    19     9    20    23     0     1   -34.0  -55.276  -83.487   4166.4    584.5
     1     1    19     9    20    22     0     2   -35.0  -35.457  -63.194     54.2    999.6
     2     1    19     9    20    22     0     2   -35.0  -43.096  -73.706   1263.9    865.0
     3     1    19     9    20    22     0     2   -35.0  -45.864  -75.652   1507.7    836.1
     4     1    19     9    20    22     0     2   -35.0  -46.641  -78.397   3624.6    640.6
     5     1    19     9    20    22     0     2   -35.0  -55.937  -84.683   4177.3    583.2
     1     1    19     9    20    21     0     3   -36.0  -35.495  -63.347     57.6    997.6
     2     1    19     9    20    21     0     3   -36.0  -43.180  -74.524   1031.1    889.8
     3     1    19     9    20    21     0     3   -36.0  -46.125  -76.308   1456.3    847.5
     4     1    19     9    20    21     0     3   -36.0  -47.016  -79.267   3590.9    644.5
     5     1    19     9    20    21     0     3   -36.0  -56.558  -85.896   4196.5    581.2
     1     1    19     9    20    20     0     2   -37.0  -35.553  -63.540     62.0    995.9
     2     1    19     9    20    20     0     2   -37.0  -43.310  -75.351    928.4    910.5
     3     1    19     9    20    20     0     2   -37.0  -46.401  -77.011   1476.5    844.1
     4     1    19     9    20    20     0     2   -37.0  -47.400  -80.138   3619.9    640.6
     5     1    19     9    20    20     0     2   -37.0  -57.166  -87.136   4217.4    578.8
     1     1    19     9    20    19     0     1   -38.0  -35.625  -63.767     67.7    993.9
     2     1    19     9    20    19     0     1   -38.0  -43.458  -76.177    856.2    917.5
     3     1    19     9    20    19     0     1   -38.0  -46.688  -77.734   1492.8    841.4
     4     1    19     9    20    19     0     1   -38.0  -47.782  -81.048   3618.4    639.6
     5     1    19     9    20    19     0     1   -38.0  -57.757  -88.388   4246.6    576.2
     1     1    19     9    20    18     0     0   -39.0  -35.714  -64.016     74.1    991.8
     2     1    19     9    20    18     0     0   -39.0  -43.614  -77.023    724.0    931.2
     3     1    19     9    20    18     0     0   -39.0  -46.996  -78.499   1503.3    839.9
     4     1    19     9    20    18     0     0   -39.0  -48.145  -81.954   3568.5    644.6
     5     1    19     9    20    18     0     0   -39.0  -58.334  -89.671   4267.5    574.1
     1     1    19     9    20    17     0     1   -40.0  -35.810  -64.272     86.5    987.2
     2     1    19     9    20    17     0     1   -40.0  -43.765  -77.877    617.0    947.7
     3     1    19     9    20    17     0     1   -40.0  -47.318  -79.284   1515.7    838.6
     4     1    19     9    20    17     0     1   -40.0  -48.548  -82.870   3560.4    645.4
     5     1    19     9    20    17     0     1   -40.0  -58.927  -90.999   4300.6    570.3
     1     1    19     9    20    16     0     2   -41.0  -35.913  -64.521    109.4    981.4
     2     1    19     9    20    16     0     2   -41.0  -43.926  -78.727    599.4    949.1
     3     1    19     9    20    16     0     2   -41.0  -47.659  -80.085   1535.2    837.1
     4     1    19     9    20    16     0     2   -41.0  -48.986  -83.867   3567.3    644.0
     5     1    19     9    20    16     0     2   -41.0  -59.518  -92.376   4330.4    567.6
     1     1    19     9    20    15     0     3   -42.0  -36.042  -64.754    142.2    975.0
     2     1    19     9    20    15     0     3   -42.0  -44.116  -79.586    614.0    947.3
     3     1    19     9    20    15     0     3   -42.0  -48.018  -80.941   1579.9    831.7
     4     1    19     9    20    15     0     3   -42.0  -49.421  -84.916   3574.2    644.5
     5     1    19     9    20    15     0     3   -42.0  -60.071  -93.842   4343.6    566.9
     1     1    19     9    20    14     0     2   -43.0  -36.189  -64.987    183.8    964.8
     2     1    19     9    20    14     0     2   -43.0  -44.337  -80.462    618.1    947.4
     3     1    19     9    20    14     0     2   -43.0  -48.386  -81.819   1617.5    826.6
     4     1    19     9    20    14     0     2   -43.0  -49.873  -85.974   3621.6    639.3
     5     1    19     9    20    14     0     2   -43.0  -60.618  -95.409   4375.2    563.5
     1     1    19     9    20    13     0     1   -44.0  -36.336  -65.228    230.1    957.3
     2     1    19     9    20    13     0     1   -44.0  -44.572  -81.345    653.4    941.8
     3     1    19     9    20    13     0     1   -44.0  -48.757  -82.705   1626.5    825.4
     4     1    19     9    20    13     0     1   -44.0  -50.305  -87.077   3626.8    638.3
     5     1    19     9    20    13     0     1   -44.0  -61.143  -97.047   4428.4    558.5
     1     1    19     9    20    12     0     0   -45.0  -36.488  -65.460    267.4    952.3
     2     1    19     9    20    12     0     0   -45.0  -44.819  -82.272    655.8    941.6
     3     1    19     9    20    12     0     0   -45.0  -49.135  -83.635   1647.4    822.7
     4     1    19     9    20    12     0     0   -45.0  -50.701  -88.224   3591.1    641.0
     5     1    19     9    20    12     0     0   -45.0  -61.623  -98.764   4443.6    557.0
     1     1    19     9    20    11     0     1   -46.0  -36.655  -65.691    284.6    950.1
     2     1    19     9    20    11     0     1   -46.0  -45.055  -83.213    646.8    943.0
     3     1    19     9    20    11     0     1   -46.0  -49.524  -84.592   1686.3    818.4
     4     1    19     9    20    11     0     1   -46.0  -51.103  -89.354   3579.6    641.9
     5     1    19     9    20    11     0     1   -46.0  -62.071 -100.577   4434.3    557.2
     1     1    19     9    20    10     0     2   -47.0  -36.828  -65.934    282.3    951.6
     2     1    19     9    20    10     0     2   -47.0  -45.262  -84.153    639.8    944.1
     3     1    19     9    20    10     0     2   -47.0  -49.926  -85.574   1717.8    814.5
     4     1    19     9    20    10     0     2   -47.0  -51.510  -90.501   3564.0    642.9
     5     1    19     9    20    10     0     2   -47.0  -62.483 -102.459   4394.3    560.5
     1     1    19     9    20     9     0     3   -48.0  -36.999  -66.193    273.9    954.1
     2     1    19     9    20     9     0     3   -48.0  -45.464  -85.125    642.1    944.4
     3     1    19     9    20     9     0     3   -48.0  -50.329  -86.578   1707.4    815.4
     4     1    19     9    20     9     0     3   -48.0  -51.887  -91.669   3519.7    646.8
     5     1    19     9    20     9     0     3   -48.0  -62.831 -104.326   4384.7    560.8
     1     1    19     9    20     8     0     2   -49.0  -37.185  -66.468    280.3    953.3
     2     1    19     9    20     8     0     2   -49.0  -45.677  -86.116    662.5    942.3
     3     1    19     9    20     8     0     2   -49.0  -50.730  -87.592   1683.5    818.0
     4     1    19     9    20     8     0     2   -49.0  -52.272  -92.818   3496.9    649.0
     5     1    19     9    20     8     0     2   -49.0  -63.138 -106.248   4389.7    560.3
     1     1    19     9    20     7     0     1   -50.0  -37.391  -66.774    303.4    948.9
     2     1    19     9    20     7     0     1   -50.0  -45.903  -87.107    686.2    939.6
     3     1    19     9    20     7     0     1   -50.0  -51.134  -88.622   1683.8    818.0
     4     1    19     9    20     7     0     1   -50.0  -52.664  -93.972   3501.0    648.3
     5     1    19     9    20     7     0     1   -50.0  -63.397 -108.246   4418.2    558.1
     1     1    19     9    20     6     0     0   -51.0  -37.601  -67.116    354.7    938.2
     2     1    19     9    20     6     0     0   -51.0  -46.151  -88.091    704.7    937.9
     3     1    19     9    20     6     0     0   -51.0  -51.542  -89.680   1698.4    815.6
     4     1    19     9    20     6     0     0   -51.0  -53.021  -95.165   3512.8    647.4
     5     1    19     9    20     6     0     0   -51.0  -63.612 -110.251   4498.4    551.5
     1     1    19     9    20     5     0     1   -52.0  -37.837  -67.539    432.1    926.1
     2     1    19     9    20     5     0     1   -52.0  -46.378  -89.059    708.7    937.8
     3     1    19     9    20     5     0     1   -52.0  -51.942  -90.775   1670.3    819.5
     4     1    19     9    20     5     0     1   -52.0  -53.387  -96.340   3521.6    646.3
     5     1    19     9    20     5     0     1   -52.0  -63.780 -112.287   4548.1    547.8
     1     1    19     9    20     4     0     2   -53.0  -38.085  -68.049    507.2    919.2
     2     1    19     9    20     4     0     2   -53.0  -46.600  -90.039    706.4    939.1
     3     1    19     9    20     4     0     2   -53.0  -52.319  -91.841   1690.1    817.0
     4     1    19     9    20     4     0     2   -53.0  -53.772  -97.508   3500.3    648.4
     5     1    19     9    20     4     0     2   -53.0  -63.921 -114.360   4575.7    545.6
     1     1    19     9    20     3     0     3   -54.0  -38.293  -68.568    441.7    922.3
     2     1    19     9    20     3     0     3   -54.0  -46.831  -90.997    696.3    940.4
     3     1    19     9    20     3     0     3   -54.0  -52.687  -92.893   1711.3    814.4
     4     1    19     9    20     3     0     3   -54.0  -54.127  -98.717   3496.8    648.6
     5     1    19     9    20     3     0     3   -54.0  -64.039 -116.440   4589.4    544.6
     1     1    19     9    20     2     0     2   -55.0  -38.402  -69.021    276.8    937.0
     2     1    19     9    20     2     0     2   -55.0  -47.040  -91.959    663.9    944.8
     3     1    19     9    20     2     0     2   -55.0  -53.053  -93.995   1728.0    812.8
     4     1    19     9    20     2     0     2   -55.0  -54.487  -99.983   3483.7    649.2
     5     1    19     9    20     2     0     2   -55.0  -64.087 -118.581   4610.6    542.6
     1     1    19     9    20     1     0     1   -56.0  -38.442  -69.412    225.7    917.0
     2     1    19     9    20     1     0     1   -56.0  -47.242  -92.928    626.5    948.5
     3     1    19     9    20     1     0     1   -56.0  -53.424  -95.119   1762.6    808.7
     4     1    19     9    20     1     0     1   -56.0  -54.862 -101.277   3468.0    650.0
     5     1    19     9    20     1     0     1   -56.0  -64.059 -120.791   4620.0    541.8
     1     1    19     9    20     0     0     0   -57.0  -38.481  -69.795    232.9    891.6
     2     1    19     9    20     0     0     0   -57.0  -47.446  -93.880    588.9    953.2
     3     1    19     9    20     0     0     0   -57.0  -53.802  -96.262   1802.6    804.0
     4     1    19     9    20     0     0     0   -57.0  -55.201 -102.596   3417.2    654.6
     5     1    19     9    20     0     0     0   -57.0  -63.993 -123.044   4643.0    539.6
     1     1    19     9    19    23     0     1   -58.0  -38.517  -70.178    261.9    865.1
     2     1    19     9    19    23     0     1   -58.0  -47.623  -94.827    583.9    953.6
     3     1    19     9    19    23     0     1   -58.0  -54.165  -97.470   1853.0    798.8
     4     1    19     9    19    23     0     1   -58.0  -55.508 -103.979   3407.8    655.0
     5     1    19     9    19    23     0     1   -58.0  -63.827 -125.223   4638.6    540.2
     1     1    19     9    19    22     0     2   -59.0  -38.546  -70.595    341.1    830.8
     2     1    19     9    19    22     0     2   -59.0  -47.766  -95.760    568.8    955.7
     3     1    19     9    19    22     0     2   -59.0  -54.503  -98.661   1911.3    792.3
     4     1    19     9    19    22     0     2   -59.0  -55.810 -105.351   3426.1    653.5
     5     1    19     9    19    22     0     2   -59.0  -63.568 -127.362   4649.6    539.3
     1     1    19     9    19    21     0     3   -60.0  -38.572  -71.063    462.9    800.7
     2     1    19     9    19    21     0     3   -60.0  -47.935  -96.726    553.3    958.0
     3     1    19     9    19    21     0     3   -60.0  -54.827  -99.833   1933.1    789.6
     4     1    19     9    19    21     0     3   -60.0  -56.065 -106.683   3430.1    652.5
     5     1    19     9    19    21     0     3   -60.0  -63.265 -129.460   4660.2    538.6
     1     1    19     9    19    20     0     2   -61.0  -38.624  -71.487    483.5    841.6
     2     1    19     9    19    20     0     2   -61.0  -48.056  -97.724    557.5    958.3
     3     1    19     9    19    20     0     2   -61.0  -55.148 -101.062   1942.6    789.5
     4     1    19     9    19    20     0     2   -61.0  -56.263 -108.052   3401.9    655.9
     5     1    19     9    19    20     0     2   -61.0  -62.925 -131.411   4653.4    539.1
     1     1    19     9    19    19     0     1   -62.0  -38.668  -71.770    305.5    890.8
     2     1    19     9    19    19     0     1   -62.0  -48.171  -98.667    592.9    954.3
     3     1    19     9    19    19     0     1   -62.0  -55.463 -102.312   1990.5    784.3
     4     1    19     9    19    19     0     1   -62.0  -56.477 -109.398   3421.3    653.7
     5     1    19     9    19    19     0     1   -62.0  -62.540 -133.231   4624.1    541.7
     1     1    19     9    19    18     0     0   -63.0  -38.683  -71.937     76.7    935.5
     2     1    19     9    19    18     0     0   -63.0  -48.295  -99.584    615.4    952.3
     3     1    19     9    19    18     0     0   -63.0  -55.790 -103.543   2047.3    777.6
     4     1    19     9    19    18     0     0   -63.0  -56.696 -110.667   3453.4    650.7
     5     1    19     9    19    18     0     0   -63.0  -62.135 -135.039   4624.9    542.2
     1     1    19     9    19    17     0     1   -64.0  -38.687  -72.027      0.0    952.5
     2     1    19     9    19    17     0     1   -64.0  -48.373 -100.499    623.5    952.1
     3     1    19     9    19    17     0     1   -64.0  -56.097 -104.830   2050.2    778.1
     4     1    19     9    19    17     0     1   -64.0  -56.885 -111.932   3468.4    649.2
     5     1    19     9    19    17     0     1   -64.0  -61.711 -136.752   4632.1    540.8
     1     1    19     9    19    16     0     2   -65.0  -38.690  -72.104      0.0    956.6
     2     1    19     9    19    16     0     2   -65.0  -48.415 -101.366    639.7    950.9
     3     1    19     9    19    16     0     2   -65.0  -56.363 -106.184   2106.2    772.3
     4     1    19     9    19    16     0     2   -65.0  -57.091 -113.261   3468.5    649.2
     5     1    19     9    19    16     0     2   -65.0  -61.255 -138.374   4553.3    548.2
     1     1    19     9    19    15     0     3   -66.0  -38.694  -72.177      0.0    960.4
     2     1    19     9    19    15     0     3   -66.0  -48.414 -102.209    660.7    948.7
     3     1    19     9    19    15     0     3   -66.0  -56.622 -107.567   2196.1    762.4
     4     1    19     9    19    15     0     3   -66.0  -57.320 -114.613   3502.0    645.7
     5     1    19     9    19    15     0     3   -66.0  -60.796 -139.968   4536.5    549.5
     1     1    19     9    19    14     0     2   -67.0  -38.696  -72.240      0.0    962.9
     2     1    19     9    19    14     0     2   -67.0  -48.353 -102.989    667.1    948.2
     3     1    19     9    19    14     0     2   -67.0  -56.886 -108.997   2234.3    759.1
     4     1    19     9    19    14     0     2   -67.0  -57.536 -115.973   3517.6    644.1
     5     1    19     9    19    14     0     2   -67.0  -60.305 -141.534   4521.8    550.9
     1     1    19     9    19    13     0     1   -68.0  -38.692  -72.286      0.0    964.6
     2     1    19     9    19    13     0     1   -68.0  -48.256 -103.734    681.3    946.9
     3     1    19     9    19    13     0     1   -68.0  -57.084 -110.528   2279.0    754.3
     4     1    19     9    19    13     0     1   -68.0  -57.768 -117.368   3587.3    637.8
     5     1    19     9    19    13     0     1   -68.0  -59.753 -143.030   4501.2    552.5
     1     1    19     9    19    12     0     0   -69.0  -38.683  -72.314      0.0    965.4
     2     1    19     9    19    12     0     0   -69.0  -48.133 -104.460    711.8    943.1
     3     1    19     9    19    12     0     0   -69.0  -57.279 -111.977   2352.7    746.6
     4     1    19     9    19    12     0     0   -69.0  -58.015 -118.794   3674.3    629.3
     5     1    19     9    19    12     0     0   -69.0  -59.195 -144.500   4468.7    556.1
     1     1    19     9    19    11     0     1   -70.0  -38.672  -72.334      0.0    966.1
     2     1    19     9    19    11     0     1   -70.0  -47.983 -105.129    723.7    941.9
     3     1    19     9    19    11     0     1   -70.0  -57.469 -113.362   2454.9    736.4
     4     1    19     9    19    11     0     1   -70.0  -58.226 -120.210   3705.0    626.9
     5     1    19     9    19    11     0     1   -70.0  -58.646 -145.859   4468.8    555.7
     1     1    19     9    19    10     0     2   -71.0  -38.666  -72.354      0.0    966.9
     2     1    19     9    19    10     0     2   -71.0  -47.818 -105.735    724.9    943.3
     3     1    19     9    19    10     0     2   -71.0  -57.626 -114.837   2545.7    727.1
     4     1    19     9    19    10     0     2   -71.0  -58.428 -121.648   3754.5    621.7
     5     1    19     9    19    10     0     2   -71.0  -58.065 -147.082   4451.2    558.4
     1     1    19     9    19     9     0     3   -72.0  -38.663  -72.377      0.0    967.8
     2     1    19     9    19     9     0     3   -72.0  -47.618 -106.274    760.4    939.9
     3     1    19     9    19     9     0     3   -72.0  -57.746 -116.278   2626.7    720.3
     4     1    19     9    19     9     0     3   -72.0  -58.659 -123.073   3806.6    617.4
     5     1    19     9    19     9     0     3   -72.0  -57.486 -148.224   4453.5    559.3
