     7     1
    GDAS    19     9    29     0     0
    GDAS    19    10     1     0     0
    GDAS    19    10     8     0     0
    GDAS    19    10    15     0     0
    GDAS    19    10    22     0     0
    GDAS    19    10    29     0     0
    GDAS    19    11     1     0     0
     5 BACKWARD OMEGA   
    19    10     3    15  -34.572  -58.513    10.0
    19    10     3    15  -34.572  -58.513   200.0
    19    10     3    15  -34.572  -58.513   500.0
    19    10     3    15  -34.572  -58.513  1000.0
    19    10     3    15  -34.572  -58.513  2000.0
     1 PRESSURE
     1     1    19    10     3    15     0     3     0.0  -34.572  -58.513     10.0   1021.8
     2     1    19    10     3    15     0     3     0.0  -34.572  -58.513    200.0    999.4
     3     1    19    10     3    15     0     3     0.0  -34.572  -58.513    500.0    964.4
     4     1    19    10     3    15     0     3     0.0  -34.572  -58.513   1000.0    907.3
     5     1    19    10     3    15     0     3     0.0  -34.572  -58.513   2000.0    802.6
     1     1    19    10     3    14     0     2    -1.0  -34.650  -58.274     10.8   1022.3
     2     1    19    10     3    14     0     2    -1.0  -34.678  -58.160    207.5    998.2
     3     1    19    10     3    14     0     2    -1.0  -34.678  -58.091    517.0    961.2
     4     1    19    10     3    14     0     2    -1.0  -34.605  -58.022   1038.0    900.1
     5     1    19    10     3    14     0     2    -1.0  -34.486  -58.085   1995.0    799.8
     1     1    19    10     3    13     0     1    -2.0  -34.738  -58.036     11.9   1022.9
     2     1    19    10     3    13     0     1    -2.0  -34.810  -57.795    212.7    998.5
     3     1    19    10     3    13     0     1    -2.0  -34.813  -57.648    532.1    960.7
     4     1    19    10     3    13     0     1    -2.0  -34.666  -57.534   1067.6    897.9
     5     1    19    10     3    13     0     1    -2.0  -34.460  -57.684   1985.8    800.5
     1     1    19    10     3    12     0     0    -3.0  -34.848  -57.792     12.7   1023.2
     2     1    19    10     3    12     0     0    -3.0  -34.982  -57.417    207.4   1000.2
     3     1    19    10     3    12     0     0    -3.0  -34.990  -57.200    524.7    960.8
     4     1    19    10     3    12     0     0    -3.0  -34.764  -57.071   1076.2    894.5
     5     1    19    10     3    12     0     0    -3.0  -34.499  -57.315   1985.3    799.5
     1     1    19    10     3    11     0     1    -4.0  -34.987  -57.538     12.3   1024.2
     2     1    19    10     3    11     0     1    -4.0  -35.192  -57.037    189.6   1003.4
     3     1    19    10     3    11     0     1    -4.0  -35.201  -56.782    484.2    967.8
     4     1    19    10     3    11     0     1    -4.0  -34.894  -56.656   1049.5    901.0
     5     1    19    10     3    11     0     1    -4.0  -34.585  -56.986   1994.1    798.9
     1     1    19    10     3    10     0     2    -5.0  -35.156  -57.274     11.3   1024.7
     2     1    19    10     3    10     0     2    -5.0  -35.419  -56.688    170.4   1006.3
     3     1    19    10     3    10     0     2    -5.0  -35.429  -56.416    443.3    974.4
     4     1    19    10     3    10     0     2    -5.0  -35.038  -56.300   1008.0    907.6
     5     1    19    10     3    10     0     2    -5.0  -34.696  -56.702   2020.2    799.0
     1     1    19    10     3     9     0     3    -6.0  -35.358  -56.999     10.4   1025.5
     2     1    19    10     3     9     0     3    -6.0  -35.661  -56.390    154.7   1008.7
     3     1    19    10     3     9     0     3    -6.0  -35.679  -56.100    413.0    977.5
     4     1    19    10     3     9     0     3    -6.0  -35.191  -56.000    965.1    912.8
     5     1    19    10     3     9     0     3    -6.0  -34.831  -56.466   2071.0    795.7
     1     1    19    10     3     8     0     2    -7.0  -35.590  -56.741      9.6   1026.8
     2     1    19    10     3     8     0     2    -7.0  -35.926  -56.134    150.0   1010.7
     3     1    19    10     3     8     0     2    -7.0  -35.959  -55.829    407.3    979.9
     4     1    19    10     3     8     0     2    -7.0  -35.355  -55.743    933.9    917.3
     5     1    19    10     3     8     0     2    -7.0  -34.976  -56.273   2131.9    790.2
     1     1    19    10     3     7     0     1    -8.0  -35.840  -56.521      9.3   1027.5
     2     1    19    10     3     7     0     1    -8.0  -36.210  -55.917    159.8   1009.1
     3     1    19    10     3     7     0     1    -8.0  -36.260  -55.602    435.4    976.3
     4     1    19    10     3     7     0     1    -8.0  -35.534  -55.523    927.0    918.5
     5     1    19    10     3     7     0     1    -8.0  -35.119  -56.124   2180.8    785.3
     1     1    19    10     3     6     0     0    -9.0  -36.104  -56.335     10.0   1027.5
     2     1    19    10     3     6     0     0    -9.0  -36.498  -55.737    177.0   1006.2
     3     1    19    10     3     6     0     0    -9.0  -36.555  -55.412    482.3    969.6
     4     1    19    10     3     6     0     0    -9.0  -35.722  -55.338    953.4    916.1
     5     1    19    10     3     6     0     0    -9.0  -35.265  -56.017   2217.3    782.3
     1     1    19    10     3     5     0     1   -10.0  -36.364  -56.167     11.0   1027.0
     2     1    19    10     3     5     0     1   -10.0  -36.782  -55.577    193.2   1003.7
     3     1    19    10     3     5     0     1   -10.0  -36.833  -55.240    527.8    962.6
     4     1    19    10     3     5     0     1   -10.0  -35.919  -55.177   1002.8    908.5
     5     1    19    10     3     5     0     1   -10.0  -35.419  -55.950   2253.8    779.3
     1     1    19    10     3     4     0     2   -11.0  -36.622  -55.997     12.2   1026.5
     2     1    19    10     3     4     0     2   -11.0  -37.064  -55.427    206.6   1002.2
     3     1    19    10     3     4     0     2   -11.0  -37.101  -55.080    555.1    958.9
     4     1    19    10     3     4     0     2   -11.0  -36.124  -55.030   1036.2    902.5
     5     1    19    10     3     4     0     2   -11.0  -35.590  -55.928   2296.3    774.5
     1     1    19    10     3     3     0     3   -12.0  -36.888  -55.834     13.6   1026.0
     2     1    19    10     3     3     0     3   -12.0  -37.348  -55.295    218.5   1000.8
     3     1    19    10     3     3     0     3   -12.0  -37.369  -54.942    567.7    958.3
     4     1    19    10     3     3     0     3   -12.0  -36.332  -54.897   1038.9    902.9
     5     1    19    10     3     3     0     3   -12.0  -35.786  -55.948   2338.0    769.8
     1     1    19    10     3     2     0     2   -13.0  -37.161  -55.693     15.4   1025.7
     2     1    19    10     3     2     0     2   -13.0  -37.642  -55.186    232.5    999.5
     3     1    19    10     3     2     0     2   -13.0  -37.651  -54.834    588.5    957.6
     4     1    19    10     3     2     0     2   -13.0  -36.552  -54.780   1045.6    905.3
     5     1    19    10     3     2     0     2   -13.0  -36.010  -56.000   2375.9    766.0
     1     1    19    10     3     1     0     1   -14.0  -37.438  -55.573     17.2   1025.4
     2     1    19    10     3     1     0     1   -14.0  -37.949  -55.103    253.0    997.4
     3     1    19    10     3     1     0     1   -14.0  -37.946  -54.756    631.8    952.4
     4     1    19    10     3     1     0     1   -14.0  -36.791  -54.694   1079.7    900.7
     5     1    19    10     3     1     0     1   -14.0  -36.247  -56.095   2416.4    762.4
     1     1    19    10     3     0     0     0   -15.0  -37.715  -55.469     19.0   1025.2
     2     1    19    10     3     0     0     0   -15.0  -38.260  -55.044    281.3    993.9
     3     1    19    10     3     0     0     0   -15.0  -38.239  -54.706    691.2    944.6
     4     1    19    10     3     0     0     0   -15.0  -37.043  -54.654   1128.1    894.7
     5     1    19    10     3     0     0     0   -15.0  -36.484  -56.256   2468.3    757.6
     1     1    19    10     2    23     0     1   -16.0  -37.992  -55.386     21.6   1024.4
     2     1    19    10     2    23     0     1   -16.0  -38.566  -55.010    319.1    988.3
     3     1    19    10     2    23     0     1   -16.0  -38.521  -54.692    758.8    935.3
     4     1    19    10     2    23     0     1   -16.0  -37.309  -54.642   1196.2    887.4
     5     1    19    10     2    23     0     1   -16.0  -36.716  -56.481   2537.5    750.4
     1     1    19    10     2    22     0     2   -17.0  -38.267  -55.333     25.8   1023.4
     2     1    19    10     2    22     0     2   -17.0  -38.867  -55.005    354.8    981.5
     3     1    19    10     2    22     0     2   -17.0  -38.794  -54.719    822.4    926.2
     4     1    19    10     2    22     0     2   -17.0  -37.595  -54.662   1283.6    875.9
     5     1    19    10     2    22     0     2   -17.0  -36.931  -56.762   2623.9    741.3
     1     1    19    10     2    21     0     3   -18.0  -38.542  -55.309     30.8   1022.1
     2     1    19    10     2    21     0     3   -18.0  -39.167  -55.031    369.4    978.3
     3     1    19    10     2    21     0     3   -18.0  -39.073  -54.785    860.4    920.0
     4     1    19    10     2    21     0     3   -18.0  -37.909  -54.750   1381.7    864.2
     5     1    19    10     2    21     0     3   -18.0  -37.109  -57.093   2730.2    731.0
     1     1    19    10     2    20     0     2   -19.0  -38.810  -55.306     35.3   1020.9
     2     1    19    10     2    20     0     2   -19.0  -39.465  -55.086    380.0    979.3
     3     1    19    10     2    20     0     2   -19.0  -39.357  -54.883    881.0    919.9
     4     1    19    10     2    20     0     2   -19.0  -38.246  -54.905   1476.1    852.2
     5     1    19    10     2    20     0     2   -19.0  -37.244  -57.441   2838.4    718.0
     1     1    19    10     2    19     0     1   -20.0  -39.066  -55.315     39.8   1020.0
     2     1    19    10     2    19     0     1   -20.0  -39.754  -55.168    402.0    976.0
     3     1    19    10     2    19     0     1   -20.0  -39.632  -55.009    901.3    916.5
     4     1    19    10     2    19     0     1   -20.0  -38.583  -55.120   1531.4    844.9
     5     1    19    10     2    19     0     1   -20.0  -37.353  -57.787   2941.8    706.8
     1     1    19    10     2    18     0     0   -21.0  -39.311  -55.343     45.2   1019.0
     2     1    19    10     2    18     0     0   -21.0  -40.030  -55.279    426.3    972.7
     3     1    19    10     2    18     0     0   -21.0  -39.898  -55.168    911.7    914.5
     4     1    19    10     2    18     0     0   -21.0  -38.915  -55.422   1548.6    844.4
     5     1    19    10     2    18     0     0   -21.0  -37.432  -58.138   3050.5    694.7
     1     1    19    10     2    17     0     1   -22.0  -39.555  -55.395     50.0   1018.2
     2     1    19    10     2    17     0     1   -22.0  -40.294  -55.424    450.0    969.6
     3     1    19    10     2    17     0     1   -22.0  -40.154  -55.356    918.7    914.7
     4     1    19    10     2    17     0     1   -22.0  -39.237  -55.783   1586.5    845.2
     5     1    19    10     2    17     0     1   -22.0  -37.475  -58.501   3157.8    682.3
     1     1    19    10     2    16     0     2   -23.0  -39.803  -55.475     53.0   1017.7
     2     1    19    10     2    16     0     2   -23.0  -40.543  -55.594    478.6    966.5
     3     1    19    10     2    16     0     2   -23.0  -40.390  -55.569    940.4    913.4
     4     1    19    10     2    16     0     2   -23.0  -39.534  -56.200   1693.9    833.6
     5     1    19    10     2    16     0     2   -23.0  -37.482  -58.873   3266.8    672.7
     1     1    19    10     2    15     0     3   -24.0  -40.052  -55.581     54.6   1017.1
     2     1    19    10     2    15     0     3   -24.0  -40.767  -55.778    519.0    961.9
     3     1    19    10     2    15     0     3   -24.0  -40.603  -55.805    989.4    907.8
     4     1    19    10     2    15     0     3   -24.0  -39.786  -56.714   1865.2    815.6
     5     1    19    10     2    15     0     3   -24.0  -37.461  -59.233   3422.6    659.3
     1     1    19    10     2    14     0     2   -25.0  -40.290  -55.699     57.1   1017.2
     2     1    19    10     2    14     0     2   -25.0  -40.966  -55.954    571.6    955.2
     3     1    19    10     2    14     0     2   -25.0  -40.799  -56.044   1060.8    898.8
     4     1    19    10     2    14     0     2   -25.0  -39.993  -57.315   2064.8    791.5
     5     1    19    10     2    14     0     2   -25.0  -37.432  -59.582   3626.3    636.0
     1     1    19    10     2    13     0     1   -26.0  -40.511  -55.815     61.2   1016.7
     2     1    19    10     2    13     0     1   -26.0  -41.147  -56.108    629.5    947.8
     3     1    19    10     2    13     0     1   -26.0  -40.983  -56.273   1146.7    888.9
     4     1    19    10     2    13     0     1   -26.0  -40.177  -57.949   2256.1    772.0
     5     1    19    10     2    13     0     1   -26.0  -37.414  -59.944   3805.4    615.6
     1     1    19    10     2    12     0     0   -27.0  -40.715  -55.926     65.8   1016.1
     2     1    19    10     2    12     0     0   -27.0  -41.316  -56.243    688.2    940.5
     3     1    19    10     2    12     0     0   -27.0  -41.156  -56.511   1242.4    877.5
     4     1    19    10     2    12     0     0   -27.0  -40.333  -58.570   2406.9    753.9
     5     1    19    10     2    12     0     0   -27.0  -37.413  -60.335   3917.0    605.0
     1     1    19    10     2    11     0     1   -28.0  -40.906  -56.048     70.6   1014.2
     2     1    19    10     2    11     0     1   -28.0  -41.487  -56.388    740.7    932.1
     3     1    19    10     2    11     0     1   -28.0  -41.343  -56.789   1325.1    865.0
     4     1    19    10     2    11     0     1   -28.0  -40.470  -59.160   2519.5    745.4
     5     1    19    10     2    11     0     1   -28.0  -37.415  -60.744   3925.7    603.9
     1     1    19    10     2    10     0     2   -29.0  -41.089  -56.199     76.3   1012.2
     2     1    19    10     2    10     0     2   -29.0  -41.677  -56.562    776.2    926.8
     3     1    19    10     2    10     0     2   -29.0  -41.556  -57.108   1371.6    858.8
     4     1    19    10     2    10     0     2   -29.0  -40.616  -59.738   2608.6    734.5
     5     1    19    10     2    10     0     2   -29.0  -37.423  -61.142   3830.5    611.3
     1     1    19    10     2     9     0     3   -30.0  -41.277  -56.373     81.5   1010.0
     2     1    19    10     2     9     0     3   -30.0  -41.891  -56.758    796.3    923.7
     3     1    19    10     2     9     0     3   -30.0  -41.778  -57.455   1385.3    856.7
     4     1    19    10     2     9     0     3   -30.0  -40.787  -60.314   2685.2    729.0
     5     1    19    10     2     9     0     3   -30.0  -37.463  -61.523   3699.4    622.5
     1     1    19    10     2     8     0     2   -31.0  -41.462  -56.552     83.6   1009.1
     2     1    19    10     2     8     0     2   -31.0  -42.118  -56.991    783.8    922.3
     3     1    19    10     2     8     0     2   -31.0  -41.993  -57.834   1395.7    858.0
     4     1    19    10     2     8     0     2   -31.0  -40.980  -60.901   2831.3    720.3
     5     1    19    10     2     8     0     2   -31.0  -37.536  -61.950   3633.5    625.7
     1     1    19    10     2     7     0     1   -32.0  -41.637  -56.733     80.9   1008.8
     2     1    19    10     2     7     0     1   -32.0  -42.345  -57.269    745.8    929.4
     3     1    19    10     2     7     0     1   -32.0  -42.205  -58.254   1449.5    854.1
     4     1    19    10     2     7     0     1   -32.0  -41.182  -61.513   3004.3    695.8
     5     1    19    10     2     7     0     1   -32.0  -37.631  -62.464   3680.3    623.3
     1     1    19    10     2     6     0     0   -33.0  -41.807  -56.924     71.0   1009.3
     2     1    19    10     2     6     0     0   -33.0  -42.566  -57.575    730.1    933.0
     3     1    19    10     2     6     0     0   -33.0  -42.416  -58.706   1554.5    841.5
     4     1    19    10     2     6     0     0   -33.0  -41.389  -62.149   3118.1    684.8
     5     1    19    10     2     6     0     0   -33.0  -37.757  -63.050   3845.6    618.9
     1     1    19    10     2     5     0     1   -34.0  -41.968  -57.134     60.7   1012.2
     2     1    19    10     2     5     0     1   -34.0  -42.773  -57.896    751.4    930.1
     3     1    19    10     2     5     0     1   -34.0  -42.630  -59.186   1660.8    825.8
     4     1    19    10     2     5     0     1   -34.0  -41.575  -62.802   3178.6    680.9
     5     1    19    10     2     5     0     1   -34.0  -37.882  -63.781   4026.6    596.6
     1     1    19    10     2     4     0     2   -35.0  -42.110  -57.370     56.8   1012.8
     2     1    19    10     2     4     0     2   -35.0  -42.960  -58.216    787.0    923.5
     3     1    19    10     2     4     0     2   -35.0  -42.849  -59.712   1730.4    818.8
     4     1    19    10     2     4     0     2   -35.0  -41.719  -63.465   3230.8    678.7
     5     1    19    10     2     4     0     2   -35.0  -38.012  -64.624   4112.1    588.3
     1     1    19    10     2     3     0     3   -36.0  -42.231  -57.626     57.9   1012.0
     2     1    19    10     2     3     0     3   -36.0  -43.136  -58.541    806.2    920.9
     3     1    19    10     2     3     0     3   -36.0  -43.064  -60.334   1821.1    811.7
     4     1    19    10     2     3     0     3   -36.0  -41.842  -64.122   3321.7    669.7
     5     1    19    10     2     3     0     3   -36.0  -38.082  -65.544   4167.6    580.9
     1     1    19    10     2     2     0     2   -37.0  -42.345  -57.889     61.4   1010.9
     2     1    19    10     2     2     0     2   -37.0  -43.317  -58.899    802.2    921.4
     3     1    19    10     2     2     0     2   -37.0  -43.298  -60.986   1944.4    797.5
     4     1    19    10     2     2     0     2   -37.0  -41.946  -64.758   3378.4    662.3
     5     1    19    10     2     2     0     2   -37.0  -38.068  -66.408   4185.0    580.9
     1     1    19    10     2     1     0     1   -38.0  -42.460  -58.163     67.5   1009.6
     2     1    19    10     2     1     0     1   -38.0  -43.507  -59.280    799.3    921.9
     3     1    19    10     2     1     0     1   -38.0  -43.522  -61.591   2066.3    785.2
     4     1    19    10     2     1     0     1   -38.0  -42.010  -65.380   3255.2    661.9
     5     1    19    10     2     1     0     1   -38.0  -37.982  -67.182   4228.3    569.7
     1     1    19    10     2     0     0     0   -39.0  -42.570  -58.456     73.4   1008.5
     2     1    19    10     2     0     0     0   -39.0  -43.700  -59.661    815.7    919.9
     3     1    19    10     2     0     0     0   -39.0  -43.734  -62.206   2190.8    772.0
     4     1    19    10     2     0     0     0   -39.0  -42.071  -65.974   3154.4    652.3
     5     1    19    10     2     0     0     0   -39.0  -37.831  -67.862   4526.7    551.7
     1     1    19    10     1    23     0     1   -40.0  -42.680  -58.773     77.1   1006.7
     2     1    19    10     1    23     0     1   -40.0  -43.882  -60.063    844.2    915.4
     3     1    19    10     1    23     0     1   -40.0  -43.984  -62.853   2310.4    759.7
     4     1    19    10     1    23     0     1   -40.0  -42.140  -66.524   3141.9    642.7
     5     1    19    10     1    23     0     1   -40.0  -37.447  -68.642   4928.5    473.7
     1     1    19    10     1    22     0     2   -41.0  -42.793  -59.116     78.3   1005.5
     2     1    19    10     1    22     0     2   -41.0  -44.060  -60.495    872.8    910.7
     3     1    19    10     1    22     0     2   -41.0  -44.254  -63.490   2405.1    748.4
     4     1    19    10     1    22     0     2   -41.0  -42.203  -67.039   3151.9    633.3
     5     1    19    10     1    22     0     2   -41.0  -36.895  -69.411   4268.4    473.4
     1     1    19    10     1    21     0     3   -42.0  -42.907  -59.496     75.6   1004.6
     2     1    19    10     1    21     0     3   -42.0  -44.262  -60.921    892.2    907.3
     3     1    19    10     1    21     0     3   -42.0  -44.513  -64.093   2464.0    742.2
     4     1    19    10     1    21     0     3   -42.0  -42.291  -67.565   3144.4    608.1
     5     1    19    10     1    21     0     3   -42.0  -36.324  -70.101   3528.2    496.9
     1     1    19    10     1    20     0     2   -43.0  -43.012  -59.903     68.7   1004.9
     2     1    19    10     1    20     0     2   -43.0  -44.453  -61.342    927.3    904.7
     3     1    19    10     1    20     0     2   -43.0  -44.771  -64.663   2520.3    736.3
     4     1    19    10     1    20     0     2   -43.0  -42.410  -68.097   3125.8    589.2
     5     1    19    10     1    20     0     2   -43.0  -35.735  -70.695   3329.7    541.3
     1     1    19    10     1    19     0     1   -44.0  -43.107  -60.318     63.5   1005.6
     2     1    19    10     1    19     0     1   -44.0  -44.610  -61.761    984.7    896.2
     3     1    19    10     1    19     0     1   -44.0  -45.017  -65.213   2574.9    730.5
     4     1    19    10     1    19     0     1   -44.0  -42.546  -68.612   3154.0    592.4
     5     1    19    10     1    19     0     1   -44.0  -35.196  -71.124   3269.7    605.1
     1     1    19    10     1    18     0     0   -45.0  -43.185  -60.746     62.5   1005.0
     2     1    19    10     1    18     0     0   -45.0  -44.765  -62.159   1041.9    888.2
     3     1    19    10     1    18     0     0   -45.0  -45.271  -65.755   2641.6    725.3
     4     1    19    10     1    18     0     0   -45.0  -42.688  -69.092   3219.9    590.2
     5     1    19    10     1    18     0     0   -45.0  -34.760  -71.370   3029.6    659.5
     1     1    19    10     1    17     0     1   -46.0  -43.253  -61.178     64.1   1004.7
     2     1    19    10     1    17     0     1   -46.0  -44.926  -62.540   1090.1    882.8
     3     1    19    10     1    17     0     1   -46.0  -45.536  -66.248   2702.9    712.3
     4     1    19    10     1    17     0     1   -46.0  -42.839  -69.547   3301.0    586.2
     5     1    19    10     1    17     0     1   -46.0  -34.399  -71.563   2814.0    689.3
     1     1    19    10     1    16     0     2   -47.0  -43.322  -61.597     67.2   1004.2
     2     1    19    10     1    16     0     2   -47.0  -45.086  -62.918   1143.3    878.2
     3     1    19    10     1    16     0     2   -47.0  -45.798  -66.677   2748.0    707.2
     4     1    19    10     1    16     0     2   -47.0  -43.005  -70.001   3370.0    578.1
     5     1    19    10     1    16     0     2   -47.0  -34.084  -71.756   2702.0    714.0
     1     1    19    10     1    15     0     3   -48.0  -43.386  -62.000     68.7   1003.6
     2     1    19    10     1    15     0     3   -48.0  -45.240  -63.300   1205.3    870.0
     3     1    19    10     1    15     0     3   -48.0  -46.056  -67.043   2774.2    706.3
     4     1    19    10     1    15     0     3   -48.0  -43.193  -70.431   3408.7    573.7
     5     1    19    10     1    15     0     3   -48.0  -33.824  -71.950   2711.0    730.2
     1     1    19    10     1    14     0     2   -49.0  -43.456  -62.399     68.0   1003.3
     2     1    19    10     1    14     0     2   -49.0  -45.391  -63.697   1264.9    862.4
     3     1    19    10     1    14     0     2   -49.0  -46.323  -67.361   2764.0    694.4
     4     1    19    10     1    14     0     2   -49.0  -43.405  -70.803   3389.3    577.4
     5     1    19    10     1    14     0     2   -49.0  -33.599  -72.145   2750.4    723.1
     1     1    19    10     1    13     0     1   -50.0  -43.549  -62.805     67.6   1002.8
     2     1    19    10     1    13     0     1   -50.0  -45.544  -64.113   1322.9    855.9
     3     1    19    10     1    13     0     1   -50.0  -46.613  -67.662   2760.6    688.0
     4     1    19    10     1    13     0     1   -50.0  -43.650  -71.139   3345.8    581.3
     5     1    19    10     1    13     0     1   -50.0  -33.408  -72.355   2751.6    723.3
     1     1    19    10     1    12     0     0   -51.0  -43.668  -63.225     69.7   1002.1
     2     1    19    10     1    12     0     0   -51.0  -45.710  -64.523   1375.4    848.9
     3     1    19    10     1    12     0     0   -51.0  -46.935  -67.950   2764.9    687.6
     4     1    19    10     1    12     0     0   -51.0  -43.941  -71.496   3352.2    578.6
     5     1    19    10     1    12     0     0   -51.0  -33.258  -72.594   2741.5    725.6
     1     1    19    10     1    11     0     1   -52.0  -43.798  -63.665     72.1   1000.9
     2     1    19    10     1    11     0     1   -52.0  -45.879  -64.924   1411.6    844.2
     3     1    19    10     1    11     0     1   -52.0  -47.273  -68.233   2744.5    681.9
     4     1    19    10     1    11     0     1   -52.0  -44.283  -71.871   3452.4    568.7
     5     1    19    10     1    11     0     1   -52.0  -33.159  -72.863   2752.9    725.6
     1     1    19    10     1    10     0     2   -53.0  -43.925  -64.131     74.7   1000.3
     2     1    19    10     1    10     0     2   -53.0  -46.026  -65.336   1434.4    842.0
     3     1    19    10     1    10     0     2   -53.0  -47.611  -68.525   2700.3    676.7
     4     1    19    10     1    10     0     2   -53.0  -44.656  -72.232   3557.3    563.0
     5     1    19    10     1    10     0     2   -53.0  -33.103  -73.153   2792.1    720.9
     1     1    19    10     1     9     0     3   -54.0  -44.040  -64.624     91.0    999.1
     2     1    19    10     1     9     0     3   -54.0  -46.148  -65.759   1459.1    840.0
     3     1    19    10     1     9     0     3   -54.0  -47.978  -68.835   2675.5    669.1
     4     1    19    10     1     9     0     3   -54.0  -45.053  -72.596   3583.3    568.8
     5     1    19    10     1     9     0     3   -54.0  -33.069  -73.461   2847.1    715.0
     1     1    19    10     1     8     0     2   -55.0  -44.135  -65.130    125.1    990.1
     2     1    19    10     1     8     0     2   -55.0  -46.262  -66.179   1503.5    835.2
     3     1    19    10     1     8     0     2   -55.0  -48.364  -69.169   2703.9    667.3
     4     1    19    10     1     8     0     2   -55.0  -45.474  -72.956   3572.3    573.7
     5     1    19    10     1     8     0     2   -55.0  -33.047  -73.781   2908.5    709.0
     1     1    19    10     1     7     0     1   -56.0  -44.210  -65.635    157.1    971.4
     2     1    19    10     1     7     0     1   -56.0  -46.383  -66.587   1584.5    824.4
     3     1    19    10     1     7     0     1   -56.0  -48.755  -69.545   2749.9    668.9
     4     1    19    10     1     7     0     1   -56.0  -45.908  -73.293   3571.2    578.1
     5     1    19    10     1     7     0     1   -56.0  -33.038  -74.107   2972.7    703.5
     1     1    19    10     1     6     0     0   -57.0  -44.269  -66.147    184.1    959.3
     2     1    19    10     1     6     0     0   -57.0  -46.518  -66.988   1710.6    806.0
     3     1    19    10     1     6     0     0   -57.0  -49.168  -69.932   2799.0    666.6
     4     1    19    10     1     6     0     0   -57.0  -46.359  -73.617   3578.3    595.1
     5     1    19    10     1     6     0     0   -57.0  -33.038  -74.440   3039.5    697.5
     1     1    19    10     1     5     0     1   -58.0  -44.315  -66.671    216.9    949.5
     2     1    19    10     1     5     0     1   -58.0  -46.662  -67.379   1807.1    779.1
     3     1    19    10     1     5     0     1   -58.0  -49.582  -70.275   2855.1    655.4
     4     1    19    10     1     5     0     1   -58.0  -46.820  -73.938   3596.3    613.0
     5     1    19    10     1     5     0     1   -58.0  -33.051  -74.790   3114.4    691.6
     1     1    19    10     1     4     0     2   -59.0  -44.364  -67.230    249.9    936.7
     2     1    19    10     1     4     0     2   -59.0  -46.810  -67.760   1834.3    772.0
     3     1    19    10     1     4     0     2   -59.0  -49.992  -70.547   2927.2    638.9
     4     1    19    10     1     4     0     2   -59.0  -47.277  -74.229   3569.8    619.6
     5     1    19    10     1     4     0     2   -59.0  -33.090  -75.169   3198.6    683.8
     1     1    19    10     1     3     0     3   -60.0  -44.427  -67.827    268.5    925.2
     2     1    19    10     1     3     0     3   -60.0  -46.965  -68.139   1831.8    770.7
     3     1    19    10     1     3     0     3   -60.0  -50.414  -70.746   3017.1    636.0
     4     1    19    10     1     3     0     3   -60.0  -47.735  -74.474   3468.8    628.3
     5     1    19    10     1     3     0     3   -60.0  -33.149  -75.575   3281.4    676.4
     1     1    19    10     1     2     0     2   -61.0  -44.493  -68.437    290.9    921.8
     2     1    19    10     1     2     0     2   -61.0  -47.133  -68.533   1864.5    757.5
     3     1    19    10     1     2     0     2   -61.0  -50.830  -70.913   3050.7    643.4
     4     1    19    10     1     2     0     2   -61.0  -48.186  -74.677   3320.6    641.9
     5     1    19    10     1     2     0     2   -61.0  -33.210  -76.008   3367.8    669.3
     1     1    19    10     1     1     0     1   -62.0  -44.554  -69.076    335.2    909.8
     2     1    19    10     1     1     0     1   -62.0  -47.326  -68.952   1942.0    730.4
     3     1    19    10     1     1     0     1   -62.0  -51.231  -71.073   3011.0    654.4
     4     1    19    10     1     1     0     1   -62.0  -48.644  -74.853   3212.7    650.8
     5     1    19    10     1     1     0     1   -62.0  -33.275  -76.465   3449.7    660.8
     1     1    19    10     1     0     0     0   -63.0  -44.600  -69.719    327.2    879.2
     2     1    19    10     1     0     0     0   -63.0  -47.540  -69.387   1990.4    713.6
     3     1    19    10     1     0     0     0   -63.0  -51.620  -71.219   2921.4    664.2
     4     1    19    10     1     0     0     0   -63.0  -49.142  -75.011   3217.6    650.2
     5     1    19    10     1     0     0     0   -63.0  -33.355  -76.934   3492.3    655.6
     1     1    19     9    30    23     0     1   -64.0  -44.622  -70.343    334.8    876.5
     2     1    19     9    30    23     0     1   -64.0  -47.738  -69.818   1947.7    712.6
     3     1    19     9    30    23     0     1   -64.0  -51.994  -71.366   2820.5    677.6
     4     1    19     9    30    23     0     1   -64.0  -49.652  -75.159   3290.3    651.9
     5     1    19     9    30    23     0     1   -64.0  -33.447  -77.409   3523.8    656.6
     1     1    19     9    30    22     0     2   -65.0  -44.636  -70.997    571.4    856.4
     2     1    19     9    30    22     0     2   -65.0  -47.906  -70.212   1866.0    724.3
     3     1    19     9    30    22     0     2   -65.0  -52.356  -71.517   2737.8    686.9
     4     1    19     9    30    22     0     2   -65.0  -50.148  -75.288   3334.2    652.8
     5     1    19     9    30    22     0     2   -65.0  -33.542  -77.903   3576.6    651.0
     1     1    19     9    30    21     0     3   -66.0  -44.647  -71.666    874.9    788.9
     2     1    19     9    30    21     0     3   -66.0  -48.058  -70.577   1816.0    731.2
     3     1    19     9    30    21     0     3   -66.0  -52.721  -71.641   2704.0    690.5
     4     1    19     9    30    21     0     3   -66.0  -50.650  -75.386   3337.3    650.2
     5     1    19     9    30    21     0     3   -66.0  -33.645  -78.424   3625.9    645.6
     1     1    19     9    30    20     0     2   -67.0  -44.629  -72.251    983.5    783.4
     2     1    19     9    30    20     0     2   -67.0  -48.206  -70.937   1745.8    732.7
     3     1    19     9    30    20     0     2   -67.0  -53.105  -71.708   2714.1    686.6
     4     1    19     9    30    20     0     2   -67.0  -51.172  -75.448   3324.7    649.7
     5     1    19     9    30    20     0     2   -67.0  -33.761  -78.955   3667.6    643.0
     1     1    19     9    30    19     0     1   -68.0  -44.589  -72.705    857.7    815.5
     2     1    19     9    30    19     0     1   -68.0  -48.352  -71.327   1636.7    738.1
     3     1    19     9    30    19     0     1   -68.0  -53.510  -71.743   2734.6    684.0
     4     1    19     9    30    19     0     1   -68.0  -51.718  -75.474   3329.4    649.5
     5     1    19     9    30    19     0     1   -68.0  -33.891  -79.475   3716.8    639.4
     1     1    19     9    30    18     0     0   -69.0  -44.532  -73.003    580.6    868.4
     2     1    19     9    30    18     0     0   -69.0  -48.500  -71.762   1682.4    726.4
     3     1    19     9    30    18     0     0   -69.0  -53.949  -71.777   2733.2    683.5
     4     1    19     9    30    18     0     0   -69.0  -52.298  -75.455   3369.9    645.4
     5     1    19     9    30    18     0     0   -69.0  -34.037  -79.989   3745.6    634.2
     1     1    19     9    30    17     0     1   -70.0  -44.485  -73.218    315.1    925.0
     2     1    19     9    30    17     0     1   -70.0  -48.677  -72.180   1819.8    692.2
     3     1    19     9    30    17     0     1   -70.0  -54.404  -71.810   2709.1    692.9
     4     1    19     9    30    17     0     1   -70.0  -52.901  -75.403   3409.0    643.9
     5     1    19     9    30    17     0     1   -70.0  -34.214  -80.498   3781.1    636.2
     1     1    19     9    30    16     0     2   -71.0  -44.471  -73.419    166.3    948.8
     2     1    19     9    30    16     0     2   -71.0  -48.862  -72.548   1926.1    681.9
     3     1    19     9    30    16     0     2   -71.0  -54.854  -71.843   2666.2    704.3
     4     1    19     9    30    16     0     2   -71.0  -53.513  -75.336   3425.0    644.5
     5     1    19     9    30    16     0     2   -71.0  -34.420  -81.020   3852.8    627.7
     1     1    19     9    30    15     0     3   -72.0  -44.484  -73.611     88.3    965.5
     2     1    19     9    30    15     0     3   -72.0  -49.055  -72.899   2032.8    677.5
     3     1    19     9    30    15     0     3   -72.0  -55.303  -71.877   2614.3    713.6
     4     1    19     9    30    15     0     3   -72.0  -54.131  -75.266   3437.7    643.1
     5     1    19     9    30    15     0     3   -72.0  -34.644  -81.561   3924.9    621.0
