     7     1
    GDAS    19     9    29     0     0
    GDAS    19    10     1     0     0
    GDAS    19    10     8     0     0
    GDAS    19    10    15     0     0
    GDAS    19    10    22     0     0
    GDAS    19    10    29     0     0
    GDAS    19    11     1     0     0
     5 BACKWARD OMEGA   
    19    10    28     3  -34.572  -58.513    10.0
    19    10    28     3  -34.572  -58.513   200.0
    19    10    28     3  -34.572  -58.513   500.0
    19    10    28     3  -34.572  -58.513  1000.0
    19    10    28     3  -34.572  -58.513  2000.0
     1 PRESSURE
     1     1    19    10    28     3     0     3     0.0  -34.572  -58.513     10.0   1001.4
     2     1    19    10    28     3     0     3     0.0  -34.572  -58.513    200.0    980.8
     3     1    19    10    28     3     0     3     0.0  -34.572  -58.513    500.0    947.2
     4     1    19    10    28     3     0     3     0.0  -34.572  -58.513   1000.0    893.7
     5     1    19    10    28     3     0     3     0.0  -34.572  -58.513   2000.0    794.3
     1     1    19    10    28     2     0     2    -1.0  -34.577  -58.420      9.0   1001.5
     2     1    19    10    28     2     0     2    -1.0  -34.518  -58.351    184.0    981.6
     3     1    19    10    28     2     0     2    -1.0  -34.428  -58.393    485.3    948.1
     4     1    19    10    28     2     0     2    -1.0  -34.340  -58.515    975.6    896.4
     5     1    19    10    28     2     0     2    -1.0  -34.309  -58.686   1944.8    800.4
     1     1    19    10    28     1     0     1    -2.0  -34.575  -58.341      7.6   1001.6
     2     1    19    10    28     1     0     1    -2.0  -34.454  -58.236    160.5    983.4
     3     1    19    10    28     1     0     1    -2.0  -34.276  -58.342    462.1    948.2
     4     1    19    10    28     1     0     1    -2.0  -34.111  -58.548    959.5    896.6
     5     1    19    10    28     1     0     1    -2.0  -34.034  -58.846   1908.3    805.3
     1     1    19    10    28     0     0     0    -3.0  -34.565  -58.275      5.9   1001.6
     2     1    19    10    28     0     0     0    -3.0  -34.369  -58.175    126.9    986.6
     3     1    19    10    28     0     0     0    -3.0  -34.081  -58.386    400.9    952.9
     4     1    19    10    28     0     0     0    -3.0  -33.891  -58.614    968.7    898.6
     5     1    19    10    28     0     0     0    -3.0  -33.749  -59.005   1901.8    808.1
     1     1    19    10    27    23     0     1    -4.0  -34.559  -58.201      4.1   1000.9
     2     1    19    10    27    23     0     1    -4.0  -34.293  -58.129     93.1    989.6
     3     1    19    10    27    23     0     1    -4.0  -33.878  -58.426    321.6    964.7
     4     1    19    10    27    23     0     1    -4.0  -33.669  -58.623   1007.8    893.2
     5     1    19    10    27    23     0     1    -4.0  -33.448  -59.139   1921.9    804.9
     1     1    19    10    27    22     0     2    -5.0  -34.569  -58.095      2.4   1000.2
     2     1    19    10    27    22     0     2    -5.0  -34.260  -58.041     68.4    991.4
     3     1    19    10    27    22     0     2    -5.0  -33.743  -58.354    257.6    972.3
     4     1    19    10    27    22     0     2    -5.0  -33.439  -58.539   1052.5    888.1
     5     1    19    10    27    22     0     2    -5.0  -33.135  -59.264   2008.6    799.6
     1     1    19    10    27    21     0     3    -6.0  -34.594  -57.957      0.9    999.7
     2     1    19    10    27    21     0     3    -6.0  -34.267  -57.899     51.6    992.1
     3     1    19    10    27    21     0     3    -6.0  -33.681  -58.196    207.5    975.5
     4     1    19    10    27    21     0     3    -6.0  -33.209  -58.441   1086.3    883.1
     5     1    19    10    27    21     0     3    -6.0  -32.834  -59.442   2144.6    781.7
     1     1    19    10    27    20     0     2    -7.0  -34.624  -57.799      0.1   1000.7
     2     1    19    10    27    20     0     2    -7.0  -34.278  -57.736     43.5    993.4
     3     1    19    10    27    20     0     2    -7.0  -33.636  -58.024    186.3    980.3
     4     1    19    10    27    20     0     2    -7.0  -32.963  -58.372   1203.0    883.3
     5     1    19    10    27    20     0     2    -7.0  -32.549  -59.676   2206.2    767.1
     1     1    19    10    27    19     0     1    -8.0  -34.645  -57.647      0.2   1001.4
     2     1    19    10    27    19     0     1    -8.0  -34.261  -57.593     44.4    993.3
     3     1    19    10    27    19     0     1    -8.0  -33.523  -57.893    217.1    977.0
     4     1    19    10    27    19     0     1    -8.0  -32.696  -58.349   1486.9    849.9
     5     1    19    10    27    19     0     1    -8.0  -32.270  -59.941   2163.8    773.0
     1     1    19    10    27    18     0     0    -9.0  -34.665  -57.509      1.2   1002.1
     2     1    19    10    27    18     0     0    -9.0  -34.218  -57.476     54.8    992.1
     3     1    19    10    27    18     0     0    -9.0  -33.303  -57.813    313.1    968.9
     4     1    19    10    27    18     0     0    -9.0  -32.458  -58.386   1712.4    813.9
     5     1    19    10    27    18     0     0    -9.0  -32.005  -60.238   2122.4    780.7
     1     1    19    10    27    17     0     1   -10.0  -34.682  -57.380      2.1   1002.0
     2     1    19    10    27    17     0     1   -10.0  -34.156  -57.364     71.3    987.5
     3     1    19    10    27    17     0     1   -10.0  -32.984  -57.771    429.7    951.4
     4     1    19    10    27    17     0     1   -10.0  -32.262  -58.457   1695.0    810.9
     5     1    19    10    27    17     0     1   -10.0  -31.739  -60.533   2125.4    783.1
     1     1    19    10    27    16     0     2   -11.0  -34.695  -57.249      2.3   1002.0
     2     1    19    10    27    16     0     2   -11.0  -34.095  -57.233     83.2    983.8
     3     1    19    10    27    16     0     2   -11.0  -32.683  -57.691    463.8    945.7
     4     1    19    10    27    16     0     2   -11.0  -32.071  -58.494   1507.8    839.3
     5     1    19    10    27    16     0     2   -11.0  -31.439  -60.831   2146.0    782.0
     1     1    19    10    27    15     0     3   -12.0  -34.693  -57.119      2.1   1001.8
     2     1    19    10    27    15     0     3   -12.0  -34.039  -57.077     84.8    981.4
     3     1    19    10    27    15     0     3   -12.0  -32.397  -57.548    441.9    950.6
     4     1    19    10    27    15     0     3   -12.0  -31.845  -58.518   1285.4    866.0
     5     1    19    10    27    15     0     3   -12.0  -31.095  -61.198   2168.9    779.3
     1     1    19    10    27    14     0     2   -13.0  -34.669  -57.001      1.6   1001.6
     2     1    19    10    27    14     0     2   -13.0  -33.978  -56.927     76.0    982.1
     3     1    19    10    27    14     0     2   -13.0  -32.091  -57.352    453.0    949.5
     4     1    19    10    27    14     0     2   -13.0  -31.594  -58.517   1041.2    887.8
     5     1    19    10    27    14     0     2   -13.0  -30.716  -61.582   2106.1    773.9
     1     1    19    10    27    13     0     1   -14.0  -34.618  -56.907      0.9   1001.1
     2     1    19    10    27    13     0     1   -14.0  -33.899  -56.811     62.7    985.8
     3     1    19    10    27    13     0     1   -14.0  -31.816  -57.132    496.4    937.3
     4     1    19    10    27    13     0     1   -14.0  -31.319  -58.439    790.0    916.1
     5     1    19    10    27    13     0     1   -14.0  -30.312  -61.921   2085.5    790.8
     1     1    19    10    27    12     0     0   -15.0  -34.544  -56.833      0.0   1000.2
     2     1    19    10    27    12     0     0   -15.0  -33.806  -56.722     51.1    988.6
     3     1    19    10    27    12     0     0   -15.0  -31.598  -56.924    512.7    929.8
     4     1    19    10    27    12     0     0   -15.0  -31.021  -58.301    581.4    942.0
     5     1    19    10    27    12     0     0   -15.0  -29.905  -62.203   2252.3    770.8
     1     1    19    10    27    11     0     1   -16.0  -34.460  -56.769      0.0    999.3
     2     1    19    10    27    11     0     1   -16.0  -33.706  -56.639     44.0    990.4
     3     1    19    10    27    11     0     1   -16.0  -31.421  -56.728    484.2    931.1
     4     1    19    10    27    11     0     1   -16.0  -30.752  -58.105    545.2    957.2
     5     1    19    10    27    11     0     1   -16.0  -29.518  -62.432   2325.4    742.0
     1     1    19    10    27    10     0     2   -17.0  -34.374  -56.702      0.0    998.4
     2     1    19    10    27    10     0     2   -17.0  -33.611  -56.546     41.0    991.4
     3     1    19    10    27    10     0     2   -17.0  -31.260  -56.521    425.4    936.4
     4     1    19    10    27    10     0     2   -17.0  -30.419  -58.028    727.2    927.3
     5     1    19    10    27    10     0     2   -17.0  -29.092  -62.660   2085.2    769.5
     1     1    19    10    27     9     0     3   -18.0  -34.287  -56.633      0.0    997.6
     2     1    19    10    27     9     0     3   -18.0  -33.527  -56.444     39.7    991.9
     3     1    19    10    27     9     0     3   -18.0  -31.121  -56.275    374.4    940.1
     4     1    19    10    27     9     0     3   -18.0  -29.960  -58.246   1040.0    886.8
     5     1    19    10    27     9     0     3   -18.0  -28.589  -62.896   1706.8    812.1
     1     1    19    10    27     8     0     2   -19.0  -34.204  -56.561      0.0    997.0
     2     1    19    10    27     8     0     2   -19.0  -33.465  -56.340     39.6    992.2
     3     1    19    10    27     8     0     2   -19.0  -30.977  -55.994    351.4    938.0
     4     1    19    10    27     8     0     2   -19.0  -29.410  -58.635   1083.8    862.6
     5     1    19    10    27     8     0     2   -19.0  -28.011  -63.085   1416.8    843.6
     1     1    19    10    27     7     0     1   -20.0  -34.135  -56.482      1.0    996.9
     2     1    19    10    27     7     0     1   -20.0  -33.427  -56.234     40.3    992.3
     3     1    19    10    27     7     0     1   -20.0  -30.796  -55.711    311.3    943.2
     4     1    19    10    27     7     0     1   -20.0  -28.768  -58.950   1039.3    889.4
     5     1    19    10    27     7     0     1   -20.0  -27.358  -63.213   1290.1    854.5
     1     1    19    10    27     6     0     0   -21.0  -34.087  -56.392      3.1    997.3
     2     1    19    10    27     6     0     0   -21.0  -33.408  -56.123     40.9    992.4
     3     1    19    10    27     6     0     0   -21.0  -30.625  -55.432    239.5    957.9
     4     1    19    10    27     6     0     0   -21.0  -28.087  -59.204   1042.5    887.9
     5     1    19    10    27     6     0     0   -21.0  -26.642  -63.296   1306.1    846.6
     1     1    19    10    27     5     0     1   -22.0  -34.057  -56.301      4.9    997.3
     2     1    19    10    27     5     0     1   -22.0  -33.384  -56.017     39.0    992.0
     3     1    19    10    27     5     0     1   -22.0  -30.492  -55.171    170.0    972.8
     4     1    19    10    27     5     0     1   -22.0  -27.370  -59.362   1034.9    884.3
     5     1    19    10    27     5     0     1   -22.0  -25.928  -63.329   1385.3    831.7
     1     1    19    10    27     4     0     2   -23.0  -34.035  -56.225      4.7    997.3
     2     1    19    10    27     4     0     2   -23.0  -33.335  -55.930     35.0    991.4
     3     1    19    10    27     4     0     2   -23.0  -30.375  -54.930    118.8    980.5
     4     1    19    10    27     4     0     2   -23.0  -26.655  -59.435   1048.5    884.0
     5     1    19    10    27     4     0     2   -23.0  -25.241  -63.313   1439.8    822.3
     1     1    19    10    27     3     0     3   -24.0  -34.014  -56.164      2.2    997.2
     2     1    19    10    27     3     0     3   -24.0  -33.257  -55.861     31.4    990.7
     3     1    19    10    27     3     0     3   -24.0  -30.255  -54.702     84.6    984.6
     4     1    19    10    27     3     0     3   -24.0  -25.976  -59.483   1109.8    878.8
     5     1    19    10    27     3     0     3   -24.0  -24.542  -63.252   1384.3    823.6
     1     1    19    10    27     2     0     2   -25.0  -33.970  -56.098      0.0    996.1
     2     1    19    10    27     2     0     2   -25.0  -33.152  -55.783     30.3    989.6
     3     1    19    10    27     2     0     2   -25.0  -30.160  -54.483     65.6    988.0
     4     1    19    10    27     2     0     2   -25.0  -25.348  -59.494   1142.5    867.9
     5     1    19    10    27     2     0     2   -25.0  -23.802  -63.130   1296.9    843.0
     1     1    19    10    27     1     0     1   -26.0  -33.881  -56.004      0.0    995.3
     2     1    19    10    27     1     0     1   -26.0  -33.024  -55.668     31.9    987.8
     3     1    19    10    27     1     0     1   -26.0  -30.113  -54.267     57.5    989.7
     4     1    19    10    27     1     0     1   -26.0  -24.751  -59.437   1125.2    874.7
     5     1    19    10    27     1     0     1   -26.0  -23.045  -62.985   1270.9    844.7
     1     1    19    10    27     0     0     0   -27.0  -33.752  -55.879      0.0    993.3
     2     1    19    10    27     0     0     0   -27.0  -32.880  -55.515     35.1    985.6
     3     1    19    10    27     0     0     0   -27.0  -30.102  -54.047     56.4    990.3
     4     1    19    10    27     0     0     0   -27.0  -24.171  -59.341   1143.7    873.5
     5     1    19    10    27     0     0     0   -27.0  -22.287  -62.836   1220.4    846.4
     1     1    19    10    26    23     0     1   -28.0  -33.612  -55.751      0.0    992.3
     2     1    19    10    26    23     0     1   -28.0  -32.735  -55.356     37.7    984.1
     3     1    19    10    26    23     0     1   -28.0  -30.107  -53.832     61.5    990.8
     4     1    19    10    26    23     0     1   -28.0  -23.634  -59.228   1151.4    868.7
     5     1    19    10    26    23     0     1   -28.0  -21.540  -62.692   1210.9    839.7
     1     1    19    10    26    22     0     2   -29.0  -33.475  -55.647      0.0    991.0
     2     1    19    10    26    22     0     2   -29.0  -32.594  -55.216     40.1    983.8
     3     1    19    10    26    22     0     2   -29.0  -30.111  -53.637     71.4    991.3
     4     1    19    10    26    22     0     2   -29.0  -23.173  -59.082    994.3    880.5
     5     1    19    10    26    22     0     2   -29.0  -20.834  -62.581   1308.9    824.4
     1     1    19    10    26    21     0     3   -30.0  -33.341  -55.563      0.0    989.6
     2     1    19    10    26    21     0     3   -30.0  -32.460  -55.094     43.6    984.2
     3     1    19    10    26    21     0     3   -30.0  -30.120  -53.459     84.9    991.0
     4     1    19    10    26    21     0     3   -30.0  -22.785  -58.926    798.4    909.3
     5     1    19    10    26    21     0     3   -30.0  -20.185  -62.502   1436.2    802.1
     1     1    19    10    26    20     0     2   -31.0  -33.201  -55.482      0.0    988.6
     2     1    19    10    26    20     0     2   -31.0  -32.328  -54.976     48.0    985.4
     3     1    19    10    26    20     0     2   -31.0  -30.127  -53.285     98.2    991.4
     4     1    19    10    26    20     0     2   -31.0  -22.452  -58.804    679.0    927.3
     5     1    19    10    26    20     0     2   -31.0  -19.586  -62.460   1568.1    799.8
     1     1    19    10    26    19     0     1   -32.0  -33.050  -55.391      0.0    987.5
     2     1    19    10    26    19     0     1   -32.0  -32.195  -54.851     51.0    987.3
     3     1    19    10    26    19     0     1   -32.0  -30.127  -53.107    108.9    992.7
     4     1    19    10    26    19     0     1   -32.0  -22.139  -58.729    637.0    929.1
     5     1    19    10    26    19     0     1   -32.0  -19.018  -62.468   1766.4    790.3
     1     1    19    10    26    18     0     0   -33.0  -32.891  -55.289      0.0    987.3
     2     1    19    10    26    18     0     0   -33.0  -32.065  -54.720     51.7    988.8
     3     1    19    10    26    18     0     0   -33.0  -30.120  -52.932    119.1    993.8
     4     1    19    10    26    18     0     0   -33.0  -21.834  -58.693    609.3    928.1
     5     1    19    10    26    18     0     0   -33.0  -18.508  -62.522   1990.7    769.2
     1     1    19    10    26    17     0     1   -34.0  -32.730  -55.185      0.0    988.6
     2     1    19    10    26    17     0     1   -34.0  -31.935  -54.588     52.9    989.1
     3     1    19    10    26    17     0     1   -34.0  -30.108  -52.759    129.3    994.7
     4     1    19    10    26    17     0     1   -34.0  -21.535  -58.680    565.2    934.2
     5     1    19    10    26    17     0     1   -34.0  -18.062  -62.595   2191.8    754.8
     1     1    19    10    26    16     0     2   -35.0  -32.575  -55.084      0.6    989.9
     2     1    19    10    26    16     0     2   -35.0  -31.804  -54.456     56.2    987.9
     3     1    19    10    26    16     0     2   -35.0  -30.090  -52.591    137.7    995.8
     4     1    19    10    26    16     0     2   -35.0  -21.247  -58.680    541.9    940.8
     5     1    19    10    26    16     0     2   -35.0  -17.673  -62.642   2369.7    740.3
     1     1    19    10    26    15     0     3   -36.0  -32.425  -54.987      2.3    991.3
     2     1    19    10    26    15     0     3   -36.0  -31.668  -54.319     61.8    985.4
     3     1    19    10    26    15     0     3   -36.0  -30.065  -52.427    144.0    996.8
     4     1    19    10    26    15     0     3   -36.0  -20.968  -58.697    595.4    938.9
     5     1    19    10    26    15     0     3   -36.0  -17.326  -62.638   2521.2    729.0
     1     1    19    10    26    14     0     2   -37.0  -32.282  -54.895      4.3    993.8
     2     1    19    10    26    14     0     2   -37.0  -31.528  -54.174     70.7    981.3
     3     1    19    10    26    14     0     2   -37.0  -30.038  -52.273    149.3    997.3
     4     1    19    10    26    14     0     2   -37.0  -20.691  -58.731    686.5    922.2
     5     1    19    10    26    14     0     2   -37.0  -17.013  -62.576   2634.1    719.8
     1     1    19    10    26    13     0     1   -38.0  -32.146  -54.811      5.8    995.7
     2     1    19    10    26    13     0     1   -38.0  -31.387  -54.015     86.7    975.3
     3     1    19    10    26    13     0     1   -38.0  -30.009  -52.133    154.4    997.4
     4     1    19    10    26    13     0     1   -38.0  -20.418  -58.788    726.1    918.5
     5     1    19    10    26    13     0     1   -38.0  -16.744  -62.476   2696.2    712.4
     1     1    19    10    26    12     0     0   -39.0  -32.015  -54.733      7.0    997.3
     2     1    19    10    26    12     0     0   -39.0  -31.250  -53.834    114.4    972.1
     3     1    19    10    26    12     0     0   -39.0  -29.976  -52.005    157.3    996.3
     4     1    19    10    26    12     0     0   -39.0  -20.154  -58.885    721.9    920.1
     5     1    19    10    26    12     0     0   -39.0  -16.526  -62.356   2733.6    708.5
     1     1    19    10    26    11     0     1   -40.0  -31.891  -54.661      7.8    996.7
     2     1    19    10    26    11     0     1   -40.0  -31.122  -53.647    153.7    968.9
     3     1    19    10    26    11     0     1   -40.0  -29.938  -51.884    158.5    994.0
     4     1    19    10    26    11     0     1   -40.0  -19.897  -59.005    729.3    922.4
     5     1    19    10    26    11     0     1   -40.0  -16.347  -62.213   2758.3    701.6
     1     1    19    10    26    10     0     2   -41.0  -31.781  -54.601      8.3    995.7
     2     1    19    10    26    10     0     2   -41.0  -31.000  -53.455    201.2    964.9
     3     1    19    10    26    10     0     2   -41.0  -29.899  -51.768    160.7    991.1
     4     1    19    10    26    10     0     2   -41.0  -19.632  -59.119    804.0    910.0
     5     1    19    10    26    10     0     2   -41.0  -16.191  -62.035   2754.4    696.5
     1     1    19    10    26     9     0     3   -42.0  -31.683  -54.553      9.0    994.6
     2     1    19    10    26     9     0     3   -42.0  -30.884  -53.256    244.1    965.9
     3     1    19    10    26     9     0     3   -42.0  -29.856  -51.656    165.5    987.1
     4     1    19    10    26     9     0     3   -42.0  -19.364  -59.216    915.3    890.9
     5     1    19    10    26     9     0     3   -42.0  -16.055  -61.824   2731.3    697.7
     1     1    19    10    26     8     0     2   -43.0  -31.595  -54.508      9.8    993.6
     2     1    19    10    26     8     0     2   -43.0  -30.783  -53.054    266.9    968.7
     3     1    19    10    26     8     0     2   -43.0  -29.809  -51.539    174.5    982.2
     4     1    19    10    26     8     0     2   -43.0  -19.113  -59.281    972.7    876.5
     5     1    19    10    26     8     0     2   -43.0  -15.950  -61.601   2749.4    703.1
     1     1    19    10    26     7     0     1   -44.0  -31.513  -54.454     11.0    992.2
     2     1    19    10    26     7     0     1   -44.0  -30.698  -52.851    273.1    973.2
     3     1    19    10    26     7     0     1   -44.0  -29.763  -51.406    189.1    976.1
     4     1    19    10    26     7     0     1   -44.0  -18.875  -59.326    975.6    876.4
     5     1    19    10    26     7     0     1   -44.0  -15.872  -61.378   2824.9    698.1
     1     1    19    10    26     6     0     0   -45.0  -31.435  -54.392     12.6    990.5
     2     1    19    10    26     6     0     0   -45.0  -30.621  -52.644    275.5    976.6
     3     1    19    10    26     6     0     0   -45.0  -29.711  -51.255    213.5    968.2
     4     1    19    10    26     6     0     0   -45.0  -18.636  -59.350    990.1    873.2
     5     1    19    10    26     6     0     0   -45.0  -15.810  -61.136   2906.7    692.4
     1     1    19    10    26     5     0     1   -46.0  -31.368  -54.324     14.9    988.5
     2     1    19    10    26     5     0     1   -46.0  -30.548  -52.428    277.7    979.8
     3     1    19    10    26     5     0     1   -46.0  -29.649  -51.069    260.5    957.5
     4     1    19    10    26     5     0     1   -46.0  -18.410  -59.328   1063.0    861.9
     5     1    19    10    26     5     0     1   -46.0  -15.769  -60.879   2980.1    689.7
     1     1    19    10    26     4     0     2   -47.0  -31.315  -54.252     17.6    986.3
     2     1    19    10    26     4     0     2   -47.0  -30.478  -52.199    282.0    982.3
     3     1    19    10    26     4     0     2   -47.0  -29.573  -50.838    337.9    940.5
     4     1    19    10    26     4     0     2   -47.0  -18.225  -59.252   1185.7    844.4
     5     1    19    10    26     4     0     2   -47.0  -15.760  -60.649   3057.5    685.3
     1     1    19    10    26     3     0     3   -48.0  -31.276  -54.176     20.4    984.2
     2     1    19    10    26     3     0     3   -48.0  -30.412  -51.952    291.2    983.5
     3     1    19    10    26     3     0     3   -48.0  -29.495  -50.595    420.7    923.5
     4     1    19    10    26     3     0     3   -48.0  -18.108  -59.139   1308.3    826.9
     5     1    19    10    26     3     0     3   -48.0  -15.780  -60.451   3148.5    679.9
     1     1    19    10    26     2     0     2   -49.0  -31.249  -54.099     22.8    982.4
     2     1    19    10    26     2     0     2   -49.0  -30.363  -51.684    307.1    981.8
     3     1    19    10    26     2     0     2   -49.0  -29.431  -50.377    486.8    908.6
     4     1    19    10    26     2     0     2   -49.0  -18.046  -59.012   1389.6    816.2
     5     1    19    10    26     2     0     2   -49.0  -15.814  -60.279   3227.8    672.0
     1     1    19    10    26     1     0     1   -50.0  -31.236  -54.024     24.5    981.0
     2     1    19    10    26     1     0     1   -50.0  -30.337  -51.404    330.4    979.4
     3     1    19    10    26     1     0     1   -50.0  -29.388  -50.191    520.0    900.2
     4     1    19    10    26     1     0     1   -50.0  -18.002  -58.888   1411.5    814.8
     5     1    19    10    26     1     0     1   -50.0  -15.856  -60.130   3249.7    669.9
     1     1    19    10    26     0     0     0   -51.0  -31.235  -53.954     25.0    981.4
     2     1    19    10    26     0     0     0   -51.0  -30.329  -51.126    363.9    976.2
     3     1    19    10    26     0     0     0   -51.0  -29.361  -50.029    502.9    898.3
     4     1    19    10    26     0     0     0   -51.0  -17.959  -58.773   1360.7    822.9
     5     1    19    10    26     0     0     0   -51.0  -15.913  -60.002   3183.0    675.6
     1     1    19    10    25    23     0     1   -52.0  -31.246  -53.894     24.6    982.2
     2     1    19    10    25    23     0     1   -52.0  -30.347  -50.890    395.1    971.1
     3     1    19    10    25    23     0     1   -52.0  -29.350  -49.890    436.2    912.2
     4     1    19    10    25    23     0     1   -52.0  -17.917  -58.667   1346.8    838.5
     5     1    19    10    25    23     0     1   -52.0  -15.995  -59.885   3015.4    690.0
     1     1    19    10    25    22     0     2   -53.0  -31.265  -53.853     23.8    983.0
     2     1    19    10    25    22     0     2   -53.0  -30.400  -50.723    405.8    969.4
     3     1    19    10    25    22     0     2   -53.0  -29.368  -49.773    337.3    931.4
     4     1    19    10    25    22     0     2   -53.0  -17.896  -58.576   1522.8    825.8
     5     1    19    10    25    22     0     2   -53.0  -16.080  -59.759   2777.1    710.1
     1     1    19    10    25    21     0     3   -54.0  -31.295  -53.829     22.7    983.6
     2     1    19    10    25    21     0     3   -54.0  -30.490  -50.614    392.1    970.5
     3     1    19    10    25    21     0     3   -54.0  -29.425  -49.669    226.4    954.5
     4     1    19    10    25    21     0     3   -54.0  -17.897  -58.505   1904.1    791.0
     5     1    19    10    25    21     0     3   -54.0  -16.148  -59.631   2467.0    734.5
     1     1    19    10    25    20     0     2   -55.0  -31.329  -53.819     22.0    984.8
     2     1    19    10    25    20     0     2   -55.0  -30.599  -50.551    371.7    974.7
     3     1    19    10    25    20     0     2   -55.0  -29.518  -49.573    141.7    976.8
     4     1    19    10    25    20     0     2   -55.0  -17.907  -58.454   2262.6    741.4
     5     1    19    10    25    20     0     2   -55.0  -16.181  -59.508   2090.5    770.2
     1     1    19    10    25    19     0     1   -56.0  -31.362  -53.816     22.4    985.7
     2     1    19    10    25    19     0     1   -56.0  -30.714  -50.530    367.2    975.4
     3     1    19    10    25    19     0     1   -56.0  -29.643  -49.486     95.4    991.5
     4     1    19    10    25    19     0     1   -56.0  -17.907  -58.407   2471.6    728.7
     5     1    19    10    25    19     0     1   -56.0  -16.186  -59.401   1674.4    809.7
     1     1    19    10    25    18     0     0   -57.0  -31.396  -53.822     23.8    986.3
     2     1    19    10    25    18     0     0   -57.0  -30.832  -50.556    385.3    973.7
     3     1    19    10    25    18     0     0   -57.0  -29.799  -49.414     77.4   1001.2
     4     1    19    10    25    18     0     0   -57.0  -17.890  -58.354   2607.2    722.4
     5     1    19    10    25    18     0     0   -57.0  -16.165  -59.313   1292.2    852.5
     1     1    19    10    25    17     0     1   -58.0  -31.426  -53.828     26.3    987.0
     2     1    19    10    25    17     0     1   -58.0  -30.944  -50.621    433.6    969.3
     3     1    19    10    25    17     0     1   -58.0  -29.973  -49.362     77.8   1007.5
     4     1    19    10    25    17     0     1   -58.0  -17.859  -58.300   2727.5    715.4
     5     1    19    10    25    17     0     1   -58.0  -16.130  -59.238   1037.6    881.6
     1     1    19    10    25    16     0     2   -59.0  -31.450  -53.829     29.9    987.6
     2     1    19    10    25    16     0     2   -59.0  -31.039  -50.713    516.9    959.8
     3     1    19    10    25    16     0     2   -59.0  -30.145  -49.339     85.7   1006.8
     4     1    19    10    25    16     0     2   -59.0  -17.819  -58.256   2834.8    707.0
     5     1    19    10    25    16     0     2   -59.0  -16.091  -59.163    928.7    889.5
     1     1    19    10    25    15     0     3   -60.0  -31.468  -53.822     34.9    988.0
     2     1    19    10    25    15     0     3   -60.0  -31.117  -50.828    630.9    946.9
     3     1    19    10    25    15     0     3   -60.0  -30.304  -49.348     94.4   1005.9
     4     1    19    10    25    15     0     3   -60.0  -17.773  -58.229   2904.9    701.6
     5     1    19    10    25    15     0     3   -60.0  -16.052  -59.086    912.4    888.3
     1     1    19    10    25    14     0     2   -61.0  -31.481  -53.816     41.0    987.6
     2     1    19    10    25    14     0     2   -61.0  -31.188  -50.946    743.4    931.2
     3     1    19    10    25    14     0     2   -61.0  -30.445  -49.386    105.3   1005.1
     4     1    19    10    25    14     0     2   -61.0  -17.722  -58.208   2953.4    700.7
     5     1    19    10    25    14     0     2   -61.0  -16.008  -59.010    940.3    881.8
     1     1    19    10    25    13     0     1   -62.0  -31.493  -53.816     47.3    987.2
     2     1    19    10    25    13     0     1   -62.0  -31.253  -51.059    834.1    922.3
     3     1    19    10    25    13     0     1   -62.0  -30.561  -49.442    119.5   1003.8
     4     1    19    10    25    13     0     1   -62.0  -17.667  -58.187   3004.1    697.1
     5     1    19    10    25    13     0     1   -62.0  -15.953  -58.937    969.8    876.5
     1     1    19    10    25    12     0     0   -63.0  -31.503  -53.821     53.7    986.6
     2     1    19    10    25    12     0     0   -63.0  -31.316  -51.177    907.9    914.1
     3     1    19    10    25    12     0     0   -63.0  -30.653  -49.510    133.8   1002.5
     4     1    19    10    25    12     0     0   -63.0  -17.604  -58.167   3045.9    694.2
     5     1    19    10    25    12     0     0   -63.0  -15.886  -58.864    983.4    874.4
     1     1    19    10    25    11     0     1   -64.0  -31.519  -53.832     61.1    985.4
     2     1    19    10    25    11     0     1   -64.0  -31.384  -51.306    964.1    907.1
     3     1    19    10    25    11     0     1   -64.0  -30.725  -49.580    145.0   1000.3
     4     1    19    10    25    11     0     1   -64.0  -17.528  -58.148   3078.8    692.6
     5     1    19    10    25    11     0     1   -64.0  -15.816  -58.793    980.8    873.0
     1     1    19    10    25    10     0     2   -65.0  -31.547  -53.850     70.6    984.0
     2     1    19    10    25    10     0     2   -65.0  -31.468  -51.449   1004.3    902.2
     3     1    19    10    25    10     0     2   -65.0  -30.785  -49.645    152.4    998.5
     4     1    19    10    25    10     0     2   -65.0  -17.432  -58.127   3117.1    691.0
     5     1    19    10    25    10     0     2   -65.0  -15.751  -58.727    967.8    873.7
     1     1    19    10    25     9     0     3   -66.0  -31.587  -53.873     82.3    982.6
     2     1    19    10    25     9     0     3   -66.0  -31.570  -51.606   1030.6    898.7
     3     1    19    10    25     9     0     3   -66.0  -30.835  -49.699    156.7    997.2
     4     1    19    10    25     9     0     3   -66.0  -17.320  -58.101   3183.5    687.6
     5     1    19    10    25     9     0     3   -66.0  -15.690  -58.666    956.1    874.1
     1     1    19    10    25     8     0     2   -67.0  -31.630  -53.897     96.8    981.2
     2     1    19    10    25     8     0     2   -67.0  -31.691  -51.770   1053.4    897.0
     3     1    19    10    25     8     0     2   -67.0  -30.879  -49.740    153.8    996.7
     4     1    19    10    25     8     0     2   -67.0  -17.203  -58.066   3268.8    680.4
     5     1    19    10    25     8     0     2   -67.0  -15.625  -58.604    962.0    874.0
     1     1    19    10    25     7     0     1   -68.0  -31.664  -53.914    115.5    979.4
     2     1    19    10    25     7     0     1   -68.0  -31.830  -51.935   1082.5    893.4
     3     1    19    10    25     7     0     1   -68.0  -30.922  -49.767    140.0    998.4
     4     1    19    10    25     7     0     1   -68.0  -17.083  -58.011   3353.0    675.2
     5     1    19    10    25     7     0     1   -68.0  -15.551  -58.535    997.1    869.6
     1     1    19    10    25     6     0     0   -69.0  -31.690  -53.923    139.4    977.1
     2     1    19    10    25     6     0     0   -69.0  -31.991  -52.101   1115.3    888.4
     3     1    19    10    25     6     0     0   -69.0  -30.965  -49.783    117.9   1000.8
     4     1    19    10    25     6     0     0   -69.0  -16.955  -57.931   3434.4    669.1
     5     1    19    10    25     6     0     0   -69.0  -15.472  -58.458   1061.2    862.7
     1     1    19    10    25     5     0     1   -70.0  -31.727  -53.919    162.9    974.1
     2     1    19    10    25     5     0     1   -70.0  -32.165  -52.284   1152.7    883.9
     3     1    19    10    25     5     0     1   -70.0  -31.000  -49.783     99.6   1004.4
     4     1    19    10    25     5     0     1   -70.0  -16.835  -57.844   3500.3    662.7
     5     1    19    10    25     5     0     1   -70.0  -15.397  -58.363   1139.5    853.8
     1     1    19    10    25     4     0     2   -71.0  -31.788  -53.906    176.1    973.7
     2     1    19    10    25     4     0     2   -71.0  -32.340  -52.494   1196.6    878.4
     3     1    19    10    25     4     0     2   -71.0  -31.025  -49.763     92.5   1005.2
     4     1    19    10    25     4     0     2   -71.0  -16.738  -57.768   3554.7    658.4
     5     1    19    10    25     4     0     2   -71.0  -15.331  -58.241   1205.3    847.1
     1     1    19    10    25     3     0     3   -72.0  -31.870  -53.884    175.8    975.7
     2     1    19    10    25     3     0     3   -72.0  -32.512  -52.726   1247.3    873.2
     3     1    19    10    25     3     0     3   -72.0  -31.043  -49.722     94.4   1004.9
     4     1    19    10    25     3     0     3   -72.0  -16.657  -57.700   3603.1    654.5
     5     1    19    10    25     3     0     3   -72.0  -15.275  -58.096   1239.2    844.3
