     7     1
    GDAS    19    11    29     0     0
    GDAS    19    12     1     0     0
    GDAS    19    12     8     0     0
    GDAS    19    12    15     0     0
    GDAS    19    12    22     0     0
    GDAS    19    12    29     0     0
    GDAS    20     1     1     0     0
     5 BACKWARD OMEGA   
    19    12    23    21  -34.572  -58.513    10.0
    19    12    23    21  -34.572  -58.513   200.0
    19    12    23    21  -34.572  -58.513   500.0
    19    12    23    21  -34.572  -58.513  1000.0
    19    12    23    21  -34.572  -58.513  2000.0
     1 PRESSURE
     1     1    19    12    23    21     0     3     0.0  -34.572  -58.513     10.0   1005.3
     2     1    19    12    23    21     0     3     0.0  -34.572  -58.513    200.0    984.0
     3     1    19    12    23    21     0     3     0.0  -34.572  -58.513    500.0    951.1
     4     1    19    12    23    21     0     3     0.0  -34.572  -58.513   1000.0    897.8
     5     1    19    12    23    21     0     3     0.0  -34.572  -58.513   2000.0    798.2
     1     1    19    12    23    20     0     2    -1.0  -34.473  -58.568      9.3   1005.8
     2     1    19    12    23    20     0     2    -1.0  -34.450  -58.594    197.8    984.7
     3     1    19    12    23    20     0     2    -1.0  -34.446  -58.614    495.0    952.7
     4     1    19    12    23    20     0     2    -1.0  -34.464  -58.647   1035.3    895.4
     5     1    19    12    23    20     0     2    -1.0  -34.538  -58.621   2135.0    784.9
     1     1    19    12    23    19     0     1    -2.0  -34.388  -58.643      6.6   1006.6
     2     1    19    12    23    19     0     1    -2.0  -34.347  -58.695    192.5    986.5
     3     1    19    12    23    19     0     1    -2.0  -34.337  -58.730    499.2    953.7
     4     1    19    12    23    19     0     1    -2.0  -34.367  -58.784   1082.8    892.1
     5     1    19    12    23    19     0     1    -2.0  -34.543  -58.701   2236.9    775.7
     1     1    19    12    23    18     0     0    -3.0  -34.314  -58.736      2.6   1007.3
     2     1    19    12    23    18     0     0    -3.0  -34.257  -58.813    189.4    988.5
     3     1    19    12    23    18     0     0    -3.0  -34.238  -58.859    522.9    953.1
     4     1    19    12    23    18     0     0    -3.0  -34.279  -58.925   1149.1    886.8
     5     1    19    12    23    18     0     0    -3.0  -34.589  -58.758   2292.1    770.3
     1     1    19    12    23    17     0     1    -4.0  -34.245  -58.834      0.0   1008.0
     2     1    19    12    23    17     0     1    -4.0  -34.168  -58.937    196.4    989.5
     3     1    19    12    23    17     0     1    -4.0  -34.141  -58.995    576.7    948.9
     4     1    19    12    23    17     0     1    -4.0  -34.197  -59.064   1227.4    878.5
     5     1    19    12    23    17     0     1    -4.0  -34.659  -58.802   2314.7    770.3
     1     1    19    12    23    16     0     2    -5.0  -34.176  -58.928      0.0   1008.7
     2     1    19    12    23    16     0     2    -5.0  -34.075  -59.065    212.9    987.9
     3     1    19    12    23    16     0     2    -5.0  -34.040  -59.138    633.5    940.0
     4     1    19    12    23    16     0     2    -5.0  -34.117  -59.192   1294.8    869.7
     5     1    19    12    23    16     0     2    -5.0  -34.741  -58.836   2328.3    769.5
     1     1    19    12    23    15     0     3    -6.0  -34.109  -59.019      0.0   1009.2
     2     1    19    12    23    15     0     3    -6.0  -33.976  -59.203    226.6    986.2
     3     1    19    12    23    15     0     3    -6.0  -33.935  -59.294    659.6    937.2
     4     1    19    12    23    15     0     3    -6.0  -34.040  -59.313   1337.6    865.9
     5     1    19    12    23    15     0     3    -6.0  -34.835  -58.858   2338.7    768.9
     1     1    19    12    23    14     0     2    -7.0  -34.041  -59.111      0.0   1010.1
     2     1    19    12    23    14     0     2    -7.0  -33.872  -59.354    235.8    986.2
     3     1    19    12    23    14     0     2    -7.0  -33.828  -59.464    672.6    938.0
     4     1    19    12    23    14     0     2    -7.0  -33.981  -59.411   1363.6    863.8
     5     1    19    12    23    14     0     2    -7.0  -34.949  -58.874   2343.0    768.2
     1     1    19    12    23    13     0     1    -8.0  -33.975  -59.208      0.0   1011.1
     2     1    19    12    23    13     0     1    -8.0  -33.770  -59.519    244.4    985.7
     3     1    19    12    23    13     0     1    -8.0  -33.720  -59.649    685.1    936.2
     4     1    19    12    23    13     0     1    -8.0  -33.957  -59.471   1371.7    862.6
     5     1    19    12    23    13     0     1    -8.0  -35.092  -58.891   2339.2    769.0
     1     1    19    12    23    12     0     0    -9.0  -33.912  -59.314      0.1   1012.0
     2     1    19    12    23    12     0     0    -9.0  -33.673  -59.699    250.8    985.5
     3     1    19    12    23    12     0     0    -9.0  -33.615  -59.849    690.6    935.7
     4     1    19    12    23    12     0     0    -9.0  -33.964  -59.494   1355.2    864.0
     5     1    19    12    23    12     0     0    -9.0  -35.264  -58.901   2349.9    769.5
     1     1    19    12    23    11     0     1   -10.0  -33.853  -59.415      0.3   1011.6
     2     1    19    12    23    11     0     1   -10.0  -33.571  -59.879    255.5    984.7
     3     1    19    12    23    11     0     1   -10.0  -33.514  -60.046    693.5    935.2
     4     1    19    12    23    11     0     1   -10.0  -33.996  -59.513   1339.5    868.0
     5     1    19    12    23    11     0     1   -10.0  -35.462  -58.882   2393.6    765.0
     1     1    19    12    23    10     0     2   -11.0  -33.799  -59.493      0.6   1011.3
     2     1    19    12    23    10     0     2   -11.0  -33.450  -60.051    260.1    983.3
     3     1    19    12    23    10     0     2   -11.0  -33.419  -60.217    693.1    932.5
     4     1    19    12    23    10     0     2   -11.0  -34.053  -59.550   1352.6    866.4
     5     1    19    12    23    10     0     2   -11.0  -35.693  -58.822   2457.1    757.6
     1     1    19    12    23     9     0     3   -12.0  -33.748  -59.545      1.1   1011.1
     2     1    19    12    23     9     0     3   -12.0  -33.313  -60.226    262.9    980.7
     3     1    19    12    23     9     0     3   -12.0  -33.327  -60.369    678.2    931.5
     4     1    19    12    23     9     0     3   -12.0  -34.137  -59.596   1396.2    861.5
     5     1    19    12    23     9     0     3   -12.0  -35.971  -58.731   2519.5    750.4
     1     1    19    12    23     8     0     2   -13.0  -33.696  -59.579      1.3   1011.1
     2     1    19    12    23     8     0     2   -13.0  -33.177  -60.387    262.6    979.4
     3     1    19    12    23     8     0     2   -13.0  -33.234  -60.500    650.5    934.6
     4     1    19    12    23     8     0     2   -13.0  -34.240  -59.641   1441.8    854.4
     5     1    19    12    23     8     0     2   -13.0  -36.300  -58.617   2578.4    744.3
     1     1    19    12    23     7     0     1   -14.0  -33.641  -59.604      1.2   1011.0
     2     1    19    12    23     7     0     1   -14.0  -33.056  -60.514    260.2    978.6
     3     1    19    12    23     7     0     1   -14.0  -33.140  -60.597    620.2    937.5
     4     1    19    12    23     7     0     1   -14.0  -34.345  -59.683   1464.1    852.7
     5     1    19    12    23     7     0     1   -14.0  -36.672  -58.502   2663.6    737.2
     1     1    19    12    23     6     0     0   -15.0  -33.584  -59.619      0.8   1011.0
     2     1    19    12    23     6     0     0   -15.0  -32.950  -60.609    253.0    978.5
     3     1    19    12    23     6     0     0   -15.0  -33.047  -60.657    590.3    940.3
     4     1    19    12    23     6     0     0   -15.0  -34.448  -59.735   1471.0    852.7
     5     1    19    12    23     6     0     0   -15.0  -37.084  -58.413   2805.9    723.6
     1     1    19    12    23     5     0     1   -16.0  -33.527  -59.627      0.4   1011.1
     2     1    19    12    23     5     0     1   -16.0  -32.849  -60.657    240.9    980.1
     3     1    19    12    23     5     0     1   -16.0  -32.957  -60.674    562.5    943.7
     4     1    19    12    23     5     0     1   -16.0  -34.551  -59.797   1467.5    853.6
     5     1    19    12    23     5     0     1   -16.0  -37.503  -58.380   2930.1    702.2
     1     1    19    12    23     4     0     2   -17.0  -33.472  -59.625      0.2   1011.3
     2     1    19    12    23     4     0     2   -17.0  -32.738  -60.648    226.6    982.6
     3     1    19    12    23     4     0     2   -17.0  -32.871  -60.640    536.4    947.5
     4     1    19    12    23     4     0     2   -17.0  -34.663  -59.864   1457.7    854.9
     5     1    19    12    23     4     0     2   -17.0  -37.925  -58.390   3001.6    695.0
     1     1    19    12    23     3     0     3   -18.0  -33.417  -59.613      0.0   1011.5
     2     1    19    12    23     3     0     3   -18.0  -32.614  -60.598    213.1    985.0
     3     1    19    12    23     3     0     3   -18.0  -32.783  -60.555    508.4    951.4
     4     1    19    12    23     3     0     3   -18.0  -34.795  -59.933   1443.7    856.7
     5     1    19    12    23     3     0     3   -18.0  -38.346  -58.439   3084.1    693.1
     1     1    19    12    23     2     0     2   -19.0  -33.379  -59.588      0.1   1011.3
     2     1    19    12    23     2     0     2   -19.0  -32.493  -60.536    203.2    986.4
     3     1    19    12    23     2     0     2   -19.0  -32.705  -60.450    485.7    955.6
     4     1    19    12    23     2     0     2   -19.0  -34.948  -59.997   1455.8    858.4
     5     1    19    12    23     2     0     2   -19.0  -38.763  -58.516   3165.6    690.1
     1     1    19    12    23     1     0     1   -20.0  -33.372  -59.550      0.7   1011.0
     2     1    19    12    23     1     0     1   -20.0  -32.398  -60.476    199.0    986.8
     3     1    19    12    23     1     0     1   -20.0  -32.663  -60.354    486.0    956.6
     4     1    19    12    23     1     0     1   -20.0  -35.117  -60.042   1505.3    850.3
     5     1    19    12    23     1     0     1   -20.0  -39.174  -58.619   3224.5    688.5
     1     1    19    12    23     0     0     0   -21.0  -33.399  -59.499      2.0   1010.7
     2     1    19    12    23     0     0     0   -21.0  -32.331  -60.409    202.4    986.1
     3     1    19    12    23     0     0     0   -21.0  -32.666  -60.272    522.9    953.1
     4     1    19    12    23     0     0     0   -21.0  -35.292  -60.059   1536.6    841.9
     5     1    19    12    23     0     0     0   -21.0  -39.567  -58.747   3275.6    685.2
     1     1    19    12    22    23     0     1   -22.0  -33.451  -59.447      3.4   1010.7
     2     1    19    12    22    23     0     1   -22.0  -32.298  -60.342    213.4    984.1
     3     1    19    12    22    23     0     1   -22.0  -32.712  -60.207    582.2    944.6
     4     1    19    12    22    23     0     1   -22.0  -35.451  -60.059   1480.4    843.7
     5     1    19    12    22    23     0     1   -22.0  -39.920  -58.899   3325.9    680.1
     1     1    19    12    22    22     0     2   -23.0  -33.521  -59.411      4.7   1010.8
     2     1    19    12    22    22     0     2   -23.0  -32.308  -60.285    226.8    981.8
     3     1    19    12    22    22     0     2   -23.0  -32.787  -60.158    632.6    938.9
     4     1    19    12    22    22     0     2   -23.0  -35.585  -60.055   1326.5    859.6
     5     1    19    12    22    22     0     2   -23.0  -40.231  -59.086   3359.9    676.6
     1     1    19    12    22    21     0     3   -24.0  -33.607  -59.388      6.1   1011.0
     2     1    19    12    22    21     0     3   -24.0  -32.361  -60.238    235.5    980.2
     3     1    19    12    22    21     0     3   -24.0  -32.886  -60.122    658.4    935.8
     4     1    19    12    22    21     0     3   -24.0  -35.709  -60.046   1120.6    882.1
     5     1    19    12    22    21     0     3   -24.0  -40.500  -59.316   3387.8    675.6
     1     1    19    12    22    20     0     2   -25.0  -33.704  -59.374      7.6   1011.2
     2     1    19    12    22    20     0     2   -25.0  -32.442  -60.204    244.3    981.3
     3     1    19    12    22    20     0     2   -25.0  -32.998  -60.097    667.4    938.3
     4     1    19    12    22    20     0     2   -25.0  -35.838  -60.045    907.0    905.9
     5     1    19    12    22    20     0     2   -25.0  -40.730  -59.569   3452.7    672.4
     1     1    19    12    22    19     0     1   -26.0  -33.812  -59.360      9.3   1011.5
     2     1    19    12    22    19     0     1   -26.0  -32.533  -60.182    261.5    980.9
     3     1    19    12    22    19     0     1   -26.0  -33.112  -60.083    674.6    938.1
     4     1    19    12    22    19     0     1   -26.0  -35.976  -60.054    717.4    926.6
     5     1    19    12    22    19     0     1   -26.0  -40.922  -59.817   3569.1    662.0
     1     1    19    12    22    18     0     0   -27.0  -33.930  -59.346     11.5   1011.6
     2     1    19    12    22    18     0     0   -27.0  -32.633  -60.170    285.5    979.3
     3     1    19    12    22    18     0     0   -27.0  -33.229  -60.078    673.8    938.2
     4     1    19    12    22    18     0     0   -27.0  -36.117  -60.075    576.2    942.2
     5     1    19    12    22    18     0     0   -27.0  -41.070  -60.053   3692.7    649.2
     1     1    19    12    22    17     0     1   -28.0  -34.050  -59.340     14.3   1012.3
     2     1    19    12    22    17     0     1   -28.0  -32.742  -60.167    304.5    976.8
     3     1    19    12    22    17     0     1   -28.0  -33.351  -60.085    664.2    940.0
     4     1    19    12    22    17     0     1   -28.0  -36.250  -60.097    484.9    949.7
     5     1    19    12    22    17     0     1   -28.0  -41.197  -60.289   3788.5    640.8
     1     1    19    12    22    16     0     2   -29.0  -34.166  -59.351     17.2   1012.6
     2     1    19    12    22    16     0     2   -29.0  -32.859  -60.175    307.5    977.4
     3     1    19    12    22    16     0     2   -29.0  -33.479  -60.103    658.7    941.5
     4     1    19    12    22    16     0     2   -29.0  -36.367  -60.116    422.7    954.4
     5     1    19    12    22    16     0     2   -29.0  -41.322  -60.538   3856.7    636.0
     1     1    19    12    22    15     0     3   -30.0  -34.275  -59.379     19.5   1012.8
     2     1    19    12    22    15     0     3   -30.0  -32.985  -60.195    295.9    979.8
     3     1    19    12    22    15     0     3   -30.0  -33.612  -60.134    672.9    940.7
     4     1    19    12    22    15     0     3   -30.0  -36.472  -60.135    376.1    957.5
     5     1    19    12    22    15     0     3   -30.0  -41.430  -60.795   3915.3    631.9
     1     1    19    12    22    14     0     2   -31.0  -34.375  -59.409     21.0   1012.5
     2     1    19    12    22    14     0     2   -31.0  -33.103  -60.214    285.2    982.9
     3     1    19    12    22    14     0     2   -31.0  -33.747  -60.159    696.6    935.4
     4     1    19    12    22    14     0     2   -31.0  -36.571  -60.144    342.4    960.3
     5     1    19    12    22    14     0     2   -31.0  -41.530  -61.045   3981.8    627.4
     1     1    19    12    22    13     0     1   -32.0  -34.466  -59.422     21.9   1012.4
     2     1    19    12    22    13     0     1   -32.0  -33.197  -60.221    284.7    982.5
     3     1    19    12    22    13     0     1   -32.0  -33.886  -60.158    699.1    933.6
     4     1    19    12    22    13     0     1   -32.0  -36.675  -60.130    320.5    961.2
     5     1    19    12    22    13     0     1   -32.0  -41.633  -61.273   4062.9    620.6
     1     1    19    12    22    12     0     0   -33.0  -34.548  -59.418     22.5   1012.5
     2     1    19    12    22    12     0     0   -33.0  -33.269  -60.217    289.9    981.7
     3     1    19    12    22    12     0     0   -33.0  -34.027  -60.131    660.3    937.0
     4     1    19    12    22    12     0     0   -33.0  -36.783  -60.092    309.1    961.1
     5     1    19    12    22    12     0     0   -33.0  -41.737  -61.471   4155.8    613.5
     1     1    19    12    22    11     0     1   -34.0  -34.629  -59.406     23.2   1011.4
     2     1    19    12    22    11     0     1   -34.0  -33.350  -60.191    296.6    980.2
     3     1    19    12    22    11     0     1   -34.0  -34.178  -60.088    614.2    946.7
     4     1    19    12    22    11     0     1   -34.0  -36.902  -60.023    310.3    958.3
     5     1    19    12    22    11     0     1   -34.0  -41.849  -61.661   4236.8    604.9
     1     1    19    12    22    10     0     2   -35.0  -34.716  -59.401     24.5   1010.4
     2     1    19    12    22    10     0     2   -35.0  -33.469  -60.130    302.3    979.5
     3     1    19    12    22    10     0     2   -35.0  -34.366  -60.025    598.9    948.0
     4     1    19    12    22    10     0     2   -35.0  -37.037  -59.919    325.5    955.2
     5     1    19    12    22    10     0     2   -35.0  -41.974  -61.870   4278.1    601.5
     1     1    19    12    22     9     0     3   -36.0  -34.806  -59.406     26.6   1009.3
     2     1    19    12    22     9     0     3   -36.0  -33.633  -60.032    309.4    979.1
     3     1    19    12    22     9     0     3   -36.0  -34.590  -59.941    611.3    946.1
     4     1    19    12    22     9     0     3   -36.0  -37.185  -59.788    351.8    952.9
     5     1    19    12    22     9     0     3   -36.0  -42.109  -62.102   4287.2    600.9
     1     1    19    12    22     8     0     2   -37.0  -34.902  -59.407     28.7   1008.5
     2     1    19    12    22     8     0     2   -37.0  -33.833  -59.910    318.1    977.9
     3     1    19    12    22     8     0     2   -37.0  -34.841  -59.855    636.2    941.7
     4     1    19    12    22     8     0     2   -37.0  -37.353  -59.634    379.2    950.2
     5     1    19    12    22     8     0     2   -37.0  -42.253  -62.363   4284.8    602.1
     1     1    19    12    22     7     0     1   -38.0  -35.007  -59.392     30.1   1007.7
     2     1    19    12    22     7     0     1   -38.0  -34.051  -59.779    329.0    976.6
     3     1    19    12    22     7     0     1   -38.0  -35.113  -59.779    656.2    938.0
     4     1    19    12    22     7     0     1   -38.0  -37.546  -59.458    401.9    949.0
     5     1    19    12    22     7     0     1   -38.0  -42.398  -62.648   4289.4    601.7
     1     1    19    12    22     6     0     0   -39.0  -35.125  -59.359     31.0   1006.9
     2     1    19    12    22     6     0     0   -39.0  -34.286  -59.643    341.6    974.6
     3     1    19    12    22     6     0     0   -39.0  -35.410  -59.701    668.3    934.2
     4     1    19    12    22     6     0     0   -39.0  -37.760  -59.256    425.0    947.6
     5     1    19    12    22     6     0     0   -39.0  -42.533  -62.955   4309.1    600.5
     1     1    19    12    22     5     0     1   -40.0  -35.255  -59.312     32.4   1006.6
     2     1    19    12    22     5     0     1   -40.0  -34.550  -59.496    355.4    972.9
     3     1    19    12    22     5     0     1   -40.0  -35.723  -59.604    685.2    932.2
     4     1    19    12    22     5     0     1   -40.0  -37.989  -59.045    456.5    944.8
     5     1    19    12    22     5     0     1   -40.0  -42.653  -63.287   4328.7    597.4
     1     1    19    12    22     4     0     2   -41.0  -35.395  -59.256     34.7   1006.3
     2     1    19    12    22     4     0     2   -41.0  -34.855  -59.331    367.9    970.8
     3     1    19    12    22     4     0     2   -41.0  -36.042  -59.500    724.0    927.0
     4     1    19    12    22     4     0     2   -41.0  -38.237  -58.846    503.5    943.5
     5     1    19    12    22     4     0     2   -41.0  -42.758  -63.640   4308.6    597.7
     1     1    19    12    22     3     0     3   -42.0  -35.547  -59.191     38.1   1006.0
     2     1    19    12    22     3     0     3   -42.0  -35.196  -59.156    379.3    969.7
     3     1    19    12    22     3     0     3   -42.0  -36.373  -59.396    778.1    917.2
     4     1    19    12    22     3     0     3   -42.0  -38.506  -58.650    564.0    941.1
     5     1    19    12    22     3     0     3   -42.0  -42.837  -64.002   4217.1    603.9
     1     1    19    12    22     2     0     2   -43.0  -35.709  -59.120     42.9   1005.7
     2     1    19    12    22     2     0     2   -43.0  -35.554  -58.994    407.2    967.9
     3     1    19    12    22     2     0     2   -43.0  -36.727  -59.287    830.1    908.0
     4     1    19    12    22     2     0     2   -43.0  -38.792  -58.452    629.7    938.1
     5     1    19    12    22     2     0     2   -43.0  -42.908  -64.380   4107.3    614.2
     1     1    19    12    22     1     0     1   -44.0  -35.883  -59.046     49.1   1005.6
     2     1    19    12    22     1     0     1   -44.0  -35.925  -58.857    451.2    961.5
     3     1    19    12    22     1     0     1   -44.0  -37.103  -59.176    874.0    901.6
     4     1    19    12    22     1     0     1   -44.0  -39.094  -58.251    685.7    934.2
     5     1    19    12    22     1     0     1   -44.0  -42.993  -64.771   3985.9    617.1
     1     1    19    12    22     0     0     0   -45.0  -36.070  -58.966     56.6   1005.0
     2     1    19    12    22     0     0     0   -45.0  -36.316  -58.743    494.5    953.5
     3     1    19    12    22     0     0     0   -45.0  -37.496  -59.076    907.4    895.9
     4     1    19    12    22     0     0     0   -45.0  -39.408  -58.051    725.4    929.6
     5     1    19    12    22     0     0     0   -45.0  -43.101  -65.168   3822.0    627.9
     1     1    19    12    21    23     0     1   -46.0  -36.284  -58.895     66.4   1001.5
     2     1    19    12    21    23     0     1   -46.0  -36.715  -58.658    532.2    946.1
     3     1    19    12    21    23     0     1   -46.0  -37.884  -58.986    927.9    891.7
     4     1    19    12    21    23     0     1   -46.0  -39.720  -57.844    754.6    926.5
     5     1    19    12    21    23     0     1   -46.0  -43.209  -65.582   3728.2    641.1
     1     1    19    12    21    22     0     2   -47.0  -36.537  -58.839     79.5    997.4
     2     1    19    12    21    22     0     2   -47.0  -37.110  -58.592    560.4    939.9
     3     1    19    12    21    22     0     2   -47.0  -38.246  -58.895    941.8    893.4
     4     1    19    12    21    22     0     2   -47.0  -40.018  -57.610    784.2    923.6
     5     1    19    12    21    22     0     2   -47.0  -43.309  -65.997   3731.6    627.8
     1     1    19    12    21    21     0     3   -48.0  -36.830  -58.789     94.5    993.0
     2     1    19    12    21    21     0     3   -48.0  -37.493  -58.533    569.7    933.8
     3     1    19    12    21    21     0     3   -48.0  -38.579  -58.799    926.8    897.5
     4     1    19    12    21    21     0     3   -48.0  -40.305  -57.343    805.4    919.0
     5     1    19    12    21    21     0     3   -48.0  -43.383  -66.404   3743.7    628.8
     1     1    19    12    21    20     0     2   -49.0  -37.151  -58.744    108.8    989.6
     2     1    19    12    21    20     0     2   -49.0  -37.869  -58.478    565.0    931.7
     3     1    19    12    21    20     0     2   -49.0  -38.894  -58.683    881.4    910.7
     4     1    19    12    21    20     0     2   -49.0  -40.587  -57.038    812.5    919.2
     5     1    19    12    21    20     0     2   -49.0  -43.415  -66.825   3770.4    626.9
     1     1    19    12    21    19     0     1   -50.0  -37.487  -58.707    109.0    986.1
     2     1    19    12    21    19     0     1   -50.0  -38.244  -58.418    560.0    934.9
     3     1    19    12    21    19     0     1   -50.0  -39.205  -58.534    849.8    918.1
     4     1    19    12    21    19     0     1   -50.0  -40.870  -56.684    827.1    918.9
     5     1    19    12    21    19     0     1   -50.0  -43.447  -67.264   3781.4    616.3
     1     1    19    12    21    18     0     0   -51.0  -37.825  -58.673     87.7    986.1
     2     1    19    12    21    18     0     0   -51.0  -38.615  -58.335    559.8    942.2
     3     1    19    12    21    18     0     0   -51.0  -39.516  -58.351    850.1    917.7
     4     1    19    12    21    18     0     0   -51.0  -41.149  -56.277    840.7    915.1
     5     1    19    12    21    18     0     0   -51.0  -43.538  -67.712   3765.6    602.1
     1     1    19    12    21    17     0     1   -52.0  -38.146  -58.625     60.4    993.0
     2     1    19    12    21    17     0     1   -52.0  -38.977  -58.204    565.5    947.3
     3     1    19    12    21    17     0     1   -52.0  -39.825  -58.120    861.0    914.5
     4     1    19    12    21    17     0     1   -52.0  -41.419  -55.832    844.5    916.4
     5     1    19    12    21    17     0     1   -52.0  -43.663  -68.206   3749.4    597.5
     1     1    19    12    21    16     0     2   -53.0  -38.450  -58.549     40.9   1001.0
     2     1    19    12    21    16     0     2   -53.0  -39.328  -58.013    567.9    947.5
     3     1    19    12    21    16     0     2   -53.0  -40.128  -57.837    871.4    914.6
     4     1    19    12    21    16     0     2   -53.0  -41.675  -55.369    884.8    915.2
     5     1    19    12    21    16     0     2   -53.0  -43.776  -68.802   3762.8    598.0
     1     1    19    12    21    15     0     3   -54.0  -38.747  -58.444     31.3   1006.8
     2     1    19    12    21    15     0     3   -54.0  -39.669  -57.759    576.7    947.7
     3     1    19    12    21    15     0     3   -54.0  -40.416  -57.503    911.0    912.4
     4     1    19    12    21    15     0     3   -54.0  -41.920  -54.884    964.2    903.2
     5     1    19    12    21    15     0     3   -54.0  -43.887  -69.479   3768.8    576.2
     1     1    19    12    21    14     0     2   -55.0  -39.046  -58.314     28.4   1011.4
     2     1    19    12    21    14     0     2   -55.0  -40.001  -57.444    605.8    944.3
     3     1    19    12    21    14     0     2   -55.0  -40.694  -57.133    958.9    902.3
     4     1    19    12    21    14     0     2   -55.0  -42.148  -54.377   1041.4    893.8
     5     1    19    12    21    14     0     2   -55.0  -44.008  -70.156   3769.0    550.7
     1     1    19    12    21    13     0     1   -56.0  -39.352  -58.168     29.1   1011.3
     2     1    19    12    21    13     0     1   -56.0  -40.316  -57.084    621.6    939.0
     3     1    19    12    21    13     0     1   -56.0  -40.960  -56.734    964.6    900.3
     4     1    19    12    21    13     0     1   -56.0  -42.360  -53.866   1126.9    887.3
     5     1    19    12    21    13     0     1   -56.0  -44.134  -70.781   3712.4    556.8
     1     1    19    12    21    12     0     0   -57.0  -39.657  -58.016     31.6   1011.2
     2     1    19    12    21    12     0     0   -57.0  -40.611  -56.693    596.1    942.1
     3     1    19    12    21    12     0     0   -57.0  -41.203  -56.308    982.3    905.4
     4     1    19    12    21    12     0     0   -57.0  -42.567  -53.357   1221.9    874.6
     5     1    19    12    21    12     0     0   -57.0  -44.268  -71.432   3626.2    579.4
     1     1    19    12    21    11     0     1   -58.0  -39.945  -57.854     36.3   1010.3
     2     1    19    12    21    11     0     1   -58.0  -40.879  -56.285    596.4    948.4
     3     1    19    12    21    11     0     1   -58.0  -41.435  -55.871   1076.1    894.1
     4     1    19    12    21    11     0     1   -58.0  -42.773  -52.866   1280.5    866.2
     5     1    19    12    21    11     0     1   -58.0  -44.412  -72.313   3900.6    574.9
     1     1    19    12    21    10     0     2   -59.0  -40.209  -57.680     40.7   1009.4
     2     1    19    12    21    10     0     2   -59.0  -41.105  -55.871    662.7    936.3
     3     1    19    12    21    10     0     2   -59.0  -41.671  -55.445   1194.9    877.6
     4     1    19    12    21    10     0     2   -59.0  -42.968  -52.427   1313.6    866.1
     5     1    19    12    21    10     0     2   -59.0  -44.537  -73.331   4402.8    553.2
     1     1    19    12    21     9     0     3   -60.0  -40.452  -57.505     43.5   1008.8
     2     1    19    12    21     9     0     3   -60.0  -41.312  -55.473    738.8    927.3
     3     1    19    12    21     9     0     3   -60.0  -41.916  -55.037   1286.3    866.8
     4     1    19    12    21     9     0     3   -60.0  -43.162  -52.052   1370.9    860.0
     5     1    19    12    21     9     0     3   -60.0  -44.622  -74.355   4647.5    558.2
     1     1    19    12    21     8     0     2   -61.0  -40.671  -57.329     46.9   1009.0
     2     1    19    12    21     8     0     2   -61.0  -41.501  -55.089    818.6    919.2
     3     1    19    12    21     8     0     2   -61.0  -42.154  -54.659   1341.9    862.1
     4     1    19    12    21     8     0     2   -61.0  -43.371  -51.744   1445.7    852.1
     5     1    19    12    21     8     0     2   -61.0  -44.686  -75.331   4714.2    563.4
     1     1    19    12    21     7     0     1   -62.0  -40.863  -57.141     52.9   1009.2
     2     1    19    12    21     7     0     1   -62.0  -41.668  -54.718    904.3    909.9
     3     1    19    12    21     7     0     1   -62.0  -42.373  -54.324   1374.3    859.0
     4     1    19    12    21     7     0     1   -62.0  -43.594  -51.499   1502.8    846.3
     5     1    19    12    21     7     0     1   -62.0  -44.738  -76.305   4736.7    561.4
     1     1    19    12    21     6     0     0   -63.0  -41.037  -56.937     62.7   1008.4
     2     1    19    12    21     6     0     0   -63.0  -41.822  -54.370    981.2    901.9
     3     1    19    12    21     6     0     0   -63.0  -42.583  -54.033   1359.5    860.5
     4     1    19    12    21     6     0     0   -63.0  -43.833  -51.317   1542.6    842.7
     5     1    19    12    21     6     0     0   -63.0  -44.752  -77.306   4746.6    560.6
     1     1    19    12    21     5     0     1   -64.0  -41.198  -56.717     70.5   1007.4
     2     1    19    12    21     5     0     1   -64.0  -41.969  -54.044   1011.0    897.7
     3     1    19    12    21     5     0     1   -64.0  -42.771  -53.782   1300.4    868.4
     4     1    19    12    21     5     0     1   -64.0  -44.079  -51.189   1567.1    839.3
     5     1    19    12    21     5     0     1   -64.0  -44.747  -78.341   4751.3    560.3
     1     1    19    12    21     4     0     2   -65.0  -41.351  -56.483     72.9   1007.4
     2     1    19    12    21     4     0     2   -65.0  -42.092  -53.732    965.0    904.3
     3     1    19    12    21     4     0     2   -65.0  -42.929  -53.561   1249.6    874.8
     4     1    19    12    21     4     0     2   -65.0  -44.311  -51.113   1525.9    844.3
     5     1    19    12    21     4     0     2   -65.0  -44.746  -79.428   4759.5    560.0
     1     1    19    12    21     3     0     3   -66.0  -41.498  -56.227     75.8   1007.4
     2     1    19    12    21     3     0     3   -66.0  -42.188  -53.422    890.2    913.7
     3     1    19    12    21     3     0     3   -66.0  -43.073  -53.366   1232.4    877.1
     4     1    19    12    21     3     0     3   -66.0  -44.523  -51.074   1439.1    854.3
     5     1    19    12    21     3     0     3   -66.0  -44.737  -80.549   4808.7    555.5
     1     1    19    12    21     2     0     2   -67.0  -41.636  -55.948     81.4   1006.7
     2     1    19    12    21     2     0     2   -67.0  -42.280  -53.126    835.0    920.3
     3     1    19    12    21     2     0     2   -67.0  -43.212  -53.198   1225.3    877.2
     4     1    19    12    21     2     0     2   -67.0  -44.714  -51.063   1364.9    862.8
     5     1    19    12    21     2     0     2   -67.0  -44.720  -81.705   4831.0    553.9
     1     1    19    12    21     1     0     1   -68.0  -41.762  -55.654     82.5   1006.5
     2     1    19    12    21     1     0     1   -68.0  -42.394  -52.874    799.4    923.6
     3     1    19    12    21     1     0     1   -68.0  -43.346  -53.058   1200.7    879.9
     4     1    19    12    21     1     0     1   -68.0  -44.891  -51.088   1343.5    865.2
     5     1    19    12    21     1     0     1   -68.0  -44.695  -82.965   4869.7    550.6
     1     1    19    12    21     0     0     0   -69.0  -41.878  -55.349     78.2   1007.3
     2     1    19    12    21     0     0     0   -69.0  -42.526  -52.645    757.6    928.4
     3     1    19    12    21     0     0     0   -69.0  -43.472  -52.945   1163.8    884.5
     4     1    19    12    21     0     0     0   -69.0  -45.062  -51.156   1377.9    861.0
     5     1    19    12    21     0     0     0   -69.0  -44.644  -84.284   4891.8    548.3
     1     1    19    12    20    23     0     1   -70.0  -41.995  -55.047     78.4   1007.8
     2     1    19    12    20    23     0     1   -70.0  -42.657  -52.426    719.0    932.9
     3     1    19    12    20    23     0     1   -70.0  -43.600  -52.861   1110.5    889.3
     4     1    19    12    20    23     0     1   -70.0  -45.241  -51.263   1415.9    855.9
     5     1    19    12    20    23     0     1   -70.0  -44.573  -85.651   4926.2    545.3
     1     1    19    12    20    22     0     2   -71.0  -42.122  -54.768     87.5   1006.6
     2     1    19    12    20    22     0     2   -71.0  -42.778  -52.225    690.3    936.2
     3     1    19    12    20    22     0     2   -71.0  -43.735  -52.807   1026.3    898.6
     4     1    19    12    20    22     0     2   -71.0  -45.432  -51.397   1434.5    853.8
     5     1    19    12    20    22     0     2   -71.0  -44.459  -87.096   4955.1    542.9
     1     1    19    12    20    21     0     3   -72.0  -42.251  -54.516     98.2   1005.2
     2     1    19    12    20    21     0     3   -72.0  -42.895  -52.050    664.5    938.9
     3     1    19    12    20    21     0     3   -72.0  -43.873  -52.776    931.0    909.5
     4     1    19    12    20    21     0     3   -72.0  -45.636  -51.549   1453.3    851.7
     5     1    19    12    20    21     0     3   -72.0  -44.304  -88.571   4956.3    543.0
