     7     1
    GDAS    19    10    29     0     0
    GDAS    19    11     1     0     0
    GDAS    19    11     8     0     0
    GDAS    19    11    15     0     0
    GDAS    19    11    22     0     0
    GDAS    19    11    29     0     0
    GDAS    19    12     1     0     0
     5 BACKWARD OMEGA   
    19    11    11    15  -34.572  -58.513    10.0
    19    11    11    15  -34.572  -58.513   200.0
    19    11    11    15  -34.572  -58.513   500.0
    19    11    11    15  -34.572  -58.513  1000.0
    19    11    11    15  -34.572  -58.513  2000.0
     1 PRESSURE
     1     1    19    11    11    15     0     3     0.0  -34.572  -58.513     10.0   1016.1
     2     1    19    11    11    15     0     3     0.0  -34.572  -58.513    200.0    994.5
     3     1    19    11    11    15     0     3     0.0  -34.572  -58.513    500.0    960.6
     4     1    19    11    11    15     0     3     0.0  -34.572  -58.513   1000.0    905.5
     5     1    19    11    11    15     0     3     0.0  -34.572  -58.513   2000.0    803.2
     1     1    19    11    11    14     0     2    -1.0  -34.470  -58.365     10.5   1016.2
     2     1    19    11    11    14     0     2    -1.0  -34.423  -58.312    203.1    993.6
     3     1    19    11    11    14     0     2    -1.0  -34.393  -58.298    502.7    959.8
     4     1    19    11    11    14     0     2    -1.0  -34.362  -58.302   1029.3    900.6
     5     1    19    11    11    14     0     2    -1.0  -34.452  -58.395   2035.1    797.7
     1     1    19    11    11    13     0     1    -2.0  -34.357  -58.208     12.1   1015.8
     2     1    19    11    11    13     0     1    -2.0  -34.251  -58.091    223.5    989.2
     3     1    19    11    11    13     0     1    -2.0  -34.186  -58.055    527.7    953.8
     4     1    19    11    11    13     0     1    -2.0  -34.159  -58.069   1057.6    894.2
     5     1    19    11    11    13     0     1    -2.0  -34.351  -58.283   2050.0    795.7
     1     1    19    11    11    12     0     0    -3.0  -34.229  -58.038     15.6   1014.6
     2     1    19    11    11    12     0     0    -3.0  -34.051  -57.840    264.0    981.4
     3     1    19    11    11    12     0     0    -3.0  -33.952  -57.778    572.0    945.2
     4     1    19    11    11    12     0     0    -3.0  -33.978  -57.818   1087.8    888.8
     5     1    19    11    11    12     0     0    -3.0  -34.268  -58.177   2053.4    794.8
     1     1    19    11    11    11     0     1    -4.0  -34.095  -57.854     24.0   1011.1
     2     1    19    11    11    11     0     1    -4.0  -33.835  -57.544    319.5    972.6
     3     1    19    11    11    11     0     1    -4.0  -33.719  -57.463    626.0    938.4
     4     1    19    11    11    11     0     1    -4.0  -33.825  -57.548   1127.3    884.0
     5     1    19    11    11    11     0     1    -4.0  -34.200  -58.069   2050.4    793.7
     1     1    19    11    11    10     0     2    -5.0  -33.967  -57.650     41.4   1005.9
     2     1    19    11    11    10     0     2    -5.0  -33.620  -57.193    375.9    964.1
     3     1    19    11    11    10     0     2    -5.0  -33.505  -57.112    681.4    930.3
     4     1    19    11    11    10     0     2    -5.0  -33.699  -57.258   1177.7    877.5
     5     1    19    11    11    10     0     2    -5.0  -34.143  -57.951   2040.5    793.0
     1     1    19    11    11     9     0     3    -6.0  -33.846  -57.416     67.0   1000.9
     2     1    19    11    11     9     0     3    -6.0  -33.411  -56.788    426.8    959.1
     3     1    19    11    11     9     0     3    -6.0  -33.308  -56.730    733.2    924.7
     4     1    19    11    11     9     0     3    -6.0  -33.606  -56.952   1242.9    869.3
     5     1    19    11    11     9     0     3    -6.0  -34.101  -57.823   2029.6    793.3
     1     1    19    11    11     8     0     2    -7.0  -33.726  -57.146     91.2    995.4
     2     1    19    11    11     8     0     2    -7.0  -33.220  -56.335    469.9    955.1
     3     1    19    11    11     8     0     2    -7.0  -33.130  -56.323    771.8    921.0
     4     1    19    11    11     8     0     2    -7.0  -33.549  -56.641   1294.1    861.9
     5     1    19    11    11     8     0     2    -7.0  -34.075  -57.684   2007.3    792.8
     1     1    19    11    11     7     0     1    -8.0  -33.609  -56.848    103.3    994.1
     2     1    19    11    11     7     0     1    -8.0  -33.061  -55.846    519.7    949.5
     3     1    19    11    11     7     0     1    -8.0  -32.973  -55.892    810.6    917.5
     4     1    19    11    11     7     0     1    -8.0  -33.520  -56.326   1309.7    862.7
     5     1    19    11    11     7     0     1    -8.0  -34.065  -57.531   1962.8    796.6
     1     1    19    11    11     6     0     0    -9.0  -33.506  -56.534    108.7    995.7
     2     1    19    11    11     6     0     0    -9.0  -32.938  -55.330    589.8    934.2
     3     1    19    11    11     6     0     0    -9.0  -32.851  -55.450    875.5    905.4
     4     1    19    11    11     6     0     0    -9.0  -33.511  -56.005   1314.5    864.5
     5     1    19    11    11     6     0     0    -9.0  -34.068  -57.360   1905.6    801.6
     1     1    19    11    11     5     0     1   -10.0  -33.426  -56.205    118.1    996.5
     2     1    19    11    11     5     0     1   -10.0  -32.862  -54.814    671.3    923.9
     3     1    19    11    11     5     0     1   -10.0  -32.793  -55.014    973.9    889.5
     4     1    19    11    11     5     0     1   -10.0  -33.533  -55.692   1330.0    860.2
     5     1    19    11    11     5     0     1   -10.0  -34.082  -57.174   1864.6    807.3
     1     1    19    11    11     4     0     2   -11.0  -33.371  -55.850    136.3    993.1
     2     1    19    11    11     4     0     2   -11.0  -32.828  -54.332    725.6    924.7
     3     1    19    11    11     4     0     2   -11.0  -32.792  -54.609   1079.2    882.5
     4     1    19    11    11     4     0     2   -11.0  -33.595  -55.406   1367.6    852.5
     5     1    19    11    11     4     0     2   -11.0  -34.109  -56.986   1857.6    807.0
     1     1    19    11    11     3     0     3   -12.0  -33.336  -55.462    152.1    984.5
     2     1    19    11    11     3     0     3   -12.0  -32.824  -53.876    727.3    932.2
     3     1    19    11    11     3     0     3   -12.0  -32.817  -54.235   1147.5    881.8
     4     1    19    11    11     3     0     3   -12.0  -33.687  -55.152   1420.8    843.6
     5     1    19    11    11     3     0     3   -12.0  -34.153  -56.806   1867.7    806.5
     1     1    19    11    11     2     0     2   -13.0  -33.329  -55.058    144.2    978.4
     2     1    19    11    11     2     0     2   -13.0  -32.852  -53.436    709.7    938.7
     3     1    19    11    11     2     0     2   -13.0  -32.853  -53.878   1178.1    884.9
     4     1    19    11    11     2     0     2   -13.0  -33.801  -54.938   1472.1    836.4
     5     1    19    11    11     2     0     2   -13.0  -34.215  -56.644   1887.4    807.0
     1     1    19    11    11     1     0     1   -14.0  -33.351  -54.693    116.8    988.8
     2     1    19    11    11     1     0     1   -14.0  -32.912  -53.013    699.6    940.4
     3     1    19    11    11     1     0     1   -14.0  -32.906  -53.538   1193.2    886.3
     4     1    19    11    11     1     0     1   -14.0  -33.930  -54.763   1498.3    835.0
     5     1    19    11    11     1     0     1   -14.0  -34.294  -56.505   1920.0    805.5
     1     1    19    11    11     0     0     0   -15.0  -33.387  -54.388     91.6    998.6
     2     1    19    11    11     0     0     0   -15.0  -32.992  -52.606    686.6    943.0
     3     1    19    11    11     0     0     0   -15.0  -32.984  -53.223   1199.7    885.9
     4     1    19    11    11     0     0     0   -15.0  -34.078  -54.619   1481.9    839.8
     5     1    19    11    11     0     0     0   -15.0  -34.386  -56.385   1962.8    803.1
     1     1    19    11    10    23     0     1   -16.0  -33.438  -54.127     75.1   1005.5
     2     1    19    11    10    23     0     1   -16.0  -33.094  -52.218    678.9    944.6
     3     1    19    11    10    23     0     1   -16.0  -33.095  -52.930   1207.0    887.0
     4     1    19    11    10    23     0     1   -16.0  -34.231  -54.495   1464.9    849.4
     5     1    19    11    10    23     0     1   -16.0  -34.484  -56.287   2011.9    798.9
     1     1    19    11    10    22     0     2   -17.0  -33.510  -53.880     67.8   1008.7
     2     1    19    11    10    22     0     2   -17.0  -33.224  -51.852    684.2    942.8
     3     1    19    11    10    22     0     2   -17.0  -33.240  -52.667   1237.4    883.3
     4     1    19    11    10    22     0     2   -17.0  -34.379  -54.399   1494.9    849.7
     5     1    19    11    10    22     0     2   -17.0  -34.581  -56.217   2065.6    794.6
     1     1    19    11    10    21     0     3   -18.0  -33.605  -53.619     67.8   1009.1
     2     1    19    11    10    21     0     3   -18.0  -33.375  -51.505    694.2    940.8
     3     1    19    11    10    21     0     3   -18.0  -33.411  -52.440   1291.5    876.9
     4     1    19    11    10    21     0     3   -18.0  -34.524  -54.347   1586.2    842.9
     5     1    19    11    10    21     0     3   -18.0  -34.677  -56.185   2127.8    789.4
     1     1    19    11    10    20     0     2   -19.0  -33.714  -53.348     72.1   1009.8
     2     1    19    11    10    20     0     2   -19.0  -33.526  -51.180    702.5    939.5
     3     1    19    11    10    20     0     2   -19.0  -33.585  -52.266   1352.2    868.9
     4     1    19    11    10    20     0     2   -19.0  -34.668  -54.335   1705.4    828.7
     5     1    19    11    10    20     0     2   -19.0  -34.778  -56.175   2191.0    783.4
     1     1    19    11    10    19     0     1   -20.0  -33.828  -53.079     76.6   1011.1
     2     1    19    11    10    19     0     1   -20.0  -33.661  -50.869    704.3    939.1
     3     1    19    11    10    19     0     1   -20.0  -33.747  -52.145   1400.0    863.8
     4     1    19    11    10    19     0     1   -20.0  -34.814  -54.346   1809.9    819.8
     5     1    19    11    10    19     0     1   -20.0  -34.880  -56.172   2234.4    779.4
     1     1    19    11    10    18     0     0   -21.0  -33.940  -52.818     77.9   1011.8
     2     1    19    11    10    18     0     0   -21.0  -33.781  -50.561    695.5    939.6
     3     1    19    11    10    18     0     0   -21.0  -33.898  -52.065   1430.9    860.6
     4     1    19    11    10    18     0     0   -21.0  -34.960  -54.375   1892.0    813.2
     5     1    19    11    10    18     0     0   -21.0  -34.978  -56.178   2238.9    779.0
     1     1    19    11    10    17     0     1   -22.0  -34.044  -52.556     76.7   1012.3
     2     1    19    11    10    17     0     1   -22.0  -33.895  -50.246    686.2    942.1
     3     1    19    11    10    17     0     1   -22.0  -34.046  -51.998   1452.1    859.1
     4     1    19    11    10    17     0     1   -22.0  -35.109  -54.418   1953.2    808.0
     5     1    19    11    10    17     0     1   -22.0  -35.080  -56.182   2216.0    783.1
     1     1    19    11    10    16     0     2   -23.0  -34.137  -52.279     75.1   1012.7
     2     1    19    11    10    16     0     2   -23.0  -34.004  -49.927    695.5    941.3
     3     1    19    11    10    16     0     2   -23.0  -34.199  -51.936   1472.2    856.9
     4     1    19    11    10    16     0     2   -23.0  -35.258  -54.472   2000.1    803.1
     5     1    19    11    10    16     0     2   -23.0  -35.204  -56.180   2187.6    786.0
     1     1    19    11    10    15     0     3   -24.0  -34.227  -51.988     73.9   1012.8
     2     1    19    11    10    15     0     3   -24.0  -34.108  -49.616    716.1    937.4
     3     1    19    11    10    15     0     3   -24.0  -34.359  -51.886   1488.3    854.7
     4     1    19    11    10    15     0     3   -24.0  -35.407  -54.534   2033.3    799.7
     5     1    19    11    10    15     0     3   -24.0  -35.347  -56.173   2161.1    788.6
     1     1    19    11    10    14     0     2   -25.0  -34.323  -51.685     73.2   1012.7
     2     1    19    11    10    14     0     2   -25.0  -34.210  -49.320    718.7    935.2
     3     1    19    11    10    14     0     2   -25.0  -34.517  -51.872   1498.5    853.9
     4     1    19    11    10    14     0     2   -25.0  -35.557  -54.601   2057.5    797.8
     5     1    19    11    10    14     0     2   -25.0  -35.505  -56.165   2160.8    790.7
     1     1    19    11    10    13     0     1   -26.0  -34.426  -51.372     73.0   1012.7
     2     1    19    11    10    13     0     1   -26.0  -34.323  -49.027    695.9    938.7
     3     1    19    11    10    13     0     1   -26.0  -34.665  -51.906   1507.4    853.2
     4     1    19    11    10    13     0     1   -26.0  -35.710  -54.675   2080.1    795.8
     5     1    19    11    10    13     0     1   -26.0  -35.677  -56.162   2200.1    786.1
     1     1    19    11    10    12     0     0   -27.0  -34.534  -51.047     73.2   1012.7
     2     1    19    11    10    12     0     0   -27.0  -34.452  -48.737    658.5    943.6
     3     1    19    11    10    12     0     0   -27.0  -34.796  -51.984   1520.6    852.3
     4     1    19    11    10    12     0     0   -27.0  -35.869  -54.753   2105.1    793.5
     5     1    19    11    10    12     0     0   -27.0  -35.862  -56.171   2261.2    779.4
     1     1    19    11    10    11     0     1   -28.0  -34.657  -50.718     74.4   1011.9
     2     1    19    11    10    11     0     1   -28.0  -34.602  -48.462    626.8    948.6
     3     1    19    11    10    11     0     1   -28.0  -34.909  -52.082   1541.1    849.5
     4     1    19    11    10    11     0     1   -28.0  -36.036  -54.844   2126.0    790.2
     5     1    19    11    10    11     0     1   -28.0  -36.065  -56.203   2336.4    771.8
     1     1    19    11    10    10     0     2   -29.0  -34.805  -50.393     76.9   1010.8
     2     1    19    11    10    10     0     2   -29.0  -34.770  -48.225    621.4    949.0
     3     1    19    11    10    10     0     2   -29.0  -35.009  -52.175   1563.7    846.1
     4     1    19    11    10    10     0     2   -29.0  -36.218  -54.955   2128.8    788.8
     5     1    19    11    10    10     0     2   -29.0  -36.294  -56.272   2419.9    762.5
     1     1    19    11    10     9     0     3   -30.0  -34.976  -50.070     78.8   1009.8
     2     1    19    11    10     9     0     3   -30.0  -34.959  -48.043    649.8    945.7
     3     1    19    11    10     9     0     3   -30.0  -35.099  -52.259   1580.1    843.3
     4     1    19    11    10     9     0     3   -30.0  -36.416  -55.088   2110.1    790.3
     5     1    19    11    10     9     0     3   -30.0  -36.556  -56.392   2491.3    754.1
     1     1    19    11    10     8     0     2   -31.0  -35.157  -49.783     81.5   1010.2
     2     1    19    11    10     8     0     2   -31.0  -35.147  -47.920    690.3    938.1
     3     1    19    11    10     8     0     2   -31.0  -35.175  -52.338   1594.1    842.9
     4     1    19    11    10     8     0     2   -31.0  -36.621  -55.247   2092.2    793.7
     5     1    19    11    10     8     0     2   -31.0  -36.836  -56.563   2536.5    749.8
     1     1    19    11    10     7     0     1   -32.0  -35.336  -49.553     87.5   1009.7
     2     1    19    11    10     7     0     1   -32.0  -35.320  -47.829    718.2    935.2
     3     1    19    11    10     7     0     1   -32.0  -35.233  -52.413   1622.1    840.7
     4     1    19    11    10     7     0     1   -32.0  -36.823  -55.430   2086.8    793.8
     5     1    19    11    10     7     0     1   -32.0  -37.113  -56.769   2573.6    748.0
     1     1    19    11    10     6     0     0   -33.0  -35.514  -49.357     95.7   1008.8
     2     1    19    11    10     6     0     0   -33.0  -35.484  -47.759    740.0    933.4
     3     1    19    11    10     6     0     0   -33.0  -35.277  -52.484   1672.7    835.9
     4     1    19    11    10     6     0     0   -33.0  -37.020  -55.636   2086.0    793.7
     5     1    19    11    10     6     0     0   -33.0  -37.379  -56.997   2621.2    743.5
     1     1    19    11    10     5     0     1   -34.0  -35.695  -49.177    102.8   1007.5
     2     1    19    11    10     5     0     1   -34.0  -35.639  -47.722    767.9    931.1
     3     1    19    11    10     5     0     1   -34.0  -35.310  -52.545   1730.3    828.3
     4     1    19    11    10     5     0     1   -34.0  -37.203  -55.847   2094.9    793.6
     5     1    19    11    10     5     0     1   -34.0  -37.642  -57.253   2668.1    736.1
     1     1    19    11    10     4     0     2   -35.0  -35.882  -49.017    103.7   1006.9
     2     1    19    11    10     4     0     2   -35.0  -35.781  -47.732    818.0    926.3
     3     1    19    11    10     4     0     2   -35.0  -35.336  -52.586   1773.8    823.6
     4     1    19    11    10     4     0     2   -35.0  -37.373  -56.055   2122.6    790.9
     5     1    19    11    10     4     0     2   -35.0  -37.919  -57.557   2679.2    727.9
     1     1    19    11    10     3     0     3   -36.0  -36.066  -48.898     99.4   1007.5
     2     1    19    11    10     3     0     3   -36.0  -35.909  -47.790    917.6    917.5
     3     1    19    11    10     3     0     3   -36.0  -35.352  -52.607   1798.2    821.0
     4     1    19    11    10     3     0     3   -36.0  -37.538  -56.269   2161.4    786.4
     5     1    19    11    10     3     0     3   -36.0  -38.213  -57.902   2640.0    729.3
     1     1    19    11    10     2     0     2   -37.0  -36.243  -48.820     96.3   1008.8
     2     1    19    11    10     2     0     2   -37.0  -36.019  -47.899   1039.3    898.6
     3     1    19    11    10     2     0     2   -37.0  -35.367  -52.616   1799.3    820.7
     4     1    19    11    10     2     0     2   -37.0  -37.711  -56.493   2196.4    782.5
     5     1    19    11    10     2     0     2   -37.0  -38.499  -58.273   2611.4    739.0
     1     1    19    11    10     1     0     1   -38.0  -36.419  -48.768     98.9   1008.5
     2     1    19    11    10     1     0     1   -38.0  -36.124  -48.043   1122.0    888.7
     3     1    19    11    10     1     0     1   -38.0  -35.394  -52.622   1773.8    823.4
     4     1    19    11    10     1     0     1   -38.0  -37.902  -56.724   2233.0    780.1
     5     1    19    11    10     1     0     1   -38.0  -38.763  -58.666   2603.6    740.8
     1     1    19    11    10     0     0     0   -39.0  -36.608  -48.723    108.1   1007.6
     2     1    19    11    10     0     0     0   -39.0  -36.238  -48.210   1151.4    886.2
     3     1    19    11    10     0     0     0   -39.0  -35.435  -52.616   1727.5    828.5
     4     1    19    11    10     0     0     0   -39.0  -38.116  -56.958   2289.4    775.2
     5     1    19    11    10     0     0     0   -39.0  -38.995  -59.070   2574.8    745.5
     1     1    19    11     9    23     0     1   -40.0  -36.788  -48.709    120.5   1004.9
     2     1    19    11     9    23     0     1   -40.0  -36.359  -48.389   1169.9    887.8
     3     1    19    11     9    23     0     1   -40.0  -35.493  -52.594   1683.4    834.2
     4     1    19    11     9    23     0     1   -40.0  -38.344  -57.220   2333.5    764.7
     5     1    19    11     9    23     0     1   -40.0  -39.196  -59.467   2537.5    751.0
     1     1    19    11     9    22     0     2   -41.0  -36.911  -48.772    130.5   1002.9
     2     1    19    11     9    22     0     2   -41.0  -36.481  -48.591   1222.9    882.4
     3     1    19    11     9    22     0     2   -41.0  -35.570  -52.566   1657.6    836.2
     4     1    19    11     9    22     0     2   -41.0  -38.576  -57.517   2349.8    763.2
     5     1    19    11     9    22     0     2   -41.0  -39.383  -59.878   2517.0    752.0
     1     1    19    11     9    21     0     3   -42.0  -36.953  -48.942    135.0   1001.4
     2     1    19    11     9    21     0     3   -42.0  -36.605  -48.830   1322.3    871.3
     3     1    19    11     9    21     0     3   -42.0  -35.673  -52.546   1653.2    836.4
     4     1    19    11     9    21     0     3   -42.0  -38.812  -57.833   2382.5    762.8
     5     1    19    11     9    21     0     3   -42.0  -39.559  -60.319   2496.8    752.3
     1     1    19    11     9    20     0     2   -43.0  -36.956  -49.149    136.6   1001.6
     2     1    19    11     9    20     0     2   -43.0  -36.715  -49.096   1436.7    855.8
     3     1    19    11     9    20     0     2   -43.0  -35.792  -52.574   1724.0    834.2
     4     1    19    11     9    20     0     2   -43.0  -39.031  -58.172   2444.1    757.9
     5     1    19    11     9    20     0     2   -43.0  -39.725  -60.768   2485.3    755.3
     1     1    19    11     9    19     0     1   -44.0  -36.948  -49.334    135.4   1001.7
     2     1    19    11     9    19     0     1   -44.0  -36.805  -49.380   1503.0    846.4
     3     1    19    11     9    19     0     1   -44.0  -35.892  -52.684   1929.5    814.4
     4     1    19    11     9    19     0     1   -44.0  -39.216  -58.529   2509.4    751.2
     5     1    19    11     9    19     0     1   -44.0  -39.880  -61.206   2521.7    753.8
     1     1    19    11     9    18     0     0   -45.0  -36.910  -49.517    130.8   1002.3
     2     1    19    11     9    18     0     0   -45.0  -36.898  -49.680   1498.4    846.9
     3     1    19    11     9    18     0     0   -45.0  -35.941  -52.867   2185.9    782.4
     4     1    19    11     9    18     0     0   -45.0  -39.381  -58.885   2592.1    745.3
     5     1    19    11     9    18     0     0   -45.0  -40.009  -61.641   2595.5    744.3
     1     1    19    11     9    17     0     1   -46.0  -36.850  -49.691    128.4   1003.6
     2     1    19    11     9    17     0     1   -46.0  -37.005  -49.989   1470.5    855.3
     3     1    19    11     9    17     0     1   -46.0  -35.928  -53.112   2392.4    759.0
     4     1    19    11     9    17     0     1   -46.0  -39.540  -59.223   2698.4    734.2
     5     1    19    11     9    17     0     1   -46.0  -40.120  -62.079   2664.0    736.5
     1     1    19    11     9    16     0     2   -47.0  -36.784  -49.843    133.8   1003.7
     2     1    19    11     9    16     0     2   -47.0  -37.100  -50.310   1512.9    855.8
     3     1    19    11     9    16     0     2   -47.0  -35.865  -53.430   2551.2    747.0
     4     1    19    11     9    16     0     2   -47.0  -39.705  -59.540   2809.4    723.6
     5     1    19    11     9    16     0     2   -47.0  -40.237  -62.521   2685.4    732.4
     1     1    19    11     9    15     0     3   -48.0  -36.711  -49.968    147.9   1002.6
     2     1    19    11     9    15     0     3   -48.0  -37.166  -50.689   1683.8    838.4
     3     1    19    11     9    15     0     3   -48.0  -35.766  -53.830   2672.2    736.0
     4     1    19    11     9    15     0     3   -48.0  -39.906  -59.850   2934.5    713.1
     5     1    19    11     9    15     0     3   -48.0  -40.350  -62.952   2623.7    736.9
     1     1    19    11     9    14     0     2   -49.0  -36.626  -50.065    162.7    999.5
     2     1    19    11     9    14     0     2   -49.0  -37.207  -51.135   1944.1    806.3
     3     1    19    11     9    14     0     2   -49.0  -35.645  -54.245   2693.1    729.7
     4     1    19    11     9    14     0     2   -49.0  -40.161  -60.191   3049.0    699.5
     5     1    19    11     9    14     0     2   -49.0  -40.450  -63.360   2504.3    750.2
     1     1    19    11     9    13     0     1   -50.0  -36.527  -50.134    168.9    998.9
     2     1    19    11     9    13     0     1   -50.0  -37.241  -51.598   2152.0    780.7
     3     1    19    11     9    13     0     1   -50.0  -35.531  -54.619   2674.9    740.3
     4     1    19    11     9    13     0     1   -50.0  -40.450  -60.581   3122.9    693.2
     5     1    19    11     9    13     0     1   -50.0  -40.543  -63.759   2381.2    761.4
     1     1    19    11     9    12     0     0   -51.0  -36.415  -50.171    168.7    999.2
     2     1    19    11     9    12     0     0   -51.0  -37.255  -52.089   2276.5    771.9
     3     1    19    11     9    12     0     0   -51.0  -35.417  -55.021   2775.4    738.0
     4     1    19    11     9    12     0     0   -51.0  -40.770  -61.017   3185.2    689.6
     5     1    19    11     9    12     0     0   -51.0  -40.622  -64.174   2266.9    772.6
     1     1    19    11     9    11     0     1   -52.0  -36.302  -50.162    171.4    999.3
     2     1    19    11     9    11     0     1   -52.0  -37.260  -52.586   2359.3    764.0
     3     1    19    11     9    11     0     1   -52.0  -35.325  -55.444   2894.3    712.1
     4     1    19    11     9    11     0     1   -52.0  -41.084  -61.517   3259.7    682.5
     5     1    19    11     9    11     0     1   -52.0  -40.676  -64.590   2191.3    782.0
     1     1    19    11     9    10     0     2   -53.0  -36.199  -50.098    185.2    996.8
     2     1    19    11     9    10     0     2   -53.0  -37.279  -53.060   2418.4    759.0
     3     1    19    11     9    10     0     2   -53.0  -35.278  -55.826   2871.7    713.4
     4     1    19    11     9    10     0     2   -53.0  -41.376  -62.087   3331.8    674.3
     5     1    19    11     9    10     0     2   -53.0  -40.699  -65.001   2165.8    783.4
     1     1    19    11     9     9     0     3   -54.0  -36.104  -49.979    211.3    993.1
     2     1    19    11     9     9     0     3   -54.0  -37.311  -53.511   2417.6    754.0
     3     1    19    11     9     9     0     3   -54.0  -35.291  -56.189   2749.2    729.1
     4     1    19    11     9     9     0     3   -54.0  -41.665  -62.689   3384.3    669.5
     5     1    19    11     9     9     0     3   -54.0  -40.709  -65.421   2152.1    770.9
     1     1    19    11     9     8     0     2   -55.0  -36.023  -49.835    235.9    989.0
     2     1    19    11     9     8     0     2   -55.0  -37.362  -53.925   2355.6    763.3
     3     1    19    11     9     8     0     2   -55.0  -35.339  -56.554   2739.2    743.8
     4     1    19    11     9     8     0     2   -55.0  -41.930  -63.292   3420.9    666.3
     5     1    19    11     9     8     0     2   -55.0  -40.721  -65.840   2129.1    761.2
     1     1    19    11     9     7     0     1   -56.0  -35.964  -49.700    247.8    988.2
     2     1    19    11     9     7     0     1   -56.0  -37.429  -54.304   2310.3    772.4
     3     1    19    11     9     7     0     1   -56.0  -35.399  -56.978   2922.5    720.3
     4     1    19    11     9     7     0     1   -56.0  -42.163  -63.895   3390.7    664.5
     5     1    19    11     9     7     0     1   -56.0  -40.719  -66.251   2097.7    753.1
     1     1    19    11     9     6     0     0   -57.0  -35.926  -49.577    252.1    988.0
     2     1    19    11     9     6     0     0   -57.0  -37.517  -54.648   2298.6    770.8
     3     1    19    11     9     6     0     0   -57.0  -35.492  -57.462   3108.7    693.9
     4     1    19    11     9     6     0     0   -57.0  -42.394  -64.490   3264.9    676.1
     5     1    19    11     9     6     0     0   -57.0  -40.689  -66.663   2049.9    745.1
     1     1    19    11     9     5     0     1   -58.0  -35.898  -49.450    257.9    988.2
     2     1    19    11     9     5     0     1   -58.0  -37.609  -54.968   2296.7    771.3
     3     1    19    11     9     5     0     1   -58.0  -35.601  -57.938   3289.7    687.8
     4     1    19    11     9     5     0     1   -58.0  -42.627  -65.071   3083.1    688.9
     5     1    19    11     9     5     0     1   -58.0  -40.635  -67.078   1969.1    744.0
     1     1    19    11     9     4     0     2   -59.0  -35.870  -49.302    271.2    986.7
     2     1    19    11     9     4     0     2   -59.0  -37.679  -55.291   2315.9    770.2
     3     1    19    11     9     4     0     2   -59.0  -35.687  -58.466   3494.4    663.2
     4     1    19    11     9     4     0     2   -59.0  -42.833  -65.662   2942.9    700.9
     5     1    19    11     9     4     0     2   -59.0  -40.579  -67.481   1830.6    749.3
     1     1    19    11     9     3     0     3   -60.0  -35.844  -49.132    291.5    984.2
     2     1    19    11     9     3     0     3   -60.0  -37.726  -55.628   2366.7    765.9
     3     1    19    11     9     3     0     3   -60.0  -35.738  -59.100   3745.0    651.8
     4     1    19    11     9     3     0     3   -60.0  -42.993  -66.282   2939.4    702.9
     5     1    19    11     9     3     0     3   -60.0  -40.494  -67.839   1607.2    764.2
     1     1    19    11     9     2     0     2   -61.0  -35.835  -48.951    313.6    980.9
     2     1    19    11     9     2     0     2   -61.0  -37.765  -55.954   2441.8    757.9
     3     1    19    11     9     2     0     2   -61.0  -35.812  -59.801   4084.7    615.4
     4     1    19    11     9     2     0     2   -61.0  -43.118  -66.908   3011.8    693.6
     5     1    19    11     9     2     0     2   -61.0  -40.342  -68.080   1331.1    790.6
     1     1    19    11     9     1     0     1   -62.0  -35.858  -48.770    331.5    978.8
     2     1    19    11     9     1     0     1   -62.0  -37.816  -56.243   2513.1    749.7
     3     1    19    11     9     1     0     1   -62.0  -35.955  -60.565   4317.2    582.6
     4     1    19    11     9     1     0     1   -62.0  -43.234  -67.530   3132.4    662.1
     5     1    19    11     9     1     0     1   -62.0  -40.154  -68.161   1052.5    824.2
     1     1    19    11     9     0     0     0   -63.0  -35.912  -48.594    345.9    977.5
     2     1    19    11     9     0     0     0   -63.0  -37.896  -56.493   2556.4    745.6
     3     1    19    11     9     0     0     0   -63.0  -36.166  -61.361   4141.2    598.7
     4     1    19    11     9     0     0     0   -63.0  -43.375  -68.145   3399.7    614.3
     5     1    19    11     9     0     0     0   -63.0  -39.967  -68.097    830.6    851.1
     1     1    19    11     8    23     0     1   -64.0  -35.992  -48.430    360.1    975.3
     2     1    19    11     8    23     0     1   -64.0  -38.013  -56.729   2541.0    747.1
     3     1    19    11     8    23     0     1   -64.0  -36.157  -62.069   3344.6    668.3
     4     1    19    11     8    23     0     1   -64.0  -43.525  -68.733   3544.8    602.3
     5     1    19    11     8    23     0     1   -64.0  -39.803  -67.925    672.8    876.3
     1     1    19    11     8    22     0     2   -65.0  -36.095  -48.288    372.5    973.2
     2     1    19    11     8    22     0     2   -65.0  -38.123  -57.005   2516.9    750.0
     3     1    19    11     8    22     0     2   -65.0  -36.048  -62.582   2648.9    735.4
     4     1    19    11     8    22     0     2   -65.0  -43.654  -69.274   3470.7    601.6
     5     1    19    11     8    22     0     2   -65.0  -39.696  -67.682    561.7    899.0
     1     1    19    11     8    21     0     3   -66.0  -36.220  -48.174    377.5    971.6
     2     1    19    11     8    21     0     3   -66.0  -38.192  -57.317   2624.7    745.7
     3     1    19    11     8    21     0     3   -66.0  -35.924  -62.906   2341.8    774.2
     4     1    19    11     8    21     0     3   -66.0  -43.802  -69.785   3353.7    591.0
     5     1    19    11     8    21     0     3   -66.0  -39.659  -67.430    461.2    918.4
     1     1    19    11     8    20     0     2   -67.0  -36.362  -48.086    379.1    972.0
     2     1    19    11     8    20     0     2   -67.0  -38.262  -57.682   2870.0    711.7
     3     1    19    11     8    20     0     2   -67.0  -35.773  -63.132   2142.6    773.8
     4     1    19    11     8    20     0     2   -67.0  -43.973  -70.290   3304.9    587.6
     5     1    19    11     8    20     0     2   -67.0  -39.673  -67.164    362.9    940.3
     1     1    19    11     8    19     0     1   -68.0  -36.514  -48.018    382.2    971.5
     2     1    19    11     8    19     0     1   -68.0  -38.362  -58.114   3117.7    684.4
     3     1    19    11     8    19     0     1   -68.0  -35.562  -63.255   1952.3    795.3
     4     1    19    11     8    19     0     1   -68.0  -44.158  -70.799   3335.2    594.0
     5     1    19    11     8    19     0     1   -68.0  -39.732  -66.854    303.3    955.1
     1     1    19    11     8    18     0     0   -69.0  -36.671  -47.969    385.9    971.0
     2     1    19    11     8    18     0     0   -69.0  -38.464  -58.575   3205.8    670.3
     3     1    19    11     8    18     0     0   -69.0  -35.301  -63.329   1830.9    809.0
     4     1    19    11     8    18     0     0   -69.0  -44.351  -71.300   3390.3    591.8
     5     1    19    11     8    18     0     0   -69.0  -39.841  -66.513    288.0    957.0
     1     1    19    11     8    17     0     1   -70.0  -36.831  -47.936    387.9    970.6
     2     1    19    11     8    17     0     1   -70.0  -38.548  -59.015   3106.9    686.2
     3     1    19    11     8    17     0     1   -70.0  -34.978  -63.388   1736.1    810.8
     4     1    19    11     8    17     0     1   -70.0  -44.549  -71.786   3435.8    582.4
     5     1    19    11     8    17     0     1   -70.0  -39.997  -66.158    281.4    955.3
     1     1    19    11     8    16     0     2   -71.0  -36.993  -47.920    387.9    970.8
     2     1    19    11     8    16     0     2   -71.0  -38.639  -59.457   2983.1    704.5
     3     1    19    11     8    16     0     2   -71.0  -34.609  -63.422   1605.1    823.3
     4     1    19    11     8    16     0     2   -71.0  -44.740  -72.230   3473.3    587.6
     5     1    19    11     8    16     0     2   -71.0  -40.188  -65.836    262.5    959.8
     1     1    19    11     8    15     0     3   -72.0  -37.159  -47.922    387.4    970.8
     2     1    19    11     8    15     0     3   -72.0  -38.726  -59.907   2927.9    710.3
     3     1    19    11     8    15     0     3   -72.0  -34.194  -63.440   1493.0    834.8
     4     1    19    11     8    15     0     3   -72.0  -44.920  -72.619   3516.1    594.1
     5     1    19    11     8    15     0     3   -72.0  -40.414  -65.589    256.1    966.0
