     5     1
    GDAS    19     7    22     0     0
    GDAS    19     7    29     0     0
    GDAS    19     8     1     0     0
    GDAS    19     8     8     0     0
    GDAS    19     8    15     0     0
     3 BACKWARD OMEGA   
    19     8     8     3  -34.572  -58.513    10.0
    19     8     8     3  -34.572  -58.513   200.0
    19     8     8     3  -34.572  -58.513   500.0
     1 PRESSURE
     1     1    19     8     8     3     0     3     0.0  -34.572  -58.513     10.0   1019.6
     2     1    19     8     8     3     0     3     0.0  -34.572  -58.513    200.0    998.0
     3     1    19     8     8     3     0     3     0.0  -34.572  -58.513    500.0    961.8
     1     1    19     8     8     2     0     2    -1.0  -34.623  -58.400     11.4   1019.0
     2     1    19     8     8     2     0     2    -1.0  -34.673  -58.217    211.1    995.4
     3     1    19     8     8     2     0     2    -1.0  -34.702  -58.171    491.9    961.3
     1     1    19     8     8     1     0     1    -2.0  -34.682  -58.269     13.7   1018.4
     2     1    19     8     8     1     0     1    -2.0  -34.789  -57.912    224.6    994.7
     3     1    19     8     8     1     0     1    -2.0  -34.843  -57.828    494.5    964.4
     1     1    19     8     8     0     0     0    -3.0  -34.753  -58.120     17.6   1017.6
     2     1    19     8     8     0     0     0    -3.0  -34.926  -57.600    258.4    992.8
     3     1    19     8     8     0     0     0    -3.0  -35.000  -57.498    552.4    961.6
     1     1    19     8     7    23     0     1    -4.0  -34.831  -57.960     23.6   1016.2
     2     1    19     8     7    23     0     1    -4.0  -35.083  -57.286    313.6    985.1
     3     1    19     8     7    23     0     1    -4.0  -35.177  -57.207    650.6    945.7
     1     1    19     8     7    22     0     2    -5.0  -34.917  -57.794     29.8   1015.8
     2     1    19     8     7    22     0     2    -5.0  -35.264  -56.982    371.1    977.8
     3     1    19     8     7    22     0     2    -5.0  -35.376  -56.971    726.0    934.1
     1     1    19     8     7    21     0     3    -6.0  -35.017  -57.617     35.3   1016.0
     2     1    19     8     7    21     0     3    -6.0  -35.468  -56.707    417.7    970.3
     3     1    19     8     7    21     0     3    -6.0  -35.593  -56.789    769.0    929.0
     1     1    19     8     7    20     0     2    -7.0  -35.138  -57.432     39.1   1015.9
     2     1    19     8     7    20     0     2    -7.0  -35.686  -56.477    453.9    966.8
     3     1    19     8     7    20     0     2    -7.0  -35.820  -56.659    804.9    927.5
     1     1    19     8     7    19     0     1    -8.0  -35.282  -57.242     42.2   1016.1
     2     1    19     8     7    19     0     1    -8.0  -35.923  -56.289    493.7    962.8
     3     1    19     8     7    19     0     1    -8.0  -36.056  -56.581    856.9    922.1
     1     1    19     8     7    18     0     0    -9.0  -35.443  -57.043     47.8   1015.9
     2     1    19     8     7    18     0     0    -9.0  -36.190  -56.141    538.7    957.0
     3     1    19     8     7    18     0     0    -9.0  -36.302  -56.555    912.7    914.4
     1     1    19     8     7    17     0     1   -10.0  -35.616  -56.851     55.9   1014.8
     2     1    19     8     7    17     0     1   -10.0  -36.479  -56.024    579.8    952.2
     3     1    19     8     7    17     0     1   -10.0  -36.564  -56.564    962.0    909.3
     1     1    19     8     7    16     0     2   -11.0  -35.801  -56.686     63.8   1014.0
     2     1    19     8     7    16     0     2   -11.0  -36.780  -55.943    630.9    948.3
     3     1    19     8     7    16     0     2   -11.0  -36.850  -56.614   1026.7    903.8
     1     1    19     8     7    15     0     3   -12.0  -36.004  -56.551     71.4   1013.3
     2     1    19     8     7    15     0     3   -12.0  -37.102  -55.925    710.3    939.1
     3     1    19     8     7    15     0     3   -12.0  -37.142  -56.737   1139.3    892.6
     1     1    19     8     7    14     0     2   -13.0  -36.219  -56.437     79.0   1012.0
     2     1    19     8     7    14     0     2   -13.0  -37.435  -55.976    791.8    925.8
     3     1    19     8     7    14     0     2   -13.0  -37.420  -56.944   1277.5    873.7
     1     1    19     8     7    13     0     1   -14.0  -36.436  -56.339     86.7   1010.5
     2     1    19     8     7    13     0     1   -14.0  -37.764  -56.067    839.8    919.5
     3     1    19     8     7    13     0     1   -14.0  -37.689  -57.210   1389.5    857.1
     1     1    19     8     7    12     0     0   -15.0  -36.649  -56.259     94.0   1009.0
     2     1    19     8     7    12     0     0   -15.0  -38.096  -56.192    850.1    917.8
     3     1    19     8     7    12     0     0   -15.0  -37.961  -57.530   1478.4    843.3
     1     1    19     8     7    11     0     1   -16.0  -36.864  -56.203    100.5   1007.3
     2     1    19     8     7    11     0     1   -16.0  -38.428  -56.363    853.4    920.1
     3     1    19     8     7    11     0     1   -16.0  -38.214  -57.920   1569.8    830.2
     1     1    19     8     7    10     0     2   -17.0  -37.087  -56.177    106.2   1005.6
     2     1    19     8     7    10     0     2   -17.0  -38.765  -56.596    901.5    916.0
     3     1    19     8     7    10     0     2   -17.0  -38.446  -58.373   1651.7    822.3
     1     1    19     8     7     9     0     3   -18.0  -37.324  -56.187    110.9   1004.0
     2     1    19     8     7     9     0     3   -18.0  -39.125  -56.878   1032.8    902.6
     3     1    19     8     7     9     0     3   -18.0  -38.688  -58.870   1711.5    820.6
     1     1    19     8     7     8     0     2   -19.0  -37.577  -56.231    114.3   1003.5
     2     1    19     8     7     8     0     2   -19.0  -39.488  -57.250   1183.8    876.6
     3     1    19     8     7     8     0     2   -19.0  -38.931  -59.393   1765.1    819.5
     1     1    19     8     7     7     0     1   -20.0  -37.839  -56.304    115.5   1003.1
     2     1    19     8     7     7     0     1   -20.0  -39.843  -57.670   1297.0    867.6
     3     1    19     8     7     7     0     1   -20.0  -39.158  -59.921   1822.6    814.7
     1     1    19     8     7     6     0     0   -21.0  -38.104  -56.408    114.1   1003.4
     2     1    19     8     7     6     0     0   -21.0  -40.205  -58.103   1418.2    854.8
     3     1    19     8     7     6     0     0   -21.0  -39.388  -60.441   1900.7    807.9
     1     1    19     8     7     5     0     1   -22.0  -38.358  -56.541    113.0   1003.5
     2     1    19     8     7     5     0     1   -22.0  -40.557  -58.595   1556.5    839.3
     3     1    19     8     7     5     0     1   -22.0  -39.614  -60.983   1995.5    795.9
     1     1    19     8     7     4     0     2   -23.0  -38.594  -56.712    111.4   1003.1
     2     1    19     8     7     4     0     2   -23.0  -40.913  -59.162   1711.3    823.0
     3     1    19     8     7     4     0     2   -23.0  -39.829  -61.558   2084.1    786.6
     1     1    19     8     7     3     0     3   -24.0  -38.812  -56.927    104.8   1003.2
     2     1    19     8     7     3     0     3   -24.0  -41.276  -59.805   1852.9    804.8
     3     1    19     8     7     3     0     3   -24.0  -40.041  -62.157   2183.9    778.6
     1     1    19     8     7     2     0     2   -25.0  -39.019  -57.174     96.3   1004.3
     2     1    19     8     7     2     0     2   -25.0  -41.613  -60.528   1933.4    793.8
     3     1    19     8     7     2     0     2   -25.0  -40.235  -62.779   2262.2    764.9
     1     1    19     8     7     1     0     1   -26.0  -39.225  -57.436     93.1   1004.4
     2     1    19     8     7     1     0     1   -26.0  -41.925  -61.299   1961.1    793.1
     3     1    19     8     7     1     0     1   -26.0  -40.409  -63.407   2288.5    763.2
     1     1    19     8     7     0     0     0   -27.0  -39.435  -57.710     98.4   1002.7
     2     1    19     8     7     0     0     0   -27.0  -42.232  -62.110   2017.5    789.2
     3     1    19     8     7     0     0     0   -27.0  -40.576  -64.020   2317.1    759.5
     1     1    19     8     6    23     0     1   -28.0  -39.632  -58.031    109.7    999.5
     2     1    19     8     6    23     0     1   -28.0  -42.532  -62.933   2105.0    778.3
     3     1    19     8     6    23     0     1   -28.0  -40.722  -64.571   2312.8    758.8
     1     1    19     8     6    22     0     2   -29.0  -39.811  -58.427    120.5    997.0
     2     1    19     8     6    22     0     2   -29.0  -42.827  -63.729   2137.6    773.8
     3     1    19     8     6    22     0     2   -29.0  -40.842  -65.035   2157.1    773.1
     1     1    19     8     6    21     0     3   -30.0  -39.985  -58.889    147.7    993.0
     2     1    19     8     6    21     0     3   -30.0  -43.093  -64.506   2131.2    771.6
     3     1    19     8     6    21     0     3   -30.0  -40.981  -65.431   1929.7    787.0
     1     1    19     8     6    20     0     2   -31.0  -40.158  -59.396    186.0    987.4
     2     1    19     8     6    20     0     2   -31.0  -43.381  -65.324   2191.1    758.6
     3     1    19     8     6    20     0     2   -31.0  -41.165  -65.784   1854.9    779.4
     1     1    19     8     6    19     0     1   -32.0  -40.311  -59.918    188.8    986.9
     2     1    19     8     6    19     0     1   -32.0  -43.678  -66.186   2232.0    739.0
     3     1    19     8     6    19     0     1   -32.0  -41.402  -66.162   1783.8    768.7
     1     1    19     8     6    18     0     0   -33.0  -40.452  -60.453    180.4    987.6
     2     1    19     8     6    18     0     0   -33.0  -43.976  -67.048   2200.8    740.2
     3     1    19     8     6    18     0     0   -33.0  -41.688  -66.653   1632.0    766.9
     1     1    19     8     6    17     0     1   -34.0  -40.598  -61.021    176.6    987.5
     2     1    19     8     6    17     0     1   -34.0  -44.315  -67.878   2162.0    729.2
     3     1    19     8     6    17     0     1   -34.0  -41.995  -67.244   1400.9    770.6
     1     1    19     8     6    16     0     2   -35.0  -40.740  -61.634    190.6    986.2
     2     1    19     8     6    16     0     2   -35.0  -44.692  -68.671   2047.1    731.7
     3     1    19     8     6    16     0     2   -35.0  -42.318  -67.928   1530.9    735.3
     1     1    19     8     6    15     0     3   -36.0  -40.903  -62.315    256.7    978.1
     2     1    19     8     6    15     0     3   -36.0  -45.070  -69.550   1808.2    751.7
     3     1    19     8     6    15     0     3   -36.0  -42.633  -68.641   1955.2    694.4
     1     1    19     8     6    14     0     2   -37.0  -41.085  -63.006    368.8    963.4
     2     1    19     8     6    14     0     2   -37.0  -45.356  -70.608   1609.6    752.4
     3     1    19     8     6    14     0     2   -37.0  -42.988  -69.300   2288.4    673.1
     1     1    19     8     6    13     0     1   -38.0  -41.238  -63.715    414.3    956.3
     2     1    19     8     6    13     0     1   -38.0  -45.701  -71.775   1854.1    703.9
     3     1    19     8     6    13     0     1   -38.0  -43.392  -69.982   2434.7    649.6
     1     1    19     8     6    12     0     0   -39.0  -41.348  -64.444    393.2    960.5
     2     1    19     8     6    12     0     0   -39.0  -46.071  -72.990   2417.6    648.9
     3     1    19     8     6    12     0     0   -39.0  -43.812  -70.758   2580.2    639.0
     1     1    19     8     6    11     0     1   -40.0  -41.469  -65.228    437.9    945.9
     2     1    19     8     6    11     0     1   -40.0  -46.376  -73.927   2572.5    694.0
     3     1    19     8     6    11     0     1   -40.0  -44.227  -71.660   2841.0    622.4
     1     1    19     8     6    10     0     2   -41.0  -41.626  -66.269    689.1    873.5
     2     1    19     8     6    10     0     2   -41.0  -46.586  -74.618   2454.1    723.9
     3     1    19     8     6    10     0     2   -41.0  -44.607  -72.627   3503.3    579.1
     1     1    19     8     6     9     0     3   -42.0  -41.738  -67.582    991.0    800.4
     2     1    19     8     6     9     0     3   -42.0  -46.779  -75.250   2304.0    747.6
     3     1    19     8     6     9     0     3   -42.0  -44.943  -73.551   3982.0    567.5
     1     1    19     8     6     8     0     2   -43.0  -41.782  -68.798   1655.3    683.1
     2     1    19     8     6     8     0     2   -43.0  -47.006  -75.851   2009.7    779.1
     3     1    19     8     6     8     0     2   -43.0  -45.271  -74.367   4161.6    571.8
     1     1    19     8     6     7     0     1   -44.0  -41.736  -69.938   1829.8    703.3
     2     1    19     8     6     7     0     1   -44.0  -47.270  -76.468   1737.6    811.8
     3     1    19     8     6     7     0     1   -44.0  -45.606  -75.107   4120.7    583.2
     1     1    19     8     6     6     0     0   -45.0  -41.689  -71.056   2139.2    684.3
     2     1    19     8     6     6     0     0   -45.0  -47.561  -77.126   1560.3    823.8
     3     1    19     8     6     6     0     0   -45.0  -45.943  -75.833   4064.5    594.8
     1     1    19     8     6     5     0     1   -46.0  -41.640  -71.967   2247.8    656.4
     2     1    19     8     6     5     0     1   -46.0  -47.886  -77.787   1331.4    851.5
     3     1    19     8     6     5     0     1   -46.0  -46.288  -76.519   4035.0    599.3
     1     1    19     8     6     4     0     2   -47.0  -41.469  -72.693   1947.0    757.8
     2     1    19     8     6     4     0     2   -47.0  -48.241  -78.441   1188.5    867.8
     3     1    19     8     6     4     0     2   -47.0  -46.650  -77.162   4001.5    601.5
     1     1    19     8     6     3     0     3   -48.0  -41.229  -73.285   1672.8    813.5
     2     1    19     8     6     3     0     3   -48.0  -48.590  -79.110   1124.0    872.0
     3     1    19     8     6     3     0     3   -48.0  -46.979  -77.836   3951.4    605.6
     1     1    19     8     6     2     0     2   -49.0  -40.994  -73.810   1301.9    844.7
     2     1    19     8     6     2     0     2   -49.0  -48.938  -79.793   1036.2    879.9
     3     1    19     8     6     2     0     2   -49.0  -47.297  -78.522   3919.0    609.4
     1     1    19     8     6     1     0     1   -50.0  -40.810  -74.327    873.2    912.2
     2     1    19     8     6     1     0     1   -50.0  -49.291  -80.521    961.2    892.6
     3     1    19     8     6     1     0     1   -50.0  -47.645  -79.204   3926.1    608.3
     1     1    19     8     6     0     0     0   -51.0  -40.650  -74.883    552.7    951.3
     2     1    19     8     6     0     0     0   -51.0  -49.662  -81.326    904.3    894.7
     3     1    19     8     6     0     0     0   -51.0  -47.993  -79.932   3964.1    604.4
     1     1    19     8     5    23     0     1   -52.0  -40.516  -75.435    413.9    960.7
     2     1    19     8     5    23     0     1   -52.0  -50.034  -82.171    846.0    902.5
     3     1    19     8     5    23     0     1   -52.0  -48.340  -80.678   3973.5    602.3
     1     1    19     8     5    22     0     2   -53.0  -40.392  -75.971    402.5    960.1
     2     1    19     8     5    22     0     2   -53.0  -50.419  -83.027    839.5    902.9
     3     1    19     8     5    22     0     2   -53.0  -48.681  -81.436   3961.9    604.1
     1     1    19     8     5    21     0     3   -54.0  -40.211  -76.571    404.0    957.4
     2     1    19     8     5    21     0     3   -54.0  -50.809  -83.913    862.1    899.9
     3     1    19     8     5    21     0     3   -54.0  -48.983  -82.247   3966.6    603.7
     1     1    19     8     5    20     0     2   -55.0  -39.998  -77.221    367.7    962.8
     2     1    19     8     5    20     0     2   -55.0  -51.190  -84.834    893.3    895.9
     3     1    19     8     5    20     0     2   -55.0  -49.287  -83.052   3992.2    601.4
     1     1    19     8     5    19     0     1   -56.0  -39.850  -77.831    308.0    969.0
     2     1    19     8     5    19     0     1   -56.0  -51.571  -85.790    918.0    892.9
     3     1    19     8     5    19     0     1   -56.0  -49.602  -83.839   4017.4    599.4
     1     1    19     8     5    18     0     0   -57.0  -39.697  -78.428    243.8    977.6
     2     1    19     8     5    18     0     0   -57.0  -51.954  -86.808    929.6    891.0
     3     1    19     8     5    18     0     0   -57.0  -49.899  -84.639   4050.2    596.6
     1     1    19     8     5    17     0     1   -58.0  -39.571  -79.072    218.1    981.1
     2     1    19     8     5    17     0     1   -58.0  -52.354  -87.851    931.4    892.2
     3     1    19     8     5    17     0     1   -58.0  -50.211  -85.444   4083.9    594.0
     1     1    19     8     5    16     0     2   -59.0  -39.502  -79.668    225.8    979.8
     2     1    19     8     5    16     0     2   -59.0  -52.772  -88.870    934.5    891.0
     3     1    19     8     5    16     0     2   -59.0  -50.558  -86.304   4099.6    592.8
     1     1    19     8     5    15     0     3   -60.0  -39.453  -80.234    239.3    977.4
     2     1    19     8     5    15     0     3   -60.0  -53.192  -89.873    924.1    893.4
     3     1    19     8     5    15     0     3   -60.0  -50.918  -87.245   4103.0    592.7
     1     1    19     8     5    14     0     2   -61.0  -39.429  -80.767    239.4    977.2
     2     1    19     8     5    14     0     2   -61.0  -53.617  -90.888    915.4    893.7
     3     1    19     8     5    14     0     2   -61.0  -51.291  -88.201   4117.2    592.0
     1     1    19     8     5    13     0     1   -62.0  -39.448  -81.248    236.2    977.1
     2     1    19     8     5    13     0     1   -62.0  -54.036  -91.969    912.5    894.7
     3     1    19     8     5    13     0     1   -62.0  -51.675  -89.167   4148.2    589.0
     1     1    19     8     5    12     0     0   -63.0  -39.497  -81.687    217.4    978.7
     2     1    19     8     5    12     0     0   -63.0  -54.462  -93.116    920.3    892.8
     3     1    19     8     5    12     0     0   -63.0  -52.056  -90.217   4163.7    587.7
     1     1    19     8     5    11     0     1   -64.0  -39.579  -82.090    185.9    983.3
     2     1    19     8     5    11     0     1   -64.0  -54.905  -94.289    925.4    893.2
     3     1    19     8     5    11     0     1   -64.0  -52.461  -91.319   4178.3    587.2
     1     1    19     8     5    10     0     2   -65.0  -39.700  -82.456    169.1    985.1
     2     1    19     8     5    10     0     2   -65.0  -55.355  -95.449    919.0    893.7
     3     1    19     8     5    10     0     2   -65.0  -52.878  -92.407   4199.5    585.8
     1     1    19     8     5     9     0     3   -66.0  -39.848  -82.787    168.9    985.3
     2     1    19     8     5     9     0     3   -66.0  -55.806  -96.573    930.8    893.8
     3     1    19     8     5     9     0     3   -66.0  -53.283  -93.525   4230.1    583.2
     1     1    19     8     5     8     0     2   -67.0  -40.046  -83.056    178.0    983.5
     2     1    19     8     5     8     0     2   -67.0  -56.253  -97.672    966.9    888.0
     3     1    19     8     5     8     0     2   -67.0  -53.690  -94.668   4249.4    581.8
     1     1    19     8     5     7     0     1   -68.0  -40.307  -83.247    186.4    982.0
     2     1    19     8     5     7     0     1   -68.0  -56.676  -98.791    977.9    887.0
     3     1    19     8     5     7     0     1   -68.0  -54.108  -95.819   4271.6    580.4
     1     1    19     8     5     6     0     0   -69.0  -40.612  -83.377    189.4    981.1
     2     1    19     8     5     6     0     0   -69.0  -57.092  -99.936    992.9    884.8
     3     1    19     8     5     6     0     0   -69.0  -54.523  -96.969   4317.8    576.8
     1     1    19     8     5     5     0     1   -70.0  -40.954  -83.455    195.3    981.0
     2     1    19     8     5     5     0     1   -70.0  -57.534 -101.077    994.6    885.6
     3     1    19     8     5     5     0     1   -70.0  -54.942  -98.118   4376.5    572.3
     1     1    19     8     5     4     0     2   -71.0  -41.304  -83.486    214.8    979.0
     2     1    19     8     5     4     0     2   -71.0  -58.008 -102.247   1020.3    883.2
     3     1    19     8     5     4     0     2   -71.0  -55.400  -99.246   4437.5    567.8
     1     1    19     8     5     3     0     3   -72.0  -41.626  -83.480    241.3    975.9
     2     1    19     8     5     3     0     3   -72.0  -58.492 -103.441   1054.1    879.8
     3     1    19     8     5     3     0     3   -72.0  -55.871 -100.315   4515.5    562.3
