     5     1
    GDAS    19     7    22     0     0
    GDAS    19     7    29     0     0
    GDAS    19     8     1     0     0
    GDAS    19     8     8     0     0
    GDAS    19     8    15     0     0
     3 BACKWARD OMEGA   
    19     8     8     9  -34.572  -58.513    10.0
    19     8     8     9  -34.572  -58.513   200.0
    19     8     8     9  -34.572  -58.513   500.0
     1 PRESSURE
     1     1    19     8     8     9     0     3     0.0  -34.572  -58.513     10.0   1020.1
     2     1    19     8     8     9     0     3     0.0  -34.572  -58.513    200.0    998.0
     3     1    19     8     8     9     0     3     0.0  -34.572  -58.513    500.0    961.7
     1     1    19     8     8     8     0     2    -1.0  -34.661  -58.424     11.3   1020.2
     2     1    19     8     8     8     0     2    -1.0  -34.740  -58.271    214.6    997.4
     3     1    19     8     8     8     0     2    -1.0  -34.753  -58.218    524.3    961.1
     1     1    19     8     8     7     0     1    -2.0  -34.741  -58.327     13.7   1020.1
     2     1    19     8     8     7     0     1    -2.0  -34.868  -58.018    240.5    994.5
     3     1    19     8     8     7     0     1    -2.0  -34.900  -57.940    573.5    956.1
     1     1    19     8     8     6     0     0    -3.0  -34.810  -58.223     17.5   1019.8
     2     1    19     8     8     6     0     0    -3.0  -34.958  -57.758    275.1    991.1
     3     1    19     8     8     6     0     0    -3.0  -35.016  -57.682    636.8    950.0
     1     1    19     8     8     5     0     1    -4.0  -34.869  -58.116     21.2   1018.8
     2     1    19     8     8     5     0     1    -4.0  -35.040  -57.480    300.4    986.4
     3     1    19     8     8     5     0     1    -4.0  -35.120  -57.444    680.8    940.8
     1     1    19     8     8     4     0     2    -5.0  -34.921  -58.009     21.2   1018.5
     2     1    19     8     8     4     0     2    -5.0  -35.137  -57.188    310.0    986.4
     3     1    19     8     8     4     0     2    -5.0  -35.232  -57.206    695.6    941.5
     1     1    19     8     8     3     0     3    -6.0  -34.969  -57.898     17.5   1019.2
     2     1    19     8     8     3     0     3    -6.0  -35.251  -56.885    322.4    985.2
     3     1    19     8     8     3     0     3    -6.0  -35.358  -56.961    717.6    940.0
     1     1    19     8     8     2     0     2    -7.0  -35.021  -57.772     14.5   1020.7
     2     1    19     8     8     2     0     2    -7.0  -35.377  -56.584    340.3    982.8
     3     1    19     8     8     2     0     2    -7.0  -35.499  -56.728    756.9    935.1
     1     1    19     8     8     1     0     1    -8.0  -35.088  -57.621     14.5   1021.1
     2     1    19     8     8     1     0     1    -8.0  -35.513  -56.295    354.3    980.5
     3     1    19     8     8     1     0     1    -8.0  -35.657  -56.522    803.1    928.7
     1     1    19     8     8     0     0     0    -9.0  -35.170  -57.449     17.5   1021.1
     2     1    19     8     8     0     0     0    -9.0  -35.665  -56.015    354.5    980.0
     3     1    19     8     8     0     0     0    -9.0  -35.828  -56.334    840.0    923.9
     1     1    19     8     7    23     0     1   -10.0  -35.270  -57.260     22.7   1020.1
     2     1    19     8     7    23     0     1   -10.0  -35.837  -55.758    357.4    981.1
     3     1    19     8     7    23     0     1   -10.0  -36.016  -56.167    872.6    921.0
     1     1    19     8     7    22     0     2   -11.0  -35.393  -57.055     28.3   1019.3
     2     1    19     8     7    22     0     2   -11.0  -36.031  -55.537    376.2    977.7
     3     1    19     8     7    22     0     2   -11.0  -36.228  -56.040    910.3    916.1
     1     1    19     8     7    21     0     3   -12.0  -35.534  -56.841     34.2   1018.1
     2     1    19     8     7    21     0     3   -12.0  -36.236  -55.359    398.3    973.6
     3     1    19     8     7    21     0     3   -12.0  -36.459  -55.951    946.7    910.8
     1     1    19     8     7    20     0     2   -13.0  -35.682  -56.641     40.2   1017.2
     2     1    19     8     7    20     0     2   -13.0  -36.448  -55.216    432.9    971.2
     3     1    19     8     7    20     0     2   -13.0  -36.712  -55.901    976.0    907.2
     1     1    19     8     7    19     0     1   -14.0  -35.836  -56.462     46.8   1016.2
     2     1    19     8     7    19     0     1   -14.0  -36.684  -55.098    507.1    963.1
     3     1    19     8     7    19     0     1   -14.0  -36.997  -55.891    996.1    904.6
     1     1    19     8     7    18     0     0   -15.0  -36.002  -56.305     54.2   1015.2
     2     1    19     8     7    18     0     0   -15.0  -36.971  -55.001    641.1    948.9
     3     1    19     8     7    18     0     0   -15.0  -37.309  -55.923   1009.6    903.5
     1     1    19     8     7    17     0     1   -16.0  -36.183  -56.172     60.6   1014.3
     2     1    19     8     7    17     0     1   -16.0  -37.295  -54.981    791.2    924.6
     3     1    19     8     7    17     0     1   -16.0  -37.621  -55.998   1036.8    902.0
     1     1    19     8     7    16     0     2   -17.0  -36.376  -56.063     64.7   1013.9
     2     1    19     8     7    16     0     2   -17.0  -37.619  -55.045    913.3    913.3
     3     1    19     8     7    16     0     2   -17.0  -37.929  -56.114   1101.0    895.3
     1     1    19     8     7    15     0     3   -18.0  -36.581  -55.982     68.8   1013.5
     2     1    19     8     7    15     0     3   -18.0  -37.954  -55.166   1037.2    900.8
     3     1    19     8     7    15     0     3   -18.0  -38.246  -56.295   1187.6    883.0
     1     1    19     8     7    14     0     2   -19.0  -36.791  -55.925     74.4   1012.7
     2     1    19     8     7    14     0     2   -19.0  -38.281  -55.374   1141.9    884.2
     3     1    19     8     7    14     0     2   -19.0  -38.566  -56.559   1239.9    874.1
     1     1    19     8     7    13     0     1   -20.0  -36.997  -55.886     80.9   1011.3
     2     1    19     8     7    13     0     1   -20.0  -38.595  -55.649   1187.0    879.5
     3     1    19     8     7    13     0     1   -20.0  -38.879  -56.877   1252.3    874.8
     1     1    19     8     7    12     0     0   -21.0  -37.198  -55.861     86.7   1010.0
     2     1    19     8     7    12     0     0   -21.0  -38.912  -55.941   1191.6    879.7
     3     1    19     8     7    12     0     0   -21.0  -39.182  -57.240   1271.0    874.8
     1     1    19     8     7    11     0     1   -22.0  -37.401  -55.856     91.3   1008.3
     2     1    19     8     7    11     0     1   -22.0  -39.225  -56.265   1202.4    881.3
     3     1    19     8     7    11     0     1   -22.0  -39.470  -57.658   1319.1    869.0
     1     1    19     8     7    10     0     2   -23.0  -37.615  -55.884     94.5   1006.7
     2     1    19     8     7    10     0     2   -23.0  -39.536  -56.653   1262.0    874.8
     3     1    19     8     7    10     0     2   -23.0  -39.751  -58.119   1410.7    859.7
     1     1    19     8     7     9     0     3   -24.0  -37.843  -55.956     95.6   1005.4
     2     1    19     8     7     9     0     3   -24.0  -39.874  -57.065   1370.7    861.9
     3     1    19     8     7     9     0     3   -24.0  -40.035  -58.602   1591.6    842.8
     1     1    19     8     7     8     0     2   -25.0  -38.080  -56.066     93.4   1005.6
     2     1    19     8     7     8     0     2   -25.0  -40.202  -57.504   1492.5    845.2
     3     1    19     8     7     8     0     2   -25.0  -40.321  -59.141   1798.3    811.6
     1     1    19     8     7     7     0     1   -26.0  -38.307  -56.190     90.5   1006.4
     2     1    19     8     7     7     0     1   -26.0  -40.514  -57.984   1614.8    833.2
     3     1    19     8     7     7     0     1   -26.0  -40.601  -59.745   1930.7    796.0
     1     1    19     8     7     6     0     0   -27.0  -38.523  -56.320     89.2   1006.7
     2     1    19     8     7     6     0     0   -27.0  -40.868  -58.494   1748.9    819.0
     3     1    19     8     7     6     0     0   -27.0  -40.885  -60.379   1991.7    791.6
     1     1    19     8     7     5     0     1   -28.0  -38.727  -56.473     89.0   1006.5
     2     1    19     8     7     5     0     1   -28.0  -41.231  -59.059   1878.9    803.4
     3     1    19     8     7     5     0     1   -28.0  -41.162  -61.068   2049.7    790.5
     1     1    19     8     7     4     0     2   -29.0  -38.914  -56.670     86.8   1006.3
     2     1    19     8     7     4     0     2   -29.0  -41.560  -59.706   1981.0    791.6
     3     1    19     8     7     4     0     2   -29.0  -41.409  -61.803   2111.2    780.1
     1     1    19     8     7     3     0     3   -30.0  -39.094  -56.910     80.6   1006.8
     2     1    19     8     7     3     0     3   -30.0  -41.875  -60.424   2021.8    784.9
     3     1    19     8     7     3     0     3   -30.0  -41.639  -62.518   2126.4    777.7
     1     1    19     8     7     2     0     2   -31.0  -39.276  -57.176     75.1   1007.3
     2     1    19     8     7     2     0     2   -31.0  -42.166  -61.178   2013.9    788.7
     3     1    19     8     7     2     0     2   -31.0  -41.870  -63.242   2139.4    781.1
     1     1    19     8     7     1     0     1   -32.0  -39.460  -57.449     75.3   1006.6
     2     1    19     8     7     1     0     1   -32.0  -42.443  -61.970   2040.1    786.8
     3     1    19     8     7     1     0     1   -32.0  -42.119  -63.984   2161.7    774.4
     1     1    19     8     7     0     0     0   -33.0  -39.640  -57.732     83.3   1004.6
     2     1    19     8     7     0     0     0   -33.0  -42.735  -62.793   2095.0    779.3
     3     1    19     8     7     0     0     0   -33.0  -42.399  -64.679   2111.3    777.8
     1     1    19     8     6    23     0     1   -34.0  -39.811  -58.063     96.9   1001.0
     2     1    19     8     6    23     0     1   -34.0  -43.038  -63.572   2091.1    779.2
     3     1    19     8     6    23     0     1   -34.0  -42.684  -65.353   2049.1    775.1
     1     1    19     8     6    22     0     2   -35.0  -39.968  -58.468    107.3    998.5
     2     1    19     8     6    22     0     2   -35.0  -43.301  -64.321   2071.3    779.2
     3     1    19     8     6    22     0     2   -35.0  -42.978  -66.114   2075.0    768.4
     1     1    19     8     6    21     0     3   -36.0  -40.130  -58.933    131.9    994.6
     2     1    19     8     6    21     0     3   -36.0  -43.566  -65.122   2100.2    772.2
     3     1    19     8     6    21     0     3   -36.0  -43.304  -66.959   2098.1    762.7
     1     1    19     8     6    20     0     2   -37.0  -40.291  -59.434    162.1    989.8
     2     1    19     8     6    20     0     2   -37.0  -43.847  -65.982   2142.5    746.5
     3     1    19     8     6    20     0     2   -37.0  -43.646  -67.755   2058.9    739.0
     1     1    19     8     6    19     0     1   -38.0  -40.437  -59.952    162.7    989.4
     2     1    19     8     6    19     0     1   -38.0  -44.130  -66.832   2087.3    748.8
     3     1    19     8     6    19     0     1   -38.0  -44.006  -68.522   2037.9    737.2
     1     1    19     8     6    18     0     0   -39.0  -40.578  -60.488    155.7    989.9
     2     1    19     8     6    18     0     0   -39.0  -44.439  -67.659   2050.0    742.6
     3     1    19     8     6    18     0     0   -39.0  -44.389  -69.301   1945.5    737.4
     1     1    19     8     6    17     0     1   -40.0  -40.732  -61.064    151.0    990.0
     2     1    19     8     6    17     0     1   -40.0  -44.813  -68.458   2090.4    727.4
     3     1    19     8     6    17     0     1   -40.0  -44.779  -70.093   1950.0    716.7
     1     1    19     8     6    16     0     2   -41.0  -40.877  -61.687    167.6    988.4
     2     1    19     8     6    16     0     2   -41.0  -45.223  -69.210   1951.7    739.4
     3     1    19     8     6    16     0     2   -41.0  -45.171  -71.006   1881.2    715.5
     1     1    19     8     6    15     0     3   -42.0  -41.039  -62.380    241.7    979.7
     2     1    19     8     6    15     0     3   -42.0  -45.574  -70.078   1805.7    746.9
     3     1    19     8     6    15     0     3   -42.0  -45.596  -72.028   2230.3    671.5
     1     1    19     8     6    14     0     2   -43.0  -41.222  -63.065    339.7    966.1
     2     1    19     8     6    14     0     2   -43.0  -45.990  -71.011   1872.3    715.8
     3     1    19     8     6    14     0     2   -43.0  -46.038  -73.087   2725.0    631.3
     1     1    19     8     6    13     0     1   -44.0  -41.378  -63.766    373.8    961.5
     2     1    19     8     6    13     0     1   -44.0  -46.511  -72.168   2400.7    633.2
     3     1    19     8     6    13     0     1   -44.0  -46.404  -73.986   2828.4    677.4
     1     1    19     8     6    12     0     0   -45.0  -41.499  -64.485    362.1    963.5
     2     1    19     8     6    12     0     0   -45.0  -47.042  -73.372   2846.5    635.6
     3     1    19     8     6    12     0     0   -45.0  -46.685  -74.685   2754.5    700.0
     1     1    19     8     6    11     0     1   -46.0  -41.644  -65.291    425.7    944.1
     2     1    19     8     6    11     0     1   -46.0  -47.374  -74.247   2845.1    681.5
     3     1    19     8     6    11     0     1   -46.0  -46.939  -75.334   2664.9    717.2
     1     1    19     8     6    10     0     2   -47.0  -41.806  -66.374    683.7    867.5
     2     1    19     8     6    10     0     2   -47.0  -47.609  -75.001   2719.5    706.5
     3     1    19     8     6    10     0     2   -47.0  -47.204  -75.999   2497.2    732.6
     1     1    19     8     6     9     0     3   -48.0  -41.899  -67.697    979.5    797.8
     2     1    19     8     6     9     0     3   -48.0  -47.854  -75.716   2614.7    719.5
     3     1    19     8     6     9     0     3   -48.0  -47.496  -76.668   2339.8    750.7
     1     1    19     8     6     8     0     2   -49.0  -41.947  -68.894   1725.6    671.2
     2     1    19     8     6     8     0     2   -49.0  -48.133  -76.396   2575.2    723.1
     3     1    19     8     6     8     0     2   -49.0  -47.811  -77.351   2290.2    752.0
     1     1    19     8     6     7     0     1   -50.0  -41.920  -70.023   1949.7    697.2
     2     1    19     8     6     7     0     1   -50.0  -48.435  -77.111   2519.6    728.2
     3     1    19     8     6     7     0     1   -50.0  -48.113  -78.056   2201.9    760.8
     1     1    19     8     6     6     0     0   -51.0  -41.936  -71.121   2281.0    670.6
     2     1    19     8     6     6     0     0   -51.0  -48.773  -77.871   2487.6    731.1
     3     1    19     8     6     6     0     0   -51.0  -48.446  -78.766   2143.6    767.0
     1     1    19     8     6     5     0     1   -52.0  -41.942  -71.993   2324.7    649.1
     2     1    19     8     6     5     0     1   -52.0  -49.167  -78.666   2516.6    727.2
     3     1    19     8     6     5     0     1   -52.0  -48.830  -79.496   2167.5    763.2
     1     1    19     8     6     4     0     2   -53.0  -41.813  -72.693   2044.1    749.3
     2     1    19     8     6     4     0     2   -53.0  -49.597  -79.524   2540.9    724.2
     3     1    19     8     6     4     0     2   -53.0  -49.246  -80.296   2196.7    759.6
     1     1    19     8     6     3     0     3   -54.0  -41.605  -73.286   1675.0    818.8
     2     1    19     8     6     3     0     3   -54.0  -50.050  -80.506   2484.8    727.6
     3     1    19     8     6     3     0     3   -54.0  -49.693  -81.148   2162.2    761.1
     1     1    19     8     6     2     0     2   -55.0  -41.456  -73.797   1398.5    847.3
     2     1    19     8     6     2     0     2   -55.0  -50.517  -81.500   2401.1    738.5
     3     1    19     8     6     2     0     2   -55.0  -50.160  -82.059   2044.4    774.8
     1     1    19     8     6     1     0     1   -56.0  -41.347  -74.280   1119.9    878.0
     2     1    19     8     6     1     0     1   -56.0  -51.008  -82.506   2426.5    734.0
     3     1    19     8     6     1     0     1   -56.0  -50.627  -82.966   2006.7    777.8
     1     1    19     8     6     0     0     0   -57.0  -41.292  -74.764    799.7    912.1
     2     1    19     8     6     0     0     0   -57.0  -51.518  -83.601   2443.8    731.1
     3     1    19     8     6     0     0     0   -57.0  -51.113  -83.941   2014.5    775.2
     1     1    19     8     5    23     0     1   -58.0  -41.288  -75.251    532.3    946.6
     2     1    19     8     5    23     0     1   -58.0  -52.039  -84.743   2452.8    730.8
     3     1    19     8     5    23     0     1   -58.0  -51.602  -84.949   1994.5    777.1
     1     1    19     8     5    22     0     2   -59.0  -41.313  -75.695    441.7    954.6
     2     1    19     8     5    22     0     2   -59.0  -52.590  -85.917   2493.9    725.7
     3     1    19     8     5    22     0     2   -59.0  -52.091  -85.987   2002.7    776.8
     1     1    19     8     5    21     0     3   -60.0  -41.346  -76.159    441.9    951.5
     2     1    19     8     5    21     0     3   -60.0  -53.139  -87.133   2470.5    726.5
     3     1    19     8     5    21     0     3   -60.0  -52.594  -87.044   2007.9    774.1
     1     1    19     8     5    20     0     2   -61.0  -41.378  -76.622    395.8    956.6
     2     1    19     8     5    20     0     2   -61.0  -53.695  -88.357   2438.7    731.6
     3     1    19     8     5    20     0     2   -61.0  -53.095  -88.128   1946.3    780.6
     1     1    19     8     5    19     0     1   -62.0  -41.424  -77.068    327.5    964.7
     2     1    19     8     5    19     0     1   -62.0  -54.282  -89.592   2464.1    727.9
     3     1    19     8     5    19     0     1   -62.0  -53.607  -89.240   1900.7    786.4
     1     1    19     8     5    18     0     0   -63.0  -41.488  -77.510    280.1    968.9
     2     1    19     8     5    18     0     0   -63.0  -54.888  -90.830   2475.8    724.8
     3     1    19     8     5    18     0     0   -63.0  -54.129  -90.403   1915.8    783.3
     1     1    19     8     5    17     0     1   -64.0  -41.587  -77.915    224.6    975.3
     2     1    19     8     5    17     0     1   -64.0  -55.515  -92.057   2446.9    728.5
     3     1    19     8     5    17     0     1   -64.0  -54.655  -91.582   1934.1    781.5
     1     1    19     8     5    16     0     2   -65.0  -41.765  -78.242    178.7    980.5
     2     1    19     8     5    16     0     2   -65.0  -56.152  -93.258   2418.9    731.2
     3     1    19     8     5    16     0     2   -65.0  -55.203  -92.750   1936.4    781.6
     1     1    19     8     5    15     0     3   -66.0  -42.031  -78.466    155.6    981.8
     2     1    19     8     5    15     0     3   -66.0  -56.792  -94.414   2392.0    733.1
     3     1    19     8     5    15     0     3   -66.0  -55.766  -93.892   1936.6    780.4
     1     1    19     8     5    14     0     2   -67.0  -42.357  -78.596    147.6    981.7
     2     1    19     8     5    14     0     2   -67.0  -57.433  -95.571   2375.7    735.2
     3     1    19     8     5    14     0     2   -67.0  -56.331  -95.038   1905.3    783.9
     1     1    19     8     5    13     0     1   -68.0  -42.749  -78.623    148.8    980.5
     2     1    19     8     5    13     0     1   -68.0  -58.085  -96.706   2397.5    731.7
     3     1    19     8     5    13     0     1   -68.0  -56.918  -96.217   1885.5    786.3
     1     1    19     8     5    12     0     0   -69.0  -43.235  -78.490    165.6    978.1
     2     1    19     8     5    12     0     0   -69.0  -58.747  -97.821   2436.9    727.4
     3     1    19     8     5    12     0     0   -69.0  -57.512  -97.434   1898.2    784.7
     1     1    19     8     5    11     0     1   -70.0  -43.688  -78.281    209.8    974.1
     2     1    19     8     5    11     0     1   -70.0  -59.423  -98.931   2466.8    723.8
     3     1    19     8     5    11     0     1   -70.0  -58.125  -98.657   1960.7    777.3
     1     1    19     8     5    10     0     2   -71.0  -44.100  -77.997    287.0    965.2
     2     1    19     8     5    10     0     2   -71.0  -60.114 -100.090   2487.9    721.5
     3     1    19     8     5    10     0     2   -71.0  -58.774  -99.914   1996.1    772.6
     1     1    19     8     5     9     0     3   -72.0  -44.424  -77.676    319.9    961.0
     2     1    19     8     5     9     0     3   -72.0  -60.802 -101.271   2506.4    719.0
     3     1    19     8     5     9     0     3   -72.0  -59.444 -101.201   1969.0    776.5
