     4     1
    GDAS    19     5     8     0     0
    GDAS    19     5    15     0     0
    GDAS    19     5    22     0     0
    GDAS    19     5    29     0     0
     3 BACKWARD OMEGA   
    19     5    27    21  -34.572  -58.513    10.0
    19     5    27    21  -34.572  -58.513   200.0
    19     5    27    21  -34.572  -58.513   500.0
     1 PRESSURE
     1     1    19     5    27    21     0     3     0.0  -34.572  -58.513     10.0   1007.3
     2     1    19     5    27    21     0     3     0.0  -34.572  -58.513    200.0    984.7
     3     1    19     5    27    21     0     3     0.0  -34.572  -58.513    500.0    949.5
     1     1    19     5    27    20     0     2    -1.0  -34.616  -58.451     10.9   1006.9
     2     1    19     5    27    20     0     2    -1.0  -34.630  -58.410    203.5    983.8
     3     1    19     5    27    20     0     2    -1.0  -34.619  -58.411    502.7    948.9
     1     1    19     5    27    19     0     1    -2.0  -34.662  -58.387     11.5   1006.8
     2     1    19     5    27    19     0     1    -2.0  -34.690  -58.318    201.1    983.9
     3     1    19     5    27    19     0     1    -2.0  -34.671  -58.322    500.8    948.9
     1     1    19     5    27    18     0     0    -3.0  -34.708  -58.323     11.6   1006.8
     2     1    19     5    27    18     0     0    -3.0  -34.749  -58.237    191.4    985.0
     3     1    19     5    27    18     0     0    -3.0  -34.725  -58.247    491.6    949.8
     1     1    19     5    27    17     0     1    -4.0  -34.756  -58.265     11.6   1007.3
     2     1    19     5    27    17     0     1    -4.0  -34.811  -58.172    180.0    987.3
     3     1    19     5    27    17     0     1    -4.0  -34.785  -58.194    479.6    952.4
     1     1    19     5    27    16     0     2    -5.0  -34.810  -58.220     11.6   1007.8
     2     1    19     5    27    16     0     2    -5.0  -34.877  -58.124    172.8    988.7
     3     1    19     5    27    16     0     2    -5.0  -34.855  -58.169    472.7    954.0
     1     1    19     5    27    15     0     3    -6.0  -34.871  -58.188     11.6   1008.4
     2     1    19     5    27    15     0     3    -6.0  -34.952  -58.094    170.3    989.6
     3     1    19     5    27    15     0     3    -6.0  -34.936  -58.173    473.2    954.8
     1     1    19     5    27    14     0     2    -7.0  -34.936  -58.169     11.6   1009.0
     2     1    19     5    27    14     0     2    -7.0  -35.035  -58.083    172.9    989.5
     3     1    19     5    27    14     0     2    -7.0  -35.021  -58.207    483.8    953.8
     1     1    19     5    27    13     0     1    -8.0  -35.004  -58.160     11.6   1009.5
     2     1    19     5    27    13     0     1    -8.0  -35.123  -58.089    180.7    988.7
     3     1    19     5    27    13     0     1    -8.0  -35.098  -58.271    505.7    951.2
     1     1    19     5    27    12     0     0    -9.0  -35.075  -58.161     11.6   1009.6
     2     1    19     5    27    12     0     0    -9.0  -35.218  -58.110    192.9    987.4
     3     1    19     5    27    12     0     0    -9.0  -35.162  -58.362    537.9    947.5
     1     1    19     5    27    11     0     1   -10.0  -35.143  -58.176     11.6   1009.6
     2     1    19     5    27    11     0     1   -10.0  -35.310  -58.144    205.4    985.4
     3     1    19     5    27    11     0     1   -10.0  -35.213  -58.468    570.6    942.9
     1     1    19     5    27    10     0     2   -11.0  -35.202  -58.206     11.6   1009.4
     2     1    19     5    27    10     0     2   -11.0  -35.395  -58.191    215.0    984.1
     3     1    19     5    27    10     0     2   -11.0  -35.254  -58.575    593.5    940.3
     1     1    19     5    27     9     0     3   -12.0  -35.254  -58.249     11.6   1009.3
     2     1    19     5    27     9     0     3   -12.0  -35.474  -58.245    223.4    983.0
     3     1    19     5    27     9     0     3   -12.0  -35.290  -58.680    606.1    938.9
     1     1    19     5    27     8     0     2   -13.0  -35.297  -58.296     11.6   1008.5
     2     1    19     5    27     8     0     2   -13.0  -35.546  -58.296    230.3    981.8
     3     1    19     5    27     8     0     2   -13.0  -35.316  -58.779    612.1    938.6
     1     1    19     5    27     7     0     1   -14.0  -35.326  -58.341     11.6   1007.8
     2     1    19     5    27     7     0     1   -14.0  -35.607  -58.340    234.3    981.1
     3     1    19     5    27     7     0     1   -14.0  -35.330  -58.869    615.6    938.1
     1     1    19     5    27     6     0     0   -15.0  -35.340  -58.388     11.6   1007.2
     2     1    19     5    27     6     0     0   -15.0  -35.657  -58.376    234.8    980.9
     3     1    19     5    27     6     0     0   -15.0  -35.329  -58.955    616.7    938.0
     1     1    19     5    27     5     0     1   -16.0  -35.346  -58.432     11.6   1007.4
     2     1    19     5    27     5     0     1   -16.0  -35.702  -58.402    230.9    981.3
     3     1    19     5    27     5     0     1   -16.0  -35.325  -59.035    610.9    937.9
     1     1    19     5    27     4     0     2   -17.0  -35.350  -58.469     11.6   1007.7
     2     1    19     5    27     4     0     2   -17.0  -35.747  -58.413    222.4    982.4
     3     1    19     5    27     4     0     2   -17.0  -35.330  -59.105    593.9    939.5
     1     1    19     5    27     3     0     3   -18.0  -35.354  -58.500     11.6   1007.9
     2     1    19     5    27     3     0     3   -18.0  -35.790  -58.408    210.6    984.0
     3     1    19     5    27     3     0     3   -18.0  -35.345  -59.165    566.2    942.1
     1     1    19     5    27     2     0     2   -19.0  -35.350  -58.525     11.6   1007.5
     2     1    19     5    27     2     0     2   -19.0  -35.825  -58.389    198.7    985.8
     3     1    19     5    27     2     0     2   -19.0  -35.357  -59.216    534.5    945.9
     1     1    19     5    27     1     0     1   -20.0  -35.333  -58.543     11.6   1007.1
     2     1    19     5    27     1     0     1   -20.0  -35.848  -58.360    188.6    986.6
     3     1    19     5    27     1     0     1   -20.0  -35.349  -59.263    506.2    948.9
     1     1    19     5    27     0     0     0   -21.0  -35.300  -58.558     11.6   1006.8
     2     1    19     5    27     0     0     0   -21.0  -35.857  -58.324    179.3    987.4
     3     1    19     5    27     0     0     0   -21.0  -35.320  -59.308    482.7    951.3
     1     1    19     5    26    23     0     1   -22.0  -35.257  -58.575     11.6   1006.4
     2     1    19     5    26    23     0     1   -22.0  -35.857  -58.298    167.5    987.9
     3     1    19     5    26    23     0     1   -22.0  -35.277  -59.361    462.4    952.9
     1     1    19     5    26    22     0     2   -23.0  -35.214  -58.600     11.6   1005.9
     2     1    19     5    26    22     0     2   -23.0  -35.855  -58.296    152.0    989.2
     3     1    19     5    26    22     0     2   -23.0  -35.230  -59.425    446.0    954.4
     1     1    19     5    26    21     0     3   -24.0  -35.172  -58.632     11.5   1005.3
     2     1    19     5    26    21     0     3   -24.0  -35.852  -58.316    134.8    990.8
     3     1    19     5    26    21     0     3   -24.0  -35.179  -59.502    436.2    955.0
     1     1    19     5    26    20     0     2   -25.0  -35.128  -58.673     11.4   1005.0
     2     1    19     5    26    20     0     2   -25.0  -35.841  -58.357    119.6    992.8
     3     1    19     5    26    20     0     2   -25.0  -35.120  -59.587    434.4    954.8
     1     1    19     5    26    19     0     1   -26.0  -35.078  -58.725     11.0   1004.7
     2     1    19     5    26    19     0     1   -26.0  -35.814  -58.414    107.7    994.0
     3     1    19     5    26    19     0     1   -26.0  -35.051  -59.678    439.8    953.6
     1     1    19     5    26    18     0     0   -27.0  -35.025  -58.787     10.5   1004.3
     2     1    19     5    26    18     0     0   -27.0  -35.769  -58.489     97.9    995.1
     3     1    19     5    26    18     0     0   -27.0  -34.972  -59.774    450.7    951.8
     1     1    19     5    26    17     0     1   -28.0  -34.959  -58.855     10.2   1004.9
     2     1    19     5    26    17     0     1   -28.0  -35.705  -58.578     91.0    996.8
     3     1    19     5    26    17     0     1   -28.0  -34.870  -59.884    458.4    950.3
     1     1    19     5    26    16     0     2   -29.0  -34.875  -58.921     10.1   1005.7
     2     1    19     5    26    16     0     2   -29.0  -35.618  -58.680     87.4    997.7
     3     1    19     5    26    16     0     2   -29.0  -34.733  -60.016    456.8    951.0
     1     1    19     5    26    15     0     3   -30.0  -34.774  -58.981     10.1   1006.6
     2     1    19     5    26    15     0     3   -30.0  -35.505  -58.791     86.2    998.4
     3     1    19     5    26    15     0     3   -30.0  -34.564  -60.157    446.3    952.7
     1     1    19     5    26    14     0     2   -31.0  -34.662  -59.032     10.1   1007.5
     2     1    19     5    26    14     0     2   -31.0  -35.363  -58.903     85.8    998.4
     3     1    19     5    26    14     0     2   -31.0  -34.351  -60.313    433.7    954.7
     1     1    19     5    26    13     0     1   -32.0  -34.542  -59.071     10.1   1008.0
     2     1    19     5    26    13     0     1   -32.0  -35.188  -59.010     85.6    998.5
     3     1    19     5    26    13     0     1   -32.0  -34.079  -60.496    427.1    954.7
     1     1    19     5    26    12     0     0   -33.0  -34.418  -59.097     10.1   1008.3
     2     1    19     5    26    12     0     0   -33.0  -34.978  -59.110     85.5    998.3
     3     1    19     5    26    12     0     0   -33.0  -33.741  -60.707    424.3    953.7
     1     1    19     5    26    11     0     1   -34.0  -34.297  -59.110     10.2   1008.6
     2     1    19     5    26    11     0     1   -34.0  -34.757  -59.190     87.4    998.0
     3     1    19     5    26    11     0     1   -34.0  -33.356  -60.907    407.1    954.2
     1     1    19     5    26    10     0     2   -35.0  -34.189  -59.113     10.4   1009.2
     2     1    19     5    26    10     0     2   -35.0  -34.541  -59.248     92.1    997.0
     3     1    19     5    26    10     0     2   -35.0  -32.944  -61.045    370.4    959.7
     1     1    19     5    26     9     0     3   -36.0  -34.092  -59.109     10.6   1010.0
     2     1    19     5    26     9     0     3   -36.0  -34.325  -59.287     97.9    996.1
     3     1    19     5    26     9     0     3   -36.0  -32.528  -61.115    338.4    965.8
     1     1    19     5    26     8     0     2   -37.0  -33.998  -59.101     10.7   1010.3
     2     1    19     5    26     8     0     2   -37.0  -34.104  -59.309    102.7    995.9
     3     1    19     5    26     8     0     2   -37.0  -32.111  -61.139    327.2    968.2
     1     1    19     5    26     7     0     1   -38.0  -33.900  -59.090     10.7   1010.0
     2     1    19     5    26     7     0     1   -38.0  -33.872  -59.318    106.2    996.1
     3     1    19     5    26     7     0     1   -38.0  -31.680  -61.134    324.7    967.3
     1     1    19     5    26     6     0     0   -39.0  -33.795  -59.078     10.7   1009.8
     2     1    19     5    26     6     0     0   -39.0  -33.630  -59.318    109.6    996.2
     3     1    19     5    26     6     0     0   -39.0  -31.234  -61.107    319.6    967.0
     1     1    19     5    26     5     0     1   -40.0  -33.684  -59.064     10.7   1009.2
     2     1    19     5    26     5     0     1   -40.0  -33.379  -59.315    112.3    996.1
     3     1    19     5    26     5     0     1   -40.0  -30.789  -61.052    315.7    967.7
     1     1    19     5    26     4     0     2   -41.0  -33.571  -59.049     10.7   1008.6
     2     1    19     5    26     4     0     2   -41.0  -33.123  -59.307    113.7    996.3
     3     1    19     5    26     4     0     2   -41.0  -30.364  -60.966    318.8    968.1
     1     1    19     5    26     3     0     3   -42.0  -33.455  -59.030     10.7   1008.0
     2     1    19     5    26     3     0     3   -42.0  -32.860  -59.288    114.5    995.7
     3     1    19     5    26     3     0     3   -42.0  -29.955  -60.841    326.4    967.6
     1     1    19     5    26     2     0     2   -43.0  -33.332  -59.004     10.7   1007.6
     2     1    19     5    26     2     0     2   -43.0  -32.583  -59.248    116.6    994.1
     3     1    19     5    26     2     0     2   -43.0  -29.558  -60.679    333.5    966.9
     1     1    19     5    26     1     0     1   -44.0  -33.199  -58.965     10.8   1007.2
     2     1    19     5    26     1     0     1   -44.0  -32.291  -59.175    120.8    992.4
     3     1    19     5    26     1     0     1   -44.0  -29.176  -60.480    340.3    966.4
     1     1    19     5    26     0     0     0   -45.0  -33.056  -58.910     10.8   1007.0
     2     1    19     5    26     0     0     0   -45.0  -31.987  -59.064    128.3    990.9
     3     1    19     5    26     0     0     0   -45.0  -28.816  -60.248    347.8    965.5
     1     1    19     5    25    23     0     1   -46.0  -32.913  -58.848     10.8   1007.7
     2     1    19     5    25    23     0     1   -46.0  -31.698  -58.934    139.3    990.2
     3     1    19     5    25    23     0     1   -46.0  -28.491  -60.009    352.5    965.0
     1     1    19     5    25    22     0     2   -47.0  -32.781  -58.790     10.9   1008.4
     2     1    19     5    25    22     0     2   -47.0  -31.451  -58.811    151.7    989.1
     3     1    19     5    25    22     0     2   -47.0  -28.212  -59.789    354.8    965.1
     1     1    19     5    25    21     0     3   -48.0  -32.664  -58.738     10.9   1008.9
     2     1    19     5    25    21     0     3   -48.0  -31.244  -58.694    163.6    988.0
     3     1    19     5    25    21     0     3   -48.0  -27.975  -59.586    356.3    964.9
     1     1    19     5    25    20     0     2   -49.0  -32.546  -58.699     10.9   1008.9
     2     1    19     5    25    20     0     2   -49.0  -31.056  -58.592    172.6    987.1
     3     1    19     5    25    20     0     2   -49.0  -27.767  -59.406    357.5    965.1
     1     1    19     5    25    19     0     1   -50.0  -32.412  -58.679     10.9   1008.9
     2     1    19     5    25    19     0     1   -50.0  -30.872  -58.510    177.2    987.2
     3     1    19     5    25    19     0     1   -50.0  -27.572  -59.249    359.0    965.2
     1     1    19     5    25    18     0     0   -51.0  -32.260  -58.675     10.9   1008.9
     2     1    19     5    25    18     0     0   -51.0  -30.688  -58.450    178.5    987.7
     3     1    19     5    25    18     0     0   -51.0  -27.391  -59.111    359.6    965.7
     1     1    19     5    25    17     0     1   -52.0  -32.101  -58.681     10.9   1009.7
     2     1    19     5    25    17     0     1   -52.0  -30.505  -58.406    178.0    988.7
     3     1    19     5    25    17     0     1   -52.0  -27.220  -58.989    359.6    966.9
     1     1    19     5    25    16     0     2   -53.0  -31.944  -58.694     10.9   1010.4
     2     1    19     5    25    16     0     2   -53.0  -30.321  -58.375    176.8    989.8
     3     1    19     5    25    16     0     2   -53.0  -27.054  -58.880    359.5    967.8
     1     1    19     5    25    15     0     3   -54.0  -31.790  -58.713     10.8   1010.9
     2     1    19     5    25    15     0     3   -54.0  -30.138  -58.355    175.7    990.8
     3     1    19     5    25    15     0     3   -54.0  -26.894  -58.786    358.8    968.6
     1     1    19     5    25    14     0     2   -55.0  -31.640  -58.727     10.7   1010.5
     2     1    19     5    25    14     0     2   -55.0  -29.953  -58.332    175.2    991.0
     3     1    19     5    25    14     0     2   -55.0  -26.730  -58.691    356.8    969.0
     1     1    19     5    25    13     0     1   -56.0  -31.495  -58.726     10.6   1010.1
     2     1    19     5    25    13     0     1   -56.0  -29.766  -58.289    174.8    990.3
     3     1    19     5    25    13     0     1   -56.0  -26.557  -58.579    353.8    969.6
     1     1    19     5    25    12     0     0   -57.0  -31.357  -58.711     10.5   1009.7
     2     1    19     5    25    12     0     0   -57.0  -29.578  -58.226    174.5    989.7
     3     1    19     5    25    12     0     0   -57.0  -26.378  -58.449    350.9    970.1
     1     1    19     5    25    11     0     1   -58.0  -31.229  -58.690     10.8   1009.0
     2     1    19     5    25    11     0     1   -58.0  -29.403  -58.155    177.1    988.4
     3     1    19     5    25    11     0     1   -58.0  -26.207  -58.319    351.4    970.1
     1     1    19     5    25    10     0     2   -59.0  -31.113  -58.671     11.6   1008.2
     2     1    19     5    25    10     0     2   -59.0  -29.252  -58.092    185.1    986.4
     3     1    19     5    25    10     0     2   -59.0  -26.058  -58.207    358.5    969.1
     1     1    19     5    25     9     0     3   -60.0  -31.008  -58.655     13.2   1007.3
     2     1    19     5    25     9     0     3   -60.0  -29.129  -58.039    198.6    984.0
     3     1    19     5    25     9     0     3   -60.0  -25.929  -58.114    372.4    967.4
     1     1    19     5    25     8     0     2   -61.0  -30.908  -58.639     15.4   1007.7
     2     1    19     5    25     8     0     2   -61.0  -29.027  -57.994    214.2    981.2
     3     1    19     5    25     8     0     2   -61.0  -25.824  -58.033    389.8    965.4
     1     1    19     5    25     7     0     1   -62.0  -30.808  -58.624     18.1   1007.9
     2     1    19     5    25     7     0     1   -62.0  -28.941  -57.952    228.5    979.8
     3     1    19     5    25     7     0     1   -62.0  -25.751  -57.955    406.0    963.0
     1     1    19     5    25     6     0     0   -63.0  -30.709  -58.608     21.4   1007.8
     2     1    19     5    25     6     0     0   -63.0  -28.870  -57.914    241.8    978.7
     3     1    19     5    25     6     0     0   -63.0  -25.709  -57.883    419.2    960.8
     1     1    19     5    25     5     0     1   -64.0  -30.613  -58.593     25.4   1007.6
     2     1    19     5    25     5     0     1   -64.0  -28.820  -57.880    258.5    977.6
     3     1    19     5    25     5     0     1   -64.0  -25.696  -57.821    431.2    959.3
     1     1    19     5    25     4     0     2   -65.0  -30.528  -58.576     30.2   1007.3
     2     1    19     5    25     4     0     2   -65.0  -28.790  -57.850    283.1    975.1
     3     1    19     5    25     4     0     2   -65.0  -25.707  -57.774    445.4    957.3
     1     1    19     5    25     3     0     3   -66.0  -30.452  -58.558     35.7   1007.0
     2     1    19     5    25     3     0     3   -66.0  -28.781  -57.825    315.7    971.7
     3     1    19     5    25     3     0     3   -66.0  -25.742  -57.741    463.6    955.0
     1     1    19     5    25     2     0     2   -67.0  -30.389  -58.539     40.9   1006.1
     2     1    19     5    25     2     0     2   -67.0  -28.792  -57.801    350.4    967.3
     3     1    19     5    25     2     0     2   -67.0  -25.791  -57.717    482.8    952.0
     1     1    19     5    25     1     0     1   -68.0  -30.342  -58.521     44.4   1005.5
     2     1    19     5    25     1     0     1   -68.0  -28.825  -57.777    380.9    964.1
     3     1    19     5    25     1     0     1   -68.0  -25.848  -57.695    498.8    949.8
     1     1    19     5    25     0     0     0   -69.0  -30.314  -58.504     45.6   1005.2
     2     1    19     5    25     0     0     0   -69.0  -28.879  -57.751    405.8    960.6
     3     1    19     5    25     0     0     0   -69.0  -25.912  -57.674    511.3    948.0
     1     1    19     5    24    23     0     1   -70.0  -30.301  -58.494     46.3   1005.1
     2     1    19     5    24    23     0     1   -70.0  -28.950  -57.733    427.0    957.8
     3     1    19     5    24    23     0     1   -70.0  -25.986  -57.663    523.3    946.3
     1     1    19     5    24    22     0     2   -71.0  -30.299  -58.496     48.2   1004.6
     2     1    19     5    24    22     0     2   -71.0  -29.035  -57.734    447.6    955.0
     3     1    19     5    24    22     0     2   -71.0  -26.074  -57.672    537.0    944.5
     1     1    19     5    24    21     0     3   -72.0  -30.308  -58.510     51.6   1004.0
     2     1    19     5    24    21     0     3   -72.0  -29.134  -57.753    468.4    952.4
     3     1    19     5    24    21     0     3   -72.0  -26.175  -57.699    550.5    943.2
