     7     1
    GDAS    19    12    29     0     0
    GDAS    20     1     1     0     0
    GDAS    20     1     8     0     0
    GDAS    20     1    15     0     0
    GDAS    20     1    22     0     0
    GDAS    20     1    29     0     0
    GDAS    20     2     1     0     0
     5 BACKWARD OMEGA   
    20     1    29     3  -34.572  -58.513    10.0
    20     1    29     3  -34.572  -58.513   200.0
    20     1    29     3  -34.572  -58.513   500.0
    20     1    29     3  -34.572  -58.513  1000.0
    20     1    29     3  -34.572  -58.513  2000.0
     1 PRESSURE
     1     1    20     1    29     3     0     3     0.0  -34.572  -58.513     10.0   1002.6
     2     1    20     1    29     3     0     3     0.0  -34.572  -58.513    200.0    981.2
     3     1    20     1    29     3     0     3     0.0  -34.572  -58.513    500.0    948.2
     4     1    20     1    29     3     0     3     0.0  -34.572  -58.513   1000.0    895.4
     5     1    20     1    29     3     0     3     0.0  -34.572  -58.513   2000.0    796.6
     1     1    20     1    29     2     0     2    -1.0  -34.458  -58.461     11.7   1001.9
     2     1    20     1    29     2     0     2    -1.0  -34.284  -58.437    247.0    975.2
     3     1    20     1    29     2     0     2    -1.0  -34.236  -58.532    602.7    937.1
     4     1    20     1    29     2     0     2    -1.0  -34.278  -58.693   1142.1    880.3
     5     1    20     1    29     2     0     2    -1.0  -34.450  -58.770   2074.0    789.1
     1     1    20     1    29     1     0     1    -2.0  -34.350  -58.404     13.6   1001.2
     2     1    20     1    29     1     0     1    -2.0  -34.005  -58.342    311.1    965.6
     3     1    20     1    29     1     0     1    -2.0  -33.949  -58.533    713.4    923.1
     4     1    20     1    29     1     0     1    -2.0  -34.005  -58.835   1277.6    867.5
     5     1    20     1    29     1     0     1    -2.0  -34.327  -59.013   2138.5    785.0
     1     1    20     1    29     0     0     0    -3.0  -34.245  -58.344     15.3   1000.5
     2     1    20     1    29     0     0     0    -3.0  -33.756  -58.231    374.6    957.4
     3     1    20     1    29     0     0     0    -3.0  -33.696  -58.511    805.8    912.7
     4     1    20     1    29     0     0     0    -3.0  -33.729  -58.939   1408.3    854.9
     5     1    20     1    29     0     0     0    -3.0  -34.198  -59.237   2180.9    779.0
     1     1    20     1    28    23     0     1    -4.0  -34.139  -58.290     16.5    999.2
     2     1    20     1    28    23     0     1    -4.0  -33.561  -58.122    378.4    953.9
     3     1    20     1    28    23     0     1    -4.0  -33.482  -58.470    840.6    907.9
     4     1    20     1    28    23     0     1    -4.0  -33.474  -59.003   1551.6    843.6
     5     1    20     1    28    23     0     1    -4.0  -34.066  -59.441   2193.6    778.7
     1     1    20     1    28    22     0     2    -5.0  -34.035  -58.253     16.2    997.8
     2     1    20     1    28    22     0     2    -5.0  -33.432  -58.034    288.8    963.2
     3     1    20     1    28    22     0     2    -5.0  -33.322  -58.415    776.9    912.7
     4     1    20     1    28    22     0     2    -5.0  -33.284  -59.033   1734.5    826.1
     5     1    20     1    28    22     0     2    -5.0  -33.946  -59.624   2195.1    779.7
     1     1    20     1    28    21     0     3    -6.0  -33.939  -58.230     13.8    997.3
     2     1    20     1    28    21     0     3    -6.0  -33.361  -57.975    174.1    982.2
     3     1    20     1    28    21     0     3    -6.0  -33.225  -58.354    591.0    931.9
     4     1    20     1    28    21     0     3    -6.0  -33.170  -59.039   1951.3    804.7
     5     1    20     1    28    21     0     3    -6.0  -33.845  -59.776   2202.9    779.9
     1     1    20     1    28    20     0     2    -7.0  -33.847  -58.218     10.8    999.7
     2     1    20     1    28    20     0     2    -7.0  -33.313  -57.937    105.1    997.0
     3     1    20     1    28    20     0     2    -7.0  -33.160  -58.296    391.2    965.0
     4     1    20     1    28    20     0     2    -7.0  -33.126  -59.042   2137.0    782.7
     5     1    20     1    28    20     0     2    -7.0  -33.758  -59.910   2249.2    778.5
     1     1    20     1    28    19     0     1    -8.0  -33.754  -58.211      8.0   1001.5
     2     1    20     1    28    19     0     1    -8.0  -33.258  -57.902     66.5    999.3
     3     1    20     1    28    19     0     1    -8.0  -33.100  -58.241    249.0    983.4
     4     1    20     1    28    19     0     1    -8.0  -33.119  -59.044   2264.1    772.5
     5     1    20     1    28    19     0     1    -8.0  -33.690  -60.055   2354.4    768.4
     1     1    20     1    28    18     0     0    -9.0  -33.658  -58.207      5.0   1003.2
     2     1    20     1    28    18     0     0    -9.0  -33.196  -57.865     42.9   1001.2
     3     1    20     1    28    18     0     0    -9.0  -33.042  -58.185    159.7    993.9
     4     1    20     1    28    18     0     0    -9.0  -33.140  -59.042   2350.0    765.8
     5     1    20     1    28    18     0     0    -9.0  -33.649  -60.223   2500.3    753.0
     1     1    20     1    28    17     0     1   -10.0  -33.563  -58.193      2.1   1003.8
     2     1    20     1    28    17     0     1   -10.0  -33.130  -57.820     28.5   1002.8
     3     1    20     1    28    17     0     1   -10.0  -32.983  -58.128    105.8    998.9
     4     1    20     1    28    17     0     1   -10.0  -33.188  -59.039   2409.7    761.0
     5     1    20     1    28    17     0     1   -10.0  -33.630  -60.404   2624.2    736.1
     1     1    20     1    28    16     0     2   -11.0  -33.468  -58.162      0.0   1004.4
     2     1    20     1    28    16     0     2   -11.0  -33.065  -57.766     20.1   1004.0
     3     1    20     1    28    16     0     2   -11.0  -32.921  -58.069     75.6   1001.9
     4     1    20     1    28    16     0     2   -11.0  -33.265  -59.042   2452.1    757.5
     5     1    20     1    28    16     0     2   -11.0  -33.617  -60.571   2680.1    730.5
     1     1    20     1    28    15     0     3   -12.0  -33.373  -58.118      0.0   1005.0
     2     1    20     1    28    15     0     3   -12.0  -33.000  -57.704     15.4   1004.8
     3     1    20     1    28    15     0     3   -12.0  -32.853  -58.011     59.1   1003.5
     4     1    20     1    28    15     0     3   -12.0  -33.365  -59.053   2483.2    755.1
     5     1    20     1    28    15     0     3   -12.0  -33.603  -60.715   2675.9    730.3
     1     1    20     1    28    14     0     2   -13.0  -33.281  -58.060      0.0   1005.9
     2     1    20     1    28    14     0     2   -13.0  -32.930  -57.629     13.0   1005.3
     3     1    20     1    28    14     0     2   -13.0  -32.777  -57.943     51.3   1003.8
     4     1    20     1    28    14     0     2   -13.0  -33.483  -59.082   2518.5    753.1
     5     1    20     1    28    14     0     2   -13.0  -33.593  -60.840   2652.7    734.7
     1     1    20     1    28    13     0     1   -14.0  -33.192  -57.987      0.0   1006.8
     2     1    20     1    28    13     0     1   -14.0  -32.849  -57.532     12.2   1005.4
     3     1    20     1    28    13     0     1   -14.0  -32.690  -57.850     49.7   1003.4
     4     1    20     1    28    13     0     1   -14.0  -33.614  -59.139   2572.0    748.5
     5     1    20     1    28    13     0     1   -14.0  -33.597  -60.955   2646.4    734.4
     1     1    20     1    28    12     0     0   -15.0  -33.103  -57.894      0.0   1007.6
     2     1    20     1    28    12     0     0   -15.0  -32.756  -57.407     12.5   1005.2
     3     1    20     1    28    12     0     0   -15.0  -32.590  -57.726     53.1   1002.2
     4     1    20     1    28    12     0     0   -15.0  -33.756  -59.226   2645.8    742.0
     5     1    20     1    28    12     0     0   -15.0  -33.617  -61.062   2657.8    733.2
     1     1    20     1    28    11     0     1   -16.0  -33.021  -57.782      0.2   1007.7
     2     1    20     1    28    11     0     1   -16.0  -32.664  -57.263     13.6   1003.2
     3     1    20     1    28    11     0     1   -16.0  -32.487  -57.572     59.9    999.6
     4     1    20     1    28    11     0     1   -16.0  -33.907  -59.349   2735.2    733.6
     5     1    20     1    28    11     0     1   -16.0  -33.648  -61.182   2691.2    730.6
     1     1    20     1    28    10     0     2   -17.0  -32.951  -57.660      0.7   1007.2
     2     1    20     1    28    10     0     2   -17.0  -32.584  -57.111     15.5   1000.9
     3     1    20     1    28    10     0     2   -17.0  -32.391  -57.390     69.9    996.1
     4     1    20     1    28    10     0     2   -17.0  -34.070  -59.517   2826.2    724.6
     5     1    20     1    28    10     0     2   -17.0  -33.680  -61.331   2741.5    725.6
     1     1    20     1    28     9     0     3   -18.0  -32.894  -57.532      1.4   1006.2
     2     1    20     1    28     9     0     3   -18.0  -32.515  -56.949     18.9    998.5
     3     1    20     1    28     9     0     3   -18.0  -32.298  -57.171     87.0    991.0
     4     1    20     1    28     9     0     3   -18.0  -34.243  -59.730   2905.7    717.2
     5     1    20     1    28     9     0     3   -18.0  -33.709  -61.507   2793.4    720.2
     1     1    20     1    28     8     0     2   -19.0  -32.850  -57.395      2.2   1005.5
     2     1    20     1    28     8     0     2   -19.0  -32.464  -56.776     23.4    997.2
     3     1    20     1    28     8     0     2   -19.0  -32.212  -56.905    115.0    984.9
     4     1    20     1    28     8     0     2   -19.0  -34.419  -59.973   2962.6    711.7
     5     1    20     1    28     8     0     2   -19.0  -33.734  -61.694   2828.4    716.4
     1     1    20     1    28     7     0     1   -20.0  -32.823  -57.246      3.0   1004.7
     2     1    20     1    28     7     0     1   -20.0  -32.434  -56.597     27.5    996.1
     3     1    20     1    28     7     0     1   -20.0  -32.150  -56.607    141.0    980.3
     4     1    20     1    28     7     0     1   -20.0  -34.597  -60.230   2996.4    707.9
     5     1    20     1    28     7     0     1   -20.0  -33.759  -61.881   2838.6    715.9
     1     1    20     1    28     6     0     0   -21.0  -32.814  -57.082      3.7   1003.9
     2     1    20     1    28     6     0     0   -21.0  -32.427  -56.415     30.2    995.5
     3     1    20     1    28     6     0     0   -21.0  -32.122  -56.299    143.0    978.7
     4     1    20     1    28     6     0     0   -21.0  -34.779  -60.498   3028.8    704.2
     5     1    20     1    28     6     0     0   -21.0  -33.786  -62.066   2828.4    717.0
     1     1    20     1    28     5     0     1   -22.0  -32.830  -56.910      4.3   1003.4
     2     1    20     1    28     5     0     1   -22.0  -32.442  -56.234     31.1    995.3
     3     1    20     1    28     5     0     1   -22.0  -32.133  -56.010    120.6    982.1
     4     1    20     1    28     5     0     1   -22.0  -34.958  -60.799   3075.5    698.6
     5     1    20     1    28     5     0     1   -22.0  -33.822  -62.251   2809.8    718.7
     1     1    20     1    28     4     0     2   -23.0  -32.868  -56.737      4.9   1003.4
     2     1    20     1    28     4     0     2   -23.0  -32.478  -56.053     31.2    995.5
     3     1    20     1    28     4     0     2   -23.0  -32.179  -55.742     99.5    986.0
     4     1    20     1    28     4     0     2   -23.0  -35.128  -61.142   3124.5    691.7
     5     1    20     1    28     4     0     2   -23.0  -33.874  -62.446   2790.3    719.5
     1     1    20     1    28     3     0     3   -24.0  -32.922  -56.563      5.9   1003.5
     2     1    20     1    28     3     0     3   -24.0  -32.531  -55.865     31.8    995.1
     3     1    20     1    28     3     0     3   -24.0  -32.255  -55.468     88.0    986.7
     4     1    20     1    28     3     0     3   -24.0  -35.288  -61.516   3115.5    689.8
     5     1    20     1    28     3     0     3   -24.0  -33.935  -62.656   2765.8    720.7
     1     1    20     1    28     2     0     2   -25.0  -32.994  -56.405      7.0   1003.6
     2     1    20     1    28     2     0     2   -25.0  -32.608  -55.678     31.5    993.8
     3     1    20     1    28     2     0     2   -25.0  -32.355  -55.189     82.1    986.0
     4     1    20     1    28     2     0     2   -25.0  -35.423  -61.894   3043.9    698.6
     5     1    20     1    28     2     0     2   -25.0  -33.992  -62.884   2728.8    722.3
     1     1    20     1    28     1     0     1   -26.0  -33.085  -56.281      8.0   1003.3
     2     1    20     1    28     1     0     1   -26.0  -32.710  -55.504     29.9    992.4
     3     1    20     1    28     1     0     1   -26.0  -32.477  -54.909     81.8    985.3
     4     1    20     1    28     1     0     1   -26.0  -35.535  -62.273   2984.0    707.2
     5     1    20     1    28     1     0     1   -26.0  -34.037  -63.127   2685.3    725.9
     1     1    20     1    28     0     0     0   -27.0  -33.201  -56.191      8.4   1002.9
     2     1    20     1    28     0     0     0   -27.0  -32.836  -55.331     28.2    990.2
     3     1    20     1    28     0     0     0   -27.0  -32.619  -54.639     83.3    987.8
     4     1    20     1    28     0     0     0   -27.0  -35.634  -62.665   2968.0    707.9
     5     1    20     1    28     0     0     0   -27.0  -34.064  -63.368   2629.8    728.4
     1     1    20     1    27    23     0     1   -28.0  -33.344  -56.117      9.4   1002.0
     2     1    20     1    27    23     0     1   -28.0  -32.977  -55.151     27.9    986.6
     3     1    20     1    27    23     0     1   -28.0  -32.768  -54.407     73.8    991.8
     4     1    20     1    27    23     0     1   -28.0  -35.721  -63.056   2957.5    705.8
     5     1    20     1    27    23     0     1   -28.0  -34.062  -63.594   2582.8    733.9
     1     1    20     1    27    22     0     2   -29.0  -33.513  -56.046     12.5   1001.3
     2     1    20     1    27    22     0     2   -29.0  -33.122  -54.961     28.5    985.1
     3     1    20     1    27    22     0     2   -29.0  -32.908  -54.215     49.5    998.7
     4     1    20     1    27    22     0     2   -29.0  -35.793  -63.433   2937.8    706.7
     5     1    20     1    27    22     0     2   -29.0  -34.036  -63.817   2569.3    733.7
     1     1    20     1    27    21     0     3   -30.0  -33.710  -55.970     17.3   1000.3
     2     1    20     1    27    21     0     3   -30.0  -33.271  -54.778     27.9    988.8
     3     1    20     1    27    21     0     3   -30.0  -33.041  -54.039     23.5   1004.6
     4     1    20     1    27    21     0     3   -30.0  -35.854  -63.804   2920.2    705.8
     5     1    20     1    27    21     0     3   -30.0  -33.993  -64.056   2599.2    729.8
     1     1    20     1    27    20     0     2   -31.0  -33.920  -55.883     21.3    999.2
     2     1    20     1    27    20     0     2   -31.0  -33.435  -54.628     28.2    992.3
     3     1    20     1    27    20     0     2   -31.0  -33.190  -53.893      8.9   1007.0
     4     1    20     1    27    20     0     2   -31.0  -35.898  -64.177   2921.2    705.0
     5     1    20     1    27    20     0     2   -31.0  -33.927  -64.306   2652.2    718.5
     1     1    20     1    27    19     0     1   -32.0  -34.130  -55.782     23.9   1000.2
     2     1    20     1    27    19     0     1   -32.0  -33.624  -54.514     35.2    994.2
     3     1    20     1    27    19     0     1   -32.0  -33.369  -53.794      8.1   1007.4
     4     1    20     1    27    19     0     1   -32.0  -35.925  -64.561   2954.0    697.7
     5     1    20     1    27    19     0     1   -32.0  -33.837  -64.549   2716.7    708.0
     1     1    20     1    27    18     0     0   -33.0  -34.344  -55.669     27.0   1002.6
     2     1    20     1    27    18     0     0   -33.0  -33.845  -54.419     57.8    994.0
     3     1    20     1    27    18     0     0   -33.0  -33.578  -53.721     11.6   1007.6
     4     1    20     1    27    18     0     0   -33.0  -35.935  -64.959   2971.4    688.6
     5     1    20     1    27    18     0     0   -33.0  -33.731  -64.788   2828.4    690.8
     1     1    20     1    27    17     0     1   -34.0  -34.564  -55.549     30.1   1004.8
     2     1    20     1    27    17     0     1   -34.0  -34.093  -54.322    101.8    989.9
     3     1    20     1    27    17     0     1   -34.0  -33.814  -53.647     20.6   1006.2
     4     1    20     1    27    17     0     1   -34.0  -35.924  -65.338   2978.0    689.1
     5     1    20     1    27    17     0     1   -34.0  -33.629  -65.030   2968.4    664.2
     1     1    20     1    27    16     0     2   -35.0  -34.798  -55.426     31.7   1007.9
     2     1    20     1    27    16     0     2   -35.0  -34.360  -54.219    151.6    987.6
     3     1    20     1    27    16     0     2   -35.0  -34.075  -53.563     36.2   1004.5
     4     1    20     1    27    16     0     2   -35.0  -35.903  -65.690   3010.8    684.2
     5     1    20     1    27    16     0     2   -35.0  -33.555  -65.265   3064.0    644.8
     1     1    20     1    27    15     0     3   -36.0  -35.057  -55.303     30.8   1011.3
     2     1    20     1    27    15     0     3   -36.0  -34.652  -54.116    185.5    986.8
     3     1    20     1    27    15     0     3   -36.0  -34.359  -53.475     51.4   1004.2
     4     1    20     1    27    15     0     3   -36.0  -35.872  -66.031   3063.2    677.5
     5     1    20     1    27    15     0     3   -36.0  -33.509  -65.475   3079.3    636.3
     1     1    20     1    27    14     0     2   -37.0  -35.343  -55.188     28.8   1011.8
     2     1    20     1    27    14     0     2   -37.0  -34.979  -54.011    192.9    989.4
     3     1    20     1    27    14     0     2   -37.0  -34.664  -53.386     60.2   1004.7
     4     1    20     1    27    14     0     2   -37.0  -35.837  -66.362   3099.7    671.8
     5     1    20     1    27    14     0     2   -37.0  -33.485  -65.662   3044.3    636.8
     1     1    20     1    27    13     0     1   -38.0  -35.653  -55.082     27.4   1012.5
     2     1    20     1    27    13     0     1   -38.0  -35.335  -53.911    189.5    991.8
     3     1    20     1    27    13     0     1   -38.0  -34.994  -53.297     65.6   1005.4
     4     1    20     1    27    13     0     1   -38.0  -35.804  -66.664   3110.9    672.9
     5     1    20     1    27    13     0     1   -38.0  -33.481  -65.841   2989.7    637.4
     1     1    20     1    27    12     0     0   -39.0  -35.990  -54.980     26.8   1013.3
     2     1    20     1    27    12     0     0   -39.0  -35.710  -53.819    188.5    991.2
     3     1    20     1    27    12     0     0   -39.0  -35.340  -53.212     70.6   1004.7
     4     1    20     1    27    12     0     0   -39.0  -35.774  -66.936   3137.3    672.3
     5     1    20     1    27    12     0     0   -39.0  -33.487  -66.006   2913.7    640.9
     1     1    20     1    27    11     0     1   -40.0  -36.341  -54.894     27.2   1011.8
     2     1    20     1    27    11     0     1   -40.0  -36.097  -53.740    191.1    990.8
     3     1    20     1    27    11     0     1   -40.0  -35.695  -53.136     76.3   1002.9
     4     1    20     1    27    11     0     1   -40.0  -35.750  -67.208   3157.0    661.2
     5     1    20     1    27    11     0     1   -40.0  -33.494  -66.153   2852.1    654.0
     1     1    20     1    27    10     0     2   -41.0  -36.691  -54.835     28.1   1010.3
     2     1    20     1    27    10     0     2   -41.0  -36.485  -53.685    201.5    988.7
     3     1    20     1    27    10     0     2   -41.0  -36.050  -53.072     84.9   1001.4
     4     1    20     1    27    10     0     2   -41.0  -35.728  -67.496   3161.7    652.0
     5     1    20     1    27    10     0     2   -41.0  -33.497  -66.292   2818.1    662.3
     1     1    20     1    27     9     0     3   -42.0  -37.042  -54.805     28.6   1009.1
     2     1    20     1    27     9     0     3   -42.0  -36.871  -53.661    211.9    986.0
     3     1    20     1    27     9     0     3   -42.0  -36.412  -53.030     97.5    999.0
     4     1    20     1    27     9     0     3   -42.0  -35.695  -67.793   3177.8    642.4
     5     1    20     1    27     9     0     3   -42.0  -33.499  -66.432   2817.5    667.9
     1     1    20     1    27     8     0     2   -43.0  -37.392  -54.805     30.2   1009.0
     2     1    20     1    27     8     0     2   -43.0  -37.253  -53.672    216.9    985.5
     3     1    20     1    27     8     0     2   -43.0  -36.779  -53.036    106.4    997.3
     4     1    20     1    27     8     0     2   -43.0  -35.657  -68.109   3194.4    628.2
     5     1    20     1    27     8     0     2   -43.0  -33.511  -66.581   2792.2    671.2
     1     1    20     1    27     7     0     1   -44.0  -37.744  -54.837     33.3   1008.4
     2     1    20     1    27     7     0     1   -44.0  -37.632  -53.724    217.1    985.3
     3     1    20     1    27     7     0     1   -44.0  -37.142  -53.093    110.4    997.2
     4     1    20     1    27     7     0     1   -44.0  -35.639  -68.454   3189.7    611.2
     5     1    20     1    27     7     0     1   -44.0  -33.539  -66.730   2675.0    687.4
     1     1    20     1    27     6     0     0   -45.0  -38.099  -54.902     34.9   1008.1
     2     1    20     1    27     6     0     0   -45.0  -38.006  -53.811    210.8    985.9
     3     1    20     1    27     6     0     0   -45.0  -37.496  -53.183    113.7    996.6
     4     1    20     1    27     6     0     0   -45.0  -35.644  -68.798   3216.8    593.1
     5     1    20     1    27     6     0     0   -45.0  -33.579  -66.879   2477.9    711.8
     1     1    20     1    27     5     0     1   -46.0  -38.453  -54.992     34.9   1008.1
     2     1    20     1    27     5     0     1   -46.0  -38.379  -53.929    205.3    987.2
     3     1    20     1    27     5     0     1   -46.0  -37.824  -53.305    112.6    996.5
     4     1    20     1    27     5     0     1   -46.0  -35.685  -69.153   3273.7    565.2
     5     1    20     1    27     5     0     1   -46.0  -33.611  -67.014   2295.4    739.4
     1     1    20     1    27     4     0     2   -47.0  -38.810  -55.102     35.0   1007.9
     2     1    20     1    27     4     0     2   -47.0  -38.763  -54.075    211.4    986.6
     3     1    20     1    27     4     0     2   -47.0  -38.135  -53.461    106.4    997.3
     4     1    20     1    27     4     0     2   -47.0  -35.771  -69.538   3337.9    535.9
     5     1    20     1    27     4     0     2   -47.0  -33.613  -67.141   2165.2    747.3
     1     1    20     1    27     3     0     3   -48.0  -39.179  -55.229     35.0   1007.8
     2     1    20     1    27     3     0     3   -48.0  -39.171  -54.247    226.7    984.2
     3     1    20     1    27     3     0     3   -48.0  -38.464  -53.634     99.9    998.3
     4     1    20     1    27     3     0     3   -48.0  -35.892  -69.921   3468.9    512.0
     5     1    20     1    27     3     0     3   -48.0  -33.585  -67.256   2070.7    753.5
     1     1    20     1    27     2     0     2   -49.0  -39.553  -55.372     34.3   1007.2
     2     1    20     1    27     2     0     2   -49.0  -39.591  -54.448    236.4    981.7
     3     1    20     1    27     2     0     2   -49.0  -38.808  -53.833     95.6    998.5
     4     1    20     1    27     2     0     2   -49.0  -36.053  -70.278   3687.4    502.7
     5     1    20     1    27     2     0     2   -49.0  -33.549  -67.323   1995.2    757.6
     1     1    20     1    27     1     0     1   -50.0  -39.929  -55.536     32.3   1007.0
     2     1    20     1    27     1     0     1   -50.0  -40.021  -54.676    233.7    981.5
     3     1    20     1    27     1     0     1   -50.0  -39.162  -54.070     94.8    998.2
     4     1    20     1    27     1     0     1   -50.0  -36.251  -70.638   3827.9    501.8
     5     1    20     1    27     1     0     1   -50.0  -33.540  -67.310   1930.9    763.4
     1     1    20     1    27     0     0     0   -51.0  -40.317  -55.721     30.2   1006.7
     2     1    20     1    27     0     0     0   -51.0  -40.485  -54.923    225.0    982.3
     3     1    20     1    27     0     0     0   -51.0  -39.545  -54.324     94.0    997.1
     4     1    20     1    27     0     0     0   -51.0  -36.486  -71.028   3931.0    507.9
     5     1    20     1    27     0     0     0   -51.0  -33.570  -67.226   1892.1    769.0
     1     1    20     1    26    23     0     1   -52.0  -40.702  -55.933     29.4   1005.6
     2     1    20     1    26    23     0     1   -52.0  -40.963  -55.199    220.4    982.4
     3     1    20     1    26    23     0     1   -52.0  -39.902  -54.615     87.1    996.9
     4     1    20     1    26    23     0     1   -52.0  -36.724  -71.393   4095.3    534.6
     5     1    20     1    26    23     0     1   -52.0  -33.627  -67.116   1856.1    770.9
     1     1    20     1    26    22     0     2   -53.0  -41.080  -56.181     29.2   1004.9
     2     1    20     1    26    22     0     2   -53.0  -41.439  -55.528    219.4    981.2
     3     1    20     1    26    22     0     2   -53.0  -40.196  -54.965     74.1    998.0
     4     1    20     1    26    22     0     2   -53.0  -36.928  -71.687   4207.7    558.5
     5     1    20     1    26    22     0     2   -53.0  -33.704  -66.998   1737.9    780.1
     1     1    20     1    26    21     0     3   -54.0  -41.474  -56.456     28.2   1004.4
     2     1    20     1    26    21     0     3   -54.0  -41.941  -55.892    218.8    980.6
     3     1    20     1    26    21     0     3   -54.0  -40.488  -55.339     62.7    999.9
     4     1    20     1    26    21     0     3   -54.0  -37.107  -71.927   4278.1    576.7
     5     1    20     1    26    21     0     3   -54.0  -33.809  -66.875   1513.4    800.0
     1     1    20     1    26    20     0     2   -55.0  -41.878  -56.747     25.4   1003.8
     2     1    20     1    26    20     0     2   -55.0  -42.460  -56.268    220.0    979.7
     3     1    20     1    26    20     0     2   -55.0  -40.762  -55.717     56.8   1000.2
     4     1    20     1    26    20     0     2   -55.0  -37.296  -72.173   4287.8    581.3
     5     1    20     1    26    20     0     2   -55.0  -33.935  -66.751   1319.5    829.8
     1     1    20     1    26    19     0     1   -56.0  -42.287  -57.048     22.9   1003.4
     2     1    20     1    26    19     0     1   -56.0  -42.972  -56.654    232.3    978.6
     3     1    20     1    26    19     0     1   -56.0  -40.956  -56.139     48.7   1000.1
     4     1    20     1    26    19     0     1   -56.0  -37.524  -72.478   4280.4    580.6
     5     1    20     1    26    19     0     1   -56.0  -34.060  -66.631   1266.0    833.8
     1     1    20     1    26    18     0     0   -57.0  -42.700  -57.359     22.6   1002.5
     2     1    20     1    26    18     0     0   -57.0  -43.484  -57.043    254.3    974.3
     3     1    20     1    26    18     0     0   -57.0  -41.137  -56.573     43.8   1000.6
     4     1    20     1    26    18     0     0   -57.0  -37.776  -72.821   4249.0    582.9
     5     1    20     1    26    18     0     0   -57.0  -34.174  -66.535   1322.9    826.4
     1     1    20     1    26    17     0     1   -58.0  -43.091  -57.694     22.9   1001.3
     2     1    20     1    26    17     0     1   -58.0  -43.988  -57.434    269.3    971.6
     3     1    20     1    26    17     0     1   -58.0  -41.328  -56.966     44.8   1000.2
     4     1    20     1    26    17     0     1   -58.0  -38.028  -73.163   4199.9    594.6
     5     1    20     1    26    17     0     1   -58.0  -34.274  -66.467   1417.1    812.1
     1     1    20     1    26    16     0     2   -59.0  -43.490  -58.032     22.6   1000.8
     2     1    20     1    26    16     0     2   -59.0  -44.508  -57.831    281.2    970.6
     3     1    20     1    26    16     0     2   -59.0  -41.434  -57.347     44.3    999.7
     4     1    20     1    26    16     0     2   -59.0  -38.279  -73.505   4192.5    607.9
     5     1    20     1    26    16     0     2   -59.0  -34.367  -66.426   1486.2    805.7
     1     1    20     1    26    15     0     3   -60.0  -43.937  -58.355     22.2   1000.7
     2     1    20     1    26    15     0     3   -60.0  -45.078  -58.229    316.2    968.1
     3     1    20     1    26    15     0     3   -60.0  -41.441  -57.772     39.2   1000.0
     4     1    20     1    26    15     0     3   -60.0  -38.549  -73.877   4199.6    612.8
     5     1    20     1    26    15     0     3   -60.0  -34.448  -66.410   1535.4    802.0
     1     1    20     1    26    14     0     2   -61.0  -44.338  -58.681     22.6   1000.1
     2     1    20     1    26    14     0     2   -61.0  -45.620  -58.613    346.3    958.7
     3     1    20     1    26    14     0     2   -61.0  -41.414  -58.200     33.2   1001.3
     4     1    20     1    26    14     0     2   -61.0  -38.828  -74.275   4203.6    616.1
     5     1    20     1    26    14     0     2   -61.0  -34.531  -66.413   1560.1    799.4
     1     1    20     1    26    13     0     1   -62.0  -44.645  -59.021     24.6    999.0
     2     1    20     1    26    13     0     1   -62.0  -46.115  -59.010    335.4    960.4
     3     1    20     1    26    13     0     1   -62.0  -41.369  -58.582     28.9   1002.0
     4     1    20     1    26    13     0     1   -62.0  -39.104  -74.681   4220.4    613.1
     5     1    20     1    26    13     0     1   -62.0  -34.632  -66.424   1555.8    801.4
     1     1    20     1    26    12     0     0   -63.0  -44.929  -59.347     28.7    998.1
     2     1    20     1    26    12     0     0   -63.0  -46.637  -59.429    324.8    964.8
     3     1    20     1    26    12     0     0   -63.0  -41.251  -58.946     26.8   1002.5
     4     1    20     1    26    12     0     0   -63.0  -39.373  -75.095   4222.1    611.7
     5     1    20     1    26    12     0     0   -63.0  -34.746  -66.434   1537.5    805.2
     1     1    20     1    26    11     0     1   -64.0  -45.157  -59.622     31.8    997.1
     2     1    20     1    26    11     0     1   -64.0  -47.087  -59.861    318.9    962.5
     3     1    20     1    26    11     0     1   -64.0  -41.091  -59.288     26.6   1003.0
     4     1    20     1    26    11     0     1   -64.0  -39.629  -75.540   4216.2    613.5
     5     1    20     1    26    11     0     1   -64.0  -34.874  -66.461   1498.0    808.4
     1     1    20     1    26    10     0     2   -65.0  -45.250  -59.849     29.1    996.4
     2     1    20     1    26    10     0     2   -65.0  -47.424  -60.318    307.6    965.7
     3     1    20     1    26    10     0     2   -65.0  -40.931  -59.602     27.9   1003.1
     4     1    20     1    26    10     0     2   -65.0  -39.857  -76.003   4222.1    612.7
     5     1    20     1    26    10     0     2   -65.0  -35.020  -66.521   1400.1    816.4
     1     1    20     1    26     9     0     3   -66.0  -45.190  -60.049     20.7    996.5
     2     1    20     1    26     9     0     3   -66.0  -47.770  -60.790    320.8    964.3
     3     1    20     1    26     9     0     3   -66.0  -40.746  -59.893     31.2   1002.9
     4     1    20     1    26     9     0     3   -66.0  -40.057  -76.436   4228.8    611.3
     5     1    20     1    26     9     0     3   -66.0  -35.166  -66.597   1220.3    834.3
     1     1    20     1    26     8     0     2   -67.0  -45.057  -60.229     13.6    999.1
     2     1    20     1    26     8     0     2   -67.0  -48.105  -61.264    354.3    959.1
     3     1    20     1    26     8     0     2   -67.0  -40.539  -60.147     33.9   1002.2
     4     1    20     1    26     8     0     2   -67.0  -40.251  -76.847   4245.7    611.6
     5     1    20     1    26     8     0     2   -67.0  -35.269  -66.668   1031.9    860.0
     1     1    20     1    26     7     0     1   -68.0  -44.908  -60.392      9.5    999.7
     2     1    20     1    26     7     0     1   -68.0  -48.408  -61.682    415.2    954.0
     3     1    20     1    26     7     0     1   -68.0  -40.325  -60.346     33.5   1002.6
     4     1    20     1    26     7     0     1   -68.0  -40.452  -77.267   4286.0    608.2
     5     1    20     1    26     7     0     1   -68.0  -35.322  -66.732    882.2    874.1
     1     1    20     1    26     6     0     0   -69.0  -44.687  -60.533      6.7   1000.4
     2     1    20     1    26     6     0     0   -69.0  -48.716  -62.023    505.6    942.0
     3     1    20     1    26     6     0     0   -69.0  -40.101  -60.483     31.6   1003.4
     4     1    20     1    26     6     0     0   -69.0  -40.662  -77.694   4326.6    604.0
     5     1    20     1    26     6     0     0   -69.0  -35.333  -66.771    754.9    885.9
     1     1    20     1    26     5     0     1   -70.0  -44.427  -60.667      4.2   1001.7
     2     1    20     1    26     5     0     1   -70.0  -48.991  -62.402    534.8    929.8
     3     1    20     1    26     5     0     1   -70.0  -39.897  -60.551     31.3   1004.4
     4     1    20     1    26     5     0     1   -70.0  -40.892  -78.135   4348.7    602.4
     5     1    20     1    26     5     0     1   -70.0  -35.318  -66.747    674.2    897.5
     1     1    20     1    26     4     0     2   -71.0  -44.184  -60.805      1.9   1002.8
     2     1    20     1    26     4     0     2   -71.0  -49.279  -62.824    531.3    943.0
     3     1    20     1    26     4     0     2   -71.0  -39.746  -60.557     34.1   1004.5
     4     1    20     1    26     4     0     2   -71.0  -41.130  -78.606   4362.2    602.6
     5     1    20     1    26     4     0     2   -71.0  -35.294  -66.666    676.6    897.6
     1     1    20     1    26     3     0     3   -72.0  -43.957  -60.940      0.0   1004.0
     2     1    20     1    26     3     0     3   -72.0  -49.622  -63.189    643.9    934.3
     3     1    20     1    26     3     0     3   -72.0  -39.644  -60.509     39.1   1004.3
     4     1    20     1    26     3     0     3   -72.0  -41.360  -79.102   4387.1    601.3
     5     1    20     1    26     3     0     3   -72.0  -35.266  -66.566    763.6    888.6
