     7     1
    GDAS    19    12    29     0     0
    GDAS    20     1     1     0     0
    GDAS    20     1     8     0     0
    GDAS    20     1    15     0     0
    GDAS    20     1    22     0     0
    GDAS    20     1    29     0     0
    GDAS    20     2     1     0     0
     5 BACKWARD OMEGA   
    20     1    29     9  -34.572  -58.513    10.0
    20     1    29     9  -34.572  -58.513   200.0
    20     1    29     9  -34.572  -58.513   500.0
    20     1    29     9  -34.572  -58.513  1000.0
    20     1    29     9  -34.572  -58.513  2000.0
     1 PRESSURE
     1     1    20     1    29     9     0     3     0.0  -34.572  -58.513     10.0   1003.8
     2     1    20     1    29     9     0     3     0.0  -34.572  -58.513    200.0    982.2
     3     1    20     1    29     9     0     3     0.0  -34.572  -58.513    500.0    948.7
     4     1    20     1    29     9     0     3     0.0  -34.572  -58.513   1000.0    895.3
     5     1    20     1    29     9     0     3     0.0  -34.572  -58.513   2000.0    796.1
     1     1    20     1    29     8     0     2    -1.0  -34.626  -58.518      7.7   1003.2
     2     1    20     1    29     8     0     2    -1.0  -34.664  -58.516    164.9    988.2
     3     1    20     1    29     8     0     2    -1.0  -34.687  -58.551    422.1    960.1
     4     1    20     1    29     8     0     2    -1.0  -34.577  -58.712    862.8    909.4
     5     1    20     1    29     8     0     2    -1.0  -34.517  -58.907   1793.2    813.1
     1     1    20     1    29     7     0     1    -2.0  -34.629  -58.535      7.0   1002.6
     2     1    20     1    29     7     0     1    -2.0  -34.651  -58.545    143.1    989.3
     3     1    20     1    29     7     0     1    -2.0  -34.680  -58.623    342.4    965.0
     4     1    20     1    29     7     0     1    -2.0  -34.524  -58.891    657.2    926.7
     5     1    20     1    29     7     0     1    -2.0  -34.430  -59.281   1517.1    841.6
     1     1    20     1    29     6     0     0    -3.0  -34.581  -58.564      7.6   1002.0
     2     1    20     1    29     6     0     0    -3.0  -34.538  -58.592    128.7    989.9
     3     1    20     1    29     6     0     0    -3.0  -34.534  -58.727    255.0    976.0
     4     1    20     1    29     6     0     0    -3.0  -34.372  -59.054    440.9    958.0
     5     1    20     1    29     6     0     0    -3.0  -34.317  -59.602   1262.1    875.1
     1     1    20     1    29     5     0     1    -4.0  -34.500  -58.579      9.1   1002.3
     2     1    20     1    29     5     0     1    -4.0  -34.366  -58.608    128.8    989.9
     3     1    20     1    29     5     0     1    -4.0  -34.322  -58.775    208.5    984.3
     4     1    20     1    29     5     0     1    -4.0  -34.141  -59.125    332.0    977.2
     5     1    20     1    29     5     0     1    -4.0  -34.162  -59.866   1125.0    894.0
     1     1    20     1    29     4     0     2    -5.0  -34.406  -58.560     11.1   1002.4
     2     1    20     1    29     4     0     2    -5.0  -34.164  -58.562    150.7    987.1
     3     1    20     1    29     4     0     2    -5.0  -34.081  -58.733    216.1    981.4
     4     1    20     1    29     4     0     2    -5.0  -33.863  -59.092    323.2    972.4
     5     1    20     1    29     4     0     2    -5.0  -33.928  -60.077   1063.5    890.6
     1     1    20     1    29     3     0     3    -6.0  -34.302  -58.510     14.4   1001.8
     2     1    20     1    29     3     0     3    -6.0  -33.937  -58.466    198.1    980.4
     3     1    20     1    29     3     0     3    -6.0  -33.812  -58.627    264.1    975.3
     4     1    20     1    29     3     0     3    -6.0  -33.559  -58.994    369.6    967.0
     5     1    20     1    29     3     0     3    -6.0  -33.623  -60.196   1009.7    894.4
     1     1    20     1    29     2     0     2    -7.0  -34.195  -58.442     19.4   1000.4
     2     1    20     1    29     2     0     2    -7.0  -33.694  -58.342    261.3    972.8
     3     1    20     1    29     2     0     2    -7.0  -33.546  -58.496    330.3    966.4
     4     1    20     1    29     2     0     2    -7.0  -33.264  -58.863    453.2    956.1
     5     1    20     1    29     2     0     2    -7.0  -33.297  -60.220    960.7    900.6
     1     1    20     1    29     1     0     1    -8.0  -34.084  -58.368     25.4    998.9
     2     1    20     1    29     1     0     1    -8.0  -33.470  -58.205    316.8    966.0
     3     1    20     1    29     1     0     1    -8.0  -33.317  -58.356    389.3    959.8
     4     1    20     1    29     1     0     1    -8.0  -33.020  -58.709    536.9    945.6
     5     1    20     1    29     1     0     1    -8.0  -32.992  -60.180    953.9    903.5
     1     1    20     1    29     0     0     0    -9.0  -33.968  -58.289     32.1    997.5
     2     1    20     1    29     0     0     0    -9.0  -33.285  -58.053    347.1    962.8
     3     1    20     1    29     0     0     0    -9.0  -33.129  -58.192    420.6    956.5
     4     1    20     1    29     0     0     0    -9.0  -32.814  -58.537    596.5    938.5
     5     1    20     1    29     0     0     0    -9.0  -32.714  -60.118    943.6    896.3
     1     1    20     1    28    23     0     1   -10.0  -33.853  -58.218     37.1    996.2
     2     1    20     1    28    23     0     1   -10.0  -33.147  -57.908    305.6    963.4
     3     1    20     1    28    23     0     1   -10.0  -32.990  -58.036    358.0    958.2
     4     1    20     1    28    23     0     1   -10.0  -32.636  -58.388    622.9    935.8
     5     1    20     1    28    23     0     1   -10.0  -32.476  -60.057    840.7    902.1
     1     1    20     1    28    22     0     2   -11.0  -33.755  -58.164     37.0    995.7
     2     1    20     1    28    22     0     2   -11.0  -33.068  -57.795    213.8    977.8
     3     1    20     1    28    22     0     2   -11.0  -32.917  -57.919    245.0    978.1
     4     1    20     1    28    22     0     2   -11.0  -32.500  -58.287    637.5    936.9
     5     1    20     1    28    22     0     2   -11.0  -32.290  -59.989    658.6    923.4
     1     1    20     1    28    21     0     3   -12.0  -33.675  -58.129     30.5    995.9
     2     1    20     1    28    21     0     3   -12.0  -33.028  -57.731    132.3    990.5
     3     1    20     1    28    21     0     3   -12.0  -32.881  -57.852    151.3    990.6
     4     1    20     1    28    21     0     3   -12.0  -32.408  -58.227    671.5    934.8
     5     1    20     1    28    21     0     3   -12.0  -32.161  -59.907    501.1    946.0
     1     1    20     1    28    20     0     2   -13.0  -33.602  -58.105     22.1    998.7
     2     1    20     1    28    20     0     2   -13.0  -32.998  -57.693     85.4    998.7
     3     1    20     1    28    20     0     2   -13.0  -32.853  -57.812     96.1    998.3
     4     1    20     1    28    20     0     2   -13.0  -32.334  -58.185    735.2    928.5
     5     1    20     1    28    20     0     2   -13.0  -32.066  -59.814    405.1    956.1
     1     1    20     1    28    19     0     1   -14.0  -33.527  -58.085     15.1   1001.3
     2     1    20     1    28    19     0     1   -14.0  -32.955  -57.654     58.2    999.6
     3     1    20     1    28    19     0     1   -14.0  -32.810  -57.772     67.2    999.6
     4     1    20     1    28    19     0     1   -14.0  -32.251  -58.145    851.0    917.5
     5     1    20     1    28    19     0     1   -14.0  -31.980  -59.713    352.0    962.8
     1     1    20     1    28    18     0     0   -15.0  -33.449  -58.063      9.8   1003.7
     2     1    20     1    28    18     0     0   -15.0  -32.898  -57.612     42.3   1000.4
     3     1    20     1    28    18     0     0   -15.0  -32.754  -57.731     50.1   1000.4
     4     1    20     1    28    18     0     0   -15.0  -32.162  -58.102   1018.4    900.0
     5     1    20     1    28    18     0     0   -15.0  -31.900  -59.604    336.3    966.6
     1     1    20     1    28    17     0     1   -16.0  -33.370  -58.033      6.0   1004.3
     2     1    20     1    28    17     0     1   -16.0  -32.832  -57.567     32.0   1001.1
     3     1    20     1    28    17     0     1   -16.0  -32.689  -57.687     40.1   1000.9
     4     1    20     1    28    17     0     1   -16.0  -32.074  -58.054   1221.3    878.8
     5     1    20     1    28    17     0     1   -16.0  -31.823  -59.500    342.7    965.7
     1     1    20     1    28    16     0     2   -17.0  -33.291  -57.990      2.8   1004.8
     2     1    20     1    28    16     0     2   -17.0  -32.762  -57.516     26.4   1001.3
     3     1    20     1    28    16     0     2   -17.0  -32.619  -57.640     34.7   1001.1
     4     1    20     1    28    16     0     2   -17.0  -31.999  -57.999   1407.6    856.2
     5     1    20     1    28    16     0     2   -17.0  -31.751  -59.412    352.6    965.5
     1     1    20     1    28    15     0     3   -18.0  -33.212  -57.937      0.4   1005.3
     2     1    20     1    28    15     0     3   -18.0  -32.690  -57.459     23.8   1001.1
     3     1    20     1    28    15     0     3   -18.0  -32.544  -57.587     32.7   1000.8
     4     1    20     1    28    15     0     3   -18.0  -31.949  -57.940   1525.1    842.0
     5     1    20     1    28    15     0     3   -18.0  -31.684  -59.339    360.6    965.0
     1     1    20     1    28    14     0     2   -19.0  -33.133  -57.872      0.0   1006.1
     2     1    20     1    28    14     0     2   -19.0  -32.611  -57.384     23.4   1000.8
     3     1    20     1    28    14     0     2   -19.0  -32.461  -57.518     33.5   1000.3
     4     1    20     1    28    14     0     2   -19.0  -31.922  -57.889   1588.8    838.3
     5     1    20     1    28    14     0     2   -19.0  -31.601  -59.256    365.6    964.9
     1     1    20     1    28    13     0     1   -20.0  -33.052  -57.788      0.0   1006.9
     2     1    20     1    28    13     0     1   -20.0  -32.520  -57.279     24.8    999.9
     3     1    20     1    28    13     0     1   -20.0  -32.368  -57.416     36.8    999.1
     4     1    20     1    28    13     0     1   -20.0  -31.923  -57.850   1635.6    833.2
     5     1    20     1    28    13     0     1   -20.0  -31.485  -59.136    371.2    964.2
     1     1    20     1    28    12     0     0   -21.0  -32.966  -57.679      0.0   1007.6
     2     1    20     1    28    12     0     0   -21.0  -32.418  -57.139     27.7    998.2
     3     1    20     1    28    12     0     0   -21.0  -32.262  -57.277     42.6    996.9
     4     1    20     1    28    12     0     0   -21.0  -31.951  -57.824   1667.0    829.8
     5     1    20     1    28    12     0     0   -21.0  -31.335  -58.974    380.6    962.4
     1     1    20     1    28    11     0     1   -22.0  -32.882  -57.553      0.3   1006.7
     2     1    20     1    28    11     0     1   -22.0  -32.315  -56.973     32.7    995.3
     3     1    20     1    28    11     0     1   -22.0  -32.157  -57.107     51.6    993.5
     4     1    20     1    28    11     0     1   -22.0  -31.989  -57.809   1688.0    827.8
     5     1    20     1    28    11     0     1   -22.0  -31.180  -58.769    396.6    960.9
     1     1    20     1    28    10     0     2   -23.0  -32.809  -57.420      0.9   1005.4
     2     1    20     1    28    10     0     2   -23.0  -32.227  -56.793     40.4    993.4
     3     1    20     1    28    10     0     2   -23.0  -32.063  -56.909     66.7    989.6
     4     1    20     1    28    10     0     2   -23.0  -32.021  -57.810   1703.4    826.3
     5     1    20     1    28    10     0     2   -23.0  -31.050  -58.527    411.5    960.0
     1     1    20     1    28     9     0     3   -24.0  -32.750  -57.284      1.8   1004.0
     2     1    20     1    28     9     0     3   -24.0  -32.158  -56.602     50.3    991.4
     3     1    20     1    28     9     0     3   -24.0  -31.982  -56.676     89.6    985.5
     4     1    20     1    28     9     0     3   -24.0  -32.047  -57.825   1714.7    825.5
     5     1    20     1    28     9     0     3   -24.0  -30.943  -58.248    416.7    961.2
     1     1    20     1    28     8     0     2   -25.0  -32.706  -57.139      2.9   1003.0
     2     1    20     1    28     8     0     2   -25.0  -32.109  -56.403     58.4    989.4
     3     1    20     1    28     8     0     2   -25.0  -31.919  -56.415    110.0    981.5
     4     1    20     1    28     8     0     2   -25.0  -32.071  -57.846   1727.4    825.2
     5     1    20     1    28     8     0     2   -25.0  -30.866  -57.933    406.9    962.6
     1     1    20     1    28     7     0     1   -26.0  -32.681  -56.982      4.0   1002.0
     2     1    20     1    28     7     0     1   -26.0  -32.085  -56.205     58.3    988.7
     3     1    20     1    28     7     0     1   -26.0  -31.885  -56.148    113.4    980.0
     4     1    20     1    28     7     0     1   -26.0  -32.101  -57.863   1747.2    823.7
     5     1    20     1    28     7     0     1   -26.0  -30.822  -57.578    400.0    960.1
     1     1    20     1    28     6     0     0   -27.0  -32.675  -56.816      5.1   1001.7
     2     1    20     1    28     6     0     0   -27.0  -32.083  -56.022     48.5    989.7
     3     1    20     1    28     6     0     0   -27.0  -31.884  -55.890    100.9    981.7
     4     1    20     1    28     6     0     0   -27.0  -32.137  -57.878   1773.6    821.5
     5     1    20     1    28     6     0     0   -27.0  -30.783  -57.171    432.7    952.7
     1     1    20     1    28     5     0     1   -28.0  -32.692  -56.649      6.1   1001.5
     2     1    20     1    28     5     0     1   -28.0  -32.106  -55.848     37.9    991.6
     3     1    20     1    28     5     0     1   -28.0  -31.916  -55.644     87.3    985.5
     4     1    20     1    28     5     0     1   -28.0  -32.184  -57.878   1805.5    818.8
     5     1    20     1    28     5     0     1   -28.0  -30.765  -56.741    496.6    937.7
     1     1    20     1    28     4     0     2   -29.0  -32.731  -56.483      7.0   1001.5
     2     1    20     1    28     4     0     2   -29.0  -32.152  -55.661     31.6    992.7
     3     1    20     1    28     4     0     2   -29.0  -31.979  -55.389     77.8    987.6
     4     1    20     1    28     4     0     2   -29.0  -32.241  -57.855   1840.1    815.4
     5     1    20     1    28     4     0     2   -29.0  -30.797  -56.334    561.5    925.0
     1     1    20     1    28     3     0     3   -30.0  -32.785  -56.314      8.1   1001.5
     2     1    20     1    28     3     0     3   -30.0  -32.219  -55.455     27.8    993.0
     3     1    20     1    28     3     0     3   -30.0  -32.066  -55.116     70.0    989.1
     4     1    20     1    28     3     0     3   -30.0  -32.307  -57.812   1878.1    811.6
     5     1    20     1    28     3     0     3   -30.0  -30.862  -55.958    626.3    914.5
     1     1    20     1    28     2     0     2   -31.0  -32.855  -56.160      9.3   1001.7
     2     1    20     1    28     2     0     2   -31.0  -32.304  -55.238     25.6    992.6
     3     1    20     1    28     2     0     2   -31.0  -32.170  -54.840     66.5    989.8
     4     1    20     1    28     2     0     2   -31.0  -32.390  -57.763   1922.5    806.8
     5     1    20     1    28     2     0     2   -31.0  -30.961  -55.623    704.0    910.0
     1     1    20     1    28     1     0     1   -32.0  -32.948  -56.045     10.1   1002.1
     2     1    20     1    28     1     0     1   -32.0  -32.406  -55.012     25.3    991.1
     3     1    20     1    28     1     0     1   -32.0  -32.293  -54.582     66.7    990.6
     4     1    20     1    28     1     0     1   -32.0  -32.503  -57.713   1966.2    801.4
     5     1    20     1    28     1     0     1   -32.0  -31.096  -55.323    819.2    903.7
     1     1    20     1    28     0     0     0   -33.0  -33.068  -55.967     10.4   1001.8
     2     1    20     1    28     0     0     0   -33.0  -32.522  -54.784     26.5    992.2
     3     1    20     1    28     0     0     0   -33.0  -32.428  -54.348     66.1    993.1
     4     1    20     1    28     0     0     0   -33.0  -32.643  -57.661   1996.0    797.5
     5     1    20     1    28     0     0     0   -33.0  -31.239  -55.056   1034.4    889.4
     1     1    20     1    27    23     0     1   -34.0  -33.213  -55.903     11.9   1000.3
     2     1    20     1    27    23     0     1   -34.0  -32.648  -54.580     25.3    994.0
     3     1    20     1    27    23     0     1   -34.0  -32.567  -54.144     57.2    996.6
     4     1    20     1    27    23     0     1   -34.0  -32.795  -57.619   2007.6    796.3
     5     1    20     1    27    23     0     1   -34.0  -31.365  -54.916   1294.8    849.7
     1     1    20     1    27    22     0     2   -35.0  -33.384  -55.826     16.4    998.3
     2     1    20     1    27    22     0     2   -35.0  -32.777  -54.400     19.1    997.1
     3     1    20     1    27    22     0     2   -35.0  -32.702  -53.967     38.1   1001.8
     4     1    20     1    27    22     0     2   -35.0  -32.942  -57.608   2015.9    796.8
     5     1    20     1    27    22     0     2   -35.0  -31.488  -54.857   1447.8    833.9
     1     1    20     1    27    21     0     3   -36.0  -33.576  -55.739     23.2    996.3
     2     1    20     1    27    21     0     3   -36.0  -32.908  -54.226     10.7   1001.3
     3     1    20     1    27    21     0     3   -36.0  -32.839  -53.805     20.2   1005.7
     4     1    20     1    27    21     0     3   -36.0  -33.083  -57.627   2037.1    794.9
     5     1    20     1    27    21     0     3   -36.0  -31.620  -54.809   1505.7    829.8
     1     1    20     1    27    20     0     2   -37.0  -33.780  -55.644     30.3    995.0
     2     1    20     1    27    20     0     2   -37.0  -33.048  -54.075      3.2   1004.8
     3     1    20     1    27    20     0     2   -37.0  -32.989  -53.675      9.3   1008.6
     4     1    20     1    27    20     0     2   -37.0  -33.226  -57.659   2076.4    790.5
     5     1    20     1    27    20     0     2   -37.0  -31.763  -54.774   1585.5    831.5
     1     1    20     1    27    19     0     1   -38.0  -33.990  -55.546     37.5    994.1
     2     1    20     1    27    19     0     1   -38.0  -33.213  -53.971      0.0   1006.2
     3     1    20     1    27    19     0     1   -38.0  -33.162  -53.591      6.6   1009.1
     4     1    20     1    27    19     0     1   -38.0  -33.383  -57.692   2132.8    784.4
     5     1    20     1    27    19     0     1   -38.0  -31.908  -54.800   1748.4    813.7
     1     1    20     1    27    18     0     0   -39.0  -34.207  -55.446     46.6    996.4
     2     1    20     1    27    18     0     0   -39.0  -33.408  -53.899      1.2   1006.4
     3     1    20     1    27    18     0     0   -39.0  -33.366  -53.532      7.5   1009.3
     4     1    20     1    27    18     0     0   -39.0  -33.556  -57.728   2203.2    776.8
     5     1    20     1    27    18     0     0   -39.0  -32.053  -54.895   1938.1    792.7
     1     1    20     1    27    17     0     1   -40.0  -34.431  -55.340     56.8    998.2
     2     1    20     1    27    17     0     1   -40.0  -33.622  -53.831      6.1   1006.4
     3     1    20     1    27    17     0     1   -40.0  -33.592  -53.477     10.5   1009.1
     4     1    20     1    27    17     0     1   -40.0  -33.744  -57.774   2262.8    767.8
     5     1    20     1    27    17     0     1   -40.0  -32.194  -55.061   2078.4    774.1
     1     1    20     1    27    16     0     2   -41.0  -34.669  -55.231     65.5   1000.5
     2     1    20     1    27    16     0     2   -41.0  -33.852  -53.751     13.7   1006.0
     3     1    20     1    27    16     0     2   -41.0  -33.839  -53.410     15.2   1008.4
     4     1    20     1    27    16     0     2   -41.0  -33.946  -57.835   2286.2    763.8
     5     1    20     1    27    16     0     2   -41.0  -32.328  -55.278   2141.7    769.8
     1     1    20     1    27    15     0     3   -42.0  -34.932  -55.119     69.5   1004.8
     2     1    20     1    27    15     0     3   -42.0  -34.106  -53.662     25.5   1004.9
     3     1    20     1    27    15     0     3   -42.0  -34.110  -53.334     21.4   1008.1
     4     1    20     1    27    15     0     3   -42.0  -34.160  -57.906   2280.8    766.1
     5     1    20     1    27    15     0     3   -42.0  -32.452  -55.531   2163.0    770.5
     1     1    20     1    27    14     0     2   -43.0  -35.224  -55.006     68.7   1006.6
     2     1    20     1    27    14     0     2   -43.0  -34.390  -53.572     38.1   1005.1
     3     1    20     1    27    14     0     2   -43.0  -34.407  -53.252     26.5   1008.4
     4     1    20     1    27    14     0     2   -43.0  -34.399  -57.972   2272.8    770.9
     5     1    20     1    27    14     0     2   -43.0  -32.576  -55.804   2165.0    772.7
     1     1    20     1    27    13     0     1   -44.0  -35.542  -54.899     66.6   1007.4
     2     1    20     1    27    13     0     1   -44.0  -34.705  -53.485     47.0   1006.1
     3     1    20     1    27    13     0     1   -44.0  -34.727  -53.171     30.2   1008.9
     4     1    20     1    27    13     0     1   -44.0  -34.670  -58.028   2280.1    772.4
     5     1    20     1    27    13     0     1   -44.0  -32.708  -56.083   2151.7    775.9
     1     1    20     1    27    12     0     0   -45.0  -35.888  -54.797     65.3   1007.9
     2     1    20     1    27    12     0     0   -45.0  -35.046  -53.399     52.5   1007.0
     3     1    20     1    27    12     0     0   -45.0  -35.065  -53.092     34.2   1008.9
     4     1    20     1    27    12     0     0   -45.0  -34.971  -58.081   2300.0    772.7
     5     1    20     1    27    12     0     0   -45.0  -32.848  -56.362   2115.0    779.8
     1     1    20     1    27    11     0     1   -46.0  -36.251  -54.709     65.6   1006.9
     2     1    20     1    27    11     0     1   -46.0  -35.403  -53.320     56.4   1005.6
     3     1    20     1    27    11     0     1   -46.0  -35.414  -53.021     38.4   1007.1
     4     1    20     1    27    11     0     1   -46.0  -35.295  -58.144   2340.5    769.5
     5     1    20     1    27    11     0     1   -46.0  -32.992  -56.636   2076.7    786.1
     1     1    20     1    27    10     0     2   -47.0  -36.616  -54.648     67.3   1005.6
     2     1    20     1    27    10     0     2   -47.0  -35.764  -53.252     60.9   1004.3
     3     1    20     1    27    10     0     2   -47.0  -35.763  -52.960     42.8   1005.7
     4     1    20     1    27    10     0     2   -47.0  -35.638  -58.229   2398.0    761.9
     5     1    20     1    27    10     0     2   -47.0  -33.138  -56.919   2062.0    786.5
     1     1    20     1    27     9     0     3   -48.0  -36.979  -54.614     68.4   1004.4
     2     1    20     1    27     9     0     3   -48.0  -36.129  -53.197     69.1   1002.6
     3     1    20     1    27     9     0     3   -48.0  -36.115  -52.912     50.2   1004.3
     4     1    20     1    27     9     0     3   -48.0  -36.000  -58.338   2436.3    756.0
     5     1    20     1    27     9     0     3   -48.0  -33.294  -57.223   2077.7    785.6
     1     1    20     1    27     8     0     2   -49.0  -37.342  -54.612     70.9   1004.4
     2     1    20     1    27     8     0     2   -49.0  -36.496  -53.180     76.0   1000.8
     3     1    20     1    27     8     0     2   -49.0  -36.467  -52.904     56.0   1003.1
     4     1    20     1    27     8     0     2   -49.0  -36.400  -58.475   2462.0    754.3
     5     1    20     1    27     8     0     2   -49.0  -33.478  -57.531   2117.2    781.9
     1     1    20     1    27     7     0     1   -50.0  -37.707  -54.645     76.0   1003.3
     2     1    20     1    27     7     0     1   -50.0  -36.861  -53.216     77.5   1000.9
     3     1    20     1    27     7     0     1   -50.0  -36.818  -52.952     56.1   1003.4
     4     1    20     1    27     7     0     1   -50.0  -36.856  -58.654   2488.4    747.5
     5     1    20     1    27     7     0     1   -50.0  -33.681  -57.833   2167.6    777.7
     1     1    20     1    27     6     0     0   -51.0  -38.077  -54.712     79.1   1002.6
     2     1    20     1    27     6     0     0   -51.0  -37.224  -53.290     78.6   1000.7
     3     1    20     1    27     6     0     0   -51.0  -37.165  -53.041     55.5   1003.3
     4     1    20     1    27     6     0     0   -51.0  -37.359  -58.870   2526.5    741.4
     5     1    20     1    27     6     0     0   -51.0  -33.879  -58.153   2233.3    772.8
     1     1    20     1    27     5     0     1   -52.0  -38.446  -54.807     80.0   1002.6
     2     1    20     1    27     5     0     1   -52.0  -37.556  -53.394     77.8   1000.5
     3     1    20     1    27     5     0     1   -52.0  -37.478  -53.159     53.7   1003.4
     4     1    20     1    27     5     0     1   -52.0  -37.879  -59.133   2652.2    728.7
     5     1    20     1    27     5     0     1   -52.0  -34.077  -58.482   2306.6    767.1
     1     1    20     1    27     4     0     2   -53.0  -38.819  -54.926     80.7   1002.3
     2     1    20     1    27     4     0     2   -53.0  -37.856  -53.529     73.6   1001.3
     3     1    20     1    27     4     0     2   -53.0  -37.749  -53.307     49.0   1004.0
     4     1    20     1    27     4     0     2   -53.0  -38.416  -59.481   2835.8    709.6
     5     1    20     1    27     4     0     2   -53.0  -34.273  -58.802   2351.2    763.9
     1     1    20     1    27     3     0     3   -54.0  -39.205  -55.065     81.0   1002.2
     2     1    20     1    27     3     0     3   -54.0  -38.164  -53.679     68.5   1002.3
     3     1    20     1    27     3     0     3   -54.0  -38.020  -53.482     43.4   1004.9
     4     1    20     1    27     3     0     3   -54.0  -38.995  -59.918   2950.0    704.6
     5     1    20     1    27     3     0     3   -54.0  -34.433  -59.125   2334.8    766.2
     1     1    20     1    27     2     0     2   -55.0  -39.598  -55.223     80.0   1001.5
     2     1    20     1    27     2     0     2   -55.0  -38.473  -53.850     63.9   1002.6
     3     1    20     1    27     2     0     2   -55.0  -38.288  -53.667     38.5   1005.3
     4     1    20     1    27     2     0     2   -55.0  -39.576  -60.415   3005.6    706.1
     5     1    20     1    27     2     0     2   -55.0  -34.603  -59.444   2276.7    774.4
     1     1    20     1    27     1     0     1   -56.0  -39.995  -55.405     76.8   1001.4
     2     1    20     1    27     1     0     1   -56.0  -38.777  -54.059     60.6   1002.7
     3     1    20     1    27     1     0     1   -56.0  -38.537  -53.872     34.8   1005.2
     4     1    20     1    27     1     0     1   -56.0  -40.126  -60.976   3106.5    697.9
     5     1    20     1    27     1     0     1   -56.0  -34.831  -59.737   2165.1    780.7
     1     1    20     1    27     0     0     0   -57.0  -40.408  -55.609     73.7   1001.4
     2     1    20     1    27     0     0     0   -57.0  -39.111  -54.298     59.4   1002.1
     3     1    20     1    27     0     0     0   -57.0  -38.797  -54.113     32.2   1004.7
     4     1    20     1    27     0     0     0   -57.0  -40.657  -61.594   3258.9    684.0
     5     1    20     1    27     0     0     0   -57.0  -35.084  -59.948   1931.3    798.9
     1     1    20     1    26    23     0     1   -58.0  -40.823  -55.840     72.7   1000.4
     2     1    20     1    26    23     0     1   -58.0  -39.424  -54.554     56.3   1001.3
     3     1    20     1    26    23     0     1   -58.0  -39.050  -54.363     30.5   1004.1
     4     1    20     1    26    23     0     1   -58.0  -41.175  -62.231   3381.4    667.0
     5     1    20     1    26    23     0     1   -58.0  -35.343  -60.148   1697.9    831.1
     1     1    20     1    26    22     0     2   -59.0  -41.239  -56.112     72.6    999.6
     2     1    20     1    26    22     0     2   -59.0  -39.651  -54.854     47.4   1001.5
     3     1    20     1    26    22     0     2   -59.0  -39.227  -54.617     27.2   1003.6
     4     1    20     1    26    22     0     2   -59.0  -41.671  -62.857   3478.7    664.5
     5     1    20     1    26    22     0     2   -59.0  -35.595  -60.428   1626.6    838.8
     1     1    20     1    26    21     0     3   -60.0  -41.676  -56.412     70.2    998.9
     2     1    20     1    26    21     0     3   -60.0  -39.816  -55.204     35.4   1002.1
     3     1    20     1    26    21     0     3   -60.0  -39.308  -54.900     20.7   1004.1
     4     1    20     1    26    21     0     3   -60.0  -42.143  -63.490   3744.9    652.4
     5     1    20     1    26    21     0     3   -60.0  -35.863  -60.759   1889.8    823.4
     1     1    20     1    26    20     0     2   -61.0  -42.125  -56.726     64.3    999.0
     2     1    20     1    26    20     0     2   -61.0  -39.954  -55.539     28.5   1003.6
     3     1    20     1    26    20     0     2   -61.0  -39.329  -55.173     15.4   1006.1
     4     1    20     1    26    20     0     2   -61.0  -42.649  -64.204   4118.5    603.7
     5     1    20     1    26    20     0     2   -61.0  -36.115  -61.128   2420.0    749.3
     1     1    20     1    26    19     0     1   -62.0  -42.572  -57.052     60.2    999.4
     2     1    20     1    26    19     0     1   -62.0  -40.037  -55.848     27.0   1003.2
     3     1    20     1    26    19     0     1   -62.0  -39.314  -55.411     13.2   1006.5
     4     1    20     1    26    19     0     1   -62.0  -43.209  -64.963   4074.9    604.2
     5     1    20     1    26    19     0     1   -62.0  -36.343  -61.555   2669.7    705.9
     1     1    20     1    26    18     0     0   -63.0  -43.019  -57.392     61.3    998.1
     2     1    20     1    26    18     0     0   -63.0  -40.019  -56.165     26.3   1002.5
     3     1    20     1    26    18     0     0   -63.0  -39.252  -55.619     12.9   1006.5
     4     1    20     1    26    18     0     0   -63.0  -43.741  -65.670   3869.4    614.0
     5     1    20     1    26    18     0     0   -63.0  -36.575  -61.974   2528.0    739.2
     1     1    20     1    26    17     0     1   -64.0  -43.447  -57.747     62.2    997.2
     2     1    20     1    26    17     0     1   -64.0  -39.944  -56.481     24.3   1003.0
     3     1    20     1    26    17     0     1   -64.0  -39.168  -55.801     13.1   1006.9
     4     1    20     1    26    17     0     1   -64.0  -44.249  -66.354   3709.7    626.8
     5     1    20     1    26    17     0     1   -64.0  -36.828  -62.381   2425.3    756.8
     1     1    20     1    26    16     0     2   -65.0  -43.885  -58.093     61.7    997.0
     2     1    20     1    26    16     0     2   -65.0  -39.872  -56.767     22.4   1003.7
     3     1    20     1    26    16     0     2   -65.0  -39.096  -55.961     13.2   1007.3
     4     1    20     1    26    16     0     2   -65.0  -44.772  -67.083   3677.5    618.9
     5     1    20     1    26    16     0     2   -65.0  -37.104  -62.809   2434.9    746.0
     1     1    20     1    26    15     0     3   -66.0  -44.366  -58.433     62.8    996.8
     2     1    20     1    26    15     0     3   -66.0  -39.789  -57.036     21.7   1004.2
     3     1    20     1    26    15     0     3   -66.0  -39.031  -56.107     13.2   1007.7
     4     1    20     1    26    15     0     3   -66.0  -45.318  -67.853   3782.4    600.7
     5     1    20     1    26    15     0     3   -66.0  -37.401  -63.274   2437.0    741.0
     1     1    20     1    26    14     0     2   -67.0  -44.792  -58.781     69.7    994.9
     2     1    20     1    26    14     0     2   -67.0  -39.703  -57.276     22.5   1004.3
     3     1    20     1    26    14     0     2   -67.0  -38.979  -56.247     13.2   1007.2
     4     1    20     1    26    14     0     2   -67.0  -45.886  -68.689   3948.4    584.1
     5     1    20     1    26    14     0     2   -67.0  -37.668  -63.761   2416.0    746.2
     1     1    20     1    26    13     0     1   -68.0  -45.138  -59.131     81.6    992.5
     2     1    20     1    26    13     0     1   -68.0  -39.628  -57.477     23.7   1004.3
     3     1    20     1    26    13     0     1   -68.0  -38.948  -56.383     13.2   1006.5
     4     1    20     1    26    13     0     1   -68.0  -46.471  -69.583   4054.3    564.7
     5     1    20     1    26    13     0     1   -68.0  -37.934  -64.265   2453.3    740.0
     1     1    20     1    26    12     0     0   -69.0  -45.493  -59.474     90.1    991.0
     2     1    20     1    26    12     0     0   -69.0  -39.557  -57.644     24.2   1004.2
     3     1    20     1    26    12     0     0   -69.0  -38.938  -56.512     13.3   1005.9
     4     1    20     1    26    12     0     0   -69.0  -47.086  -70.480   4174.7    537.0
     5     1    20     1    26    12     0     0   -69.0  -38.211  -64.816   2480.9    733.3
     1     1    20     1    26    11     0     1   -70.0  -45.807  -59.794     92.5    990.2
     2     1    20     1    26    11     0     1   -70.0  -39.478  -57.802     24.6   1004.2
     3     1    20     1    26    11     0     1   -70.0  -38.933  -56.643     13.7   1005.9
     4     1    20     1    26    11     0     1   -70.0  -47.724  -71.511   4527.1    487.3
     5     1    20     1    26    11     0     1   -70.0  -38.458  -65.387   2476.8    735.3
     1     1    20     1    26    10     0     2   -71.0  -45.981  -60.072     88.0    990.0
     2     1    20     1    26    10     0     2   -71.0  -39.382  -57.970     25.7   1004.2
     3     1    20     1    26    10     0     2   -71.0  -38.914  -56.782     15.0   1005.7
     4     1    20     1    26    10     0     2   -71.0  -48.375  -72.473   3890.8    561.7
     5     1    20     1    26    10     0     2   -71.0  -38.667  -65.914   2468.4    735.8
     1     1    20     1    26     9     0     3   -72.0  -46.057  -60.324     80.4    990.0
     2     1    20     1    26     9     0     3   -72.0  -39.264  -58.141     26.9   1004.0
     3     1    20     1    26     9     0     3   -72.0  -38.882  -56.927     17.4   1005.4
     4     1    20     1    26     9     0     3   -72.0  -49.030  -73.534   4114.9    549.2
     5     1    20     1    26     9     0     3   -72.0  -38.884  -66.432   2467.5    734.1
