     5     1
    GDAS    19     4     1     0     0
    GDAS    19     4     8     0     0
    GDAS    19     4    15     0     0
    GDAS    19     4    22     0     0
    GDAS    19     4    29     0     0
     5 BACKWARD OMEGA   
    19     4    28     3  -34.572  -58.513    10.0
    19     4    28     3  -34.572  -58.513   200.0
    19     4    28     3  -34.572  -58.513   500.0
    19     4    28     3  -34.572  -58.513  1000.0
    19     4    28     3  -34.572  -58.513  2000.0
     1 PRESSURE
     1     1    19     4    28     3     0     3     0.0  -34.572  -58.513     10.0   1007.0
     2     1    19     4    28     3     0     3     0.0  -34.572  -58.513    200.0    985.1
     3     1    19     4    28     3     0     3     0.0  -34.572  -58.513    500.0    951.0
     4     1    19     4    28     3     0     3     0.0  -34.572  -58.513   1000.0    896.1
     5     1    19     4    28     3     0     3     0.0  -34.572  -58.513   2000.0    794.9
     1     1    19     4    28     2     0     2    -1.0  -34.610  -58.542     10.0   1007.3
     2     1    19     4    28     2     0     2    -1.0  -34.654  -58.552    202.0    985.1
     3     1    19     4    28     2     0     2    -1.0  -34.645  -58.561    502.7    951.1
     4     1    19     4    28     2     0     2    -1.0  -34.659  -58.593   1012.4    895.2
     5     1    19     4    28     2     0     2    -1.0  -34.830  -58.683   2037.8    792.3
     1     1    19     4    28     1     0     1    -2.0  -34.652  -58.565     10.0   1007.6
     2     1    19     4    28     1     0     1    -2.0  -34.743  -58.582    204.9    984.9
     3     1    19     4    28     1     0     1    -2.0  -34.720  -58.593    511.3    950.2
     4     1    19     4    28     1     0     1    -2.0  -34.745  -58.649   1031.5    893.4
     5     1    19     4    28     1     0     1    -2.0  -35.086  -58.854   2088.9    787.6
     1     1    19     4    28     0     0     0    -3.0  -34.696  -58.584     10.0   1007.8
     2     1    19     4    28     0     0     0    -3.0  -34.837  -58.604    209.4    984.5
     3     1    19     4    28     0     0     0    -3.0  -34.794  -58.610    527.0    948.5
     4     1    19     4    28     0     0     0    -3.0  -34.829  -58.683   1060.3    890.5
     5     1    19     4    28     0     0     0    -3.0  -35.340  -59.028   2145.1    781.1
     1     1    19     4    27    23     0     1    -4.0  -34.747  -58.601     10.0   1007.5
     2     1    19     4    27    23     0     1    -4.0  -34.941  -58.622    214.6    983.9
     3     1    19     4    27    23     0     1    -4.0  -34.877  -58.618    545.0    946.0
     4     1    19     4    27    23     0     1    -4.0  -34.923  -58.702   1094.7    886.5
     5     1    19     4    27    23     0     1    -4.0  -35.595  -59.211   2192.2    775.7
     1     1    19     4    27    22     0     2    -5.0  -34.811  -58.618     10.0   1007.2
     2     1    19     4    27    22     0     2    -5.0  -35.059  -58.638    218.8    983.4
     3     1    19     4    27    22     0     2    -5.0  -34.981  -58.624    560.4    944.5
     4     1    19     4    27    22     0     2    -5.0  -35.037  -58.714   1127.7    883.0
     5     1    19     4    27    22     0     2    -5.0  -35.852  -59.409   2233.9    772.0
     1     1    19     4    27    21     0     3    -6.0  -34.885  -58.636     10.0   1006.9
     2     1    19     4    27    21     0     3    -6.0  -35.189  -58.650    220.3    983.1
     3     1    19     4    27    21     0     3    -6.0  -35.108  -58.625    571.7    943.2
     4     1    19     4    27    21     0     3    -6.0  -35.172  -58.721   1156.3    880.1
     5     1    19     4    27    21     0     3    -6.0  -36.104  -59.624   2289.2    766.1
     1     1    19     4    27    20     0     2    -7.0  -34.969  -58.649     10.0   1006.8
     2     1    19     4    27    20     0     2    -7.0  -35.323  -58.654    220.4    983.5
     3     1    19     4    27    20     0     2    -7.0  -35.249  -58.617    578.9    942.7
     4     1    19     4    27    20     0     2    -7.0  -35.322  -58.723   1182.6    877.7
     5     1    19     4    27    20     0     2    -7.0  -36.348  -59.858   2352.3    755.2
     1     1    19     4    27    19     0     1    -8.0  -35.061  -58.650     10.0   1006.9
     2     1    19     4    27    19     0     1    -8.0  -35.453  -58.644    221.3    983.6
     3     1    19     4    27    19     0     1    -8.0  -35.390  -58.595    585.0    942.3
     4     1    19     4    27    19     0     1    -8.0  -35.476  -58.710   1210.2    874.9
     5     1    19     4    27    19     0     1    -8.0  -36.576  -60.107   2405.2    746.9
     1     1    19     4    27    18     0     0    -9.0  -35.161  -58.640     10.0   1007.3
     2     1    19     4    27    18     0     0    -9.0  -35.576  -58.620    223.1    983.6
     3     1    19     4    27    18     0     0    -9.0  -35.528  -58.557    592.3    941.8
     4     1    19     4    27    18     0     0    -9.0  -35.633  -58.678   1239.8    871.8
     5     1    19     4    27    18     0     0    -9.0  -36.786  -60.365   2441.8    741.5
     1     1    19     4    27    17     0     1   -10.0  -35.269  -58.624     10.0   1008.5
     2     1    19     4    27    17     0     1   -10.0  -35.708  -58.583    224.9    983.5
     3     1    19     4    27    17     0     1   -10.0  -35.679  -58.499    600.5    941.0
     4     1    19     4    27    17     0     1   -10.0  -35.810  -58.625   1270.7    868.6
     5     1    19     4    27    17     0     1   -10.0  -36.982  -60.636   2466.6    739.2
     1     1    19     4    27    16     0     2   -11.0  -35.388  -58.609     10.0   1009.4
     2     1    19     4    27    16     0     2   -11.0  -35.864  -58.530    225.6    983.7
     3     1    19     4    27    16     0     2   -11.0  -35.860  -58.411    606.5    940.4
     4     1    19     4    27    16     0     2   -11.0  -36.027  -58.546   1298.1    865.4
     5     1    19     4    27    16     0     2   -11.0  -37.167  -60.927   2492.2    737.3
     1     1    19     4    27    15     0     3   -12.0  -35.520  -58.589     10.0   1010.0
     2     1    19     4    27    15     0     3   -12.0  -36.045  -58.453    225.6    983.8
     3     1    19     4    27    15     0     3   -12.0  -36.073  -58.282    608.1    940.2
     4     1    19     4    27    15     0     3   -12.0  -36.275  -58.438   1318.0    862.4
     5     1    19     4    27    15     0     3   -12.0  -37.343  -61.239   2520.7    732.2
     1     1    19     4    27    14     0     2   -13.0  -35.663  -58.556     10.0   1010.0
     2     1    19     4    27    14     0     2   -13.0  -36.246  -58.340    228.1    983.1
     3     1    19     4    27    14     0     2   -13.0  -36.295  -58.099    613.5    940.2
     4     1    19     4    27    14     0     2   -13.0  -36.527  -58.321   1345.1    860.5
     5     1    19     4    27    14     0     2   -13.0  -37.515  -61.571   2550.8    722.9
     1     1    19     4    27    13     0     1   -14.0  -35.815  -58.502     10.0   1010.0
     2     1    19     4    27    13     0     1   -14.0  -36.457  -58.177    236.7    982.3
     3     1    19     4    27    13     0     1   -14.0  -36.509  -57.849    632.8    938.8
     4     1    19     4    27    13     0     1   -14.0  -36.773  -58.205   1404.6    855.8
     5     1    19     4    27    13     0     1   -14.0  -37.686  -61.917   2580.1    710.8
     1     1    19     4    27    12     0     0   -15.0  -35.980  -58.421     10.0   1010.0
     2     1    19     4    27    12     0     0   -15.0  -36.671  -57.954    255.3    981.5
     3     1    19     4    27    12     0     0   -15.0  -36.708  -57.529    665.5    935.0
     4     1    19     4    27    12     0     0   -15.0  -37.023  -58.083   1524.9    846.1
     5     1    19     4    27    12     0     0   -15.0  -37.856  -62.272   2615.3    706.4
     1     1    19     4    27    11     0     1   -16.0  -36.144  -58.330      9.6   1009.4
     2     1    19     4    27    11     0     1   -16.0  -36.870  -57.647    271.8    977.9
     3     1    19     4    27    11     0     1   -16.0  -36.867  -57.142    702.6    929.6
     4     1    19     4    27    11     0     1   -16.0  -37.219  -57.996   1624.5    825.3
     5     1    19     4    27    11     0     1   -16.0  -38.015  -62.617   2655.0    709.1
     1     1    19     4    27    10     0     2   -17.0  -36.295  -58.244      8.3   1009.0
     2     1    19     4    27    10     0     2   -17.0  -37.039  -57.254    276.5    977.7
     3     1    19     4    27    10     0     2   -17.0  -36.956  -56.683    719.7    926.6
     4     1    19     4    27    10     0     2   -17.0  -37.341  -57.941   1643.6    824.7
     5     1    19     4    27    10     0     2   -17.0  -38.161  -62.938   2710.6    714.8
     1     1    19     4    27     9     0     3   -18.0  -36.437  -58.147      6.1   1008.8
     2     1    19     4    27     9     0     3   -18.0  -37.165  -56.773    271.7    978.7
     3     1    19     4    27     9     0     3   -18.0  -36.961  -56.145    641.4    930.7
     4     1    19     4    27     9     0     3   -18.0  -37.408  -57.903   1609.4    828.9
     5     1    19     4    27     9     0     3   -18.0  -38.307  -63.239   2778.6    713.3
     1     1    19     4    27     8     0     2   -19.0  -36.573  -58.021      3.2   1009.3
     2     1    19     4    27     8     0     2   -19.0  -37.232  -56.230    241.9    983.2
     3     1    19     4    27     8     0     2   -19.0  -36.925  -55.540    534.5    955.2
     4     1    19     4    27     8     0     2   -19.0  -37.422  -57.856   1551.5    837.4
     5     1    19     4    27     8     0     2   -19.0  -38.449  -63.536   2859.3    707.5
     1     1    19     4    27     7     0     1   -20.0  -36.699  -57.854      0.3   1009.8
     2     1    19     4    27     7     0     1   -20.0  -37.242  -55.676    202.6    991.3
     3     1    19     4    27     7     0     1   -20.0  -36.816  -54.943    489.2    960.6
     4     1    19     4    27     7     0     1   -20.0  -37.376  -57.776   1488.0    844.9
     5     1    19     4    27     7     0     1   -20.0  -38.583  -63.839   2937.5    701.9
     1     1    19     4    27     6     0     0   -21.0  -36.806  -57.650      0.0   1010.7
     2     1    19     4    27     6     0     0   -21.0  -37.200  -55.158    173.0    995.9
     3     1    19     4    27     6     0     0   -21.0  -36.599  -54.354    458.2    960.4
     4     1    19     4    27     6     0     0   -21.0  -37.268  -57.629   1412.6    853.6
     5     1    19     4    27     6     0     0   -21.0  -38.715  -64.151   3005.7    695.8
     1     1    19     4    27     5     0     1   -22.0  -36.891  -57.431      0.0   1012.5
     2     1    19     4    27     5     0     1   -22.0  -37.115  -54.682    149.5    999.2
     3     1    19     4    27     5     0     1   -22.0  -36.330  -53.762    423.7    967.1
     4     1    19     4    27     5     0     1   -22.0  -37.116  -57.377   1304.9    864.3
     5     1    19     4    27     5     0     1   -22.0  -38.845  -64.474   3063.4    689.9
     1     1    19     4    27     4     0     2   -23.0  -36.956  -57.222      0.0   1014.4
     2     1    19     4    27     4     0     2   -23.0  -36.998  -54.226    128.5   1002.1
     3     1    19     4    27     4     0     2   -23.0  -36.053  -53.191    395.8    970.3
     4     1    19     4    27     4     0     2   -23.0  -36.953  -57.000   1094.7    881.8
     5     1    19     4    27     4     0     2   -23.0  -38.970  -64.811   3116.7    684.7
     1     1    19     4    27     3     0     3   -24.0  -37.004  -57.033      0.0   1016.3
     2     1    19     4    27     3     0     3   -24.0  -36.849  -53.792    112.4   1004.9
     3     1    19     4    27     3     0     3   -24.0  -35.785  -52.645    375.3    974.1
     4     1    19     4    27     3     0     3   -24.0  -36.790  -56.509    861.6    922.6
     5     1    19     4    27     3     0     3   -24.0  -39.089  -65.165   3162.0    678.9
     1     1    19     4    27     2     0     2   -25.0  -37.028  -56.835      0.0   1016.6
     2     1    19     4    27     2     0     2   -25.0  -36.676  -53.366    101.8   1006.3
     3     1    19     4    27     2     0     2   -25.0  -35.534  -52.107    359.6    975.6
     4     1    19     4    27     2     0     2   -25.0  -36.581  -55.970    760.5    937.5
     5     1    19     4    27     2     0     2   -25.0  -39.208  -65.530   3198.5    674.4
     1     1    19     4    27     1     0     1   -26.0  -37.016  -56.584      0.0   1016.8
     2     1    19     4    27     1     0     1   -26.0  -36.486  -52.927     92.1   1008.0
     3     1    19     4    27     1     0     1   -26.0  -35.302  -51.571    346.7    978.8
     4     1    19     4    27     1     0     1   -26.0  -36.331  -55.417    735.6    932.4
     5     1    19     4    27     1     0     1   -26.0  -39.333  -65.903   3235.5    669.2
     1     1    19     4    27     0     0     0   -27.0  -36.962  -56.269      0.0   1017.0
     2     1    19     4    27     0     0     0   -27.0  -36.295  -52.482     82.5   1010.3
     3     1    19     4    27     0     0     0   -27.0  -35.096  -51.052    342.7    980.1
     4     1    19     4    27     0     0     0   -27.0  -36.077  -54.855    711.7    935.6
     5     1    19     4    27     0     0     0   -27.0  -39.464  -66.273   3276.6    664.3
     1     1    19     4    26    23     0     1   -28.0  -36.867  -55.880      0.0   1018.0
     2     1    19     4    26    23     0     1   -28.0  -36.113  -52.034     74.1   1012.3
     3     1    19     4    26    23     0     1   -28.0  -34.912  -50.551    339.8    980.2
     4     1    19     4    26    23     0     1   -28.0  -35.814  -54.275    696.0    938.7
     5     1    19     4    26    23     0     1   -28.0  -39.585  -66.647   3311.6    660.0
     1     1    19     4    26    22     0     2   -29.0  -36.761  -55.463      0.0   1018.7
     2     1    19     4    26    22     0     2   -29.0  -35.949  -51.588     67.9   1013.5
     3     1    19     4    26    22     0     2   -29.0  -34.747  -50.063    331.8    981.6
     4     1    19     4    26    22     0     2   -29.0  -35.552  -53.688    697.4    939.0
     5     1    19     4    26    22     0     2   -29.0  -39.685  -67.039   3330.5    657.1
     1     1    19     4    26    21     0     3   -30.0  -36.666  -55.044      0.0   1019.1
     2     1    19     4    26    21     0     3   -30.0  -35.808  -51.151     64.7   1014.0
     3     1    19     4    26    21     0     3   -30.0  -34.605  -49.591    322.6    983.6
     4     1    19     4    26    21     0     3   -30.0  -35.316  -53.127    708.8    937.7
     5     1    19     4    26    21     0     3   -30.0  -39.770  -67.447   3331.5    645.7
     1     1    19     4    26    20     0     2   -31.0  -36.575  -54.628      0.0   1019.7
     2     1    19     4    26    20     0     2   -31.0  -35.686  -50.734     62.3   1015.0
     3     1    19     4    26    20     0     2   -31.0  -34.481  -49.140    325.8    985.2
     4     1    19     4    26    20     0     2   -31.0  -35.100  -52.589    717.3    936.7
     5     1    19     4    26    20     0     2   -31.0  -39.851  -67.863   3347.5    630.0
     1     1    19     4    26    19     0     1   -32.0  -36.478  -54.220      0.0   1020.1
     2     1    19     4    26    19     0     1   -32.0  -35.572  -50.338     60.1   1016.4
     3     1    19     4    26    19     0     1   -32.0  -34.369  -48.718    352.1    983.0
     4     1    19     4    26    19     0     1   -32.0  -34.899  -52.066    722.2    937.7
     5     1    19     4    26    19     0     1   -32.0  -39.938  -68.278   3386.9    614.0
     1     1    19     4    26    18     0     0   -33.0  -36.373  -53.808      0.0   1020.5
     2     1    19     4    26    18     0     0   -33.0  -35.466  -49.958     59.0   1018.0
     3     1    19     4    26    18     0     0   -33.0  -34.270  -48.333    400.8    978.0
     4     1    19     4    26    18     0     0   -33.0  -34.718  -51.557    731.1    937.6
     5     1    19     4    26    18     0     0   -33.0  -40.035  -68.691   3443.9    599.2
     1     1    19     4    26    17     0     1   -34.0  -36.264  -53.397      0.0   1021.7
     2     1    19     4    26    17     0     1   -34.0  -35.377  -49.591     59.1   1017.9
     3     1    19     4    26    17     0     1   -34.0  -34.190  -47.965    454.2    970.5
     4     1    19     4    26    17     0     1   -34.0  -34.560  -51.053    739.0    936.5
     5     1    19     4    26    17     0     1   -34.0  -40.145  -69.102   3509.8    589.3
     1     1    19     4    26    16     0     2   -35.0  -36.156  -52.988      0.0   1022.6
     2     1    19     4    26    16     0     2   -35.0  -35.310  -49.231     59.2   1017.8
     3     1    19     4    26    16     0     2   -35.0  -34.133  -47.588    491.2    965.9
     4     1    19     4    26    16     0     2   -35.0  -34.431  -50.547    761.5    937.1
     5     1    19     4    26    16     0     2   -35.0  -40.257  -69.507   3576.2    589.6
     1     1    19     4    26    15     0     3   -36.0  -36.062  -52.569      0.0   1023.4
     2     1    19     4    26    15     0     3   -36.0  -35.264  -48.875     59.3   1017.8
     3     1    19     4    26    15     0     3   -36.0  -34.097  -47.195    517.3    964.2
     4     1    19     4    26    15     0     3   -36.0  -34.331  -50.050    829.8    931.1
     5     1    19     4    26    15     0     3   -36.0  -40.373  -69.906   3614.6    588.3
     1     1    19     4    26    14     0     2   -37.0  -35.989  -52.137      0.0   1023.4
     2     1    19     4    26    14     0     2   -37.0  -35.239  -48.525     60.0   1018.6
     3     1    19     4    26    14     0     2   -37.0  -34.085  -46.808    543.2    961.8
     4     1    19     4    26    14     0     2   -37.0  -34.254  -49.578    909.2    918.0
     5     1    19     4    26    14     0     2   -37.0  -40.485  -70.300   3641.9    583.0
     1     1    19     4    26    13     0     1   -38.0  -35.937  -51.711      0.0   1023.4
     2     1    19     4    26    13     0     1   -38.0  -35.236  -48.189     62.3   1019.4
     3     1    19     4    26    13     0     1   -38.0  -34.101  -46.447    571.2    959.2
     4     1    19     4    26    13     0     1   -38.0  -34.201  -49.137    958.7    913.2
     5     1    19     4    26    13     0     1   -38.0  -40.593  -70.690   3708.7    574.3
     1     1    19     4    26    12     0     0   -39.0  -35.907  -51.303      0.0   1023.5
     2     1    19     4    26    12     0     0   -39.0  -35.255  -47.873     66.0   1020.0
     3     1    19     4    26    12     0     0   -39.0  -34.144  -46.111    606.3    956.2
     4     1    19     4    26    12     0     0   -39.0  -34.172  -48.725    992.8    911.1
     5     1    19     4    26    12     0     0   -39.0  -40.709  -71.077   3823.5    562.4
     1     1    19     4    26    11     0     1   -40.0  -35.899  -50.917      0.0   1024.7
     2     1    19     4    26    11     0     1   -40.0  -35.291  -47.577     69.5   1019.1
     3     1    19     4    26    11     0     1   -40.0  -34.208  -45.803    643.1    951.0
     4     1    19     4    26    11     0     1   -40.0  -34.163  -48.343   1026.7    907.6
     5     1    19     4    26    11     0     1   -40.0  -40.825  -71.455   3947.9    549.7
     1     1    19     4    26    10     0     2   -41.0  -35.904  -50.557      0.0   1026.0
     2     1    19     4    26    10     0     2   -41.0  -35.338  -47.304     71.2   1018.8
     3     1    19     4    26    10     0     2   -41.0  -34.287  -45.529    671.3    947.2
     4     1    19     4    26    10     0     2   -41.0  -34.169  -47.997   1068.5    903.5
     5     1    19     4    26    10     0     2   -41.0  -40.928  -71.813   4054.4    542.9
     1     1    19     4    26     9     0     3   -42.0  -35.923  -50.222      0.0   1026.6
     2     1    19     4    26     9     0     3   -42.0  -35.394  -47.055     71.7   1018.6
     3     1    19     4    26     9     0     3   -42.0  -34.380  -45.286    690.6    944.9
     4     1    19     4    26     9     0     3   -42.0  -34.190  -47.685   1120.4    897.6
     5     1    19     4    26     9     0     3   -42.0  -41.023  -72.146   4172.5    545.6
     1     1    19     4    26     8     0     2   -43.0  -35.954  -49.910      0.0   1026.7
     2     1    19     4    26     8     0     2   -43.0  -35.460  -46.828     71.5   1018.7
     3     1    19     4    26     8     0     2   -43.0  -34.484  -45.067    710.1    943.6
     4     1    19     4    26     8     0     2   -43.0  -34.223  -47.403   1175.9    891.6
     5     1    19     4    26     8     0     2   -43.0  -41.110  -72.450   4304.2    554.6
     1     1    19     4    26     7     0     1   -44.0  -35.996  -49.620      0.0   1026.7
     2     1    19     4    26     7     0     1   -44.0  -35.536  -46.621     71.2   1018.7
     3     1    19     4    26     7     0     1   -44.0  -34.592  -44.868    738.4    940.5
     4     1    19     4    26     7     0     1   -44.0  -34.262  -47.152   1230.1    885.7
     5     1    19     4    26     7     0     1   -44.0  -41.187  -72.723   4418.2    563.7
     1     1    19     4    26     6     0     0   -45.0  -36.048  -49.352      0.0   1026.6
     2     1    19     4    26     6     0     0   -45.0  -35.620  -46.430     71.0   1018.7
     3     1    19     4    26     6     0     0   -45.0  -34.703  -44.688    775.6    936.3
     4     1    19     4    26     6     0     0   -45.0  -34.302  -46.930   1283.1    880.2
     5     1    19     4    26     6     0     0   -45.0  -41.258  -72.972   4513.5    572.8
     1     1    19     4    26     5     0     1   -46.0  -36.111  -49.091      0.0   1026.4
     2     1    19     4    26     5     0     1   -46.0  -35.716  -46.244     71.0   1018.5
     3     1    19     4    26     5     0     1   -46.0  -34.826  -44.515    816.0    931.3
     4     1    19     4    26     5     0     1   -46.0  -34.350  -46.719   1332.8    874.5
     5     1    19     4    26     5     0     1   -46.0  -41.322  -73.208   4572.0    572.8
     1     1    19     4    26     4     0     2   -47.0  -36.186  -48.818      0.0   1026.2
     2     1    19     4    26     4     0     2   -47.0  -35.830  -46.051     71.0   1018.4
     3     1    19     4    26     4     0     2   -47.0  -34.973  -44.337    854.3    927.1
     4     1    19     4    26     4     0     2   -47.0  -34.416  -46.500   1377.6    869.8
     5     1    19     4    26     4     0     2   -47.0  -41.379  -73.446   4629.9    570.0
     1     1    19     4    26     3     0     3   -48.0  -36.276  -48.534      0.0   1026.0
     2     1    19     4    26     3     0     3   -48.0  -35.960  -45.854     71.0   1018.3
     3     1    19     4    26     3     0     3   -48.0  -35.144  -44.156    890.0    923.1
     4     1    19     4    26     3     0     3   -48.0  -34.500  -46.276   1417.9    865.5
     5     1    19     4    26     3     0     3   -48.0  -41.430  -73.689   4689.8    566.6
     1     1    19     4    26     2     0     2   -49.0  -36.381  -48.261      0.0   1026.0
     2     1    19     4    26     2     0     2   -49.0  -36.106  -45.668     71.0   1018.3
     3     1    19     4    26     2     0     2   -49.0  -35.330  -43.984    927.3    919.2
     4     1    19     4    26     2     0     2   -49.0  -34.603  -46.059   1455.4    861.9
     5     1    19     4    26     2     0     2   -49.0  -41.475  -73.939   4748.1    562.9
     1     1    19     4    26     1     0     1   -50.0  -36.504  -48.016      0.3   1026.0
     2     1    19     4    26     1     0     1   -50.0  -36.267  -45.509     71.0   1018.3
     3     1    19     4    26     1     0     1   -50.0  -35.525  -43.829    965.7    914.2
     4     1    19     4    26     1     0     1   -50.0  -34.718  -45.861   1491.9    858.1
     5     1    19     4    26     1     0     1   -50.0  -41.510  -74.186   4800.9    559.5
     1     1    19     4    26     0     0     0   -51.0  -36.645  -47.803      0.7   1026.0
     2     1    19     4    26     0     0     0   -51.0  -36.445  -45.374     71.0   1018.2
     3     1    19     4    26     0     0     0   -51.0  -35.729  -43.687    997.0    910.3
     4     1    19     4    26     0     0     0   -51.0  -34.847  -45.684   1525.6    854.3
     5     1    19     4    26     0     0     0   -51.0  -41.527  -74.415   4847.5    556.7
     1     1    19     4    25    23     0     1   -52.0  -36.806  -47.614      1.2   1025.7
     2     1    19     4    25    23     0     1   -52.0  -36.644  -45.259     71.0   1018.0
     3     1    19     4    25    23     0     1   -52.0  -35.951  -43.562   1018.8    907.7
     4     1    19     4    25    23     0     1   -52.0  -34.989  -45.533   1556.0    851.1
     5     1    19     4    25    23     0     1   -52.0  -41.533  -74.627   4882.8    554.4
     1     1    19     4    25    22     0     2   -53.0  -36.994  -47.441      1.4   1025.4
     2     1    19     4    25    22     0     2   -53.0  -36.866  -45.159     71.0   1017.8
     3     1    19     4    25    22     0     2   -53.0  -36.196  -43.466   1033.1    906.1
     4     1    19     4    25    22     0     2   -53.0  -35.148  -45.419   1586.6    848.0
     5     1    19     4    25    22     0     2   -53.0  -41.532  -74.824   4902.0    553.8
     1     1    19     4    25    21     0     3   -54.0  -37.210  -47.290      1.5   1025.4
     2     1    19     4    25    21     0     3   -54.0  -37.114  -45.076     71.0   1017.5
     3     1    19     4    25    21     0     3   -54.0  -36.462  -43.400   1043.2    904.9
     4     1    19     4    25    21     0     3   -54.0  -35.327  -45.349   1619.9    844.5
     5     1    19     4    25    21     0     3   -54.0  -41.527  -75.007   4907.4    554.1
     1     1    19     4    25    20     0     2   -55.0  -37.445  -47.170      1.5   1025.5
     2     1    19     4    25    20     0     2   -55.0  -37.380  -45.018     71.0   1017.5
     3     1    19     4    25    20     0     2   -55.0  -36.744  -43.364   1056.6    904.1
     4     1    19     4    25    20     0     2   -55.0  -35.523  -45.316   1650.8    840.7
     5     1    19     4    25    20     0     2   -55.0  -41.514  -75.170   4905.6    554.8
     1     1    19     4    25    19     0     1   -56.0  -37.686  -47.087      1.5   1025.4
     2     1    19     4    25    19     0     1   -56.0  -37.652  -44.991     71.0   1017.5
     3     1    19     4    25    19     0     1   -56.0  -37.040  -43.359   1082.7    901.4
     4     1    19     4    25    19     0     1   -56.0  -35.726  -45.310   1672.8    838.4
     5     1    19     4    25    19     0     1   -56.0  -41.493  -75.310   4904.7    555.0
     1     1    19     4    25    18     0     0   -57.0  -37.931  -47.039      1.5   1025.3
     2     1    19     4    25    18     0     0   -57.0  -37.924  -44.997     71.0   1017.5
     3     1    19     4    25    18     0     0   -57.0  -37.343  -43.385   1123.9    896.8
     4     1    19     4    25    18     0     0   -57.0  -35.930  -45.327   1685.5    837.1
     5     1    19     4    25    18     0     0   -57.0  -41.467  -75.427   4904.4    555.1
     1     1    19     4    25    17     0     1   -58.0  -38.181  -47.014      1.6   1025.8
     2     1    19     4    25    17     0     1   -58.0  -38.199  -45.023     72.4   1017.4
     3     1    19     4    25    17     0     1   -58.0  -37.651  -43.436   1177.2    890.7
     4     1    19     4    25    17     0     1   -58.0  -36.131  -45.362   1695.0    836.7
     5     1    19     4    25    17     0     1   -58.0  -41.442  -75.532   4907.3    555.2
     1     1    19     4    25    16     0     2   -59.0  -38.438  -47.001      1.8   1026.7
     2     1    19     4    25    16     0     2   -59.0  -38.480  -45.056     75.7   1016.8
     3     1    19     4    25    16     0     2   -59.0  -37.962  -43.506   1240.4    883.5
     4     1    19     4    25    16     0     2   -59.0  -36.334  -45.412   1710.3    835.2
     5     1    19     4    25    16     0     2   -59.0  -41.423  -75.638   4914.8    554.6
     1     1    19     4    25    15     0     3   -60.0  -38.695  -46.994      1.9   1027.6
     2     1    19     4    25    15     0     3   -60.0  -38.762  -45.095     78.8   1016.2
     3     1    19     4    25    15     0     3   -60.0  -38.276  -43.589   1309.0    875.2
     4     1    19     4    25    15     0     3   -60.0  -36.539  -45.475   1735.1    832.6
     5     1    19     4    25    15     0     3   -60.0  -41.406  -75.745   4923.9    553.9
     1     1    19     4    25    14     0     2   -61.0  -38.947  -47.000      1.9   1027.5
     2     1    19     4    25    14     0     2   -61.0  -39.041  -45.146     80.0   1016.0
     3     1    19     4    25    14     0     2   -61.0  -38.587  -43.684   1368.3    867.7
     4     1    19     4    25    14     0     2   -61.0  -36.750  -45.552   1773.9    829.0
     5     1    19     4    25    14     0     2   -61.0  -41.382  -75.854   4930.7    553.1
     1     1    19     4    25    13     0     1   -62.0  -39.202  -47.023      1.9   1026.5
     2     1    19     4    25    13     0     1   -62.0  -39.325  -45.205     80.0   1016.1
     3     1    19     4    25    13     0     1   -62.0  -38.900  -43.788   1402.8    863.1
     4     1    19     4    25    13     0     1   -62.0  -36.969  -45.635   1833.8    823.2
     5     1    19     4    25    13     0     1   -62.0  -41.340  -75.966   4933.4    552.9
     1     1    19     4    25    12     0     0   -63.0  -39.467  -47.057      1.9   1025.4
     2     1    19     4    25    12     0     0   -63.0  -39.623  -45.269     80.0   1016.1
     3     1    19     4    25    12     0     0   -63.0  -39.230  -43.893   1409.6    862.4
     4     1    19     4    25    12     0     0   -63.0  -37.195  -45.719   1917.2    814.5
     5     1    19     4    25    12     0     0   -63.0  -41.281  -76.078   4934.9    552.9
     1     1    19     4    25    11     0     1   -64.0  -39.743  -47.095      1.9   1025.4
     2     1    19     4    25    11     0     1   -64.0  -39.942  -45.338     80.0   1015.3
     3     1    19     4    25    11     0     1   -64.0  -39.592  -44.003   1410.4    863.4
     4     1    19     4    25    11     0     1   -64.0  -37.435  -45.820   2008.0    803.3
     5     1    19     4    25    11     0     1   -64.0  -41.202  -76.186   4939.9    552.7
     1     1    19     4    25    10     0     2   -65.0  -40.029  -47.133      1.9   1025.4
     2     1    19     4    25    10     0     2   -65.0  -40.286  -45.416     80.0   1014.6
     3     1    19     4    25    10     0     2   -65.0  -39.994  -44.126   1423.0    861.5
     4     1    19     4    25    10     0     2   -65.0  -37.689  -45.945   2085.3    794.5
     5     1    19     4    25    10     0     2   -65.0  -41.102  -76.290   4952.5    551.9
     1     1    19     4    25     9     0     3   -66.0  -40.329  -47.179      1.9   1025.4
     2     1    19     4    25     9     0     3   -66.0  -40.649  -45.513     80.0   1013.5
     3     1    19     4    25     9     0     3   -66.0  -40.428  -44.273   1454.8    858.2
     4     1    19     4    25     9     0     3   -66.0  -37.956  -46.078   2137.9    788.4
     5     1    19     4    25     9     0     3   -66.0  -40.985  -76.385   4974.7    550.3
     1     1    19     4    25     8     0     2   -67.0  -40.646  -47.249      1.9   1024.4
     2     1    19     4    25     8     0     2   -67.0  -41.025  -45.642     80.0   1013.0
     3     1    19     4    25     8     0     2   -67.0  -40.877  -44.466   1504.2    851.6
     4     1    19     4    25     8     0     2   -67.0  -38.239  -46.227   2160.5    785.9
     5     1    19     4    25     8     0     2   -67.0  -40.860  -76.458   4999.9    548.1
     1     1    19     4    25     7     0     1   -68.0  -40.975  -47.356      1.9   1023.3
     2     1    19     4    25     7     0     1   -68.0  -41.406  -45.810     80.0   1012.9
     3     1    19     4    25     7     0     1   -68.0  -41.331  -44.715   1563.8    844.8
     4     1    19     4    25     7     0     1   -68.0  -38.535  -46.407   2153.1    786.3
     5     1    19     4    25     7     0     1   -68.0  -40.734  -76.500   5022.3    546.8
     1     1    19     4    25     6     0     0   -69.0  -41.302  -47.495      1.9   1022.2
     2     1    19     4    25     6     0     0   -69.0  -41.786  -46.010     80.0   1012.9
     3     1    19     4    25     6     0     0   -69.0  -41.788  -45.012   1635.1    836.9
     4     1    19     4    25     6     0     0   -69.0  -38.840  -46.596   2112.8    789.6
     5     1    19     4    25     6     0     0   -69.0  -40.603  -76.513   5046.2    545.3
     1     1    19     4    25     5     0     1   -70.0  -41.624  -47.649      2.0   1022.4
     2     1    19     4    25     5     0     1   -70.0  -42.166  -46.225     79.7   1012.2
     3     1    19     4    25     5     0     1   -70.0  -42.243  -45.322   1705.8    827.6
     4     1    19     4    25     5     0     1   -70.0  -39.150  -46.806   2071.4    796.7
     5     1    19     4    25     5     0     1   -70.0  -40.474  -76.496   5075.1    543.4
     1     1    19     4    25     4     0     2   -71.0  -41.948  -47.804      2.1   1022.5
     2     1    19     4    25     4     0     2   -71.0  -42.552  -46.431     78.8   1011.6
     3     1    19     4    25     4     0     2   -71.0  -42.704  -45.610   1764.0    821.0
     4     1    19     4    25     4     0     2   -71.0  -39.469  -47.059   2079.4    797.0
     5     1    19     4    25     4     0     2   -71.0  -40.352  -76.447   5107.9    540.9
     1     1    19     4    25     3     0     3   -72.0  -42.276  -47.959      2.1   1022.6
     2     1    19     4    25     3     0     3   -72.0  -42.945  -46.628     78.3   1010.6
     3     1    19     4    25     3     0     3   -72.0  -43.183  -45.875   1814.5    815.7
     4     1    19     4    25     3     0     3   -72.0  -39.801  -47.331   2149.6    789.4
     5     1    19     4    25     3     0     3   -72.0  -40.236  -76.366   5141.0    538.4
