     4     1
    GDAS    19     8     1     0     0
    GDAS    19     8     8     0     0
    GDAS    19     8    15     0     0
    GDAS    19     8    22     0     0
     3 BACKWARD OMEGA   
    19     8    20     9  -34.572  -58.513    10.0
    19     8    20     9  -34.572  -58.513   200.0
    19     8    20     9  -34.572  -58.513   500.0
     1 PRESSURE
     1     1    19     8    20     9     0     3     0.0  -34.572  -58.513     10.0   1025.5
     2     1    19     8    20     9     0     3     0.0  -34.572  -58.513    200.0   1002.5
     3     1    19     8    20     9     0     3     0.0  -34.572  -58.513    500.0    965.5
     1     1    19     8    20     8     0     2    -1.0  -34.602  -58.457     11.8   1025.3
     2     1    19     8    20     8     0     2    -1.0  -34.616  -58.378    230.8    998.6
     3     1    19     8    20     8     0     2    -1.0  -34.614  -58.368    539.0    961.5
     1     1    19     8    20     7     0     1    -2.0  -34.634  -58.398     14.5   1024.9
     2     1    19     8    20     7     0     1    -2.0  -34.667  -58.234    268.9    993.6
     3     1    19     8    20     7     0     1    -2.0  -34.659  -58.210    587.8    955.7
     1     1    19     8    20     6     0     0    -3.0  -34.668  -58.338     18.1   1024.3
     2     1    19     8    20     6     0     0    -3.0  -34.723  -58.077    312.6    988.4
     3     1    19     8    20     6     0     0    -3.0  -34.707  -58.033    643.9    949.3
     1     1    19     8    20     5     0     1    -4.0  -34.705  -58.270     22.9   1023.3
     2     1    19     8    20     5     0     1    -4.0  -34.786  -57.906    362.2    983.2
     3     1    19     8    20     5     0     1    -4.0  -34.771  -57.855    698.8    941.6
     1     1    19     8    20     4     0     2    -5.0  -34.741  -58.189     29.4   1022.0
     2     1    19     8    20     4     0     2    -5.0  -34.860  -57.724    414.4    976.9
     3     1    19     8    20     4     0     2    -5.0  -34.857  -57.692    747.2    936.6
     1     1    19     8    20     3     0     3    -6.0  -34.775  -58.091     38.9   1020.5
     2     1    19     8    20     3     0     3    -6.0  -34.950  -57.543    464.9    971.3
     3     1    19     8    20     3     0     3    -6.0  -34.962  -57.543    794.2    932.7
     1     1    19     8    20     2     0     2    -7.0  -34.810  -57.983     51.7   1019.0
     2     1    19     8    20     2     0     2    -7.0  -35.055  -57.381    507.8    966.1
     3     1    19     8    20     2     0     2    -7.0  -35.079  -57.413    841.8    927.6
     1     1    19     8    20     1     0     1    -8.0  -34.852  -57.874     64.9   1018.0
     2     1    19     8    20     1     0     1    -8.0  -35.170  -57.245    539.0    962.4
     3     1    19     8    20     1     0     1    -8.0  -35.199  -57.309    885.9    922.3
     1     1    19     8    20     0     0     0    -9.0  -34.905  -57.765     75.7   1017.5
     2     1    19     8    20     0     0     0    -9.0  -35.296  -57.127    556.9    960.0
     3     1    19     8    20     0     0     0    -9.0  -35.318  -57.223    919.7    918.0
     1     1    19     8    19    23     0     1   -10.0  -34.967  -57.662     79.6   1016.8
     2     1    19     8    19    23     0     1   -10.0  -35.427  -57.027    571.5    959.3
     3     1    19     8    19    23     0     1   -10.0  -35.436  -57.150    947.5    915.3
     1     1    19     8    19    22     0     2   -11.0  -35.036  -57.572     75.6   1017.9
     2     1    19     8    19    22     0     2   -11.0  -35.558  -56.947    599.2    956.1
     3     1    19     8    19    22     0     2   -11.0  -35.552  -57.095    983.5    911.2
     1     1    19     8    19    21     0     3   -12.0  -35.114  -57.492     68.8   1018.8
     2     1    19     8    19    21     0     3   -12.0  -35.690  -56.887    645.5    950.7
     3     1    19     8    19    21     0     3   -12.0  -35.674  -57.061   1036.1    904.7
     1     1    19     8    19    20     0     2   -13.0  -35.198  -57.421     64.3   1019.9
     2     1    19     8    19    20     0     2   -13.0  -35.822  -56.845    712.6    942.7
     3     1    19     8    19    20     0     2   -13.0  -35.799  -57.048   1110.9    896.8
     1     1    19     8    19    19     0     1   -14.0  -35.282  -57.359     64.0   1020.2
     2     1    19     8    19    19     0     1   -14.0  -35.950  -56.822    804.5    932.4
     3     1    19     8    19    19     0     1   -14.0  -35.923  -57.058   1209.6    886.1
     1     1    19     8    19    18     0     0   -15.0  -35.364  -57.307     66.5   1020.4
     2     1    19     8    19    18     0     0   -15.0  -36.077  -56.815    920.6    919.3
     3     1    19     8    19    18     0     0   -15.0  -36.046  -57.089   1319.9    873.4
     1     1    19     8    19    17     0     1   -16.0  -35.450  -57.259     71.3   1020.7
     2     1    19     8    19    17     0     1   -16.0  -36.207  -56.815   1023.8    903.4
     3     1    19     8    19    17     0     1   -16.0  -36.165  -57.131   1402.5    861.0
     1     1    19     8    19    16     0     2   -17.0  -35.548  -57.211     78.8   1020.5
     2     1    19     8    19    16     0     2   -17.0  -36.339  -56.812   1083.5    897.1
     3     1    19     8    19    16     0     2   -17.0  -36.280  -57.171   1443.4    857.8
     1     1    19     8    19    15     0     3   -18.0  -35.659  -57.162     89.2   1019.6
     2     1    19     8    19    15     0     3   -18.0  -36.473  -56.801   1107.8    895.1
     3     1    19     8    19    15     0     3   -18.0  -36.393  -57.205   1458.7    857.0
     1     1    19     8    19    14     0     2   -19.0  -35.791  -57.122     99.4   1017.7
     2     1    19     8    19    14     0     2   -19.0  -36.620  -56.783   1116.5    895.8
     3     1    19     8    19    14     0     2   -19.0  -36.511  -57.230   1468.5    857.5
     1     1    19     8    19    13     0     1   -20.0  -35.948  -57.104    106.4   1016.9
     2     1    19     8    19    13     0     1   -20.0  -36.789  -56.760   1129.3    894.9
     3     1    19     8    19    13     0     1   -20.0  -36.641  -57.247   1491.7    855.4
     1     1    19     8    19    12     0     0   -21.0  -36.125  -57.110    109.1   1016.4
     2     1    19     8    19    12     0     0   -21.0  -36.977  -56.734   1155.9    892.4
     3     1    19     8    19    12     0     0   -21.0  -36.785  -57.255   1535.9    851.0
     1     1    19     8    19    11     0     1   -22.0  -36.306  -57.132    108.2   1016.1
     2     1    19     8    19    11     0     1   -22.0  -37.178  -56.715   1200.8    886.8
     3     1    19     8    19    11     0     1   -22.0  -36.937  -57.267   1604.1    843.2
     1     1    19     8    19    10     0     2   -23.0  -36.476  -57.161    107.3   1015.6
     2     1    19     8    19    10     0     2   -23.0  -37.384  -56.717   1259.3    879.6
     3     1    19     8    19    10     0     2   -23.0  -37.095  -57.295   1687.9    832.9
     1     1    19     8    19     9     0     3   -24.0  -36.635  -57.195    109.0   1014.5
     2     1    19     8    19     9     0     3   -24.0  -37.596  -56.739   1323.0    871.7
     3     1    19     8    19     9     0     3   -24.0  -37.261  -57.348   1772.7    821.9
     1     1    19     8    19     8     0     2   -25.0  -36.788  -57.234    109.8   1014.1
     2     1    19     8    19     8     0     2   -25.0  -37.814  -56.777   1377.6    864.5
     3     1    19     8    19     8     0     2   -25.0  -37.442  -57.417   1843.4    812.2
     1     1    19     8    19     7     0     1   -26.0  -36.932  -57.279    103.0   1015.2
     2     1    19     8    19     7     0     1   -26.0  -38.043  -56.823   1426.3    860.8
     3     1    19     8    19     7     0     1   -26.0  -37.642  -57.488   1904.5    805.3
     1     1    19     8    19     6     0     0   -27.0  -37.068  -57.331     88.9   1017.5
     2     1    19     8    19     6     0     0   -27.0  -38.280  -56.871   1486.0    854.8
     3     1    19     8    19     6     0     0   -27.0  -37.857  -57.552   1974.2    796.6
     1     1    19     8    19     5     0     1   -28.0  -37.201  -57.382     75.3   1019.3
     2     1    19     8    19     5     0     1   -28.0  -38.520  -56.913   1551.6    846.7
     3     1    19     8    19     5     0     1   -28.0  -38.087  -57.612   2057.6    786.5
     1     1    19     8    19     4     0     2   -29.0  -37.344  -57.422     65.4   1018.9
     2     1    19     8    19     4     0     2   -29.0  -38.764  -56.950   1607.9    840.0
     3     1    19     8    19     4     0     2   -29.0  -38.334  -57.669   2144.8    778.7
     1     1    19     8    19     3     0     3   -30.0  -37.499  -57.446     57.1   1018.4
     2     1    19     8    19     3     0     3   -30.0  -39.023  -56.979   1642.0    835.7
     3     1    19     8    19     3     0     3   -30.0  -38.604  -57.714   2223.6    773.0
     1     1    19     8    19     2     0     2   -31.0  -37.671  -57.457     46.7   1017.9
     2     1    19     8    19     2     0     2   -31.0  -39.301  -57.004   1668.5    834.8
     3     1    19     8    19     2     0     2   -31.0  -38.903  -57.745   2292.3    768.9
     1     1    19     8    19     1     0     1   -32.0  -37.865  -57.458     32.7   1018.4
     2     1    19     8    19     1     0     1   -32.0  -39.600  -57.029   1709.8    830.3
     3     1    19     8    19     1     0     1   -32.0  -39.225  -57.775   2355.7    763.9
     1     1    19     8    19     0     0     0   -33.0  -38.080  -57.450     19.9   1021.1
     2     1    19     8    19     0     0     0   -33.0  -39.918  -57.053   1766.9    823.8
     3     1    19     8    19     0     0     0   -33.0  -39.569  -57.809   2417.7    757.2
     1     1    19     8    18    23     0     1   -34.0  -38.320  -57.450     12.3   1023.5
     2     1    19     8    18    23     0     1   -34.0  -40.253  -57.093   1836.3    815.4
     3     1    19     8    18    23     0     1   -34.0  -39.929  -57.860   2477.5    750.8
     1     1    19     8    18    22     0     2   -35.0  -38.585  -57.468      9.0   1023.9
     2     1    19     8    18    22     0     2   -35.0  -40.605  -57.160   1907.5    806.6
     3     1    19     8    18    22     0     2   -35.0  -40.301  -57.940   2540.1    744.6
     1     1    19     8    18    21     0     3   -36.0  -38.874  -57.495      7.5   1024.3
     2     1    19     8    18    21     0     3   -36.0  -40.981  -57.245   1972.4    799.1
     3     1    19     8    18    21     0     3   -36.0  -40.693  -58.037   2608.1    737.4
     1     1    19     8    18    20     0     2   -37.0  -39.190  -57.530      7.0   1025.0
     2     1    19     8    18    20     0     2   -37.0  -41.368  -57.326   2036.6    792.9
     3     1    19     8    18    20     0     2   -37.0  -41.106  -58.119   2670.9    730.3
     1     1    19     8    18    19     0     1   -38.0  -39.527  -57.573      6.9   1024.9
     2     1    19     8    18    19     0     1   -38.0  -41.754  -57.389   2103.2    785.1
     3     1    19     8    18    19     0     1   -38.0  -41.532  -58.174   2726.0    725.2
     1     1    19     8    18    18     0     0   -39.0  -39.881  -57.615      6.7   1024.8
     2     1    19     8    18    18     0     0   -39.0  -42.151  -57.429   2164.1    778.3
     3     1    19     8    18    18     0     0   -39.0  -41.980  -58.200   2782.7    719.7
     1     1    19     8    18    17     0     1   -40.0  -40.247  -57.643      6.7   1025.2
     2     1    19     8    18    17     0     1   -40.0  -42.561  -57.443   2223.9    772.9
     3     1    19     8    18    17     0     1   -40.0  -42.452  -58.197   2849.4    713.3
     1     1    19     8    18    16     0     2   -41.0  -40.617  -57.647      7.2   1025.6
     2     1    19     8    18    16     0     2   -41.0  -42.984  -57.427   2289.5    765.9
     3     1    19     8    18    16     0     2   -41.0  -42.949  -58.161   2919.4    705.5
     1     1    19     8    18    15     0     3   -42.0  -40.988  -57.628      8.2   1026.0
     2     1    19     8    18    15     0     3   -42.0  -43.436  -57.381   2356.4    758.4
     3     1    19     8    18    15     0     3   -42.0  -43.488  -58.087   2985.0    699.2
     1     1    19     8    18    14     0     2   -43.0  -41.367  -57.602      9.1   1025.0
     2     1    19     8    18    14     0     2   -43.0  -43.925  -57.313   2419.9    751.1
     3     1    19     8    18    14     0     2   -43.0  -44.070  -57.986   3045.4    692.3
     1     1    19     8    18    13     0     1   -44.0  -41.767  -57.585      9.6   1024.2
     2     1    19     8    18    13     0     1   -44.0  -44.437  -57.234   2477.9    744.4
     3     1    19     8    18    13     0     1   -44.0  -44.670  -57.869   3097.5    686.8
     1     1    19     8    18    12     0     0   -45.0  -42.187  -57.565     10.1   1023.3
     2     1    19     8    18    12     0     0   -45.0  -44.967  -57.145   2520.7    738.6
     3     1    19     8    18    12     0     0   -45.0  -45.286  -57.742   3154.8    681.9
     1     1    19     8    18    11     0     1   -46.0  -42.624  -57.541     10.7   1022.0
     2     1    19     8    18    11     0     1   -46.0  -45.509  -57.045   2564.6    735.9
     3     1    19     8    18    11     0     1   -46.0  -45.938  -57.603   3222.6    674.0
     1     1    19     8    18    10     0     2   -47.0  -43.076  -57.506     11.2   1020.7
     2     1    19     8    18    10     0     2   -47.0  -46.062  -56.941   2618.3    728.0
     3     1    19     8    18    10     0     2   -47.0  -46.613  -57.437   3291.1    667.1
     1     1    19     8    18     9     0     3   -48.0  -43.540  -57.449     11.7   1019.2
     2     1    19     8    18     9     0     3   -48.0  -46.634  -56.810   2667.5    723.0
     3     1    19     8    18     9     0     3   -48.0  -47.296  -57.251   3361.6    660.2
     1     1    19     8    18     8     0     2   -49.0  -44.003  -57.379     12.3   1018.1
     2     1    19     8    18     8     0     2   -49.0  -47.208  -56.658   2716.9    717.5
     3     1    19     8    18     8     0     2   -49.0  -48.003  -57.039   3418.9    652.7
     1     1    19     8    18     7     0     1   -50.0  -44.458  -57.312     12.9   1017.9
     2     1    19     8    18     7     0     1   -50.0  -47.773  -56.520   2774.4    712.2
     3     1    19     8    18     7     0     1   -50.0  -48.715  -56.807   3468.1    649.6
     1     1    19     8    18     6     0     0   -51.0  -44.911  -57.243     13.5   1017.2
     2     1    19     8    18     6     0     0   -51.0  -48.348  -56.375   2852.1    704.2
     3     1    19     8    18     6     0     0   -51.0  -49.418  -56.577   3526.8    643.3
     1     1    19     8    18     5     0     1   -52.0  -45.369  -57.147     14.3   1016.4
     2     1    19     8    18     5     0     1   -52.0  -48.945  -56.185   2946.2    694.4
     3     1    19     8    18     5     0     1   -52.0  -50.131  -56.310   3578.5    637.3
     1     1    19     8    18     4     0     2   -53.0  -45.836  -57.007     14.8   1015.7
     2     1    19     8    18     4     0     2   -53.0  -49.558  -55.949   3033.4    684.2
     3     1    19     8    18     4     0     2   -53.0  -50.872  -55.996   3624.0    633.8
     1     1    19     8    18     3     0     3   -54.0  -46.306  -56.820     15.3   1015.5
     2     1    19     8    18     3     0     3   -54.0  -50.197  -55.666   3111.8    677.9
     3     1    19     8    18     3     0     3   -54.0  -51.641  -55.703   3653.0    630.6
     1     1    19     8    18     2     0     2   -55.0  -46.774  -56.601     16.4   1014.5
     2     1    19     8    18     2     0     2   -55.0  -50.864  -55.384   3157.7    671.9
     3     1    19     8    18     2     0     2   -55.0  -52.429  -55.435   3696.0    626.6
     1     1    19     8    18     1     0     1   -56.0  -47.241  -56.376     17.3   1013.8
     2     1    19     8    18     1     0     1   -56.0  -51.537  -55.132   3174.6    670.8
     3     1    19     8    18     1     0     1   -56.0  -53.231  -55.137   3744.5    620.8
     1     1    19     8    18     0     0     0   -57.0  -47.718  -56.145     18.8   1013.5
     2     1    19     8    18     0     0     0   -57.0  -52.223  -54.848   3230.0    664.5
     3     1    19     8    18     0     0     0   -57.0  -54.040  -54.887   3759.0    618.8
     1     1    19     8    17    23     0     1   -58.0  -48.209  -55.900     22.2   1011.2
     2     1    19     8    17    23     0     1   -58.0  -52.912  -54.570   3281.7    658.7
     3     1    19     8    17    23     0     1   -58.0  -54.877  -54.655   3765.5    617.7
     1     1    19     8    17    22     0     2   -59.0  -48.709  -55.635     25.1   1009.5
     2     1    19     8    17    22     0     2   -59.0  -53.606  -54.316   3334.0    652.8
     3     1    19     8    17    22     0     2   -59.0  -55.762  -54.406   3789.6    614.4
     1     1    19     8    17    21     0     3   -60.0  -49.207  -55.368     29.2   1008.0
     2     1    19     8    17    21     0     3   -60.0  -54.360  -54.016   3380.3    647.9
     3     1    19     8    17    21     0     3   -60.0  -56.674  -54.220   3800.3    612.3
     1     1    19     8    17    20     0     2   -61.0  -49.698  -55.126     32.8   1006.1
     2     1    19     8    17    20     0     2   -61.0  -55.153  -53.708   3438.3    641.3
     3     1    19     8    17    20     0     2   -61.0  -57.608  -54.065   3808.5    610.9
     1     1    19     8    17    19     0     1   -62.0  -50.185  -54.896     33.4   1005.2
     2     1    19     8    17    19     0     1   -62.0  -55.938  -53.452   3478.9    636.5
     3     1    19     8    17    19     0     1   -62.0  -58.563  -53.937   3813.1    609.9
     1     1    19     8    17    18     0     0   -63.0  -50.678  -54.661     33.5   1004.1
     2     1    19     8    17    18     0     0   -63.0  -56.755  -53.195   3515.5    633.0
     3     1    19     8    17    18     0     0   -63.0  -59.509  -53.899   3822.8    608.7
     1     1    19     8    17    17     0     1   -64.0  -51.174  -54.399     33.5   1003.8
     2     1    19     8    17    17     0     1   -64.0  -57.606  -52.956   3569.2    627.0
     3     1    19     8    17    17     0     1   -64.0  -60.476  -53.854   3852.2    603.5
     1     1    19     8    17    16     0     2   -65.0  -51.676  -54.091     34.5   1003.5
     2     1    19     8    17    16     0     2   -65.0  -58.422  -52.786   3619.2    621.9
     3     1    19     8    17    16     0     2   -65.0  -61.443  -53.795   3800.1    609.0
     1     1    19     8    17    15     0     3   -66.0  -52.179  -53.751     38.7   1003.5
     2     1    19     8    17    15     0     3   -66.0  -59.262  -52.600   3681.2    615.7
     3     1    19     8    17    15     0     3   -66.0  -62.374  -53.852   3780.8    609.1
     1     1    19     8    17    14     0     2   -67.0  -52.674  -53.406     40.7   1002.0
     2     1    19     8    17    14     0     2   -67.0  -60.137  -52.419   3759.9    607.6
     3     1    19     8    17    14     0     2   -67.0  -63.297  -53.953   3772.0    609.5
     1     1    19     8    17    13     0     1   -68.0  -53.167  -53.052     42.2   1000.8
     2     1    19     8    17    13     0     1   -68.0  -61.009  -52.288   3818.4    600.9
     3     1    19     8    17    13     0     1   -68.0  -64.224  -54.031   3780.6    607.6
     1     1    19     8    17    12     0     0   -69.0  -53.671  -52.667     44.2    999.3
     2     1    19     8    17    12     0     0   -69.0  -61.899  -52.129   3854.0    597.5
     3     1    19     8    17    12     0     0   -69.0  -65.125  -54.122   3786.8    606.1
     1     1    19     8    17    11     0     1   -70.0  -54.172  -52.253     45.3    998.4
     2     1    19     8    17    11     0     1   -70.0  -62.804  -51.951   3905.1    591.9
     3     1    19     8    17    11     0     1   -70.0  -66.023  -54.202   3780.2    605.9
     1     1    19     8    17    10     0     2   -71.0  -54.658  -51.826     47.9    997.1
     2     1    19     8    17    10     0     2   -71.0  -63.676  -51.861   3931.7    588.6
     3     1    19     8    17    10     0     2   -71.0  -66.929  -54.283   3765.6    606.3
     1     1    19     8    17     9     0     3   -72.0  -55.128  -51.377     50.2    996.0
     2     1    19     8    17     9     0     3   -72.0  -64.551  -51.778   3923.6    588.9
     3     1    19     8    17     9     0     3   -72.0  -67.842  -54.469   3740.8    607.5
