     7     1
    GDAS    19    11    29     0     0
    GDAS    19    12     1     0     0
    GDAS    19    12     8     0     0
    GDAS    19    12    15     0     0
    GDAS    19    12    22     0     0
    GDAS    19    12    29     0     0
    GDAS    20     1     1     0     0
     5 BACKWARD OMEGA   
    19    12    27     3  -34.572  -58.513    10.0
    19    12    27     3  -34.572  -58.513   200.0
    19    12    27     3  -34.572  -58.513   500.0
    19    12    27     3  -34.572  -58.513  1000.0
    19    12    27     3  -34.572  -58.513  2000.0
     1 PRESSURE
     1     1    19    12    27     3     0     3     0.0  -34.572  -58.513     10.0   1008.3
     2     1    19    12    27     3     0     3     0.0  -34.572  -58.513    200.0    987.1
     3     1    19    12    27     3     0     3     0.0  -34.572  -58.513    500.0    953.6
     4     1    19    12    27     3     0     3     0.0  -34.572  -58.513   1000.0    900.0
     5     1    19    12    27     3     0     3     0.0  -34.572  -58.513   2000.0    801.0
     1     1    19    12    27     2     0     2    -1.0  -34.574  -58.353     15.1   1006.9
     2     1    19    12    27     2     0     2    -1.0  -34.496  -58.188    225.9    982.5
     3     1    19    12    27     2     0     2    -1.0  -34.390  -58.189    540.3    946.5
     4     1    19    12    27     2     0     2    -1.0  -34.362  -58.372    991.7    899.5
     5     1    19    12    27     2     0     2    -1.0  -34.298  -58.785   1888.7    814.7
     1     1    19    12    27     1     0     1    -2.0  -34.589  -58.190     21.0   1005.5
     2     1    19    12    27     1     0     1    -2.0  -34.434  -57.860    243.8    977.0
     3     1    19    12    27     1     0     1    -2.0  -34.233  -57.890    548.3    938.8
     4     1    19    12    27     1     0     1    -2.0  -34.170  -58.216    961.0    897.0
     5     1    19    12    27     1     0     1    -2.0  -33.978  -59.021   1814.7    821.0
     1     1    19    12    27     0     0     0    -3.0  -34.621  -58.023     25.3   1004.7
     2     1    19    12    27     0     0     0    -3.0  -34.401  -57.544    240.0    975.4
     3     1    19    12    27     0     0     0    -3.0  -34.114  -57.619    503.4    941.1
     4     1    19    12    27     0     0     0    -3.0  -34.019  -58.031    851.9    902.7
     5     1    19    12    27     0     0     0    -3.0  -33.639  -59.218   1731.0    826.7
     1     1    19    12    26    23     0     1    -4.0  -34.659  -57.843     25.6   1004.5
     2     1    19    12    26    23     0     1    -4.0  -34.387  -57.256    229.2    976.6
     3     1    19    12    26    23     0     1    -4.0  -34.026  -57.388    446.8    948.9
     4     1    19    12    26    23     0     1    -4.0  -33.903  -57.822    710.8    924.2
     5     1    19    12    26    23     0     1    -4.0  -33.336  -59.355   1631.8    836.9
     1     1    19    12    26    22     0     2    -5.0  -34.691  -57.633     23.1   1005.2
     2     1    19    12    26    22     0     2    -5.0  -34.369  -56.992    232.0    975.9
     3     1    19    12    26    22     0     2    -5.0  -33.946  -57.207    418.7    952.0
     4     1    19    12    26    22     0     2    -5.0  -33.796  -57.644    611.3    935.5
     5     1    19    12    26    22     0     2    -5.0  -33.079  -59.435   1532.5    846.6
     1     1    19    12    26    21     0     3    -6.0  -34.728  -57.386     20.3   1006.4
     2     1    19    12    26    21     0     3    -6.0  -34.346  -56.743    252.2    974.0
     3     1    19    12    26    21     0     3    -6.0  -33.860  -57.061    439.3    950.1
     4     1    19    12    26    21     0     3    -6.0  -33.700  -57.502    559.7    940.7
     5     1    19    12    26    21     0     3    -6.0  -32.859  -59.470   1461.2    855.1
     1     1    19    12    26    20     0     2    -7.0  -34.783  -57.108     20.0   1008.2
     2     1    19    12    26    20     0     2    -7.0  -34.304  -56.523    290.6    971.6
     3     1    19    12    26    20     0     2    -7.0  -33.750  -56.937    520.4    942.3
     4     1    19    12    26    20     0     2    -7.0  -33.591  -57.380    566.4    941.2
     5     1    19    12    26    20     0     2    -7.0  -32.643  -59.489   1432.4    856.7
     1     1    19    12    26    19     0     1    -8.0  -34.872  -56.814     22.6   1009.7
     2     1    19    12    26    19     0     1    -8.0  -34.216  -56.350    364.0    964.2
     3     1    19    12    26    19     0     1    -8.0  -33.598  -56.831    654.8    929.1
     4     1    19    12    26    19     0     1    -8.0  -33.439  -57.259    637.8    933.7
     5     1    19    12    26    19     0     1    -8.0  -32.399  -59.533   1423.3    855.3
     1     1    19    12    26    18     0     0    -9.0  -35.007  -56.501     23.1   1011.5
     2     1    19    12    26    18     0     0    -9.0  -34.064  -56.234    496.4    950.9
     3     1    19    12    26    18     0     0    -9.0  -33.406  -56.761    818.6    912.3
     4     1    19    12    26    18     0     0    -9.0  -33.240  -57.158    745.4    921.5
     5     1    19    12    26    18     0     0    -9.0  -32.113  -59.645   1395.7    854.5
     1     1    19    12    26    17     0     1   -10.0  -35.145  -56.188     20.4   1012.4
     2     1    19    12    26    17     0     1   -10.0  -33.884  -56.146    611.9    928.2
     3     1    19    12    26    17     0     1   -10.0  -33.199  -56.728    953.5    894.0
     4     1    19    12    26    17     0     1   -10.0  -33.012  -57.079    847.6    909.7
     5     1    19    12    26    17     0     1   -10.0  -31.816  -59.779   1342.2    859.4
     1     1    19    12    26    16     0     2   -11.0  -35.249  -55.901     18.3   1013.5
     2     1    19    12    26    16     0     2   -11.0  -33.729  -56.022    623.8    929.7
     3     1    19    12    26    16     0     2   -11.0  -32.994  -56.694   1059.7    888.5
     4     1    19    12    26    16     0     2   -11.0  -32.773  -57.020    918.7    899.2
     5     1    19    12    26    16     0     2   -11.0  -31.540  -59.873   1258.7    867.7
     1     1    19    12    26    15     0     3   -12.0  -35.335  -55.643     18.3   1014.2
     2     1    19    12    26    15     0     3   -12.0  -33.592  -55.847    570.7    935.9
     3     1    19    12    26    15     0     3   -12.0  -32.782  -56.682   1141.9    874.9
     4     1    19    12    26    15     0     3   -12.0  -32.510  -56.991    911.0    893.4
     5     1    19    12    26    15     0     3   -12.0  -31.280  -59.960   1110.9    882.6
     1     1    19    12    26    14     0     2   -13.0  -35.406  -55.396     20.0   1014.0
     2     1    19    12    26    14     0     2   -13.0  -33.468  -55.643    521.6    943.4
     3     1    19    12    26    14     0     2   -13.0  -32.540  -56.705   1141.7    871.3
     4     1    19    12    26    14     0     2   -13.0  -32.218  -56.940    823.2    905.2
     5     1    19    12    26    14     0     2   -13.0  -31.039  -60.012    932.3    909.0
     1     1    19    12    26    13     0     1   -14.0  -35.459  -55.145     21.1   1013.9
     2     1    19    12    26    13     0     1   -14.0  -33.352  -55.435    522.0    940.5
     3     1    19    12    26    13     0     1   -14.0  -32.262  -56.732   1076.9    879.5
     4     1    19    12    26    13     0     1   -14.0  -31.938  -56.799    767.0    915.1
     5     1    19    12    26    13     0     1   -14.0  -30.799  -59.973    797.1    925.7
     1     1    19    12    26    12     0     0   -15.0  -35.501  -54.897     20.8   1014.0
     2     1    19    12    26    12     0     0   -15.0  -33.241  -55.244    579.1    932.6
     3     1    19    12    26    12     0     0   -15.0  -31.957  -56.709   1028.3    886.9
     4     1    19    12    26    12     0     0   -15.0  -31.658  -56.628    750.8    912.6
     5     1    19    12    26    12     0     0   -15.0  -30.520  -59.871    733.5    932.4
     1     1    19    12    26    11     0     1   -16.0  -35.546  -54.660     20.7   1014.0
     2     1    19    12    26    11     0     1   -16.0  -33.155  -55.076    701.0    917.3
     3     1    19    12    26    11     0     1   -16.0  -31.644  -56.675    941.8    885.4
     4     1    19    12    26    11     0     1   -16.0  -31.373  -56.489    692.7    909.0
     5     1    19    12    26    11     0     1   -16.0  -30.216  -59.768    701.8    931.0
     1     1    19    12    26    10     0     2   -17.0  -35.609  -54.437     22.1   1013.7
     2     1    19    12    26    10     0     2   -17.0  -33.109  -54.932    862.0    898.4
     3     1    19    12    26    10     0     2   -17.0  -31.353  -56.597    781.3    903.4
     4     1    19    12    26    10     0     2   -17.0  -31.106  -56.325    579.1    921.1
     5     1    19    12    26    10     0     2   -17.0  -29.951  -59.648    631.3    934.9
     1     1    19    12    26     9     0     3   -18.0  -35.693  -54.225     24.6   1013.6
     2     1    19    12    26     9     0     3   -18.0  -33.087  -54.813   1030.3    880.9
     3     1    19    12    26     9     0     3   -18.0  -31.081  -56.439    615.6    920.9
     4     1    19    12    26     9     0     3   -18.0  -30.873  -56.099    462.3    932.8
     5     1    19    12    26     9     0     3   -18.0  -29.754  -59.479    499.2    947.6
     1     1    19    12    26     8     0     2   -19.0  -35.798  -54.020     27.2   1013.1
     2     1    19    12    26     8     0     2   -19.0  -33.057  -54.739   1157.9    866.4
     3     1    19    12    26     8     0     2   -19.0  -30.852  -56.202    495.5    933.7
     4     1    19    12    26     8     0     2   -19.0  -30.714  -55.819    379.4    946.6
     5     1    19    12    26     8     0     2   -19.0  -29.631  -59.262    378.4    965.4
     1     1    19    12    26     7     0     1   -20.0  -35.918  -53.816     28.2   1012.1
     2     1    19    12    26     7     0     1   -20.0  -32.993  -54.717   1229.4    860.0
     3     1    19    12    26     7     0     1   -20.0  -30.692  -55.917    419.1    940.0
     4     1    19    12    26     7     0     1   -20.0  -30.626  -55.525    335.3    954.3
     5     1    19    12    26     7     0     1   -20.0  -29.525  -59.047    302.0    972.5
     1     1    19    12    26     6     0     0   -21.0  -36.047  -53.612     27.3   1011.6
     2     1    19    12    26     6     0     0   -21.0  -32.899  -54.733   1254.9    857.7
     3     1    19    12    26     6     0     0   -21.0  -30.596  -55.607    371.7    949.2
     4     1    19    12    26     6     0     0   -21.0  -30.573  -55.233    313.5    959.6
     5     1    19    12    26     6     0     0   -21.0  -29.414  -58.864    255.6    974.9
     1     1    19    12    26     5     0     1   -22.0  -36.178  -53.390     26.1   1012.4
     2     1    19    12    26     5     0     1   -22.0  -32.777  -54.761   1263.5    858.8
     3     1    19    12    26     5     0     1   -22.0  -30.549  -55.310    333.6    955.4
     4     1    19    12    26     5     0     1   -22.0  -30.545  -54.959    283.1    962.8
     5     1    19    12    26     5     0     1   -22.0  -29.307  -58.703    225.7    976.1
     1     1    19    12    26     4     0     2   -23.0  -36.309  -53.134     25.5   1012.9
     2     1    19    12    26     4     0     2   -23.0  -32.627  -54.785   1278.4    857.7
     3     1    19    12    26     4     0     2   -23.0  -30.560  -55.042    272.3    962.9
     4     1    19    12    26     4     0     2   -23.0  -30.559  -54.701    241.1    966.2
     5     1    19    12    26     4     0     2   -23.0  -29.215  -58.545    208.3    977.4
     1     1    19    12    26     3     0     3   -24.0  -36.444  -52.844     24.6   1013.2
     2     1    19    12    26     3     0     3   -24.0  -32.459  -54.803   1314.7    855.0
     3     1    19    12    26     3     0     3   -24.0  -30.624  -54.796    209.0    970.9
     4     1    19    12    26     3     0     3   -24.0  -30.589  -54.447    213.7    967.0
     5     1    19    12    26     3     0     3   -24.0  -29.111  -58.394    208.4    977.2
     1     1    19    12    26     2     0     2   -25.0  -36.584  -52.545     22.2   1013.0
     2     1    19    12    26     2     0     2   -25.0  -32.305  -54.828   1402.2    848.7
     3     1    19    12    26     2     0     2   -25.0  -30.698  -54.577    176.9    972.3
     4     1    19    12    26     2     0     2   -25.0  -30.617  -54.212    207.8    963.8
     5     1    19    12    26     2     0     2   -25.0  -29.016  -58.247    229.3    973.9
     1     1    19    12    26     1     0     1   -26.0  -36.728  -52.248     19.2   1013.1
     2     1    19    12    26     1     0     1   -26.0  -32.181  -54.888   1565.6    833.5
     3     1    19    12    26     1     0     1   -26.0  -30.771  -54.391    169.8    966.9
     4     1    19    12    26     1     0     1   -26.0  -30.644  -54.019    205.8    959.2
     5     1    19    12    26     1     0     1   -26.0  -28.975  -58.081    264.0    969.3
     1     1    19    12    26     0     0     0   -27.0  -36.873  -51.942     16.8   1013.3
     2     1    19    12    26     0     0     0   -27.0  -32.079  -54.983   1817.1    809.9
     3     1    19    12    26     0     0     0   -27.0  -30.857  -54.245    165.7    962.2
     4     1    19    12    26     0     0     0   -27.0  -30.687  -53.872    193.1    961.0
     5     1    19    12    26     0     0     0   -27.0  -29.010  -57.875    305.0    964.1
     1     1    19    12    25    23     0     1   -28.0  -37.039  -51.642     14.8   1013.7
     2     1    19    12    25    23     0     1   -28.0  -31.960  -55.117   2066.6    777.8
     3     1    19    12    25    23     0     1   -28.0  -30.940  -54.150    150.3    959.0
     4     1    19    12    25    23     0     1   -28.0  -30.737  -53.777    176.2    963.9
     5     1    19    12    25    23     0     1   -28.0  -29.042  -57.656    378.5    958.5
     1     1    19    12    25    22     0     2   -29.0  -37.246  -51.362     13.9   1014.3
     2     1    19    12    25    22     0     2   -29.0  -31.805  -55.283   2227.2    761.6
     3     1    19    12    25    22     0     2   -29.0  -30.994  -54.114    116.9    960.2
     4     1    19    12    25    22     0     2   -29.0  -30.776  -53.746    158.3    964.9
     5     1    19    12    25    22     0     2   -29.0  -29.009  -57.497    536.8    943.2
     1     1    19    12    25    21     0     3   -30.0  -37.486  -51.086     14.4   1013.9
     2     1    19    12    25    21     0     3   -30.0  -31.628  -55.466   2312.1    754.0
     3     1    19    12    25    21     0     3   -30.0  -31.021  -54.131     77.4    965.5
     4     1    19    12    25    21     0     3   -30.0  -30.803  -53.783    132.7    965.8
     5     1    19    12    25    21     0     3   -30.0  -28.962  -57.416    827.9    915.5
     1     1    19    12    25    20     0     2   -31.0  -37.740  -50.830     13.9   1012.5
     2     1    19    12    25    20     0     2   -31.0  -31.455  -55.640   2350.2    749.9
     3     1    19    12    25    20     0     2   -31.0  -31.026  -54.176     51.9    971.2
     4     1    19    12    25    20     0     2   -31.0  -30.819  -53.855    101.1    967.8
     5     1    19    12    25    20     0     2   -31.0  -28.901  -57.411   1176.9    869.5
     1     1    19    12    25    19     0     1   -32.0  -37.999  -50.610     11.9   1012.1
     2     1    19    12    25    19     0     1   -32.0  -31.296  -55.799   2348.8    746.9
     3     1    19    12    25    19     0     1   -32.0  -31.015  -54.233     41.9    972.6
     4     1    19    12    25    19     0     1   -32.0  -30.822  -53.935     74.8    969.9
     5     1    19    12    25    19     0     1   -32.0  -28.807  -57.449   1447.9    842.3
     1     1    19    12    25    18     0     0   -33.0  -38.274  -50.425     10.8   1012.5
     2     1    19    12    25    18     0     0   -33.0  -31.160  -55.947   2282.5    748.8
     3     1    19    12    25    18     0     0   -33.0  -30.988  -54.306     41.0    974.2
     4     1    19    12    25    18     0     0   -33.0  -30.810  -54.024     56.7    972.1
     5     1    19    12    25    18     0     0   -33.0  -28.690  -57.511   1619.0    824.8
     1     1    19    12    25    17     0     1   -34.0  -38.556  -50.284     11.4   1012.8
     2     1    19    12    25    17     0     1   -34.0  -31.049  -56.075   2176.4    761.2
     3     1    19    12    25    17     0     1   -34.0  -30.949  -54.396     45.9    976.2
     4     1    19    12    25    17     0     1   -34.0  -30.786  -54.124     46.8    975.3
     5     1    19    12    25    17     0     1   -34.0  -28.561  -57.587   1699.1    819.2
     1     1    19    12    25    16     0     2   -35.0  -38.845  -50.174     12.4   1012.3
     2     1    19    12    25    16     0     2   -35.0  -30.954  -56.186   2080.4    772.1
     3     1    19    12    25    16     0     2   -35.0  -30.901  -54.504     53.9    978.6
     4     1    19    12    25    16     0     2   -35.0  -30.751  -54.237     43.0    978.2
     5     1    19    12    25    16     0     2   -35.0  -28.421  -57.675   1713.9    818.3
     1     1    19    12    25    15     0     3   -36.0  -39.168  -50.077     13.0   1011.3
     2     1    19    12    25    15     0     3   -36.0  -30.869  -56.300   1999.0    781.0
     3     1    19    12    25    15     0     3   -36.0  -30.844  -54.630     65.3    980.4
     4     1    19    12    25    15     0     3   -36.0  -30.704  -54.364     42.9    981.1
     5     1    19    12    25    15     0     3   -36.0  -28.268  -57.775   1678.1    823.0
     1     1    19    12    25    14     0     2   -37.0  -39.476  -50.034     13.3   1010.4
     2     1    19    12    25    14     0     2   -37.0  -30.792  -56.433   1917.8    790.1
     3     1    19    12    25    14     0     2   -37.0  -30.770  -54.748     79.1    981.4
     4     1    19    12    25    14     0     2   -37.0  -30.641  -54.479     45.0    983.6
     5     1    19    12    25    14     0     2   -37.0  -28.102  -57.886   1588.5    829.9
     1     1    19    12    25    13     0     1   -38.0  -39.747  -50.062     13.7   1009.4
     2     1    19    12    25    13     0     1   -38.0  -30.728  -56.593   1829.5    800.7
     3     1    19    12    25    13     0     1   -38.0  -30.672  -54.833     90.6    982.2
     4     1    19    12    25    13     0     1   -38.0  -30.558  -54.561     47.2    985.7
     5     1    19    12    25    13     0     1   -38.0  -27.912  -58.002   1446.4    845.2
     1     1    19    12    25    12     0     0   -39.0  -40.032  -50.121     15.5   1008.6
     2     1    19    12    25    12     0     0   -39.0  -30.670  -56.773   1739.3    811.7
     3     1    19    12    25    12     0     0   -39.0  -30.557  -54.894     96.5    983.2
     4     1    19    12    25    12     0     0   -39.0  -30.459  -54.614     48.7    987.5
     5     1    19    12    25    12     0     0   -39.0  -27.681  -58.116   1320.6    862.4
     1     1    19    12    25    11     0     1   -40.0  -40.287  -50.222     18.1   1007.6
     2     1    19    12    25    11     0     1   -40.0  -30.582  -56.964   1647.9    821.9
     3     1    19    12    25    11     0     1   -40.0  -30.438  -54.927     98.3    984.2
     4     1    19    12    25    11     0     1   -40.0  -30.360  -54.639     49.6    989.0
     5     1    19    12    25    11     0     1   -40.0  -27.409  -58.233   1252.1    868.6
     1     1    19    12    25    10     0     2   -41.0  -40.475  -50.379     19.8   1006.5
     2     1    19    12    25    10     0     2   -41.0  -30.440  -57.159   1564.0    833.1
     3     1    19    12    25    10     0     2   -41.0  -30.324  -54.924     96.9    984.8
     4     1    19    12    25    10     0     2   -41.0  -30.273  -54.630     49.5    990.0
     5     1    19    12    25    10     0     2   -41.0  -27.091  -58.357   1229.6    868.1
     1     1    19    12    25     9     0     3   -42.0  -40.655  -50.571     21.4   1005.5
     2     1    19    12    25     9     0     3   -42.0  -30.245  -57.354   1500.8    840.7
     3     1    19    12    25     9     0     3   -42.0  -30.218  -54.881     90.8    985.9
     4     1    19    12    25     9     0     3   -42.0  -30.198  -54.583     47.9    991.1
     5     1    19    12    25     9     0     3   -42.0  -26.716  -58.484   1237.3    865.7
     1     1    19    12    25     8     0     2   -43.0  -40.816  -50.769     21.1   1004.8
     2     1    19    12    25     8     0     2   -43.0  -29.998  -57.536   1442.5    844.2
     3     1    19    12    25     8     0     2   -43.0  -30.128  -54.806     84.0    987.1
     4     1    19    12    25     8     0     2   -43.0  -30.137  -54.510     46.4    991.3
     5     1    19    12    25     8     0     2   -43.0  -26.291  -58.589   1267.0    861.6
     1     1    19    12    25     7     0     1   -44.0  -40.910  -50.965     13.6   1004.7
     2     1    19    12    25     7     0     1   -44.0  -29.708  -57.694   1371.6    850.3
     3     1    19    12    25     7     0     1   -44.0  -30.061  -54.712     80.7    987.4
     4     1    19    12    25     7     0     1   -44.0  -30.094  -54.421     46.6    991.1
     5     1    19    12    25     7     0     1   -44.0  -25.844  -58.680   1299.1    856.7
     1     1    19    12    25     6     0     0   -45.0  -40.948  -51.154      5.0   1005.4
     2     1    19    12    25     6     0     0   -45.0  -29.367  -57.833   1286.8    857.9
     3     1    19    12    25     6     0     0   -45.0  -30.016  -54.595     81.2    987.2
     4     1    19    12    25     6     0     0   -45.0  -30.067  -54.318     48.5    990.6
     5     1    19    12    25     6     0     0   -45.0  -25.376  -58.756   1331.3    854.2
     1     1    19    12    25     5     0     1   -46.0  -40.956  -51.308      0.0   1005.5
     2     1    19    12    25     5     0     1   -46.0  -28.979  -57.937   1221.3    868.1
     3     1    19    12    25     5     0     1   -46.0  -29.975  -54.456     80.4    986.5
     4     1    19    12    25     5     0     1   -46.0  -30.047  -54.198     50.4    991.0
     5     1    19    12    25     5     0     1   -46.0  -24.890  -58.818   1373.3    850.4
     1     1    19    12    25     4     0     2   -47.0  -40.922  -51.423      0.0   1005.6
     2     1    19    12    25     4     0     2   -47.0  -28.581  -57.992   1206.8    869.6
     3     1    19    12    25     4     0     2   -47.0  -29.931  -54.296     76.1    986.1
     4     1    19    12    25     4     0     2   -47.0  -30.028  -54.057     51.0    991.9
     5     1    19    12    25     4     0     2   -47.0  -24.403  -58.861   1435.1    845.9
     1     1    19    12    25     3     0     3   -48.0  -40.825  -51.520      0.0   1005.8
     2     1    19    12    25     3     0     3   -48.0  -28.186  -57.997   1231.0    866.4
     3     1    19    12    25     3     0     3   -48.0  -29.885  -54.112     73.6    985.3
     4     1    19    12    25     3     0     3   -48.0  -30.010  -53.895     51.8    993.5
     5     1    19    12    25     3     0     3   -48.0  -23.927  -58.870   1544.6    837.7
     1     1    19    12    25     2     0     2   -49.0  -40.704  -51.608      0.0   1006.1
     2     1    19    12    25     2     0     2   -49.0  -27.799  -57.974   1271.6    860.9
     3     1    19    12    25     2     0     2   -49.0  -29.849  -53.925     72.5    984.3
     4     1    19    12    25     2     0     2   -49.0  -29.998  -53.738     50.3    995.1
     5     1    19    12    25     2     0     2   -49.0  -23.482  -58.869   1628.2    820.6
     1     1    19    12    25     1     0     1   -50.0  -40.591  -51.691      0.0   1006.4
     2     1    19    12    25     1     0     1   -50.0  -27.433  -57.940   1321.7    856.3
     3     1    19    12    25     1     0     1   -50.0  -29.830  -53.767     68.2    985.5
     4     1    19    12    25     1     0     1   -50.0  -29.997  -53.604     44.4    996.8
     5     1    19    12    25     1     0     1   -50.0  -23.078  -58.843   1621.8    823.1
     1     1    19    12    25     0     0     0   -51.0  -40.481  -51.778      0.0   1006.7
     2     1    19    12    25     0     0     0   -51.0  -27.101  -57.893   1387.6    850.0
     3     1    19    12    25     0     0     0   -51.0  -29.830  -53.636     60.9    987.8
     4     1    19    12    25     0     0     0   -51.0  -30.006  -53.486     36.2    998.5
     5     1    19    12    25     0     0     0   -51.0  -22.716  -58.791   1578.0    830.6
     1     1    19    12    24    23     0     1   -52.0  -40.398  -51.885      0.0   1005.8
     2     1    19    12    24    23     0     1   -52.0  -26.800  -57.853   1444.8    841.9
     3     1    19    12    24    23     0     1   -52.0  -29.835  -53.537     55.4    989.3
     4     1    19    12    24    23     0     1   -52.0  -30.018  -53.389     30.0    998.8
     5     1    19    12    24    23     0     1   -52.0  -22.398  -58.745   1518.9    835.7
     1     1    19    12    24    22     0     2   -53.0  -40.365  -52.016      0.0   1004.7
     2     1    19    12    24    22     0     2   -53.0  -26.524  -57.836   1479.9    839.7
     3     1    19    12    24    22     0     2   -53.0  -29.830  -53.476     54.4    989.0
     4     1    19    12    24    22     0     2   -53.0  -30.029  -53.324     27.4    998.3
     5     1    19    12    24    22     0     2   -53.0  -22.126  -58.708   1416.9    842.8
     1     1    19    12    24    21     0     3   -54.0  -40.378  -52.153      0.0   1003.6
     2     1    19    12    24    21     0     3   -54.0  -26.270  -57.832   1518.5    836.4
     3     1    19    12    24    21     0     3   -54.0  -29.817  -53.451     56.1    987.9
     4     1    19    12    24    21     0     3   -54.0  -30.043  -53.290     26.8    997.5
     5     1    19    12    24    21     0     3   -54.0  -21.900  -58.664   1262.6    859.0
     1     1    19    12    24    20     0     2   -55.0  -40.400  -52.315      1.1   1003.6
     2     1    19    12    24    20     0     2   -55.0  -26.023  -57.846   1558.7    831.4
     3     1    19    12    24    20     0     2   -55.0  -29.797  -53.443     59.4    987.1
     4     1    19    12    24    20     0     2   -55.0  -30.057  -53.272     27.3    997.7
     5     1    19    12    24    20     0     2   -55.0  -21.700  -58.616   1101.1    879.5
     1     1    19    12    24    19     0     1   -56.0  -40.400  -52.535      2.9   1003.5
     2     1    19    12    24    19     0     1   -56.0  -25.773  -57.883   1573.9    829.3
     3     1    19    12    24    19     0     1   -56.0  -29.772  -53.431     63.0    986.2
     4     1    19    12    24    19     0     1   -56.0  -30.071  -53.256     28.4    997.9
     5     1    19    12    24    19     0     1   -56.0  -21.504  -58.579    948.0    893.7
     1     1    19    12    24    18     0     0   -57.0  -40.383  -52.822      4.3   1003.5
     2     1    19    12    24    18     0     0   -57.0  -25.522  -57.934   1555.4    832.8
     3     1    19    12    24    18     0     0   -57.0  -29.743  -53.416     66.1    985.2
     4     1    19    12    24    18     0     0   -57.0  -30.084  -53.244     30.2    998.0
     5     1    19    12    24    18     0     0   -57.0  -21.317  -58.560    769.0    911.0
     1     1    19    12    24    17     0     1   -58.0  -40.325  -53.139      5.0   1003.1
     2     1    19    12    24    17     0     1   -58.0  -25.272  -57.993   1541.6    837.7
     3     1    19    12    24    17     0     1   -58.0  -29.706  -53.398     71.1    984.0
     4     1    19    12    24    17     0     1   -58.0  -30.090  -53.233     33.5    998.6
     5     1    19    12    24    17     0     1   -58.0  -21.147  -58.550    602.7    934.6
     1     1    19    12    24    16     0     2   -59.0  -40.189  -53.457      6.2   1003.0
     2     1    19    12    24    16     0     2   -59.0  -25.020  -58.067   1566.2    835.7
     3     1    19    12    24    16     0     2   -59.0  -29.656  -53.376     81.8    981.4
     4     1    19    12    24    16     0     2   -59.0  -30.083  -53.219     39.1    999.3
     5     1    19    12    24    16     0     2   -59.0  -20.990  -58.538    499.4    946.8
     1     1    19    12    24    15     0     3   -60.0  -39.988  -53.781     10.3   1003.2
     2     1    19    12    24    15     0     3   -60.0  -24.768  -58.153   1618.2    829.6
     3     1    19    12    24    15     0     3   -60.0  -29.591  -53.350    100.7    977.6
     4     1    19    12    24    15     0     3   -60.0  -30.065  -53.203     48.1   1000.0
     5     1    19    12    24    15     0     3   -60.0  -20.843  -58.522    460.4    951.9
     1     1    19    12    24    14     0     2   -61.0  -39.744  -54.101     16.3   1001.5
     2     1    19    12    24    14     0     2   -61.0  -24.532  -58.233   1671.5    823.4
     3     1    19    12    24    14     0     2   -61.0  -29.509  -53.310    130.2    972.0
     4     1    19    12    24    14     0     2   -61.0  -30.037  -53.178     59.6   1000.1
     5     1    19    12    24    14     0     2   -61.0  -20.702  -58.489    455.2    949.1
     1     1    19    12    24    13     0     1   -62.0  -39.471  -54.408     21.1   1000.9
     2     1    19    12    24    13     0     1   -62.0  -24.321  -58.297   1711.4    819.6
     3     1    19    12    24    13     0     1   -62.0  -29.407  -53.244    173.0    963.9
     4     1    19    12    24    13     0     1   -62.0  -30.003  -53.136     72.0   1000.1
     5     1    19    12    24    13     0     1   -62.0  -20.569  -58.425    451.1    949.7
     1     1    19    12    24    12     0     0   -63.0  -39.170  -54.699     24.1   1000.9
     2     1    19    12    24    12     0     0   -63.0  -24.130  -58.347   1735.0    817.5
     3     1    19    12    24    12     0     0   -63.0  -29.275  -53.149    234.7    952.6
     4     1    19    12    24    12     0     0   -63.0  -29.959  -53.080     85.5    998.1
     5     1    19    12    24    12     0     0   -63.0  -20.443  -58.328    442.9    950.8
     1     1    19    12    24    11     0     1   -64.0  -38.852  -54.979     25.5   1001.3
     2     1    19    12    24    11     0     1   -64.0  -23.955  -58.386   1761.4    816.6
     3     1    19    12    24    11     0     1   -64.0  -29.114  -53.029    311.3    936.8
     4     1    19    12    24    11     0     1   -64.0  -29.909  -53.007    100.6    995.2
     5     1    19    12    24    11     0     1   -64.0  -20.327  -58.209    434.6    952.0
     1     1    19    12    24    10     0     2   -65.0  -38.525  -55.254     26.7   1001.4
     2     1    19    12    24    10     0     2   -65.0  -23.798  -58.416   1807.3    811.7
     3     1    19    12    24    10     0     2   -65.0  -28.946  -52.895    382.1    921.9
     4     1    19    12    24    10     0     2   -65.0  -29.853  -52.916    115.7    991.6
     5     1    19    12    24    10     0     2   -65.0  -20.223  -58.085    431.1    951.8
     1     1    19    12    24     9     0     3   -66.0  -38.187  -55.518     27.8   1001.7
     2     1    19    12    24     9     0     3   -66.0  -23.657  -58.436   1864.0    805.5
     3     1    19    12    24     9     0     3   -66.0  -28.786  -52.749    436.0    913.5
     4     1    19    12    24     9     0     3   -66.0  -29.793  -52.809    129.8    987.6
     5     1    19    12    24     9     0     3   -66.0  -20.135  -57.964    431.9    950.5
     1     1    19    12    24     8     0     2   -67.0  -37.850  -55.756     28.6   1001.8
     2     1    19    12    24     8     0     2   -67.0  -23.538  -58.441   1908.8    799.6
     3     1    19    12    24     8     0     2   -67.0  -28.643  -52.593    466.5    906.7
     4     1    19    12    24     8     0     2   -67.0  -29.732  -52.693    142.9    983.2
     5     1    19    12    24     8     0     2   -67.0  -20.071  -57.848    446.9    947.6
     1     1    19    12    24     7     0     1   -68.0  -37.521  -55.963     30.9   1001.7
     2     1    19    12    24     7     0     1   -68.0  -23.445  -58.428   1930.4    797.9
     3     1    19    12    24     7     0     1   -68.0  -28.525  -52.430    473.7    903.5
     4     1    19    12    24     7     0     1   -68.0  -29.681  -52.570    154.0    978.6
     5     1    19    12    24     7     0     1   -68.0  -20.029  -57.733    485.1    940.8
     1     1    19    12    24     6     0     0   -69.0  -37.197  -56.138     37.0   1001.2
     2     1    19    12    24     6     0     0   -69.0  -23.378  -58.400   1937.0    797.7
     3     1    19    12    24     6     0     0   -69.0  -28.435  -52.251    465.3    901.8
     4     1    19    12    24     6     0     0   -69.0  -29.641  -52.439    160.7    975.1
     5     1    19    12    24     6     0     0   -69.0  -19.999  -57.613    542.3    931.8
     1     1    19    12    24     5     0     1   -70.0  -36.879  -56.290     43.5   1001.3
     2     1    19    12    24     5     0     1   -70.0  -23.329  -58.362   1937.6    798.8
     3     1    19    12    24     5     0     1   -70.0  -28.377  -52.079    459.8    902.1
     4     1    19    12    24     5     0     1   -70.0  -29.620  -52.307    165.2    974.1
     5     1    19    12    24     5     0     1   -70.0  -19.982  -57.486    599.7    922.6
     1     1    19    12    24     4     0     2   -71.0  -36.580  -56.430     46.0   1002.2
     2     1    19    12    24     4     0     2   -71.0  -23.294  -58.322   1937.2    799.4
     3     1    19    12    24     4     0     2   -71.0  -28.364  -51.941    469.1    898.5
     4     1    19    12    24     4     0     2   -71.0  -29.616  -52.169    170.4    973.5
     5     1    19    12    24     4     0     2   -71.0  -19.983  -57.355    646.0    916.4
     1     1    19    12    24     3     0     3   -72.0  -36.304  -56.560     46.4   1003.4
     2     1    19    12    24     3     0     3   -72.0  -23.275  -58.280   1934.5    800.1
     3     1    19    12    24     3     0     3   -72.0  -28.396  -51.838    482.0    894.1
     4     1    19    12    24     3     0     3   -72.0  -29.629  -52.016    176.2    973.7
     5     1    19    12    24     3     0     3   -72.0  -20.006  -57.219    692.4    909.8
