     5     1
    GDAS    19     6     1     0     0
    GDAS    19     6     8     0     0
    GDAS    19     6    15     0     0
    GDAS    19     6    22     0     0
    GDAS    19     6    29     0     0
     5 BACKWARD OMEGA   
    19     6    24     3  -34.572  -58.513    10.0
    19     6    24     3  -34.572  -58.513   200.0
    19     6    24     3  -34.572  -58.513   500.0
    19     6    24     3  -34.572  -58.513  1000.0
    19     6    24     3  -34.572  -58.513  2000.0
     1 PRESSURE
     1     1    19     6    24     3     0     3     0.0  -34.572  -58.513     10.0   1005.9
     2     1    19     6    24     3     0     3     0.0  -34.572  -58.513    200.0    984.8
     3     1    19     6    24     3     0     3     0.0  -34.572  -58.513    500.0    950.5
     4     1    19     6    24     3     0     3     0.0  -34.572  -58.513   1000.0    895.7
     5     1    19     6    24     3     0     3     0.0  -34.572  -58.513   2000.0    794.8
     1     1    19     6    24     2     0     2    -1.0  -34.621  -58.556     10.8   1006.0
     2     1    19     6    24     2     0     2    -1.0  -34.698  -58.596    212.7    984.2
     3     1    19     6    24     2     0     2    -1.0  -34.733  -58.636    538.6    947.1
     4     1    19     6    24     2     0     2    -1.0  -34.694  -58.736   1030.7    894.0
     5     1    19     6    24     2     0     2    -1.0  -34.709  -58.807   2040.8    791.6
     1     1    19     6    24     1     0     1    -2.0  -34.666  -58.606     12.0   1006.1
     2     1    19     6    24     1     0     1    -2.0  -34.819  -58.698    226.3    983.8
     3     1    19     6    24     1     0     1    -2.0  -34.901  -58.786    587.3    944.1
     4     1    19     6    24     1     0     1    -2.0  -34.828  -58.986   1080.7    891.1
     5     1    19     6    24     1     0     1    -2.0  -34.876  -59.124   2062.5    789.7
     1     1    19     6    24     0     0     0    -3.0  -34.704  -58.662     14.0   1006.0
     2     1    19     6    24     0     0     0    -3.0  -34.932  -58.822    246.2    982.4
     3     1    19     6    24     0     0     0    -3.0  -35.080  -58.981    673.3    936.3
     4     1    19     6    24     0     0     0    -3.0  -34.975  -59.267   1149.1    882.6
     5     1    19     6    24     0     0     0    -3.0  -35.076  -59.455   2049.9    789.6
     1     1    19     6    23    23     0     1    -4.0  -34.739  -58.725     16.5   1005.1
     2     1    19     6    23    23     0     1    -4.0  -35.034  -58.971    268.3    979.0
     3     1    19     6    23    23     0     1    -4.0  -35.267  -59.224    757.5    919.9
     4     1    19     6    23    23     0     1    -4.0  -35.127  -59.567   1183.3    874.0
     5     1    19     6    23    23     0     1    -4.0  -35.279  -59.803   2018.8    792.7
     1     1    19     6    23    22     0     2    -5.0  -34.771  -58.794     18.9   1004.5
     2     1    19     6    23    22     0     2    -5.0  -35.128  -59.139    283.4    975.9
     3     1    19     6    23    22     0     2    -5.0  -35.457  -59.478    787.3    915.4
     4     1    19     6    23    22     0     2    -5.0  -35.287  -59.868   1166.0    875.5
     5     1    19     6    23    22     0     2    -5.0  -35.472  -60.171   1991.1    792.4
     1     1    19     6    23    21     0     3    -6.0  -34.799  -58.869     21.5   1003.9
     2     1    19     6    23    21     0     3    -6.0  -35.224  -59.323    278.8    974.7
     3     1    19     6    23    21     0     3    -6.0  -35.662  -59.738    782.9    914.3
     4     1    19     6    23    21     0     3    -6.0  -35.459  -60.163   1137.1    878.2
     5     1    19     6    23    21     0     3    -6.0  -35.671  -60.557   2004.5    790.9
     1     1    19     6    23    20     0     2    -7.0  -34.838  -58.950     24.3   1003.7
     2     1    19     6    23    20     0     2    -7.0  -35.328  -59.505    264.3    977.7
     3     1    19     6    23    20     0     2    -7.0  -35.868  -60.005    792.2    913.2
     4     1    19     6    23    20     0     2    -7.0  -35.634  -60.461   1169.5    877.2
     5     1    19     6    23    20     0     2    -7.0  -35.883  -60.989   2105.0    781.4
     1     1    19     6    23    19     0     1    -8.0  -34.902  -59.038     26.5   1003.3
     2     1    19     6    23    19     0     1    -8.0  -35.441  -59.673    260.9    977.5
     3     1    19     6    23    19     0     1    -8.0  -36.043  -60.286    844.3    905.6
     4     1    19     6    23    19     0     1    -8.0  -35.793  -60.778   1275.8    861.3
     5     1    19     6    23    19     0     1    -8.0  -36.117  -61.485   2236.5    762.2
     1     1    19     6    23    18     0     0    -9.0  -34.996  -59.127     27.4   1003.0
     2     1    19     6    23    18     0     0    -9.0  -35.546  -59.837    275.3    974.5
     3     1    19     6    23    18     0     0    -9.0  -36.192  -60.574    895.3    894.3
     4     1    19     6    23    18     0     0    -9.0  -35.938  -61.106   1380.1    845.9
     5     1    19     6    23    18     0     0    -9.0  -36.336  -62.007   2337.4    752.4
     1     1    19     6    23    17     0     1   -10.0  -35.080  -59.209     27.9   1003.4
     2     1    19     6    23    17     0     1   -10.0  -35.642  -60.010    292.6    968.5
     3     1    19     6    23    17     0     1   -10.0  -36.327  -60.852    903.3    893.7
     4     1    19     6    23    17     0     1   -10.0  -36.067  -61.444   1457.1    840.2
     5     1    19     6    23    17     0     1   -10.0  -36.525  -62.541   2422.2    743.6
     1     1    19     6    23    16     0     2   -11.0  -35.121  -59.281     28.5   1003.7
     2     1    19     6    23    16     0     2   -11.0  -35.732  -60.189    290.6    967.6
     3     1    19     6    23    16     0     2   -11.0  -36.454  -61.111    896.6    896.9
     4     1    19     6    23    16     0     2   -11.0  -36.181  -61.798   1554.5    832.3
     5     1    19     6    23    16     0     2   -11.0  -36.685  -63.107   2508.1    736.5
     1     1    19     6    23    15     0     3   -12.0  -35.132  -59.344     29.0   1003.8
     2     1    19     6    23    15     0     3   -12.0  -35.826  -60.363    274.7    969.8
     3     1    19     6    23    15     0     3   -12.0  -36.578  -61.343    905.2    896.0
     4     1    19     6    23    15     0     3   -12.0  -36.287  -62.161   1691.1    817.4
     5     1    19     6    23    15     0     3   -12.0  -36.821  -63.733   2648.1    726.2
     1     1    19     6    23    14     0     2   -13.0  -35.130  -59.401     29.2   1003.9
     2     1    19     6    23    14     0     2   -13.0  -35.907  -60.510    253.9    972.0
     3     1    19     6    23    14     0     2   -13.0  -36.681  -61.558    915.7    891.7
     4     1    19     6    23    14     0     2   -13.0  -36.358  -62.525   1790.2    800.6
     5     1    19     6    23    14     0     2   -13.0  -36.933  -64.474   2746.9    698.0
     1     1    19     6    23    13     0     1   -14.0  -35.131  -59.448     29.4   1004.1
     2     1    19     6    23    13     0     1   -14.0  -35.951  -60.614    227.9    974.0
     3     1    19     6    23    13     0     1   -14.0  -36.751  -61.761    905.6    892.0
     4     1    19     6    23    13     0     1   -14.0  -36.381  -62.869   1793.1    801.4
     5     1    19     6    23    13     0     1   -14.0  -37.045  -65.266   2688.6    703.8
     1     1    19     6    23    12     0     0   -15.0  -35.133  -59.485     29.5   1004.3
     2     1    19     6    23    12     0     0   -15.0  -35.956  -60.672    195.5    977.8
     3     1    19     6    23    12     0     0   -15.0  -36.807  -61.938    872.7    896.3
     4     1    19     6    23    12     0     0   -15.0  -36.368  -63.191   1725.3    810.9
     5     1    19     6    23    12     0     0   -15.0  -37.167  -66.031   2692.9    709.1
     1     1    19     6    23    11     0     1   -16.0  -35.131  -59.516     29.9   1004.4
     2     1    19     6    23    11     0     1   -16.0  -35.942  -60.705    168.8    981.5
     3     1    19     6    23    11     0     1   -16.0  -36.854  -62.075    845.9    899.3
     4     1    19     6    23    11     0     1   -16.0  -36.325  -63.486   1652.8    817.4
     5     1    19     6    23    11     0     1   -16.0  -37.214  -66.869   2731.5    701.6
     1     1    19     6    23    10     0     2   -17.0  -35.126  -59.548     30.9   1004.5
     2     1    19     6    23    10     0     2   -17.0  -35.928  -60.741    156.0    983.2
     3     1    19     6    23    10     0     2   -17.0  -36.876  -62.193    849.3    898.5
     4     1    19     6    23    10     0     2   -17.0  -36.256  -63.747   1589.8    822.3
     5     1    19     6    23    10     0     2   -17.0  -37.119  -67.788   2610.5    685.8
     1     1    19     6    23     9     0     3   -18.0  -35.118  -59.580     32.7   1004.4
     2     1    19     6    23     9     0     3   -18.0  -35.915  -60.782    154.3    983.4
     3     1    19     6    23     9     0     3   -18.0  -36.865  -62.297    869.3    896.3
     4     1    19     6    23     9     0     3   -18.0  -36.161  -63.974   1507.4    829.2
     5     1    19     6    23     9     0     3   -18.0  -36.865  -68.760   2425.8    662.8
     1     1    19     6    23     8     0     2   -19.0  -35.109  -59.602     34.8   1004.7
     2     1    19     6    23     8     0     2   -19.0  -35.901  -60.833    157.6    983.7
     3     1    19     6    23     8     0     2   -19.0  -36.830  -62.394    895.1    894.6
     4     1    19     6    23     8     0     2   -19.0  -36.057  -64.168   1431.3    836.3
     5     1    19     6    23     8     0     2   -19.0  -36.458  -69.856   2615.4    574.1
     1     1    19     6    23     7     0     1   -20.0  -35.097  -59.608     36.4   1005.1
     2     1    19     6    23     7     0     1   -20.0  -35.882  -60.893    159.7    984.4
     3     1    19     6    23     7     0     1   -20.0  -36.783  -62.489    923.9    892.7
     4     1    19     6    23     7     0     1   -20.0  -35.955  -64.334   1405.5    837.5
     5     1    19     6    23     7     0     1   -20.0  -35.973  -71.065   2560.5    593.4
     1     1    19     6    23     6     0     0   -21.0  -35.079  -59.596     37.3   1005.5
     2     1    19     6    23     6     0     0   -21.0  -35.859  -60.963    160.1    985.2
     3     1    19     6    23     6     0     0   -21.0  -36.728  -62.587    956.6    890.4
     4     1    19     6    23     6     0     0   -21.0  -35.848  -64.482   1433.1    833.6
     5     1    19     6    23     6     0     0   -21.0  -35.614  -71.717   2243.8    737.5
     1     1    19     6    23     5     0     1   -22.0  -35.059  -59.578     37.5   1006.2
     2     1    19     6    23     5     0     1   -22.0  -35.819  -61.026    160.2    985.5
     3     1    19     6    23     5     0     1   -22.0  -36.659  -62.677    979.0    888.4
     4     1    19     6    23     5     0     1   -22.0  -35.729  -64.620   1475.8    827.1
     5     1    19     6    23     5     0     1   -22.0  -35.407  -72.124   2097.8    780.1
     1     1    19     6    23     4     0     2   -23.0  -35.037  -59.565     36.8   1006.9
     2     1    19     6    23     4     0     2   -23.0  -35.751  -61.068    162.3    985.5
     3     1    19     6    23     4     0     2   -23.0  -36.571  -62.747    984.6    888.4
     4     1    19     6    23     4     0     2   -23.0  -35.597  -64.749   1493.7    822.9
     5     1    19     6    23     4     0     2   -23.0  -35.263  -72.467   2028.4    793.9
     1     1    19     6    23     3     0     3   -24.0  -35.017  -59.555     35.4   1007.7
     2     1    19     6    23     3     0     3   -24.0  -35.658  -61.091    165.7    985.2
     3     1    19     6    23     3     0     3   -24.0  -36.467  -62.796    982.1    890.1
     4     1    19     6    23     3     0     3   -24.0  -35.457  -64.871   1482.2    822.7
     5     1    19     6    23     3     0     3   -24.0  -35.148  -72.774   2020.9    799.1
     1     1    19     6    23     2     0     2   -25.0  -34.997  -59.541     34.4   1008.2
     2     1    19     6    23     2     0     2   -25.0  -35.554  -61.094    168.9    985.0
     3     1    19     6    23     2     0     2   -25.0  -36.365  -62.814    986.9    891.9
     4     1    19     6    23     2     0     2   -25.0  -35.324  -64.977   1456.1    826.0
     5     1    19     6    23     2     0     2   -25.0  -35.053  -73.063   2060.2    797.3
     1     1    19     6    23     1     0     1   -26.0  -34.971  -59.515     34.7   1008.6
     2     1    19     6    23     1     0     1   -26.0  -35.452  -61.075    172.8    985.1
     3     1    19     6    23     1     0     1   -26.0  -36.279  -62.794   1004.5    890.3
     4     1    19     6    23     1     0     1   -26.0  -35.205  -65.060   1431.7    827.6
     5     1    19     6    23     1     0     1   -26.0  -34.968  -73.354   2101.9    790.1
     1     1    19     6    23     0     0     0   -27.0  -34.938  -59.478     36.1   1008.9
     2     1    19     6    23     0     0     0   -27.0  -35.345  -61.036    181.8    984.7
     3     1    19     6    23     0     0     0   -27.0  -36.210  -62.732   1024.1    888.5
     4     1    19     6    23     0     0     0   -27.0  -35.100  -65.114   1404.4    829.7
     5     1    19     6    23     0     0     0   -27.0  -34.890  -73.642   2108.0    788.7
     1     1    19     6    22    23     0     1   -28.0  -34.905  -59.437     38.5   1008.8
     2     1    19     6    22    23     0     1   -28.0  -35.233  -60.984    195.7    982.7
     3     1    19     6    22    23     0     1   -28.0  -36.144  -62.634   1035.4    887.2
     4     1    19     6    22    23     0     1   -28.0  -35.002  -65.146   1375.7    832.3
     5     1    19     6    22    23     0     1   -28.0  -34.828  -73.927   2093.8    792.2
     1     1    19     6    22    22     0     2   -29.0  -34.876  -59.399     41.3   1008.6
     2     1    19     6    22    22     0     2   -29.0  -35.135  -60.923    208.2    981.5
     3     1    19     6    22    22     0     2   -29.0  -36.071  -62.500   1037.2    887.9
     4     1    19     6    22    22     0     2   -29.0  -34.903  -65.173   1353.4    833.5
     5     1    19     6    22    22     0     2   -29.0  -34.779  -74.219   2106.5    793.1
     1     1    19     6    22    21     0     3   -30.0  -34.854  -59.364     44.3   1008.5
     2     1    19     6    22    21     0     3   -30.0  -35.063  -60.854    217.2    981.0
     3     1    19     6    22    21     0     3   -30.0  -35.995  -62.323   1042.2    888.6
     4     1    19     6    22    21     0     3   -30.0  -34.803  -65.203   1340.5    833.1
     5     1    19     6    22    21     0     3   -30.0  -34.728  -74.526   2164.2    786.9
     1     1    19     6    22    20     0     2   -31.0  -34.830  -59.329     45.4   1008.1
     2     1    19     6    22    20     0     2   -31.0  -35.009  -60.791    222.9    981.5
     3     1    19     6    22    20     0     2   -31.0  -35.936  -62.122   1043.9    887.1
     4     1    19     6    22    20     0     2   -31.0  -34.697  -65.227   1332.8    832.5
     5     1    19     6    22    20     0     2   -31.0  -34.663  -74.847   2228.9    777.9
     1     1    19     6    22    19     0     1   -32.0  -34.799  -59.290     42.9   1008.2
     2     1    19     6    22    19     0     1   -32.0  -34.956  -60.747    224.0    982.0
     3     1    19     6    22    19     0     1   -32.0  -35.906  -61.914   1023.7    889.0
     4     1    19     6    22    19     0     1   -32.0  -34.586  -65.235   1328.3    832.1
     5     1    19     6    22    19     0     1   -32.0  -34.587  -75.165   2267.4    774.4
     1     1    19     6    22    18     0     0   -33.0  -34.763  -59.248     37.7   1008.5
     2     1    19     6    22    18     0     0   -33.0  -34.902  -60.719    219.2    983.2
     3     1    19     6    22    18     0     0   -33.0  -35.909  -61.684    987.2    894.2
     4     1    19     6    22    18     0     0   -33.0  -34.470  -65.224   1326.6    831.6
     5     1    19     6    22    18     0     0   -33.0  -34.502  -75.471   2285.0    773.4
     1     1    19     6    22    17     0     1   -34.0  -34.733  -59.211     33.1   1010.5
     2     1    19     6    22    17     0     1   -34.0  -34.859  -60.696    216.2    985.3
     3     1    19     6    22    17     0     1   -34.0  -35.939  -61.429    960.3    899.6
     4     1    19     6    22    17     0     1   -34.0  -34.347  -65.198   1309.8    831.7
     5     1    19     6    22    17     0     1   -34.0  -34.409  -75.766   2296.4    773.7
     1     1    19     6    22    16     0     2   -35.0  -34.718  -59.189     31.1   1012.1
     2     1    19     6    22    16     0     2   -35.0  -34.837  -60.675    221.7    985.7
     3     1    19     6    22    16     0     2   -35.0  -35.989  -61.169    945.5    900.9
     4     1    19     6    22    16     0     2   -35.0  -34.218  -65.157   1263.5    837.1
     5     1    19     6    22    16     0     2   -35.0  -34.306  -76.052   2308.0    772.7
     1     1    19     6    22    15     0     3   -36.0  -34.720  -59.182     31.4   1013.5
     2     1    19     6    22    15     0     3   -36.0  -34.836  -60.655    235.4    985.3
     3     1    19     6    22    15     0     3   -36.0  -36.063  -60.919    919.5    903.0
     4     1    19     6    22    15     0     3   -36.0  -34.097  -65.089   1196.1    845.9
     5     1    19     6    22    15     0     3   -36.0  -34.190  -76.329   2320.5    772.3
     1     1    19     6    22    14     0     2   -37.0  -34.736  -59.184     32.4   1013.2
     2     1    19     6    22    14     0     2   -37.0  -34.858  -60.642    251.4    983.0
     3     1    19     6    22    14     0     2   -37.0  -36.161  -60.695    896.6    907.0
     4     1    19     6    22    14     0     2   -37.0  -34.004  -65.012   1136.0    855.9
     5     1    19     6    22    14     0     2   -37.0  -34.063  -76.604   2337.6    770.5
     1     1    19     6    22    13     0     1   -38.0  -34.766  -59.190     33.0   1013.1
     2     1    19     6    22    13     0     1   -38.0  -34.905  -60.640    262.8    981.7
     3     1    19     6    22    13     0     1   -38.0  -36.278  -60.503    893.5    904.8
     4     1    19     6    22    13     0     1   -38.0  -33.934  -64.951   1091.3    855.9
     5     1    19     6    22    13     0     1   -38.0  -33.927  -76.880   2358.9    768.3
     1     1    19     6    22    12     0     0   -39.0  -34.809  -59.201     33.0   1013.0
     2     1    19     6    22    12     0     0   -39.0  -34.978  -60.648    270.1    980.6
     3     1    19     6    22    12     0     0   -39.0  -36.411  -60.341    892.5    901.9
     4     1    19     6    22    12     0     0   -39.0  -33.878  -64.908   1049.9    856.9
     5     1    19     6    22    12     0     0   -39.0  -33.782  -77.156   2380.1    765.7
     1     1    19     6    22    11     0     1   -40.0  -34.859  -59.225     33.3   1012.7
     2     1    19     6    22    11     0     1   -40.0  -35.059  -60.678    276.2    979.3
     3     1    19     6    22    11     0     1   -40.0  -36.553  -60.228    883.7    900.5
     4     1    19     6    22    11     0     1   -40.0  -33.830  -64.858   1009.4    858.9
     5     1    19     6    22    11     0     1   -40.0  -33.628  -77.421   2391.5    763.9
     1     1    19     6    22    10     0     2   -41.0  -34.908  -59.271     34.5   1012.1
     2     1    19     6    22    10     0     2   -41.0  -35.126  -60.744    282.3    977.3
     3     1    19     6    22    10     0     2   -41.0  -36.704  -60.182    872.0    900.3
     4     1    19     6    22    10     0     2   -41.0  -33.786  -64.783    970.6    861.8
     5     1    19     6    22    10     0     2   -41.0  -33.468  -77.666   2399.2    764.0
     1     1    19     6    22     9     0     3   -42.0  -34.955  -59.338     36.8   1011.4
     2     1    19     6    22     9     0     3   -42.0  -35.180  -60.848    286.6    975.3
     3     1    19     6    22     9     0     3   -42.0  -36.871  -60.201    862.9    899.4
     4     1    19     6    22     9     0     3   -42.0  -33.747  -64.689    934.3    865.6
     5     1    19     6    22     9     0     3   -42.0  -33.303  -77.893   2417.6    762.5
     1     1    19     6    22     8     0     2   -43.0  -34.985  -59.411     39.8   1010.9
     2     1    19     6    22     8     0     2   -43.0  -35.207  -60.975    290.6    974.2
     3     1    19     6    22     8     0     2   -43.0  -37.043  -60.247    857.9    898.5
     4     1    19     6    22     8     0     2   -43.0  -33.720  -64.590    909.7    870.9
     5     1    19     6    22     8     0     2   -43.0  -33.140  -78.111   2426.1    759.6
     1     1    19     6    22     7     0     1   -44.0  -34.988  -59.478     42.4   1010.4
     2     1    19     6    22     7     0     1   -44.0  -35.199  -61.111    297.7    973.4
     3     1    19     6    22     7     0     1   -44.0  -37.197  -60.296    858.7    898.4
     4     1    19     6    22     7     0     1   -44.0  -33.711  -64.497    907.4    874.1
     5     1    19     6    22     7     0     1   -44.0  -32.988  -78.313   2396.9    762.4
     1     1    19     6    22     6     0     0   -45.0  -34.963  -59.539     43.9   1010.1
     2     1    19     6    22     6     0     0   -45.0  -35.161  -61.254    307.0    972.3
     3     1    19     6    22     6     0     0   -45.0  -37.324  -60.351    862.2    897.6
     4     1    19     6    22     6     0     0   -45.0  -33.717  -64.409    930.1    874.9
     5     1    19     6    22     6     0     0   -45.0  -32.851  -78.488   2348.1    769.3
     1     1    19     6    22     5     0     1   -46.0  -34.922  -59.600     45.1   1009.8
     2     1    19     6    22     5     0     1   -46.0  -35.109  -61.406    314.3    971.0
     3     1    19     6    22     5     0     1   -46.0  -37.438  -60.422    872.0    897.0
     4     1    19     6    22     5     0     1   -46.0  -33.749  -64.325    955.4    873.1
     5     1    19     6    22     5     0     1   -46.0  -32.731  -78.646   2308.7    774.2
     1     1    19     6    22     4     0     2   -47.0  -34.878  -59.666     47.3   1009.4
     2     1    19     6    22     4     0     2   -47.0  -35.053  -61.567    317.7    970.5
     3     1    19     6    22     4     0     2   -47.0  -37.564  -60.517    894.3    894.4
     4     1    19     6    22     4     0     2   -47.0  -33.826  -64.241    955.6    877.1
     5     1    19     6    22     4     0     2   -47.0  -32.625  -78.805   2281.9    776.3
     1     1    19     6    22     3     0     3   -48.0  -34.828  -59.735     50.6   1009.0
     2     1    19     6    22     3     0     3   -48.0  -34.988  -61.736    316.6    970.3
     3     1    19     6    22     3     0     3   -48.0  -37.719  -60.622    932.4    889.7
     4     1    19     6    22     3     0     3   -48.0  -33.952  -64.154    928.0    884.7
     5     1    19     6    22     3     0     3   -48.0  -32.533  -78.967   2256.0    778.6
     1     1    19     6    22     2     0     2   -49.0  -34.765  -59.802     53.7   1008.8
     2     1    19     6    22     2     0     2   -49.0  -34.906  -61.894    310.6    970.9
     3     1    19     6    22     2     0     2   -49.0  -37.913  -60.749    969.8    882.8
     4     1    19     6    22     2     0     2   -49.0  -34.122  -64.080    914.0    893.7
     5     1    19     6    22     2     0     2   -49.0  -32.452  -79.135   2246.2    781.1
     1     1    19     6    22     1     0     1   -50.0  -34.680  -59.858     56.0   1008.7
     2     1    19     6    22     1     0     1   -50.0  -34.801  -62.029    300.3    972.1
     3     1    19     6    22     1     0     1   -50.0  -38.136  -60.915   1001.7    883.1
     4     1    19     6    22     1     0     1   -50.0  -34.315  -64.040    951.2    890.5
     5     1    19     6    22     1     0     1   -50.0  -32.374  -79.316   2268.7    778.3
     1     1    19     6    22     0     0     0   -51.0  -34.575  -59.904     58.1   1008.7
     2     1    19     6    22     0     0     0   -51.0  -34.680  -62.136    286.9    973.6
     3     1    19     6    22     0     0     0   -51.0  -38.358  -61.122   1051.5    882.1
     4     1    19     6    22     0     0     0   -51.0  -34.519  -64.031   1016.7    883.2
     5     1    19     6    22     0     0     0   -51.0  -32.291  -79.517   2316.1    773.2
     1     1    19     6    21    23     0     1   -52.0  -34.459  -59.928     60.5   1007.9
     2     1    19     6    21    23     0     1   -52.0  -34.557  -62.220    285.9    974.5
     3     1    19     6    21    23     0     1   -52.0  -38.554  -61.372   1119.1    875.1
     4     1    19     6    21    23     0     1   -52.0  -34.719  -64.040   1076.5    875.4
     5     1    19     6    21    23     0     1   -52.0  -32.191  -79.746   2366.1    766.3
     1     1    19     6    21    22     0     2   -53.0  -34.341  -59.917     62.5   1007.0
     2     1    19     6    21    22     0     2   -53.0  -34.446  -62.296    306.1    970.2
     3     1    19     6    21    22     0     2   -53.0  -38.723  -61.665   1185.1    870.5
     4     1    19     6    21    22     0     2   -53.0  -34.907  -64.051   1124.7    872.1
     5     1    19     6    21    22     0     2   -53.0  -32.070  -80.001   2395.1    762.9
     1     1    19     6    21    21     0     3   -54.0  -34.225  -59.870     63.3   1006.2
     2     1    19     6    21    21     0     3   -54.0  -34.348  -62.372    339.5    964.7
     3     1    19     6    21    21     0     3   -54.0  -38.874  -61.982   1249.0    868.4
     4     1    19     6    21    21     0     3   -54.0  -35.090  -64.068   1182.8    866.8
     5     1    19     6    21    21     0     3   -54.0  -31.936  -80.270   2393.4    762.5
     1     1    19     6    21    20     0     2   -55.0  -34.115  -59.799     63.2   1006.5
     2     1    19     6    21    20     0     2   -55.0  -34.249  -62.447    368.5    958.9
     3     1    19     6    21    20     0     2   -55.0  -39.020  -62.316   1317.2    867.4
     4     1    19     6    21    20     0     2   -55.0  -35.250  -64.103   1240.0    857.9
     5     1    19     6    21    20     0     2   -55.0  -31.800  -80.538   2389.2    765.8
     1     1    19     6    21    19     0     1   -56.0  -34.015  -59.716     63.0   1006.9
     2     1    19     6    21    19     0     1   -56.0  -34.135  -62.516    378.2    956.8
     3     1    19     6    21    19     0     1   -56.0  -39.175  -62.673   1399.1    859.9
     4     1    19     6    21    19     0     1   -56.0  -35.375  -64.160   1280.6    853.1
     5     1    19     6    21    19     0     1   -56.0  -31.660  -80.806   2404.1    763.5
     1     1    19     6    21    18     0     0   -57.0  -33.924  -59.624     63.0   1007.4
     2     1    19     6    21    18     0     0   -57.0  -34.001  -62.578    369.8    956.5
     3     1    19     6    21    18     0     0   -57.0  -39.343  -63.058   1496.4    848.4
     4     1    19     6    21    18     0     0   -57.0  -35.471  -64.235   1311.5    849.1
     5     1    19     6    21    18     0     0   -57.0  -31.520  -81.079   2417.4    761.1
     1     1    19     6    21    17     0     1   -58.0  -33.836  -59.535     63.0   1008.4
     2     1    19     6    21    17     0     1   -58.0  -33.833  -62.627    357.3    959.2
     3     1    19     6    21    17     0     1   -58.0  -39.524  -63.494   1545.9    834.4
     4     1    19     6    21    17     0     1   -58.0  -35.538  -64.298   1331.2    845.9
     5     1    19     6    21    17     0     1   -58.0  -31.387  -81.359   2419.8    761.2
     1     1    19     6    21    16     0     2   -59.0  -33.746  -59.455     63.1   1009.2
     2     1    19     6    21    16     0     2   -59.0  -33.620  -62.662    352.5    959.6
     3     1    19     6    21    16     0     2   -59.0  -39.704  -63.965   1511.7    834.1
     4     1    19     6    21    16     0     2   -59.0  -35.577  -64.319   1334.5    845.3
     5     1    19     6    21    16     0     2   -59.0  -31.263  -81.652   2411.8    762.0
     1     1    19     6    21    15     0     3   -60.0  -33.652  -59.382     63.7   1009.6
     2     1    19     6    21    15     0     3   -60.0  -33.367  -62.684    350.6    959.6
     3     1    19     6    21    15     0     3   -60.0  -39.870  -64.467   1428.9    844.7
     4     1    19     6    21    15     0     3   -60.0  -35.587  -64.301   1320.4    846.9
     5     1    19     6    21    15     0     3   -60.0  -31.144  -81.960   2395.2    764.1
     1     1    19     6    21    14     0     2   -61.0  -33.550  -59.312     64.7   1009.8
     2     1    19     6    21    14     0     2   -61.0  -33.069  -62.703    338.7    959.6
     3     1    19     6    21    14     0     2   -61.0  -40.021  -64.988   1363.9    855.5
     4     1    19     6    21    14     0     2   -61.0  -35.577  -64.272   1302.6    850.3
     5     1    19     6    21    14     0     2   -61.0  -31.028  -82.283   2394.6    765.5
     1     1    19     6    21    13     0     1   -62.0  -33.433  -59.240     65.7   1010.0
     2     1    19     6    21    13     0     1   -62.0  -32.728  -62.715    316.3    962.9
     3     1    19     6    21    13     0     1   -62.0  -40.150  -65.500   1403.1    849.1
     4     1    19     6    21    13     0     1   -62.0  -35.557  -64.264   1294.9    851.0
     5     1    19     6    21    13     0     1   -62.0  -30.915  -82.623   2430.1    761.2
     1     1    19     6    21    12     0     0   -63.0  -33.298  -59.167     65.4   1010.4
     2     1    19     6    21    12     0     0   -63.0  -32.350  -62.718    299.4    965.3
     3     1    19     6    21    12     0     0   -63.0  -40.256  -66.053   1498.3    819.7
     4     1    19     6    21    12     0     0   -63.0  -35.527  -64.275   1298.1    850.3
     5     1    19     6    21    12     0     0   -63.0  -30.798  -82.983   2490.6    754.2
     1     1    19     6    21    11     0     1   -64.0  -33.150  -59.088     64.5   1009.7
     2     1    19     6    21    11     0     1   -64.0  -31.953  -62.713    289.2    966.1
     3     1    19     6    21    11     0     1   -64.0  -40.320  -66.717   1562.2    802.4
     4     1    19     6    21    11     0     1   -64.0  -35.483  -64.310   1302.0    847.9
     5     1    19     6    21    11     0     1   -64.0  -30.676  -83.373   2542.7    746.8
     1     1    19     6    21    10     0     2   -65.0  -32.987  -58.999     65.6   1008.5
     2     1    19     6    21    10     0     2   -65.0  -31.557  -62.695    270.5    969.0
     3     1    19     6    21    10     0     2   -65.0  -40.310  -67.557   1592.4    777.4
     4     1    19     6    21    10     0     2   -65.0  -35.423  -64.370   1296.3    847.2
     5     1    19     6    21    10     0     2   -65.0  -30.547  -83.789   2561.7    745.1
     1     1    19     6    21     9     0     3   -66.0  -32.810  -58.902     70.6   1007.2
     2     1    19     6    21     9     0     3   -66.0  -31.182  -62.652    241.7    975.1
     3     1    19     6    21     9     0     3   -66.0  -40.234  -68.518   1529.0    765.6
     4     1    19     6    21     9     0     3   -66.0  -35.361  -64.453   1280.9    847.6
     5     1    19     6    21     9     0     3   -66.0  -30.418  -84.223   2555.3    746.8
     1     1    19     6    21     8     0     2   -67.0  -32.629  -58.803     78.6   1007.0
     2     1    19     6    21     8     0     2   -67.0  -30.835  -62.577    211.4    980.0
     3     1    19     6    21     8     0     2   -67.0  -40.071  -69.525   1541.1    767.5
     4     1    19     6    21     8     0     2   -67.0  -35.301  -64.544   1257.2    849.2
     5     1    19     6    21     8     0     2   -67.0  -30.291  -84.673   2560.3    746.5
     1     1    19     6    21     7     0     1   -68.0  -32.449  -58.706     86.9   1006.5
     2     1    19     6    21     7     0     1   -68.0  -30.509  -62.458    188.0    983.5
     3     1    19     6    21     7     0     1   -68.0  -39.843  -70.523   1606.8    759.7
     4     1    19     6    21     7     0     1   -68.0  -35.230  -64.630   1226.1    851.5
     5     1    19     6    21     7     0     1   -68.0  -30.162  -85.138   2591.5    743.4
     1     1    19     6    21     6     0     0   -69.0  -32.270  -58.615     93.4   1006.2
     2     1    19     6    21     6     0     0   -69.0  -30.189  -62.291    179.2    985.2
     3     1    19     6    21     6     0     0   -69.0  -39.448  -71.402   2130.3    684.3
     4     1    19     6    21     6     0     0   -69.0  -35.128  -64.705   1185.7    854.9
     5     1    19     6    21     6     0     0   -69.0  -30.027  -85.628   2638.3    739.0
     1     1    19     6    21     5     0     1   -70.0  -32.094  -58.521     97.1   1006.3
     2     1    19     6    21     5     0     1   -70.0  -29.865  -62.068    188.5    984.7
     3     1    19     6    21     5     0     1   -70.0  -38.965  -72.027   2327.1    704.8
     4     1    19     6    21     5     0     1   -70.0  -34.971  -64.782   1141.5    858.6
     5     1    19     6    21     5     0     1   -70.0  -29.898  -86.141   2690.7    734.2
     1     1    19     6    21     4     0     2   -71.0  -31.919  -58.409    100.0   1006.1
     2     1    19     6    21     4     0     2   -71.0  -29.547  -61.812    205.7    983.3
     3     1    19     6    21     4     0     2   -71.0  -38.526  -72.474   2276.6    732.8
     4     1    19     6    21     4     0     2   -71.0  -34.728  -64.904   1100.4    859.7
     5     1    19     6    21     4     0     2   -71.0  -29.771  -86.665   2736.7    729.5
     1     1    19     6    21     3     0     3   -72.0  -31.745  -58.273    102.6   1005.9
     2     1    19     6    21     3     0     3   -72.0  -29.241  -61.536    221.2    981.9
     3     1    19     6    21     3     0     3   -72.0  -38.171  -72.865   2266.8    741.0
     4     1    19     6    21     3     0     3   -72.0  -34.369  -65.095   1061.0    858.1
     5     1    19     6    21     3     0     3   -72.0  -29.639  -87.193   2770.9    726.7
